#wdid:V* EG UMa,resolution:nan,source:/home/bergeron/daspec/2004_feb56,wavelength_min: 3104.46,wavelength_max: 5318.68
wavelength,flux
3104.46,6.54529e-26
3106.32,7.76452e-26
3108.18,8.26759e-26
3110.04,6.72684e-26
3111.90,8.17107e-26
3113.76,8.56624e-26
3115.62,6.24145e-26
3117.48,6.61631e-26
3119.34,7.14381e-26
3121.20,7.81332e-26
3123.06,7.83138e-26
3124.93,8.52834e-26
3126.79,8.00368e-26
3128.65,7.57213e-26
3130.51,9.03228e-26
3132.37,8.58270e-26
3134.23,7.59175e-26
3136.09,8.16076e-26
3137.95,8.20282e-26
3139.81,7.21363e-26
3141.67,7.84654e-26
3143.53,7.69113e-26
3145.39,7.16357e-26
3147.25,7.58113e-26
3149.11,8.11639e-26
3150.97,7.62438e-26
3152.84,8.06480e-26
3154.70,8.05862e-26
3156.56,7.13424e-26
3158.42,7.45216e-26
3160.28,8.27947e-26
3162.14,8.08738e-26
3164.00,7.70416e-26
3165.86,8.60931e-26
3167.72,9.23630e-26
3169.58,8.23320e-26
3171.44,7.49821e-26
3173.30,8.09194e-26
3175.16,7.51465e-26
3177.02,7.78579e-26
3178.89,8.02646e-26
3180.75,7.84043e-26
3182.61,8.12714e-26
3184.47,8.70971e-26
3186.33,8.60307e-26
3188.19,8.26337e-26
3190.05,8.74832e-26
3191.91,8.52569e-26
3193.77,7.96682e-26
3195.63,7.91131e-26
3197.49,7.75034e-26
3199.35,7.47414e-26
3201.21,7.69271e-26
3203.07,8.62806e-26
3204.94,8.95198e-26
3206.80,8.85587e-26
3208.66,8.54669e-26
3210.52,8.64607e-26
3212.38,8.92425e-26
3214.24,8.89294e-26
3216.10,9.24711e-26
3217.96,8.88416e-26
3219.82,8.03511e-26
3221.68,8.15938e-26
3223.54,8.45730e-26
3225.40,7.94992e-26
3227.26,8.10531e-26
3229.12,8.85222e-26
3230.98,8.69378e-26
3232.85,9.19998e-26
3234.71,9.23000e-26
3236.57,8.94457e-26
3238.43,8.99282e-26
3240.29,9.50749e-26
3242.15,9.09808e-26
3244.01,8.77686e-26
3245.87,8.81970e-26
3247.73,8.73761e-26
3249.59,8.67998e-26
3251.45,8.23224e-26
3253.31,8.12073e-26
3255.17,8.64034e-26
3257.03,8.56706e-26
3258.90,8.51755e-26
3260.76,8.87888e-26
3262.62,8.69585e-26
3264.48,8.30192e-26
3266.34,8.33152e-26
3268.20,8.61786e-26
3270.06,8.80869e-26
3271.92,8.95584e-26
3273.78,8.68899e-26
3275.64,8.41238e-26
3277.50,9.21686e-26
3279.36,9.07767e-26
3281.22,8.58881e-26
3283.08,8.63779e-26
3284.94,8.56134e-26
3286.81,8.54922e-26
3288.67,9.43253e-26
3290.53,9.23240e-26
3292.39,9.10552e-26
3294.25,8.43437e-26
3296.11,8.41906e-26
3297.97,7.93194e-26
3299.83,8.37901e-26
3301.69,8.24414e-26
3303.55,9.07317e-26
3305.41,9.09685e-26
3307.27,8.93065e-26
3309.13,8.93743e-26
3310.99,8.75756e-26
3312.86,8.43295e-26
3314.72,8.15571e-26
3316.58,7.98823e-26
3318.44,8.86488e-26
3320.30,8.73288e-26
3322.16,8.85319e-26
3324.02,9.19622e-26
3325.88,9.01200e-26
3327.74,8.53020e-26
3329.60,8.78232e-26
3331.46,8.57876e-26
3333.32,8.89775e-26
3335.18,8.66564e-26
3337.04,8.48816e-26
3338.90,8.46051e-26
3340.77,8.59593e-26
3342.63,8.25235e-26
3344.49,8.65767e-26
3346.35,9.07874e-26
3348.21,8.83541e-26
3350.07,8.47716e-26
3351.93,8.81401e-26
3353.79,8.81691e-26
3355.65,8.65390e-26
3357.51,8.93071e-26
3359.37,8.71200e-26
3361.23,8.12999e-26
3363.09,8.46719e-26
3364.95,8.33808e-26
3366.82,8.55991e-26
3368.68,8.59462e-26
3370.54,8.17941e-26
3372.40,8.15336e-26
3374.26,8.63016e-26
3376.12,8.44939e-26
3377.98,9.06531e-26
3379.84,8.67894e-26
3381.70,8.40771e-26
3383.56,8.28178e-26
3385.42,8.33233e-26
3387.28,8.63941e-26
3389.14,8.94127e-26
3391.00,8.76056e-26
3392.86,8.49306e-26
3394.73,8.40569e-26
3396.59,8.37538e-26
3398.45,8.50701e-26
3400.31,8.33960e-26
3402.17,8.48946e-26
3404.03,8.94102e-26
3405.89,8.53478e-26
3407.75,8.04062e-26
3409.61,8.31371e-26
3411.47,8.70081e-26
3413.33,8.74705e-26
3415.19,8.13657e-26
3417.05,8.50544e-26
3418.91,9.01878e-26
3420.78,8.68390e-26
3422.64,8.29198e-26
3424.50,7.88571e-26
3426.36,8.12759e-26
3428.22,8.13665e-26
3430.08,8.18854e-26
3431.94,8.38176e-26
3433.80,7.96699e-26
3435.66,8.04018e-26
3437.52,8.22958e-26
3439.38,8.26732e-26
3441.24,8.03763e-26
3443.10,7.97989e-26
3444.96,8.13401e-26
3446.82,7.73022e-26
3448.69,7.68171e-26
3450.55,8.15513e-26
3452.41,8.26939e-26
3454.27,8.06032e-26
3456.13,8.03015e-26
3457.99,7.99459e-26
3459.85,7.77621e-26
3461.71,8.24904e-26
3463.57,8.06022e-26
3465.43,7.91341e-26
3467.29,8.02858e-26
3469.15,8.02355e-26
3471.01,8.11035e-26
3472.87,8.28994e-26
3474.74,8.23886e-26
3476.60,8.01984e-26
3478.46,7.93914e-26
3480.32,7.47970e-26
3482.18,7.53208e-26
3484.04,7.92236e-26
3485.90,8.14673e-26
3487.76,7.78043e-26
3489.62,7.53403e-26
3491.48,7.98424e-26
3493.34,8.10560e-26
3495.20,8.07076e-26
3497.06,8.01093e-26
3498.92,7.80616e-26
3500.79,8.22303e-26
3502.65,8.49449e-26
3504.51,8.00440e-26
3506.37,7.62128e-26
3508.23,7.98317e-26
3510.09,8.24683e-26
3511.95,7.83563e-26
3513.81,7.71692e-26
3515.67,7.92796e-26
3517.53,8.14360e-26
3519.39,8.16442e-26
3521.25,7.92892e-26
3523.11,7.93097e-26
3524.97,7.89718e-26
3526.83,7.73519e-26
3528.70,7.88020e-26
3530.56,7.83440e-26
3532.42,7.88978e-26
3534.28,7.94341e-26
3536.14,8.01541e-26
3538.00,7.86796e-26
3539.86,7.72329e-26
3541.72,7.83032e-26
3543.58,7.60218e-26
3545.44,7.63176e-26
3547.30,7.97329e-26
3549.16,7.87779e-26
3551.02,8.05777e-26
3552.88,7.90423e-26
3554.75,7.62258e-26
3556.61,7.98968e-26
3558.47,7.89275e-26
3560.33,7.99161e-26
3562.19,7.98273e-26
3564.05,7.85888e-26
3565.91,7.46777e-26
3567.77,7.90242e-26
3569.63,8.05386e-26
3571.49,7.80815e-26
3573.35,7.85586e-26
3575.21,7.83332e-26
3577.07,7.70364e-26
3578.93,7.60657e-26
3580.79,7.57885e-26
3582.66,7.72713e-26
3584.52,7.80040e-26
3586.38,7.93782e-26
3588.24,7.70575e-26
3590.10,7.41787e-26
3591.96,7.34085e-26
3593.82,7.40842e-26
3595.68,7.61204e-26
3597.54,8.13188e-26
3599.40,8.09911e-26
3601.26,7.92288e-26
3603.12,7.57176e-26
3604.98,7.40591e-26
3606.84,7.52247e-26
3608.71,7.62024e-26
3610.57,7.57798e-26
3612.43,7.62260e-26
3614.29,7.75384e-26
3616.15,7.73019e-26
3618.01,7.80344e-26
3619.87,7.65791e-26
3621.73,7.43686e-26
3623.59,7.39738e-26
3625.45,7.36068e-26
3627.31,7.44049e-26
3629.17,7.97606e-26
3631.03,7.41348e-26
3632.89,7.63105e-26
3634.75,7.54368e-26
3636.62,7.44690e-26
3638.48,7.58422e-26
3640.34,7.77387e-26
3642.20,7.72816e-26
3644.06,7.70815e-26
3645.92,7.87991e-26
3647.78,7.59434e-26
3649.64,7.66219e-26
3651.50,7.55937e-26
3653.36,7.41718e-26
3655.22,7.57605e-26
3657.08,7.40929e-26
3658.94,7.70181e-26
3660.80,7.78981e-26
3662.67,7.41821e-26
3664.53,7.36157e-26
3666.39,7.54086e-26
3668.25,7.69903e-26
3670.11,7.64372e-26
3671.97,7.62957e-26
3673.83,7.59382e-26
3675.69,7.76413e-26
3677.55,7.64823e-26
3679.41,7.68506e-26
3681.27,7.57247e-26
3683.13,7.84312e-26
3684.99,7.47654e-26
3686.85,7.71850e-26
3688.72,7.21659e-26
3690.58,7.59195e-26
3692.44,7.81297e-26
3694.30,7.60403e-26
3696.16,7.60440e-26
3698.02,7.46671e-26
3699.88,7.50260e-26
3701.74,7.61817e-26
3703.60,7.58121e-26
3705.46,7.61590e-26
3707.32,7.57517e-26
3709.18,7.33758e-26
3711.04,7.41712e-26
3712.90,7.54530e-26
3714.76,7.50201e-26
3716.63,7.44416e-26
3718.49,7.26816e-26
3720.35,7.04681e-26
3722.21,7.34680e-26
3724.07,7.55537e-26
3725.93,7.53508e-26
3727.79,7.55072e-26
3729.65,7.40424e-26
3731.51,7.39979e-26
3733.37,7.18966e-26
3735.23,7.54405e-26
3737.09,7.29144e-26
3738.95,7.22738e-26
3740.81,7.44577e-26
3742.68,7.28710e-26
3744.54,7.20346e-26
3746.40,7.07533e-26
3748.26,7.23240e-26
3750.12,7.46487e-26
3751.98,7.38515e-26
3753.84,7.53098e-26
3755.70,7.40688e-26
3757.56,7.27766e-26
3759.42,6.97511e-26
3761.28,7.21123e-26
3763.14,7.00612e-26
3765.00,7.18055e-26
3766.86,7.37798e-26
3768.72,7.07567e-26
3770.59,7.27723e-26
3772.45,7.11658e-26
3774.31,7.32444e-26
3776.17,7.21728e-26
3778.03,6.91861e-26
3779.89,7.07770e-26
3781.75,7.20700e-26
3783.61,6.87268e-26
3785.47,6.73754e-26
3787.33,6.84040e-26
3789.19,6.93954e-26
3791.05,6.80202e-26
3792.91,6.62878e-26
3794.77,6.66660e-26
3796.64,7.00739e-26
3798.50,6.65567e-26
3800.36,7.02710e-26
3802.22,7.11524e-26
3804.08,7.02902e-26
3805.94,6.91940e-26
3807.80,6.97944e-26
3809.66,6.92944e-26
3811.52,6.93695e-26
3813.38,6.92561e-26
3815.24,6.95626e-26
3817.10,7.06600e-26
3818.96,6.90031e-26
3820.82,6.70240e-26
3822.69,6.47862e-26
3824.55,6.48735e-26
3826.41,6.41122e-26
3828.27,6.16857e-26
3830.13,6.21696e-26
3831.99,6.27746e-26
3833.85,6.50001e-26
3835.71,6.46973e-26
3837.57,6.46379e-26
3839.43,6.38718e-26
3841.29,6.56458e-26
3843.15,6.64144e-26
3845.01,6.66673e-26
3846.87,6.71639e-26
3848.73,6.79978e-26
3850.60,6.85067e-26
3852.46,6.90833e-26
3854.32,6.95307e-26
3856.18,7.09302e-26
3858.04,7.19965e-26
3859.90,6.78407e-26
3861.76,7.02137e-26
3863.62,7.10766e-26
3865.48,7.02580e-26
3867.34,6.90362e-26
3869.20,6.73324e-26
3871.06,6.63808e-26
3872.92,6.63497e-26
3874.78,6.59570e-26
3876.65,6.41726e-26
3878.51,6.23905e-26
3880.37,6.19746e-26
3882.23,6.08614e-26
3884.09,5.69303e-26
3885.95,5.64491e-26
3887.81,6.15450e-26
3889.67,6.07526e-26
3891.53,6.09930e-26
3893.39,6.27704e-26
3895.25,6.35810e-26
3897.11,6.63094e-26
3898.97,6.63547e-26
3900.83,6.66405e-26
3902.69,7.03906e-26
3904.56,7.33042e-26
3906.42,7.51015e-26
3908.28,7.83100e-26
3910.14,7.70114e-26
3912.00,7.66455e-26
3913.86,7.91105e-26
3915.72,8.04858e-26
3917.58,8.15147e-26
3919.44,8.28697e-26
3921.30,8.06794e-26
3923.16,8.02207e-26
3925.02,8.37711e-26
3926.88,8.06104e-26
3928.74,8.25850e-26
3930.61,8.31927e-26
3932.47,8.32497e-26
3934.33,8.31692e-26
3936.19,8.24152e-26
3938.05,8.16605e-26
3939.91,8.17355e-26
3941.77,7.86981e-26
3943.63,7.80681e-26
3945.49,7.73554e-26
3947.35,7.33078e-26
3949.21,7.27974e-26
3951.07,7.07118e-26
3952.93,6.69328e-26
3954.79,6.57384e-26
3956.65,6.36536e-26
3958.52,6.07734e-26
3960.38,5.74667e-26
3962.24,5.58169e-26
3964.10,5.67821e-26
3965.96,6.14105e-26
3967.82,6.83760e-26
3969.68,6.85873e-26
3971.54,6.72757e-26
3973.40,6.50934e-26
3975.26,6.33239e-26
3977.12,6.33171e-26
3978.98,6.39670e-26
3980.84,6.29869e-26
3982.70,6.58572e-26
3984.57,6.97575e-26
3986.43,7.15659e-26
3988.29,7.51491e-26
3990.15,7.67605e-26
3992.01,7.75794e-26
3993.87,8.06605e-26
3995.73,8.32235e-26
3997.59,8.50518e-26
3999.45,8.46365e-26
4001.31,8.70319e-26
4003.17,8.67603e-26
4005.03,8.47948e-26
4006.89,8.64601e-26
4008.75,8.81526e-26
4010.61,9.02703e-26
4012.48,9.35603e-26
4014.34,9.62959e-26
4016.20,9.45102e-26
4018.06,9.35573e-26
4019.92,9.58099e-26
4021.78,9.73518e-26
4023.64,9.79454e-26
4025.50,9.82531e-26
4027.36,1.00017e-25
4029.22,9.81051e-26
4031.08,9.49698e-26
4032.94,9.51796e-26
4034.80,9.60841e-26
4036.66,9.82463e-26
4038.53,9.89361e-26
4040.39,9.88499e-26
4042.25,9.72051e-26
4044.11,9.57874e-26
4045.97,9.48648e-26
4047.83,9.58227e-26
4049.69,9.53013e-26
4051.55,9.41634e-26
4053.41,9.36733e-26
4055.27,9.22384e-26
4057.13,9.31127e-26
4058.99,9.12365e-26
4060.85,8.97231e-26
4062.71,8.73927e-26
4064.58,8.47714e-26
4066.44,8.57163e-26
4068.30,8.53849e-26
4070.16,8.11307e-26
4072.02,8.05456e-26
4073.88,7.93128e-26
4075.74,7.58265e-26
4077.60,7.62438e-26
4079.46,7.46277e-26
4081.32,7.05514e-26
4083.18,6.95168e-26
4085.04,6.87495e-26
4086.90,6.45089e-26
4088.76,5.99073e-26
4090.62,5.87492e-26
4092.49,5.52045e-26
4094.35,5.18628e-26
4096.21,5.02289e-26
4098.07,5.09632e-26
4099.93,5.75081e-26
4101.79,6.01155e-26
4103.65,5.81347e-26
4105.51,5.74739e-26
4107.37,5.99968e-26
4109.23,6.01409e-26
4111.09,5.94703e-26
4112.95,6.07660e-26
4114.81,6.36339e-26
4116.67,6.89334e-26
4118.54,6.87513e-26
4120.40,7.05536e-26
4122.26,7.32335e-26
4124.12,7.11652e-26
4125.98,7.47949e-26
4127.84,7.89848e-26
4129.70,8.18981e-26
4131.56,8.38469e-26
4133.42,8.22274e-26
4135.28,8.24538e-26
4137.14,8.43153e-26
4139.00,8.72574e-26
4140.86,8.95890e-26
4142.72,8.98745e-26
4144.58,9.01637e-26
4146.45,9.23663e-26
4148.31,9.69242e-26
4150.17,9.68629e-26
4152.03,9.69219e-26
4153.89,9.73128e-26
4155.75,9.75614e-26
4157.61,9.85937e-26
4159.47,9.70514e-26
4161.33,9.72762e-26
4163.19,9.92697e-26
4165.05,1.01436e-25
4166.91,1.01649e-25
4168.77,1.01437e-25
4170.63,1.01244e-25
4172.50,1.02114e-25
4174.36,1.02616e-25
4176.22,1.02579e-25
4178.08,1.05352e-25
4179.94,1.05142e-25
4181.80,1.06280e-25
4183.66,1.07172e-25
4185.52,1.05740e-25
4187.38,1.06738e-25
4189.24,1.07858e-25
4191.10,1.08108e-25
4192.96,1.08258e-25
4194.82,1.08214e-25
4196.68,1.09249e-25
4198.54,1.10243e-25
4200.41,1.07293e-25
4202.27,1.04930e-25
4204.13,1.07424e-25
4205.99,1.08279e-25
4207.85,1.06042e-25
4209.71,1.06539e-25
4211.57,1.05840e-25
4213.43,1.08141e-25
4215.29,1.07903e-25
4217.15,1.04473e-25
4219.01,1.06195e-25
4220.87,1.07191e-25
4222.73,1.06150e-25
4224.59,1.04121e-25
4226.46,1.04069e-25
4228.32,1.04785e-25
4230.18,1.03932e-25
4232.04,1.04734e-25
4233.90,1.03824e-25
4235.76,1.05454e-25
4237.62,1.07088e-25
4239.48,1.05262e-25
4241.34,1.03661e-25
4243.20,1.02575e-25
4245.06,1.03452e-25
4246.92,1.06905e-25
4248.78,1.08319e-25
4250.64,1.04253e-25
4252.50,1.02831e-25
4254.37,1.03932e-25
4256.23,1.01022e-25
4258.09,1.00837e-25
4259.95,9.99214e-26
4261.81,9.93038e-26
4263.67,1.01756e-25
4265.53,1.01208e-25
4267.39,1.01275e-25
4269.25,1.01062e-25
4271.11,9.96174e-26
4272.97,9.96475e-26
4274.83,9.77460e-26
4276.69,9.52199e-26
4278.55,9.48976e-26
4280.42,9.49801e-26
4282.28,9.53720e-26
4284.14,9.40271e-26
4286.00,9.39736e-26
4287.86,9.45314e-26
4289.72,8.98847e-26
4291.58,8.82690e-26
4293.44,8.91436e-26
4295.30,8.83208e-26
4297.16,8.72718e-26
4299.02,8.70605e-26
4300.88,8.62818e-26
4302.74,8.28470e-26
4304.60,8.02955e-26
4306.47,8.11870e-26
4308.33,8.05654e-26
4310.19,7.73073e-26
4312.05,7.78016e-26
4313.91,7.64680e-26
4315.77,7.34019e-26
4317.63,7.11484e-26
4319.49,6.80754e-26
4321.35,6.74369e-26
4323.21,6.58236e-26
4325.07,6.31800e-26
4326.93,6.47237e-26
4328.79,6.32571e-26
4330.65,5.81115e-26
4332.51,5.46421e-26
4334.38,5.36463e-26
4336.24,5.46552e-26
4338.10,5.82161e-26
4339.96,6.50287e-26
4341.82,6.59515e-26
4343.68,6.34740e-26
4345.54,6.31653e-26
4347.40,6.03019e-26
4349.26,6.01610e-26
4351.12,6.23285e-26
4352.98,6.38289e-26
4354.84,6.54212e-26
4356.70,6.63874e-26
4358.56,6.80495e-26
4360.43,6.92397e-26
4362.29,7.14365e-26
4364.15,7.40865e-26
4366.01,7.48432e-26
4367.87,7.66064e-26
4369.73,7.85554e-26
4371.59,7.91590e-26
4373.45,7.99266e-26
4375.31,8.16136e-26
4377.17,8.42790e-26
4379.03,8.53198e-26
4380.89,8.58299e-26
4382.75,8.75848e-26
4384.61,8.85718e-26
4386.48,9.01115e-26
4388.34,9.03900e-26
4390.20,9.14775e-26
4392.06,9.36416e-26
4393.92,9.43490e-26
4395.78,9.34015e-26
4397.64,9.37299e-26
4399.50,9.62163e-26
4401.36,9.85284e-26
4403.22,9.94314e-26
4405.08,9.82045e-26
4406.94,9.85289e-26
4408.80,9.84300e-26
4410.66,9.78533e-26
4412.52,1.01214e-25
4414.39,1.01428e-25
4416.25,1.03901e-25
4418.11,1.03487e-25
4419.97,1.03080e-25
4421.83,1.02563e-25
4423.69,1.03276e-25
4425.55,1.05178e-25
4427.41,1.04424e-25
4429.27,1.04833e-25
4431.13,1.05458e-25
4432.99,1.06770e-25
4434.85,1.07028e-25
4436.71,1.06738e-25
4438.57,1.08105e-25
4440.44,1.10218e-25
4442.30,1.11134e-25
4444.16,1.11784e-25
4446.02,1.12257e-25
4447.88,1.11369e-25
4449.74,1.12228e-25
4451.60,1.10032e-25
4453.46,1.09462e-25
4455.32,1.10674e-25
4457.18,1.12946e-25
4459.04,1.10504e-25
4460.90,1.11793e-25
4462.76,1.15154e-25
4464.62,1.15552e-25
4466.48,1.15389e-25
4468.35,1.15496e-25
4470.21,1.14914e-25
4472.07,1.16491e-25
4473.93,1.17002e-25
4475.79,1.15336e-25
4477.65,1.15194e-25
4479.51,1.15217e-25
4481.37,1.14864e-25
4483.23,1.15328e-25
4485.09,1.15469e-25
4486.95,1.13660e-25
4488.81,1.13279e-25
4490.67,1.16381e-25
4492.53,1.18187e-25
4494.40,1.15575e-25
4496.26,1.15584e-25
4498.12,1.14563e-25
4499.98,1.19633e-25
4501.84,1.18382e-25
4503.70,1.18800e-25
4505.56,1.19525e-25
4507.42,1.17273e-25
4509.28,1.18920e-25
4511.14,1.18195e-25
4513.00,1.15282e-25
4514.86,1.17131e-25
4516.72,1.16730e-25
4518.58,1.17130e-25
4520.44,1.19755e-25
4522.31,1.21671e-25
4524.17,1.19755e-25
4526.03,1.14745e-25
4527.89,1.15452e-25
4529.75,1.15012e-25
4531.61,1.16704e-25
4533.47,1.15972e-25
4535.33,1.16634e-25
4537.19,1.17460e-25
4539.05,1.18013e-25
4540.91,1.20298e-25
4542.77,1.19191e-25
4544.63,1.18355e-25
4546.49,1.18976e-25
4548.36,1.19904e-25
4550.22,1.18886e-25
4552.08,1.18941e-25
4553.94,1.20262e-25
4555.80,1.19945e-25
4557.66,1.21399e-25
4559.52,1.19876e-25
4561.38,1.22098e-25
4563.24,1.22285e-25
4565.10,1.21699e-25
4566.96,1.21563e-25
4568.82,1.22264e-25
4570.68,1.23325e-25
4572.54,1.23426e-25
4574.41,1.23302e-25
4576.27,1.21378e-25
4578.13,1.21204e-25
4579.99,1.23015e-25
4581.85,1.22714e-25
4583.71,1.22591e-25
4585.57,1.20172e-25
4587.43,1.21196e-25
4589.29,1.21345e-25
4591.15,1.23317e-25
4593.01,1.25876e-25
4594.87,1.21716e-25
4596.73,1.23497e-25
4598.59,1.25138e-25
4600.45,1.26378e-25
4602.32,1.23192e-25
4604.18,1.23214e-25
4606.04,1.21332e-25
4607.90,1.20474e-25
4609.76,1.20435e-25
4611.62,1.21577e-25
4613.48,1.24836e-25
4615.34,1.26269e-25
4617.20,1.25269e-25
4619.06,1.26346e-25
4620.92,1.25330e-25
4622.78,1.24934e-25
4624.64,1.24076e-25
4626.50,1.25740e-25
4628.37,1.24647e-25
4630.23,1.22578e-25
4632.09,1.23649e-25
4633.95,1.22712e-25
4635.81,1.22799e-25
4637.67,1.22277e-25
4639.53,1.21695e-25
4641.39,1.22949e-25
4643.25,1.21747e-25
4645.11,1.19383e-25
4646.97,1.21505e-25
4648.83,1.24059e-25
4650.69,1.23421e-25
4652.55,1.20653e-25
4654.42,1.21868e-25
4656.28,1.20070e-25
4658.14,1.23198e-25
4660.00,1.22793e-25
4661.86,1.26017e-25
4663.72,1.24384e-25
4665.58,1.24885e-25
4667.44,1.25180e-25
4669.30,1.23240e-25
4671.16,1.21876e-25
4673.02,1.20650e-25
4674.88,1.17496e-25
4676.74,1.20507e-25
4678.60,1.21669e-25
4680.46,1.20179e-25
4682.33,1.20022e-25
4684.19,1.22501e-25
4686.05,1.21849e-25
4687.91,1.23154e-25
4689.77,1.23480e-25
4691.63,1.23026e-25
4693.49,1.23221e-25
4695.35,1.22491e-25
4697.21,1.23939e-25
4699.07,1.24875e-25
4700.93,1.23016e-25
4702.79,1.23411e-25
4704.65,1.24050e-25
4706.51,1.23909e-25
4708.38,1.21723e-25
4710.24,1.22010e-25
4712.10,1.24743e-25
4713.96,1.23545e-25
4715.82,1.20692e-25
4717.68,1.20770e-25
4719.54,1.22299e-25
4721.40,1.24175e-25
4723.26,1.22977e-25
4725.12,1.21043e-25
4726.98,1.20773e-25
4728.84,1.22619e-25
4730.70,1.22526e-25
4732.56,1.21113e-25
4734.42,1.19473e-25
4736.29,1.18457e-25
4738.15,1.19459e-25
4740.01,1.19658e-25
4741.87,1.19824e-25
4743.73,1.20854e-25
4745.59,1.21180e-25
4747.45,1.20240e-25
4749.31,1.19594e-25
4751.17,1.19037e-25
4753.03,1.18982e-25
4754.89,1.19735e-25
4756.75,1.19648e-25
4758.61,1.18406e-25
4760.47,1.17043e-25
4762.33,1.15342e-25
4764.20,1.12652e-25
4766.06,1.09664e-25
4767.92,1.10572e-25
4769.78,1.12484e-25
4771.64,1.09696e-25
4773.50,1.11210e-25
4775.36,1.10093e-25
4777.22,1.07469e-25
4779.08,1.06962e-25
4780.94,1.06404e-25
4782.80,1.06534e-25
4784.66,1.06053e-25
4786.52,1.08225e-25
4788.38,1.07935e-25
4790.25,1.09087e-25
4792.11,1.07327e-25
4793.97,1.09682e-25
4795.83,1.08335e-25
4797.69,1.08237e-25
4799.55,1.08178e-25
4801.41,1.08814e-25
4803.27,1.07642e-25
4805.13,1.05892e-25
4806.99,1.04549e-25
4808.85,1.02622e-25
4810.71,1.00980e-25
4812.57,1.00111e-25
4814.43,9.76937e-26
4816.29,9.96065e-26
4818.16,9.68062e-26
4820.02,9.50129e-26
4821.88,9.46248e-26
4823.74,9.38055e-26
4825.60,8.88809e-26
4827.46,8.95305e-26
4829.32,8.97559e-26
4831.18,8.82364e-26
4833.04,8.78955e-26
4834.90,8.64019e-26
4836.76,8.56328e-26
4838.62,8.49983e-26
4840.48,8.51524e-26
4842.34,8.35319e-26
4844.21,7.75480e-26
4846.07,7.63995e-26
4847.93,7.66224e-26
4849.79,7.45967e-26
4851.65,7.29321e-26
4853.51,7.19459e-26
4855.37,6.94051e-26
4857.23,7.36922e-26
4859.09,8.60207e-26
4860.95,9.84158e-26
4862.81,1.03186e-25
4864.67,1.00128e-25
4866.53,9.27070e-26
4868.39,8.12164e-26
4870.25,7.74438e-26
4872.12,7.82284e-26
4873.98,8.02873e-26
4875.84,7.98461e-26
4877.70,7.95202e-26
4879.56,8.22922e-26
4881.42,8.29746e-26
4883.28,8.65013e-26
4885.14,9.02771e-26
4887.00,9.05577e-26
4888.86,9.22890e-26
4890.72,9.30531e-26
4892.58,9.34877e-26
4894.44,9.67775e-26
4896.30,9.84142e-26
4898.17,9.81439e-26
4900.03,9.94717e-26
4901.89,1.01496e-25
4903.75,1.05835e-25
4905.61,1.06180e-25
4907.47,1.05530e-25
4909.33,1.06712e-25
4911.19,1.09371e-25
4913.05,1.11130e-25
4914.91,1.09627e-25
4916.77,1.11231e-25
4918.63,1.12024e-25
4920.49,1.14273e-25
4922.35,1.14923e-25
4924.22,1.15886e-25
4926.08,1.18657e-25
4927.94,1.16475e-25
4929.80,1.18823e-25
4931.66,1.21490e-25
4933.52,1.16723e-25
4935.38,1.16424e-25
4937.24,1.20907e-25
4939.10,1.21919e-25
4940.96,1.22363e-25
4942.82,1.21356e-25
4944.68,1.20959e-25
4946.54,1.24859e-25
4948.40,1.26636e-25
4950.26,1.25146e-25
4952.13,1.26230e-25
4953.99,1.25429e-25
4955.85,1.22491e-25
4957.71,1.17854e-25
4959.57,1.15155e-25
4961.43,1.15156e-25
4963.29,1.14768e-25
4965.15,1.16633e-25
4967.01,1.17253e-25
4968.87,1.17617e-25
4970.73,1.19827e-25
4972.59,1.22505e-25
4974.45,1.22102e-25
4976.31,1.23454e-25
4978.18,1.23764e-25
4980.04,1.18398e-25
4981.90,1.20317e-25
4983.76,1.22377e-25
4985.62,1.21481e-25
4987.48,1.22059e-25
4989.34,1.24024e-25
4991.20,1.23912e-25
4993.06,1.23498e-25
4994.92,1.22265e-25
4996.78,1.23903e-25
4998.64,1.23319e-25
5000.50,1.24161e-25
5002.36,1.20719e-25
5004.23,1.20476e-25
5006.09,1.21499e-25
5007.95,1.19533e-25
5009.81,1.18911e-25
5011.67,1.20018e-25
5013.53,1.19380e-25
5015.39,1.18108e-25
5017.25,1.20095e-25
5019.11,1.17998e-25
5020.97,1.21301e-25
5022.83,1.22760e-25
5024.69,1.20745e-25
5026.55,1.19986e-25
5028.41,1.23901e-25
5030.27,1.20354e-25
5032.14,1.21530e-25
5034.00,1.22230e-25
5035.86,1.21976e-25
5037.72,1.24241e-25
5039.58,1.20395e-25
5041.44,1.22080e-25
5043.30,1.22195e-25
5045.16,1.24418e-25
5047.02,1.24304e-25
5048.88,1.24770e-25
5050.74,1.22835e-25
5052.60,1.22795e-25
5054.46,1.22772e-25
5056.32,1.24076e-25
5058.19,1.23148e-25
5060.05,1.25063e-25
5061.91,1.24347e-25
5063.77,1.24708e-25
5065.63,1.23849e-25
5067.49,1.22056e-25
5069.35,1.25215e-25
5071.21,1.24176e-25
5073.07,1.22818e-25
5074.93,1.25785e-25
5076.79,1.24303e-25
5078.65,1.21585e-25
5080.51,1.22991e-25
5082.37,1.24422e-25
5084.23,1.25018e-25
5086.10,1.22951e-25
5087.96,1.21682e-25
5089.82,1.24247e-25
5091.68,1.23878e-25
5093.54,1.25556e-25
5095.40,1.22644e-25
5097.26,1.24363e-25
5099.12,1.21942e-25
5100.98,1.21381e-25
5102.84,1.19186e-25
5104.70,1.21688e-25
5106.56,1.20498e-25
5108.42,1.23636e-25
5110.28,1.25401e-25
5112.15,1.25340e-25
5114.01,1.25340e-25
5115.87,1.24907e-25
5117.73,1.24837e-25
5119.59,1.24399e-25
5121.45,1.23842e-25
5123.31,1.22461e-25
5125.17,1.21348e-25
5127.03,1.19907e-25
5128.89,1.20017e-25
5130.75,1.22360e-25
5132.61,1.25208e-25
5134.47,1.22917e-25
5136.33,1.24200e-25
5138.19,1.25203e-25
5140.06,1.23612e-25
5141.92,1.25771e-25
5143.78,1.22072e-25
5145.64,1.21117e-25
5147.50,1.21677e-25
5149.36,1.20421e-25
5151.22,1.21890e-25
5153.08,1.19982e-25
5154.94,1.16421e-25
5156.80,1.21949e-25
5158.66,1.23293e-25
5160.52,1.27235e-25
5162.38,1.26566e-25
5164.24,1.27146e-25
5166.11,1.27822e-25
5167.97,1.20601e-25
5169.83,1.15763e-25
5171.69,1.15205e-25
5173.55,1.15718e-25
5175.41,1.15216e-25
5177.27,1.13304e-25
5179.13,1.12669e-25
5180.99,1.13348e-25
5182.85,1.14529e-25
5184.71,1.16100e-25
5186.57,1.19032e-25
5188.43,1.22881e-25
5190.29,1.24707e-25
5192.16,1.23341e-25
5194.02,1.22395e-25
5195.88,1.22070e-25
5197.74,1.22250e-25
5199.60,1.22720e-25
5201.46,1.22874e-25
5203.32,1.18676e-25
5205.18,1.15214e-25
5207.04,1.16020e-25
5208.90,1.15246e-25
5210.76,1.16555e-25
5212.62,1.21916e-25
5214.48,1.28721e-25
5216.34,1.31400e-25
5218.21,1.34380e-25
5220.07,1.35673e-25
5221.93,1.33509e-25
5223.79,1.30462e-25
5225.65,1.30347e-25
5227.51,1.36313e-25
5229.37,1.33853e-25
5231.23,1.36450e-25
5233.09,1.37828e-25
5234.95,1.35393e-25
5236.81,1.38256e-25
5238.67,1.34056e-25
5240.53,1.33104e-25
5242.39,1.34570e-25
5244.25,1.34480e-25
5246.12,1.33686e-25
5247.98,1.30204e-25
5249.84,1.31535e-25
5251.70,1.33053e-25
5253.56,1.32624e-25
5255.42,1.34194e-25
5257.28,1.35695e-25
5259.14,1.30717e-25
5261.00,1.28110e-25
5262.86,1.26460e-25
5264.72,1.25079e-25
5266.58,1.22478e-25
5268.44,1.24166e-25
5270.30,1.26770e-25
5272.17,1.25744e-25
5274.03,1.29634e-25
5275.89,1.33195e-25
5277.75,1.34076e-25
5279.61,1.35521e-25
5281.47,1.32269e-25
5283.33,1.32954e-25
5285.19,1.33848e-25
5287.05,1.36813e-25
5288.91,1.36135e-25
5290.77,1.40741e-25
5292.63,1.39496e-25
5294.49,1.37418e-25
5296.35,1.36642e-25
5298.21,1.38569e-25
5300.08,1.38381e-25
5301.94,1.37539e-25
5303.80,1.40187e-25
5305.66,1.42361e-25
5307.52,1.43620e-25
5309.38,1.44554e-25
5311.24,1.46133e-25
5313.10,1.49379e-25
5314.96,1.51171e-25
5316.82,1.50192e-25
5318.68,1.54459e-25