#TIME(d) COUNTS ERROR
1410.9329634123844 69.51567310874682 0.5772745991798012
1410.9537974762625 70.091542830694 0.5773791708811064
1411.0162996767326 69.14166664680712 0.5763610917082169
1411.0371337470224 68.40309203407597 0.5758758819122881
1411.0788018932988 67.97055840046244 0.5752128507728501
1411.0996359692986 65.85343112083929 0.57394240340496
1411.1204700471399 66.45447212312344 0.5739005238543092
1411.1413041267188 66.44039077774492 0.5741222066879841
1411.1621382078888 67.97528816584222 0.5747195155781802
1411.1829722904645 69.27278767897906 0.5753039919603811
1411.2038063742245 70.16526141685752 0.5763066796833286
1411.2246404589187 71.15094690798469 0.5761983186504948
1411.2454745442622 71.13114881079626 0.5762979531143737
1411.266308629952 71.81118569373628 0.5772836207358343
1411.2871427156672 71.3348985534139 0.5766807894847036
1411.3079768010732 69.3845051701572 0.5756580195032429
1411.3288108858296 69.30888415447217 0.5750733717462972
1411.3496449695956 68.56045510865323 0.5746609289302547
1411.370479052034 68.12947813631777 0.5745664957879186
1411.3913131328213 68.0227092082648 0.5745789572355706
1411.4121472116467 67.73003840266536 0.5742808976569577
1411.4329812882268 68.24128021765783 0.5744011647612748
1411.4538153623012 67.45030874539198 0.5739985971699496
1411.4746494336387 70.343660956235 0.575269606864973
1411.4954835020485 71.78861843976041 0.5770590595162218
1411.5163175673756 70.68883563526674 0.5767549054169111
1411.5371516295077 71.65447804099973 0.577076967206561
1411.5579856883714 71.44034003676457 0.5766691744985054
1411.5788197439433 71.20758405131096 0.5765525077843028
1411.5996537962415 70.60570559664772 0.576045368336746
1411.6204878453307 69.48074413460164 0.5752601133673579
1411.6413218913146 68.33091200949032 0.5744426446501053
1411.6621559343428 66.56695534287131 0.5737387019439177
1411.682989974604 66.4501793143377 0.5734328126845705
1411.7038240123202 67.52338038282657 0.5741566864520279
1411.7246580477479 66.83006038268022 0.5738331674415281
1411.7454920811679 68.50739745268376 0.5748805170725539
1411.7663261128855 69.33557925836651 0.5755731089974273
1411.7871601432255 69.90800751160933 0.5761913360929791
1411.8079941725205 68.82365870687835 0.5766571975102375
1411.8288282011117 71.58626969296485 0.5772156522955938
1411.8496622293394 70.80436231377416 0.5766298962824928
1411.8704962575416 71.06613264215996 0.5769498841769989
1411.8913302860403 70.02947268089027 0.575574960076457
1411.912164315143 68.80635242617821 0.5747734686111624
1411.932998345134 65.0466253581668 0.5741129927007684
1411.9538323762724 69.57189982233035 0.5743234240565802
1411.9746664087804 66.2812458944915 0.573117621175675
1411.9955004428523 67.24879835861478 0.5742808717094438
1412.0163344786383 67.66042052894967 0.5744835509002956
1412.0371685162495 68.55154167311275 0.5750218698240176
1412.0580025557526 70.01135691449906 0.5761892801015848
1412.0788365971687 70.53310604566062 0.5765478039240926
1412.099670640479 71.0775249278132 0.5770889871253772
1412.1205046856153 70.32544664296259 0.5766154117651211
1412.141338732466 70.84903079802612 0.5766546263659761
1412.1621727808827 70.41220768871155 0.5763264852725161
1412.183006830674 69.4612711601742 0.575710642197806
1412.2038408816143 68.41652898647038 0.5753771586761987
1412.224674933447 67.95860700664666 0.5751705585327983
1412.2455089858872 66.9404775366395 0.5743248899806531
1412.3080111437105 68.34812277932505 0.5749520012268434
1412.3288451953724 69.80038283399375 0.5756789733856612
1412.3496792459948 70.48075438258341 0.5761277521340403
1412.3705132952434 70.54633461823201 0.5764099922172445
1412.3913473427951 71.51549069331132 0.5773664343562548
1412.4121813883417 70.72638417283383 0.5767383054127201
1412.4330154316015 69.67006622683532 0.5764739327778056
1412.4538494723204 70.32054399754196 0.5762961689995623
1412.4746835102712 69.60285246745664 0.575540461716145
1412.4955175452676 67.1227533351719 0.5744304526233658
1412.5163515771594 68.35743632164711 0.5749355565115079
1412.5371856058396 68.23388857558136 0.5749129296804454
1412.558019631243 68.26650125114372 0.5747673242877513
1412.5788536533496 68.04811389882168 0.5748305273129484
1412.599687672184 68.65442655728896 0.5753755400441926
1412.620521687815 68.87296868316803 0.5752971539582304
1412.6413557003552 70.23271397599277 0.5760834965570676
1412.6621897099583 72.02353831292051 0.5772049516353771
1412.6830237168167 71.4619772563658 0.5769533321351833
1412.703857721158 72.55997947728862 0.5772376854790283
1412.7246917232417 71.45893032299357 0.5769717596372589
1412.745525723352 69.8723057754096 0.576115970808981
1412.766359721798 70.72089096695062 0.5760036158166749
1412.7871937189043 68.24934670956951 0.5753445391252516
1412.8080277150061 67.69889401279745 0.5747401407017588
1412.8288617104458 66.91863101396821 0.5745394194112668
1412.8496957055627 68.35673115336317 0.575164547989649
1412.8705297006902 68.40743936447643 0.5753403951832916
1412.8913636961543 69.35214204141533 0.5759856747552909
1412.912197692255 70.13857556799705 0.576364026114294
1412.9330316892754 70.44507948380993 0.5767476453960425
1412.9538656874704 71.01714662026173 0.57718671229649
1412.97469968706 71.97117361157973 0.5776384729276514
1412.9955336882292 70.91493243325303 0.5772866020774347
1413.0163676911257 70.43202148298982 0.5764488718184424
1413.0372016958552 70.11266061809616 0.5762507756407973
1413.0580357024762 69.33185460675546 0.5759529085628475
1413.0788697110088 69.4410775836417 0.5759350176678553
1413.0997037214227 68.26492489586627 0.5751513997075253
1413.1205377336473 67.26319722232599 0.5749097545956758
1413.1413717475652 68.73475345694224 0.5755108419618366
1413.1622057630204 67.96744861380263 0.5750197448657512
1413.1830397798194 69.53330238723562 0.5760677825521632
1413.2038737977318 70.04259900572305 0.5764144386874209
1413.2247078164967 71.57178475794984 0.5774463330140454
1413.2872098749253 70.90694409992052 0.5777838576806444
1413.3080438940337 69.65426321198163 0.5770323583373791
1413.3288779123943 70.3514782192224 0.5773985912824438
1413.349711929666 68.11935786214515 0.5762036072349646
1413.3705459455175 68.59831210147593 0.5762748884796621
1413.3913799596248 68.02053985407943 0.5759256127590479
1413.412213971686 65.9252353324333 0.5748038651942996
1413.4330479814212 68.19516258688721 0.5758958058160296
1413.4538819885795 68.14037247637768 0.5763244039077466
1413.4747159929389 69.23316396785108 0.5768441238695563
1413.4955499943187 69.73458001122464 0.5775351737403953
1413.5163839925726 70.34345391246313 0.577879428257397
1413.5372179875994 72.69223463448526 0.5792359683428635
1413.5580519793418 71.14214003475264 0.5785440781812876
1413.5788859677825 70.87438559428087 0.5783018924107625
1413.5997199529534 70.87711294570218 0.5782910057096343
1413.620553934929 69.45811612890067 0.5771876029782289
1413.6413879138288 69.31016278840103 0.5768461904430219
1413.6622218898108 67.67920038428521 0.5759867483889598
1413.6830558630709 67.48121316087395 0.576049429603773
1413.7038898338412 66.82730836471997 0.5755199688405812
1413.7247238023872 67.5762734501669 0.5759127535292634
1413.745557768995 67.22747853430464 0.5759634772541564
1413.7663917339753 69.26975109983887 0.5774441524642241
1413.787225697656 70.92619219752818 0.5784267720485302
1413.8080596603725 72.04507215011525 0.5789313621067962
1413.8288936224678 71.37222734262969 0.5787786963580381
1413.8497275842792 71.30010954865922 0.5787605967282773
1413.8705615461427 72.02605025554296 0.5792987224114684
1413.8913955083779 70.10425468068804 0.5775882574859545
1413.9122294712845 69.65928483591985 0.577601285800566
1413.974731366675 66.62524124672065 0.5756273444394095
1413.995565334748 67.15659650956545 0.5758967243689956
1414.037233276212 68.21238185252554 0.5765969599528559
1414.0580672497574 69.37073414375884 0.5775188541843793
1414.0789012252071 70.23520993074504 0.5781002297121023
1414.0997352025283 71.34477938754168 0.5785135175111493
1414.120569181642 71.59269671796885 0.5789332796651513
1414.1622371447247 70.88968252649286 0.5784047326359628
1414.1830711283317 69.89342589557546 0.5778404643965047
1414.2247390985128 67.9521478264551 0.5764518316274729
1414.2455730845302 67.26952693076876 0.5758165459962232
1414.2664070707574 68.60262442728634 0.576670996219262
1414.2872410568664 67.78839293476256 0.5765010863059827
1414.3080750425208 68.64920925251414 0.5769748071562194
1414.328909027379 68.79475418552579 0.5771112704371786
1414.3497430111006 69.2888783350079 0.5774924968050402
1414.3705769933538 71.15993609968355 0.5788033217590186
1414.3914109738191 72.08809399026534 0.5791171169926035
1414.4122449521965 71.32443341234269 0.5786948874826338
1414.47474687218 69.3018144385069 0.5773629630560783
1414.5164148041677 68.32037506232277 0.5767901836835388
1414.5372487653472 67.97934028966063 0.5766234874775795
1414.5580827232334 66.99988844421381 0.576014869117215
1414.5789166778166 68.02434550573857 0.5767879102315863
1414.5997506291326 68.24929572497598 0.5770296726571946
1414.6205845772636 68.7621638198295 0.5775119650001729
1414.6414185223323 69.30213469807761 0.5773580206112643
1414.6622524645031 71.52379527939162 0.5791038268689921
1414.6830864039769 71.91364154367986 0.5792430556872585
1414.7039203409902 72.16322959428624 0.5795536817342386
1414.7247542758103 72.39048455959143 0.5792924074398121
1414.7455882087288 70.93725966473633 0.5786875745503615
1414.766422140058 69.14895864870624 0.5774547067649398
1414.7872560701264 69.49018082152361 0.5777158449204859
1414.808089999272 68.47540882608345 0.5771325072076413
1414.8289239278374 68.16738502328018 0.5767835441453205
1414.8497578561594 68.09238222508063 0.5766800142982496
1414.8705917845716 67.76424449377392 0.576801021209162
1414.8914257133924 68.26567977519915 0.5770879155423502
1414.9122596429188 70.93976419958564 0.5784989642436482
1414.9330935734263 70.47691760002382 0.5787440156318283
1414.9747614383348 71.6873037873835 0.5794713349892853
1414.9955953731253 71.5869091166692 0.5794108499260336
1415.0164293096648 70.9091226226512 0.5791088444732796
1415.0372632480482 69.52464454312079 0.5779580184422859
1415.0580971883269 68.31109410575637 0.5768667266144973
1415.0789311305039 68.04654997288213 0.5767952860004684
1415.099765074541 66.76382528547212 0.5766186162213601
1415.1205990203528 67.34171342458212 0.5767777958452506
1415.1414329678144 66.44619033843618 0.5762440652396872
1415.1622669167587 67.90424030872293 0.5771539626526724
1415.183100866981 68.59895296030518 0.5776612767523713
1415.2039348182432 69.89624674274893 0.5784064329595213
1415.224768770277 70.26274364374662 0.5784847197175509
1415.2456027227881 71.09940679743956 0.5793260907801236
1415.2664366754632 70.6902447452956 0.5794738164907669
1415.2872706279722 71.47111276254512 0.579667276610627
1415.3081045799786 70.32301652403882 0.5789388650002748
1415.3289385311393 69.80159948576915 0.5785253401616033
1415.3497724811164 68.81612765204305 0.5778965756495568
1415.3706064295777 68.14207406685588 0.5775751127796321
1415.391440376207 67.75217922356495 0.5771467334702794
1415.4122743207063 68.56176047849614 0.5772710886077315
1415.4331082628028 67.2320250110857 0.5767733263408881
1415.4539422022526 68.64081172578925 0.5778316707329514
1415.4747761388455 69.31577237211584 0.5782735350248025
1415.4956100724096 69.33649695401331 0.5786278187659831
1415.5164440028084 70.92463579631075 0.5793956633774874
1415.5372779299523 71.91267524478236 0.5799853703487139
1415.5581118537948 71.04537805133896 0.5797630379087965
1415.5789457743324 71.67293366483133 0.5797494670105492
1415.5997796916088 70.41684136442026 0.5792117215088489
1415.6206136057097 69.41232753338424 0.5785290363001337
1415.6414475167633 68.85753138256501 0.5783444838543685
1415.662281424939 67.6871789266212 0.5770533139606904
1415.6831153304436 68.01021658081075 0.5777459706347935
1415.7039492335161 67.9123872756153 0.5775303617769574
1415.7247831344298 68.04826321606325 0.5777481758372793
1415.745617033476 68.07433550772923 0.5780426817359207
1415.7664509309739 68.58277652918594 0.578233141708203
1415.78728482725 69.74448161006467 0.5789181578076866
1415.808118722644 71.21192465219069 0.579865644694846
1415.8289526174983 71.2373811725571 0.5799605510507662
1415.84978651215 71.18933653814192 0.5801615927912795
1415.8706204069301 71.84687928889187 0.5801301284239507
1415.8914543021554 70.88376075701747 0.5794809009261589
1415.91228819812 70.40371744687152 0.5792926775316588
1415.9331220950967 69.13254425324855 0.5785588621148987
1415.9539559933255 66.8914649054185 0.5770767089885871
1415.9747898930148 68.47085719316297 0.5777455837562966
1415.995623794337 67.17070098846067 0.5772738506037242
1416.0164576974196 68.07152962742454 0.5777837674149378
1416.0372916023514 69.12118979155748 0.5784198163924172
1416.0581255091768 69.19257561585982 0.5790025005558352
1416.0789594178946 70.94636410573298 0.5799275083909348
1416.0997933284607 71.12057093558414 0.5798644754524118
1416.120627240783 71.75857385273109 0.5803523844219939
1416.1414611547323 71.24957023036741 0.5801546450920725
1416.162295070135 71.24355318318942 0.5802172869591289
1416.1831289867832 70.70362956947476 0.5795510077380444
1416.2039629044336 69.68205591801957 0.578966237511019
1416.2247968228144 69.0793140169823 0.5787971944701751
1416.2456307416285 68.03561226079357 0.5780922261820203
1416.2664646605613 67.22080551220074 0.5776209438101483
1416.2872985792796 67.99954898467044 0.5784553795250709
1416.3081324974462 68.5972717706934 0.5783498945210221
1416.32896641472 68.00375414252396 0.5783176358929822
1416.3498003307604 69.45318569073643 0.5791162807401871
1416.37063424524 70.06103857824125 0.5793873433976154
1416.3914681578433 71.41319221426102 0.5803807429346455
1416.412302068275 71.00551394194682 0.5802821304764098
1416.4331359762684 71.03212058106655 0.5803613966482022
1416.4539698815804 70.60282352224228 0.5799178341921714
1416.4748037840063 69.97004738461747 0.5795134419296711
1416.4956376833802 68.90375425471937 0.5787064103133874
1416.5164715795704 68.26067651914714 0.5786817035378565
1416.5373054724937 67.5527347935669 0.5781419081406279
1416.5581393621092 68.57446965485023 0.5787844762770389
1416.5789732484188 68.20002224929843 0.5786125086525696
1416.5998071314718 68.67741746210383 0.5789213881270109
1416.620641011359 69.43469542954685 0.579176037584509
1416.6414748882153 70.83829825280978 0.5802887299845609
1416.662308762217 71.81306901568894 0.5808079684610367
1416.6831426335712 71.637338455944 0.5809171626084737
1416.703976502525 71.58879189505049 0.5804656561336496
1416.7248103693516 71.78829214566474 0.5806685503014117
1416.7456442343491 70.58564740535844 0.5801394780141571
1416.766478097836 70.34436089497511 0.5799731406824615
1416.7873119601413 69.24595829736163 0.5793981066255443
1416.8081458216054 68.67121924817361 0.5788856605647017
1416.828979682571 67.7471583175546 0.5786706823535246
1416.8498135433742 68.81581360060214 0.5792510304538548
1416.8706474043438 67.70531288318935 0.5785949446593459
1416.8914812657945 67.2808102540648 0.5785127061439252
1416.9123151280182 67.69370212452115 0.5788510377323509
1416.974816721852 72.20829252139326 0.5812249070565484
1417.0581522034533 69.49928430261816 0.5799437344735311
1417.162321596009 67.43281589720318 0.5788936788658646
1417.203989362746 69.78518099450207 0.5800616200985733
1417.2248232472846 70.0367005721453 0.5802645913409247
1417.245657132213 71.10931101259042 0.5811792833112726
1417.2664910172134 69.5741222708194 0.5803411767146732
1417.3081587860895 71.00731146736318 0.5813949358115281
1417.328992669286 69.93520569252964 0.5806206757227379
1417.3706604315103 68.85409032110786 0.5796901805640912
1417.3914943098996 68.03687829802739 0.5789804187166447
1417.412328186077 67.12816082881118 0.5785449538951982
1417.4331620597775 67.95104705211011 0.5793633343778302
1417.453995930764 69.47768243821407 0.580117195431981
1417.4748297988383 68.65812376640794 0.5796230599093469
1417.4956636638356 69.37922482623154 0.5805286622992606
1417.5164975256328 70.60684101112679 0.5814854796057135
1417.5373313841503 70.66961160599703 0.5814371597287403
1417.5581652393546 71.26460517773185 0.5819878401985339
1417.5789990912533 70.91002255446924 0.5819820408852264
1417.599832939901 70.303650208403 0.581474191232315
1417.6206667853955 70.08140030561647 0.580861792081564
1417.6415006278748 69.70731349481402 0.5806286700638822
1417.6623344675202 68.29785848452296 0.5802516741862012
1417.6831683045464 68.76098365574241 0.5805130044489205
1417.7040021392017 67.06528886232259 0.5794776608684513
1417.7248359717642 67.11358919199387 0.5796459784636506
1417.7456698025346 67.64171500975459 0.5797368468182124
1417.7665036318313 68.34653112853299 0.5801472991902192
1417.7873374599892 68.5101852368765 0.5804366727978967
1417.8081712873459 70.51285127544007 0.5817350747694242
1417.8290051142435 71.34205645633165 0.5823047046759896
1417.8498389410197 70.98846067173905 0.5819986321443037
1417.870672768002 71.33314693947875 0.5821213236498759
1417.8915065955 71.2635201673042 0.5822833110662501
1417.9123404238035 70.24049578036899 0.5816977396656339
1417.9331742531783 69.7844330099085 0.5812021533182532
1417.9540080838556 68.08481658385689 0.5797299968431917
1417.9748419160344 66.0720835115485 0.5789001526299119
1417.9956757498744 66.45757153642712 0.5791483791011814
1418.0165095854954 68.35513417182435 0.5806779682073872
1418.0373434229753 68.58316875614517 0.5807796564662727
1418.0581772623452 69.19616818275122 0.5808434366837053
1418.0790111035922 69.04430797916162 0.5809275768596024
1418.1206787914452 71.56610242986834 0.5826347345874204
1418.1415126378088 72.76359652643909 0.5834372263306526
1418.162346485567 71.28482052297676 0.5824709773712574
1418.1831803345024 70.33985164112 0.5820468286055129
1418.2040141843638 69.17658894279433 0.5813144391754194
1418.2248480348721 68.98004492179422 0.5814402094710933
1418.2456818857256 66.01095127708619 0.5796288571166663
1418.2665157366043 67.7939763714779 0.5803281457175413
1418.287349587173 68.16434479607285 0.580558808888999
1418.3081834370919 67.59056712789243 0.5802393345680573
1418.3290172860209 68.05627831396167 0.5805248890526382
1418.3498511336227 69.77850190847514 0.5814312011523544
1418.3706849795722 69.31304785965288 0.5811267070855963
1418.3915188235565 71.14620099283292 0.5828032526095653
1418.4123526652893 71.11494198938404 0.5828952904363566
1418.4331865045099 71.3177609001341 0.5826907549763803
1418.4540203409854 71.1650993835195 0.582496354824334
1418.4748541745187 69.9954576115314 0.5821857631327776
1424.5791335661354 67.0473548134355 0.5864159220328063
1424.5999671687775 68.1733299274564 0.5869541376684748
1424.6208007683672 67.10305706398292 0.5863611342905655
1424.6416343650783 68.63925931925971 0.5871543202103289
1424.6624679591246 69.48686984364228 0.5875672119328249
1424.683301550753 71.08335206429464 0.5885202958156991
1424.7041351402372 70.9667171915812 0.5886660053489587
1424.724968727876 72.78774182311611 0.5896117910070519
1424.745802313989 72.2434273456649 0.5894211145485135
1424.7666358989072 71.26230358657241 0.5888929598658079
1424.7874694829686 70.11420639996598 0.5881949869363808
1424.8083030665177 68.99584643637743 0.5877342016018783
1424.8291366498904 68.27229835441558 0.5872139442299572
1424.849970233416 67.88349143128924 0.5869018248743677
1424.8708038174047 67.4713952723427 0.5864265054385425
1424.9333045749468 69.7180596746443 0.587928453920249
1424.954138163434 70.26718851093727 0.5881671951999958
1424.9749717535442 71.24978180551547 0.5889041060329974
1424.9958053454004 71.13313037304857 0.5889545078600894
1425.0166389390843 72.57519393719456 0.5897493602689384
1425.03747253463 70.48713730853726 0.5886911410575425
1425.058306132029 71.94371586922782 0.5893893733855864
1425.0791397312287 70.80418713707967 0.588894250352263
1425.1208069345969 67.8383678800696 0.5870052653966843
1425.1624741434687 67.00914292925965 0.5861696419208774
1425.1833077494107 67.36289092310898 0.5866763352302712
1425.2041413559978 67.48193925307011 0.5867682988442604
1425.2249749629289 69.44560381804212 0.5879101544048124
1425.2666421765334 71.01002581271571 0.5891101392914989
1425.287475782534 70.66635132812522 0.5888841414660102
1425.3083093875464 70.76243242020473 0.5890456730996707
1425.329142991232 72.02821543949462 0.5896938840948072
1425.349976593265 70.60677645107444 0.5888967174508503
1425.370810193333 69.89338238374027 0.588378273104885
1425.391643791146 69.05425696629544 0.5880396961287351
1425.412477386439 67.71082897789096 0.5871757647451664
1425.641646729459 70.4856555450987 0.5890365281185038
1425.6624802877227 69.91602554704613 0.5886317299542961
1425.7041473973666 67.43969386390333 0.5868668497553546
1425.7249809493262 67.45331007134455 0.5872251857055529
1425.7458144998 67.32650985443225 0.5869092639593642
1425.7666480491189 68.43573859200376 0.5877571207837773
1425.787481597625 69.2589873089972 0.5880751842882669
1425.808315145657 69.64586528553437 0.588359645670716
1425.8291486935555 70.72984325994942 0.5893646846325648
1425.8499822416443 70.40046767826513 0.5894522220106647
1425.8708157902338 71.90096492761542 0.590051917422544
1425.8916493396127 72.35329171717534 0.5902345890875377
1425.9124828900442 70.9644617440588 0.5896008856781282
1425.9333164417592 70.68568419346416 0.5892908018169176
1425.9541499949548 69.09632374208066 0.5881767970513754
1425.9749835497894 68.56447678389938 0.5877846276926835
1425.9958171063802 68.00941452843145 0.5875676937873955
1426.0166506648009 67.12501487994383 0.5869881556199771
1426.0374842250828 66.9780636274551 0.5868485044403273
1426.0583177872106 68.36948523609223 0.5879201026192483
1426.0791513511256 68.83153158891307 0.5882980861002415
1426.0999849167245 70.11408583059601 0.5888975018595176
1426.1208184838613 72.0612793186033 0.5900574480189396
1426.1416520523549 70.62965918340412 0.589452955120813
1426.1624856219846 71.69847232915484 0.5901243540270049
1426.1833191924982 70.83438213732327 0.58965701500996
1426.2041527636152 71.10391453553353 0.5897330376003702
1426.224986335032 71.42212502211426 0.5898833356293802
1426.2458199064286 69.38975582939517 0.5888084015358931
1426.2666534774685 69.08619507535158 0.5881700200353434
1426.2874870478142 66.18670946476236 0.5866949272144846
1426.3083206171232 67.59081163875193 0.5876057844089563
1426.3291541850601 67.96523738571157 0.5876160547597656
1426.3499877512986 68.53570586973936 0.5881650543964578
1426.37082131553 69.12218428481964 0.5885016095756034
1426.391654877467 68.60501081397175 0.5882893854315807
1426.4124884368487 70.83754943025227 0.5899523957088842
1426.433321993446 71.68248727845211 0.59044239157973
1426.4541555470641 71.32753858175961 0.5900813502058538
1426.4749890975481 71.97702034794848 0.5904914255827857
1426.4958226447814 70.68328267437963 0.5898822999192518
1426.5166561886938 69.8350701118042 0.5891901272599536
1426.5374897292572 68.38222658855231 0.5882729082668636
1426.558323266488 68.18129496500197 0.5881093527630885
1426.5791568004497 68.07608056268911 0.5882305670558805
1426.5999903312456 66.85236999241364 0.5872429229460923
1426.6208238590245 68.13690918934056 0.5880493380719373
1426.641657383972 68.33415195152799 0.5884447622838659
1426.6624909063103 69.5333550066172 0.5893532816949828
1426.6833244262934 69.63621527806998 0.5893295649008677
1426.704157944202 71.31026701548394 0.5903984013583281
1426.7249914603415 71.87180111219337 0.5907782547538596
1426.7458249750355 71.56515641529197 0.5906371534197121
1426.7666584886153 70.44309576163242 0.5898573791748228
1426.7874920014242 70.47703556031199 0.5899398548577528
1426.8083255138024 69.66756503134688 0.5895809320686246
1426.8291590260853 69.4750413674748 0.5893631929082623
1426.8499925385986 68.70302901473416 0.588690989183372
1426.8708260516482 67.46771450152966 0.5880228445211862
1426.891659565522 68.57694514676024 0.5887690979599604
1426.9124930804776 66.99754657051604 0.587946803554933
1426.933326596741 69.40916117402683 0.5892183006727983
1426.954160114505 69.61854903268684 0.5898563560502963
1426.974993633923 70.27617498014445 0.5902000765677945
1426.995827155107 71.53763731359614 0.5911031251063541
1427.0166606781256 71.28299242216131 0.5909537676947947
1427.0374942030023 71.79702051758831 0.5909808484603521
1427.058327729717 70.93604962841 0.5907091777094355
1427.0791612582043 70.1083328380174 0.5902337938327313
1427.0999947883568 70.05141624481709 0.5900550110273729
1427.1208283200244 69.32298334347726 0.5896814767300458
1427.1416618530177 68.7770840049777 0.5890532874846578
1427.162495387113 69.08297039659034 0.5896354838133319
1427.1833289220542 66.31886265522576 0.5878372928596712
1427.2041624575575 67.00654759871196 0.5881128999882191
1427.224995993317 69.41264537703708 0.5896826517767998
1427.2458295290103 70.21635573965874 0.5903117741973599
1427.2666630643002 71.17570108887239 0.5909706618002903
1427.2874965988492 71.01202643797211 0.5910094785906475
1427.3083301323138 71.85474928825721 0.591402747220711
1427.3291636643598 72.47601739000565 0.5918211601486623
1427.349997194664 71.63782867283565 0.5913142889931395
1427.3708307229185 71.08316890825668 0.5910814575119117
1427.3916642488407 69.14704966605568 0.5900388104597031
1427.412497772173 66.842842129195 0.588629097197428
1427.433331292691 66.96082256028714 0.5887269696106772
1427.4541648102056 67.45545516911265 0.5891448674177578
1427.4749983245642 68.59492836776259 0.5899651888704462
1427.495831835659 68.84549385779016 0.5899075606231995
1427.5166653434235 68.4553848268629 0.5897796671837087
1427.5374988478359 69.04129161560773 0.5901982334869329
1427.5583323489193 70.60604040787305 0.5910182274599131
1427.62083283309 70.67968489680737 0.5911856034354613
1427.6624998082448 70.28461095855374 0.5909857526189799
1427.6833332922101 69.25404462279914 0.5903947542880817
1427.7041667741382 68.90844327952598 0.5902350687645218
1427.725000254335 67.03276097215833 0.5887585819736587
1427.7458337331263 67.04528325422248 0.5889039289105372
1427.7666672108473 66.7252606631261 0.589003665728083
1427.7875006878392 66.99968159928623 0.5891427048738899
1427.8083341644424 70.25691035819968 0.5911196368178459
1427.8291676409908 70.65627204936526 0.5913072707321272
1427.8500011178087 70.76027625677268 0.5914326796679406
1427.8708345952 71.33091473563795 0.5917943444528392
1427.8916680734474 72.28555425442008 0.5924693400663106
1427.9125015528055 71.70107151166228 0.59190202792288
1427.9333350334975 70.07656255283271 0.5909185154536751
1427.9541685157112 69.91264523841268 0.5907974490951643
1427.9750019995925 68.34344512459921 0.5900860345674743
1427.995835485248 68.27108858494655 0.5898369921366613
1428.0166689727425 67.5855037838785 0.5891684019579371
1428.0375024620917 67.48106769164187 0.58941885189376
1428.0583359532718 68.70570149500033 0.5898214929688803
1428.0791694462102 68.10915684888698 0.5898229077427332
1428.1000029407935 69.02049538512414 0.5904644611704579
1428.1208364368688 70.46757933818071 0.5912202726596872
1428.1416699342387 71.3426971230134 0.591695015075932
1428.1625034326764 71.35692978618195 0.5917657397046007
1428.183336931923 70.8667198125811 0.5916836318641814
1428.2041704316896 71.2121882930508 0.5917328651986943
1428.2250039316689 69.1515469659499 0.5907706752134356
1428.2458374315356 68.65377774453458 0.5903994109239651
1428.266670930955 68.70698748537716 0.5901839431030166
1428.287504429584 68.10538845076825 0.5900446316034168
1428.308337927083 67.35776547809026 0.5895498187600848
1428.3291714231173 67.2791725479421 0.5895555941815109
1428.3500049173672 66.78515900760989 0.5892319822482075
1428.3708384095266 68.50398197618291 0.5902767991699883
1428.3916718993157 68.70127648454793 0.5904478175704476
1428.4125053864827 70.83905266709769 0.5916377568121891
1428.433338870805 71.61911050610121 0.5920599047606867
1428.4541723521004 71.74519589000023 0.5921993964014388
1428.4750058302209 71.72845321177186 0.5922765141522554
1428.4958393050638 71.18462165932928 0.5919354216803258
1428.5166727765697 70.67884782977292 0.591609131899065
1428.537506244722 68.3931788050686 0.5902136217731606
1428.558339709549 68.60275670397006 0.5904342777377881
1428.5791731711256 67.3408855308247 0.589437041369743
1428.6000066295676 67.7032215574646 0.5897573193010615
1428.6208400850335 67.83268024489173 0.5897793513631147
1428.641673537717 68.53013729000763 0.5904274887765824
1428.6625069878503 69.07902016202793 0.5908187866191233
1428.683340435696 69.19054428257326 0.5909674721292967
1428.70417388154 69.89156732741255 0.5912567040303275
1428.7250073256948 71.01278321917123 0.5918585867856763
1428.745840768484 73.303270579316 0.5930835346403642
1428.7666742102456 71.64177959698976 0.5923726016509427
1428.7875076513221 70.88838314696396 0.5917802185131792
1428.808341092051 69.79778336218688 0.5912281488812429
1428.8291745327665 69.90649603896026 0.5913210929727662
1428.850007973791 67.42130568408179 0.5897986919043514
1428.870841415425 68.45961921104681 0.5903191324470273
1428.8916748579488 66.6145686702856 0.5894714342513339
1428.9125083016124 68.03189531575764 0.5902739591724321
1428.9333417466346 68.83302686933446 0.5908547761812039
1428.9541751931977 70.03969544487197 0.5915069499385444
1428.9750086414438 70.11857822759356 0.5914463226166629
1428.9958420914727 70.7103060399328 0.5919954199782935
1429.016675543343 71.66076343131897 0.5925648556394802
1429.037508997066 70.73405715257609 0.5917930980599617
1429.058342452611 71.87845397869046 0.5928209339199468
1429.0791759099004 69.8440179591682 0.59167064919497
1429.1000093688147 69.4449250086855 0.5910753692665168
1429.1208428291952 68.77362113240197 0.590891293131789
1429.141676290841 67.27325938481776 0.5900776380438193
1429.162509753521 67.53148829000715 0.5899498825083148
1429.1833432169717 66.91025205313203 0.5897230062625772
1429.2041766809018 67.03424422250127 0.5898235772327484
1429.225010145 67.98956352137537 0.5904186554388212
1429.266677072387 70.21024780300472 0.5916295334307605
1429.2875105349983 71.28656848537487 0.5922924145083202
1429.3083439964323 71.74753646344439 0.5925352444407224
1429.3291774563577 70.79569572862059 0.5920629249530154
1429.350010914456 71.4805416334072 0.5926594129619279
1429.3708443704236 70.32854856383035 0.5917393118179554
1429.3916778239843 71.11908582446684 0.5924900892289925
1429.4125112748907 68.53924411402184 0.5907905129728275
1429.4333447229249 68.46815817257341 0.5906899426597145
1429.4541781679075 67.8125949209312 0.5903245090860445
1429.4750116096998 66.60262759181707 0.5895358033336778
1429.4958450482013 67.27377392673978 0.5901395169876218
1429.5166784833586 68.76477651608103 0.5910563226114626
1429.5375119151631 69.62485272608251 0.5915610217979248
1429.5583453436486 69.98179741835371 0.5919542260806056
1429.5791787688945 72.10849336223878 0.5932427297308236
1429.6000121910226 71.02746216693649 0.5923868140825348
1429.620845610196 71.52668565592127 0.592786458860662
1429.6416790266142 70.56076932533242 0.5922492787689674
1429.6625124405139 69.01734319786239 0.5914254612492065
1429.683345852159 69.41256946029429 0.5915778859672185
1429.7041792618418 69.51743846852013 0.5916554247320935
1429.7250126698757 67.73837933686774 0.5905800196761601
1429.7458460765868 66.93367280824349 0.5901776183615121
1429.7666794823126 68.29493172246714 0.5911264304339178
1429.787512887396 67.17725583296622 0.5904800444040371
1429.8083462921754 68.1834437888311 0.5908481685912844
1429.8291796969827 69.5662495925365 0.5918671468679012
1429.8500131021376 70.9336133489003 0.5925578899109661
1429.8708465079396 71.94590577328648 0.593163815806981
1429.8916799146648 70.11924283142946 0.5921869912057266
1429.9125133225577 71.65021619592814 0.5930312348666453
1429.9333467318347 69.96996986744125 0.5922222308439589
1429.9541801426726 69.7780852810159 0.5918609785858202
1429.9750135552065 68.95132387709799 0.5911670896654827
1429.9958469695314 67.57992861299334 0.590381049179111
1430.0166803857023 68.007020830554 0.5904613697108615
1430.0375138037223 67.31712037185116 0.5902993040896926
1430.0583472235553 68.14722661989892 0.5906140432401125
1430.0791806451182 67.44299032728306 0.5903988178043625
1430.1000140682856 68.47855310063169 0.5910664069526709
1430.1208474928935 70.40481691544304 0.5921336559688113
1430.1416809187385 70.76938345373311 0.5922596698758984
1430.162514345583 70.9929442888464 0.5926198493284712
1430.1833477731582 71.95511878310411 0.5933692991570695
1430.2041812011728 69.67236378593233 0.5919516206873005
1430.2250146293147 70.02003373702402 0.5921101512065813
1430.2458480572532 69.54017990354622 0.5920460997687628
1430.2666814846502 68.50751272577067 0.5910774365038688
1430.2875149111662 68.20250205876405 0.5909301529603623
1430.3083483364605 67.3128308695513 0.590239398462818
1430.3291817602014 67.53761078968778 0.5904756029089206
1430.350015182072 67.81719483519537 0.590940163806578
1430.3708486017752 68.07124301282784 0.5910187821389012
1430.3916820190373 69.49297355027065 0.591584220926762
1430.4125154336105 70.29198516995133 0.5924949934703626
1430.4333488452846 70.35957541170085 0.5925687156739922
1430.4541822538886 70.36793238819861 0.5923764880931006
1430.4750156592827 71.37248224374862 0.5932427674080507
1430.4958490613765 71.25919287194922 0.593101523791954
1430.5166824601213 71.40608604882482 0.5930016092637213
1430.537515855514 69.70656296691658 0.5921624442564744
1430.558349247595 68.03093435781037 0.5913460024302076
1430.620849405023 67.65792633346797 0.590933040236938
1430.6416827851178 67.85045474648022 0.5912694815718607
1430.6625161627255 69.40250922557847 0.5921135989656441
1430.683349538115 68.38711439269296 0.5916478942077965
1430.7041829115813 70.1035526506356 0.5924828962682185
1430.7250162834393 70.75527751419483 0.5929412478576506
1430.7458496540166 72.12596780246349 0.5938401404772303
1430.7666830236526 71.55354602695488 0.5937480424547552
1430.7875163926913 70.90436254382566 0.5930368004954389
1430.808349761468 70.39925715596856 0.593138203890985
1430.8291831303145 69.05089685755554 0.5924930569286202
1430.8500164995476 68.04487820576814 0.5914413340957334
1430.8708498694646 67.3591920994062 0.591198306898653
1430.8916832403384 66.78899495403054 0.5906957573867001
1430.9125166124102 66.6030184413843 0.5907889365700304
1430.9333499858874 68.20460391127466 0.5915345973604758
1430.9541833609458 67.9979107418942 0.5915792965406219
1430.9750167377151 68.7055912965812 0.5920985117256893
1430.9958501162855 70.29222121700181 0.5928274315465295
1431.0166834967013 71.33044446190215 0.5936413339258162
1431.0375168789633 72.13614212523679 0.5941221802385939
1431.0583502630304 70.62638027941736 0.5932311627089557
1431.0791836488124 70.44029283009503 0.5928697335019166
1431.1000170361788 69.27437995559397 0.5924576573392064
1431.1208504249605 69.19519656178912 0.5921944268055525
1431.1416838149478 68.3274015807375 0.5917971267951455
1431.1625172059 66.3167625468869 0.5905995736880819
1431.1833505975474 68.30116925270043 0.5916639247906871
1431.204183989593 67.13161183184428 0.591001082579917
1431.2250173817206 67.2786263925672 0.5911029612473638
1431.245850773601 69.55941583221973 0.5925993310180426
1431.2666841648954 69.18115768695962 0.5924270598265038
1431.2875175552629 70.86689938675178 0.593714010252155
1431.3083509443643 70.88321153826092 0.5935876021904025
1431.3291843318682 73.09671017623846 0.5947597726152899
1431.3500177174612 71.01931390729388 0.5936235996020168
1431.3708511008488 70.38580453408804 0.5933873424254914
1431.39168448176 68.59407466484824 0.592272928965529
1431.4125178599531 69.04376682940895 0.5922789797417605
1431.4333512352212 67.70682311529077 0.5916697173532451
1431.4541846073967 67.71839622157702 0.5914463856027693
1431.4750179763485 67.16080975596546 0.5914598896690962
1431.4958513419913 65.93074039133268 0.5904141882434084
1431.5166847042806 68.74795740322938 0.592212908458901
1431.5375180632186 69.27150421206993 0.5925230474657239
1431.5583514188534 70.44993383272008 0.5932651974925335
1431.579184771275 69.83605514310258 0.5930371145812856
1431.6000181206161 71.41322301894178 0.5939569865380625
1431.6208514670495 71.48057040703023 0.5938519465613462
1431.6416848107851 71.33024386904425 0.5939190523513502
1431.6625181520656 69.00144221294606 0.592468384329796
1431.6833514911648 69.74317134952477 0.5928524536560443
1431.7041848283807 69.06596227688668 0.5924112511212589
1431.7250181640306 68.7425864377703 0.5920524297184198
1431.745851498443 67.43665031610078 0.5914100289066582
1431.7666848319595 66.94064540694114 0.5911823393070884
1431.787518164919 68.10453927258432 0.5918488306586511
1431.8083514976618 68.78170229605894 0.5921782973487852
1431.8291848305184 69.25605991603186 0.5925880909071024
1431.8500181638 70.25031180420362 0.5930909087510354
1431.8708514978016 70.94008862619623 0.5937243380773257
1431.8916848327933 71.82427096740459 0.5942540789645944
1431.9125181690108 70.74403014742981 0.5934727046341258
1431.9333515066594 71.18944354751991 0.5939885839664121
1431.9541848459069 69.7339542561366 0.5930213221388217
1431.9750181868803 69.77100684685382 0.5929009867511799
1431.9958515296626 67.67348586663489 0.5918260069874999
1432.0166848742927 67.74896369079433 0.5917310772566932
1432.0375182207663 68.11730462034433 0.5920461123532229
1432.0583515690332 68.41596078701699 0.5920609744138985
1432.079184919 67.6476375335413 0.5917768947136673
1432.1000182705318 68.7977497448717 0.5924475337994913
1432.1208516234522 69.23709323224583 0.5928168115976861
1432.1416849775496 70.20242779106 0.5934114118188122
1432.1625183325777 71.13846241720033 0.5939176598797458
1432.183351688262 71.78661699084364 0.5943086280026673
1432.2041850443031 72.12647922510455 0.5944593107834413
1432.2250184003851 70.30405000653015 0.5934951385822783
1432.2458517561743 69.72492918008899 0.5929497294837006
1432.2666851113322 68.288912986713 0.5925391046681333
1432.2875184655186 68.53274794936989 0.592458512487433
1432.308351818394 68.29745206134268 0.5921357320940762
1432.3291851696322 66.49626917436686 0.5912419855731931
1432.3500185189175 66.8483307536557 0.5914762150689465
1432.3708518659594 69.09433770263067 0.5928707388592637
1432.3916852104912 68.83932669536867 0.5925595244755516
1432.4125185522753 69.996683078313 0.5934133076972038
1432.4333518911112 70.39668303454516 0.5936111237588366
1432.4541852268333 71.43840902244963 0.594202973093397
1432.4750185593189 71.54248768526631 0.5942527875798778
1432.4958518884869 71.03070649064912 0.5939481555151894
1432.5166852142984 71.4345404542439 0.5942899607846284
1432.5375185367634 69.9953096189345 0.5933004861103769
1432.5583518559333 68.19804035112047 0.592192690582476
1432.5791851719039 68.31171707085511 0.5921499250463638
1432.6000184848135 68.48356234080477 0.5923163019782614
1432.6208517948414 68.1315353901505 0.5921847265374854
1432.641685102202 68.15476780570178 0.5922314146965414
1432.6625184071434 68.49865648067734 0.5924609647438847
1432.6833517099392 68.78999659389423 0.5925782210589478
1432.7041850108922 70.77867382939253 0.5939614020002616
1432.7250183103215 71.82285348055746 0.5943827018680029
1432.7458516085574 71.83948056888114 0.5944014789848487
1432.7666849059408 71.07256706125006 0.5940565146275641
1432.7875182028135 71.1984527297166 0.5941017388955483
1432.8083514995114 70.72428265927718 0.5939243085886164
1432.8291847963658 70.10650352483843 0.5932527894654986
1432.8500180936853 69.45858552602152 0.59308947664813
1432.8708513917613 68.20514837405217 0.5922286972974621
1432.8916846908596 68.535975841728 0.5923777961455675
1432.9125179912135 68.5521281348705 0.5921551592407778
1432.9333512930225 67.98386473366227 0.5921257288781145
1432.9541845964493 67.29018512092493 0.591799481074572
1432.9750179016141 70.51937252487105 0.5936348075554546
1432.9958512085964 70.84162384753772 0.5937666388740134
1433.016684517428 71.56843013519597 0.5945156205638066
1433.0375178280985 71.19569417390508 0.5941812053718963
1433.0583511405534 71.40741761983156 0.5942566241126646
1433.0791844546927 71.51843100424333 0.5942589561106865
1433.1000177703754 70.79917628449776 0.5939504385478918
1433.1208510874217 69.60110914693577 0.5929743317955772
1433.1416844056141 68.23682924339612 0.5922284960081453
1433.162517724703 68.15064097121154 0.5922699979020112
1433.18335104441 67.46477165456538 0.5918107109844478
1433.2041843644336 67.86710204194993 0.5921868276466438
1433.2250176844555 67.77989213682685 0.5918610792929826
1433.24585100414 69.75270435638818 0.5930680575034516
1433.266684323149 70.79341981374584 0.5937144118234408
1433.2875176411408 71.75009773608843 0.5944147279019569
1433.3083509577787 70.62606589594333 0.5942924556314616
1433.3291842727372 72.1518038939519 0.5947229670273411
1433.3500175857034 71.91024412384722 0.5946130503299185
1433.3708508963896 70.99422816795258 0.5939261651959129
1433.3916842045332 69.77174055239567 0.5931638786107125
1433.4125175099007 69.03445210643818 0.5925846207626678
1433.4333508122952 67.81461376542518 0.5919498837520596
1433.454184111559 67.35867112764643 0.5914785580291722
1433.4750174075723 67.59020625688957 0.5914680776188648
1433.495850700261 68.31322825012226 0.592209486439981
1433.5166839895917 68.25422877780977 0.5920432556739195
1433.5375172755805 69.87342971028816 0.5931240973953116
1433.5583505582842 71.45365000486431 0.5937785844447403
1433.6208503879134 70.66800243101426 0.5940498423143417
1433.6416836589017 71.17249136758458 0.5943478786486166
1433.662516927506 69.2841910695385 0.5930848788206928
1433.6833501940039 69.85440746587504 0.5934178402031128
1433.7041834586996 69.15848811730072 0.5927847746467205
1433.7250167219136 68.32888015687757 0.5925503582820464
1433.7458499839797 66.79760212731391 0.5915003748261336
1433.7666832452385 66.38817359860175 0.5911681105215449
1433.7875165060311 67.70692270714449 0.5920191935814002
1433.8083497666942 68.63188773395912 0.5924716539483297
1433.829183027554 69.09988373940462 0.5928431034785375
1433.8500162889181 70.34039819785605 0.5935239863638379
1433.8708495510764 70.87751098392043 0.5938021109952693
1433.8916828142899 71.40319911769556 0.5942952638887341
1433.933349344762 71.42837527667807 0.5940771456482846
1433.9541826123746 70.68172413457728 0.5935696403224168
1433.9750158817378 69.79751757927298 0.5931182562280881
1433.9958491529253 67.72366714849001 0.5919641189188641
1434.0166824259638 68.76932124566707 0.5925427133921872
1434.0375157008375 68.0115278117649 0.5918765124630964
1434.0583489774845 67.67525706641362 0.5914328182405622
1434.0791822558 68.09570977270677 0.5919955710047251
1434.100015535639 67.96690338955588 0.5923579989656259
1434.120848816814 68.51196520131639 0.5922817472279586
1434.1416820991046 69.83601117984468 0.5930436224025981
1434.1625153822579 69.9121958599237 0.5933433319595013
1434.183348665991 71.2806060778629 0.5941426835786268
1434.20418195 72.21213648537544 0.5944835874322827
1434.2250152339636 71.12777390077568 0.593847178989213
1434.2458485175466 69.99237103088281 0.5929856776659697
1434.2666818004109 69.10715660205636 0.5925030665177451
1434.2875150822133 68.33657840546768 0.5917774486815491
1434.308348362618 68.55209348935749 0.5923435845924495
1434.3291816413018 67.13435774824686 0.5913613986465179
1434.3500149179551 68.75832051009807 0.5923703880025878
1434.3708481922924 68.07535790821429 0.5920174945996193
1434.3916814640554 67.88112181592676 0.5918525946544542
1434.4125147330146 69.54136180963143 0.592682518813109
1434.4333479989807 70.97125159201924 0.5937846449732901
1434.4541812617954 71.34571163762853 0.5938515074444606
1434.4750145213484 71.98152141480725 0.5944496474738996
1434.4958477775713 71.2041974624323 0.5937861757802398
1434.5166810304354 72.03764130502353 0.5944927238182708
1434.5375142799633 69.54741693227206 0.5929730124942331
1434.5583475262167 68.32304635232873 0.5926344707056521
1434.5791807693056 68.9092307393741 0.5922258037569575
1434.6000140093768 68.0599826589036 0.5920261278935155
1434.6208472466194 67.21239590498071 0.5913369686207781
1434.6416804812573 67.83608691750091 0.5918868975264302
1434.6625137135454 68.90303488608554 0.5923533954604832
1434.683346943767 68.64835922105767 0.5920375548586029
1434.7041801722282 70.36361451430149 0.5932387987269758
1434.72501339925 70.7020717551016 0.5936563945066667
1434.7458466251694 71.15455849984386 0.5938865354056374
1434.7666798503276 71.59192533938113 0.5942188093620229
1434.7875130750633 71.14725194956299 0.5939230290315609
1434.8083462997138 70.47179854872294 0.5933527747082848
1434.8291795246034 70.92338425888941 0.5936865019725134
1434.8500127500372 69.65055597533959 0.5929274885173402
1434.870845976301 68.41196126896838 0.5919772335971638
1434.8916792036516 67.78831179554459 0.5917593059638041
1434.912512432315 67.97450325188309 0.591708374959941
1434.9333456624815 67.61724571686261 0.5916741624769248
1434.9541788943013 68.62556558685965 0.5920514733088953
1434.975012127885 69.14312975937594 0.5924485524492031
1434.9958453633 69.99992125159544 0.5930356069677045
1435.0375118396641 71.0793136560145 0.593768997892318
1435.0583450805245 72.40177139102002 0.594667967366801
1435.0791783230366 70.94320956340822 0.5934311487461648
1435.10001156705 70.15536723609618 0.593046210435242
1435.1208448123741 70.91098901000848 0.5934187441890703
1435.1625113060186 69.05899114393443 0.5922215263233586
1435.1833445537961 68.76182477254488 0.5920817882223279
1435.2041778018095 67.57213692531938 0.5913291568472426
1435.2250110497343 68.61787905579725 0.5919365922527987
1435.2458442972356 69.55478067016911 0.5925046257852503
1435.2666775439739 68.5616848460954 0.5921762968629161
1435.2875107896057 70.98098212917328 0.5935161908222216
1435.308344033799 71.21012113339812 0.5934324544739332
1435.3500105165917 72.15005975318267 0.594141316711304
1435.3708437546027 70.68017007640276 0.5933179914999323
1435.391676990008 71.02236576441666 0.5935311541547443
1435.4125102225842 69.93274516815514 0.592659626676322
1435.4333434521438 69.21882474322263 0.5924490429095508
1435.4541766785367 69.52212652899433 0.5924457480142886
1435.4750099016567 67.07059189399148 0.5910225514209648
1435.5166763378688 68.62133995141897 0.5920617797985708
1435.5375095509664 68.33994784917273 0.5918456834865945
1435.5583427608021 68.88579609629159 0.5922283198799371
1435.57917596749 70.57532151975433 0.5934177020940259
1435.6000091711853 71.3353494345791 0.5935350330107497
1435.6208423720784 71.92699874117625 0.5938046580805513
1435.6416755703997 72.15824041887848 0.5941212522419409
1435.6625087664077 70.33534548899087 0.5927422655132715
1435.7041751526513 70.88464671246973 0.5931430022841033
1435.7458415333313 68.25713163643972 0.591663320346109
1435.7666747224257 68.14768818768351 0.5916088296488624
1435.7875079111443 67.30507405046801 0.5910361534128645
1435.808341099821 69.17632403942025 0.5919748674386832
1435.870840668729 70.17876407852796 0.5924683214523397
1435.8916738602566 70.7105367853692 0.5927789301358544
1435.9541734435827 71.0324466436068 0.5929629103180789
1435.9750066414235 70.9676509675149 0.592887502941799
1435.9958398411018 68.87247969940383 0.5915990694030642
1436.0166730426324 68.3744219280025 0.591449572690996
1436.037506245988 67.9542726129993 0.5911934171058494
1436.0583394510961 68.43945460083764 0.5913611214677709
1436.1000058660609 68.0913953481959 0.5911450210991431
1436.120839075567 68.78413741595944 0.5913699659255429
1436.1833387093345 71.7704740464201 0.593161014753795
1436.2250051333046 70.85190689135764 0.5930546151818059
1436.2458383447577 70.90435303491296 0.5933723126847412
1436.266671555403 70.41624503747812 0.5941877633581022
1436.287504764899 68.43332295093091 0.5951908723230311
1436.308337972914 67.76980177068354 0.597781560887875
1436.3291711791258 66.51751328256417 0.6005768069681973
1436.3500043832316 67.49256637762294 0.6062656818406678
1436.3708375849537 66.94945978462361 0.6116267318989526
1436.3916707840392 68.42959250860892 0.6184324311737315
1436.4125039802684 68.82688162962305 0.6255261709751533
1436.4333371734622 70.50834672688079 0.633932594069722
1436.4541703634743 70.86787016821351 0.6422955897711825
1436.4750035502027 70.62360715271166 0.6530651170026675
1436.49583673359 70.23340214708809 0.665401634384111
1436.5166699136237 69.64999449188308 0.679765850242908
1436.5375030903338 69.80565948108557 0.6968218034702629
1436.5583362637979 68.96327162765411 0.7153260110334874
1436.6208357660898 67.26211254980392 0.7854665456224527
1436.6416689281432 66.63555437578498 0.8140514673228595
1436.66250208792 67.44114221304687 0.8462180140604905
1436.683335245712 66.83876190894432 0.882908942431989
1436.704168401828 68.02410630675979 0.9258813280826919
1436.725001556594 70.60960089053276 0.974701657255092
1436.7458347103477 72.23570790284128 1.0275940390756602
1436.7666678634312 70.83077368750108 1.0845132173512775
1436.787501016184 68.58461085255496 1.1438961936197047
1436.8083341689405 70.4675005332008 1.2092301668879424
1436.8291673220183 70.21821862423397 1.2776727748425942
