         900   1.473e-15
         900   1.474e-15
       900.1   1.475e-15
       900.1   1.475e-15
       900.2   1.476e-15
       900.2   1.476e-15
       900.2   1.477e-15
       900.3   1.478e-15
       900.3   1.478e-15
       900.4   1.479e-15
       900.4   1.479e-15
       900.4    1.48e-15
       900.5   1.481e-15
       900.5   1.481e-15
       900.5   1.482e-15
       900.6   1.483e-15
       900.6   1.483e-15
       900.7   1.484e-15
       900.7   1.484e-15
       900.7   1.485e-15
       900.8   1.486e-15
       900.8   1.486e-15
       900.9   1.487e-15
       900.9   1.487e-15
       900.9   1.488e-15
         901   1.489e-15
         901   1.489e-15
       901.1    1.49e-15
       901.1   1.491e-15
       901.1   1.491e-15
       901.2   1.492e-15
       901.2   1.492e-15
       901.2   1.493e-15
       901.3   1.494e-15
       901.3   1.494e-15
       901.4   1.495e-15
       901.4   1.495e-15
       901.4   1.496e-15
       901.5   1.497e-15
       901.5   1.497e-15
       901.6   1.498e-15
       901.6   1.499e-15
       901.6   1.499e-15
       901.7     1.5e-15
       901.7     1.5e-15
       901.8   1.501e-15
       901.8   1.502e-15
       901.8   1.502e-15
       901.9   1.503e-15
       901.9   1.504e-15
         902   1.504e-15
         902   1.505e-15
         902   1.505e-15
       902.1   1.506e-15
       902.1   1.507e-15
       902.1   1.507e-15
       902.2   1.508e-15
       902.2   1.508e-15
       902.3   1.509e-15
       902.3    1.51e-15
       902.3    1.51e-15
       902.4   1.511e-15
       902.4   1.512e-15
       902.5   1.512e-15
       902.5   1.513e-15
       902.5   1.513e-15
       902.6   1.514e-15
       902.6   1.515e-15
       902.7   1.515e-15
       902.7   1.516e-15
       902.7   1.517e-15
       902.8   1.517e-15
       902.8   1.518e-15
       902.9   1.518e-15
       902.9   1.519e-15
       902.9    1.52e-15
         903    1.52e-15
         903   1.521e-15
         903   1.522e-15
       903.1   1.522e-15
       903.1   1.523e-15
       903.2   1.523e-15
       903.2   1.524e-15
       903.2   1.525e-15
       903.3   1.525e-15
       903.3   1.526e-15
       903.4   1.527e-15
       903.4   1.527e-15
       903.4   1.528e-15
       903.5   1.528e-15
       903.5   1.529e-15
       903.6    1.53e-15
       903.6    1.53e-15
       903.6   1.531e-15
       903.7   1.532e-15
       903.7   1.532e-15
       903.8   1.533e-15
       903.8   1.534e-15
       903.8   1.534e-15
       903.9   1.535e-15
       903.9   1.535e-15
       903.9   1.536e-15
         904   1.537e-15
         904   1.537e-15
       904.1   1.538e-15
       904.1   1.539e-15
       904.1   1.539e-15
       904.2    1.54e-15
       904.2    1.54e-15
       904.3   1.541e-15
       904.3   1.542e-15
       904.3   1.542e-15
       904.4   1.543e-15
       904.4   1.544e-15
       904.5   1.544e-15
       904.5   1.545e-15
       904.5   1.546e-15
       904.6   1.546e-15
       904.6   1.547e-15
       904.6   1.547e-15
       904.7   1.548e-15
       904.7   1.549e-15
       904.8   1.549e-15
       904.8    1.55e-15
       904.8   1.551e-15
       904.9   1.551e-15
       904.9   1.552e-15
         905   1.552e-15
         905   1.553e-15
       905.1   1.554e-15
       905.2   1.557e-15
       905.5   1.562e-15
       906.2   1.572e-15
       907.4   1.593e-15
         908   1.603e-15
         909   1.619e-15
       909.9   1.635e-15
       910.4   1.643e-15
       910.9   1.651e-15
       911.1   1.655e-15
       911.3   1.659e-15
       911.5   1.663e-15
       911.6   1.667e-15
       911.6   1.669e-15
       911.7   1.671e-15
       911.7   1.672e-15
       911.8   1.673e-15
       911.8   1.674e-15
       911.8   1.675e-15
       911.8   1.676e-15
       911.9   1.676e-15
       911.9   1.677e-15
         912   1.679e-15
       912.3   1.683e-15
       912.5   1.688e-15
       912.8   1.693e-15
       912.9   1.697e-15
         913   1.703e-15
       913.1   1.713e-15
       913.2    1.72e-15
       913.2   1.727e-15
       913.3   1.737e-15
       913.3   1.747e-15
       913.4   1.761e-15
       913.5   1.775e-15
       913.5   1.793e-15
       913.6   1.812e-15
       913.6   1.835e-15
       913.7   1.858e-15
       913.8   1.884e-15
       913.9   1.943e-15
         914   2.013e-15
       914.1   2.089e-15
       914.2   2.172e-15
       914.4    2.26e-15
       914.5   2.355e-15
       914.6   2.454e-15
       914.7   2.557e-15
       914.8   2.662e-15
       915.1   2.881e-15
       915.5   3.334e-15
       915.8   3.562e-15
         916   3.787e-15
       916.2   4.009e-15
       916.5   4.225e-15
       916.7   4.436e-15
         917    4.64e-15
       917.2   4.838e-15
       917.4    5.03e-15
       917.7   5.212e-15
       917.9   5.384e-15
         918   5.463e-15
       918.1   5.537e-15
       918.3   5.601e-15
       918.4   5.653e-15
       918.4    5.67e-15
       918.5   5.678e-15
       918.5   5.675e-15
       918.6   5.657e-15
       918.6    5.64e-15
       918.7   5.618e-15
       918.7   5.583e-15
       918.7   5.537e-15
       918.8   5.479e-15
       918.8   5.408e-15
       918.8   5.323e-15
       918.8   5.221e-15
       918.9   5.102e-15
       918.9   4.952e-15
       918.9   4.794e-15
         919   4.617e-15
         919   4.424e-15
         919    4.21e-15
       919.1    3.97e-15
       919.1   3.704e-15
       919.1   3.429e-15
       919.1   3.121e-15
       919.2   2.764e-15
       919.2   2.375e-15
       919.2   1.946e-15
       919.3   1.555e-15
       919.3   1.232e-15
       919.3    1.19e-15
       919.3   1.088e-15
       919.3   1.011e-15
       919.4   9.714e-16
       919.4   1.089e-15
       919.5    1.65e-15
       919.5   2.362e-15
       919.6   3.018e-15
       919.6   3.554e-15
       919.7   4.027e-15
       919.7   4.445e-15
       919.8   4.803e-15
       919.8   5.127e-15
       919.9   5.409e-15
       919.9   5.636e-15
         920   5.817e-15
         920   5.957e-15
       920.1   6.051e-15
       920.1   6.104e-15
       920.2   6.124e-15
       920.2   6.111e-15
       920.3    6.06e-15
       920.3   5.971e-15
       920.4    5.84e-15
       920.4   5.669e-15
       920.5   5.459e-15
       920.5   5.205e-15
       920.6   4.907e-15
       920.6   4.574e-15
       920.7   4.189e-15
       920.7   3.737e-15
       920.8   3.221e-15
       920.8   2.573e-15
       920.9   1.825e-15
       920.9   1.159e-15
       920.9   1.067e-15
       920.9   9.856e-16
         921   9.747e-16
         921   9.719e-16
         921   1.068e-15
       921.1   1.648e-15
       921.1   2.405e-15
       921.2   3.095e-15
       921.2   3.644e-15
       921.3   4.127e-15
       921.3   4.549e-15
       921.4    4.92e-15
       921.4   5.262e-15
       921.5   5.574e-15
       921.5   5.857e-15
       921.6   6.109e-15
       921.6   6.339e-15
       921.7    6.54e-15
       921.7   6.715e-15
       921.8   6.861e-15
       921.8   6.981e-15
       921.9   7.079e-15
       921.9   7.152e-15
         922   7.203e-15
         922   7.236e-15
       922.1   7.249e-15
       922.1    7.24e-15
       922.2   7.208e-15
       922.2   7.154e-15
       922.3   7.076e-15
       922.3   6.974e-15
       922.4   6.843e-15
       922.4   6.685e-15
       922.5   6.495e-15
       922.5   6.292e-15
       922.6   6.068e-15
       922.6   5.825e-15
       922.7   5.554e-15
       922.7   5.249e-15
       922.8   4.907e-15
       922.8   4.524e-15
       922.9   4.086e-15
       922.9    3.59e-15
         923   3.006e-15
         923   2.264e-15
       923.1   1.465e-15
       923.1   1.291e-15
       923.1    1.06e-15
       923.1   1.013e-15
       923.1   9.874e-16
       923.2   1.061e-15
       923.2   1.662e-15
       923.3   2.469e-15
       923.4   3.186e-15
       923.4   3.742e-15
       923.5   4.234e-15
       923.5   4.669e-15
       923.5   5.056e-15
       923.6   5.408e-15
       923.6   5.727e-15
       923.7    6.02e-15
       923.8   6.292e-15
       923.8   6.553e-15
       923.9   6.806e-15
       923.9    7.05e-15
         924   7.269e-15
         924    7.47e-15
         924   7.651e-15
       924.1   7.816e-15
       924.1   7.964e-15
       924.2   8.096e-15
       924.2    8.21e-15
       924.3   8.308e-15
       924.4   8.395e-15
       924.5   8.536e-15
       924.5   8.636e-15
       924.6   8.693e-15
       924.7   8.705e-15
       924.8   8.709e-15
       924.8   8.697e-15
       924.9   8.671e-15
       924.9   8.632e-15
         925   8.578e-15
         925   8.511e-15
         925   8.428e-15
       925.1   8.328e-15
       925.1    8.21e-15
       925.2    8.08e-15
       925.2   7.933e-15
       925.3   7.768e-15
       925.3   7.602e-15
       925.4   7.422e-15
       925.4   7.225e-15
       925.5   7.011e-15
       925.5   6.776e-15
       925.6   6.534e-15
       925.6   6.274e-15
       925.7   6.002e-15
       925.7   5.706e-15
       925.8    5.38e-15
       925.8   5.013e-15
       925.9   4.602e-15
       925.9   4.136e-15
         926   3.586e-15
         926   2.933e-15
       926.1   2.561e-15
       926.1   2.155e-15
       926.1   1.953e-15
       926.1   1.314e-15
       926.2   1.068e-15
       926.2   1.045e-15
       926.2    1.02e-15
       926.3   1.069e-15
       926.3   1.691e-15
       926.4   2.543e-15
       926.4   3.277e-15
       926.5   3.872e-15
       926.5   4.389e-15
       926.6   4.839e-15
       926.6   5.238e-15
       926.7   5.597e-15
       926.7    5.92e-15
       926.8   6.221e-15
       926.8   6.504e-15
       926.9   6.777e-15
       926.9   7.041e-15
         927   7.294e-15
         927   7.531e-15
       927.1   7.756e-15
       927.2   8.182e-15
       927.3    8.59e-15
       927.4   8.961e-15
       927.5   9.285e-15
       927.6   9.568e-15
       927.6   9.694e-15
       927.7   9.811e-15
       927.7   9.908e-15
       927.8   9.997e-15
       927.9   1.016e-14
         928   1.029e-14
       928.1   1.041e-14
       928.2   1.051e-14
       928.3   1.058e-14
       928.4   1.064e-14
       928.5   1.067e-14
       928.6   1.068e-14
       928.7   1.067e-14
       928.8   1.063e-14
       928.9   1.054e-14
         929   1.042e-14
       929.1   1.026e-14
       929.2   1.007e-14
       929.3   9.832e-15
       929.4   9.598e-15
       929.5   9.341e-15
       929.6   9.064e-15
       929.7   8.754e-15
       929.8   8.412e-15
       929.8   8.225e-15
       929.9   8.025e-15
       929.9   7.811e-15
         930   7.585e-15
         930   7.347e-15
       930.1   7.093e-15
       930.1   6.831e-15
       930.2   6.553e-15
       930.2   6.262e-15
       930.3   5.947e-15
       930.3   5.603e-15
       930.4   5.221e-15
       930.4   4.792e-15
       930.5   4.306e-15
       930.5   3.722e-15
       930.6   3.028e-15
       930.6     2.6e-15
       930.6   2.187e-15
       930.6   1.916e-15
       930.7   1.281e-15
       930.7   1.101e-15
       930.7   1.078e-15
       930.7   1.074e-15
       930.8   1.103e-15
       930.8   1.736e-15
       930.9    2.67e-15
       930.9   3.443e-15
         931   4.067e-15
         931   4.604e-15
       931.1   5.067e-15
       931.1   5.477e-15
       931.2   5.848e-15
       931.2   6.185e-15
       931.3   6.498e-15
       931.3   6.792e-15
       931.4   7.075e-15
       931.4   7.347e-15
       931.5   7.608e-15
       931.5   7.855e-15
       931.6   8.093e-15
       931.6    8.32e-15
       931.7   8.535e-15
       931.8   8.934e-15
       931.9   9.308e-15
         932   9.656e-15
       932.1       1e-14
       932.3    1.07e-14
       932.4   1.105e-14
       932.5   1.138e-14
       932.6   1.169e-14
       932.7   1.198e-14
       932.8   1.223e-14
       932.9   1.244e-14
         933   1.264e-14
       933.1   1.281e-14
       933.2   1.297e-14
       933.3   1.311e-14
       933.5   1.336e-14
       933.7   1.357e-14
       933.9   1.374e-14
       934.1   1.387e-14
       934.3   1.395e-14
       934.5   1.397e-14
       934.6   1.397e-14
       934.7   1.394e-14
       934.8   1.387e-14
       934.9   1.379e-14
         935   1.368e-14
       935.1   1.355e-14
       935.2    1.34e-14
       935.3   1.323e-14
       935.4   1.304e-14
       935.5   1.282e-14
       935.6   1.259e-14
       935.8   1.209e-14
         936   1.161e-14
       936.1   1.136e-14
       936.2   1.108e-14
       936.3   1.079e-14
       936.4   1.048e-14
       936.5   1.017e-14
       936.6   9.827e-15
       936.7    9.46e-15
       936.8   9.071e-15
       936.9   8.653e-15
         937   8.212e-15
         937   7.976e-15
       937.1   7.727e-15
       937.1   7.463e-15
       937.2   7.185e-15
       937.2   6.887e-15
       937.3   6.568e-15
       937.3   6.223e-15
       937.4   5.844e-15
       937.4   5.427e-15
       937.5   4.956e-15
       937.5   4.413e-15
       937.6   3.773e-15
       937.6   2.971e-15
       937.7   1.938e-15
       937.7   1.187e-15
       937.8   1.177e-15
       937.8   1.166e-15
       937.8   1.166e-15
       937.8   1.166e-15
       937.9   1.178e-15
       937.9    1.81e-15
         938   2.876e-15
         938   3.706e-15
       938.1   4.362e-15
       938.1   4.925e-15
       938.2   5.411e-15
       938.2   5.842e-15
       938.3   6.235e-15
       938.3   6.592e-15
       938.4   6.924e-15
       938.4   7.235e-15
       938.5   7.526e-15
       938.5   7.803e-15
       938.6   8.066e-15
       938.6   8.315e-15
       938.7   8.785e-15
       938.8   9.232e-15
       938.9   9.654e-15
         939   1.006e-14
       939.1   1.044e-14
       939.2    1.08e-14
       939.4    1.15e-14
       939.6   1.216e-14
       939.7   1.247e-14
       939.8   1.279e-14
       939.9   1.316e-14
         940   1.352e-14
       940.1   1.389e-14
       940.2   1.426e-14
       940.3   1.463e-14
       940.5   1.534e-14
       940.7   1.605e-14
       940.8   1.638e-14
       940.9   1.671e-14
         941     1.7e-14
       941.1   1.726e-14
       941.2   1.751e-14
       941.3   1.775e-14
       941.4   1.799e-14
       941.6   1.844e-14
       941.8   1.885e-14
         942   1.925e-14
       942.2    1.96e-14
       942.4   1.992e-14
       942.6   2.021e-14
       942.8   2.048e-14
         943   2.072e-14
       943.2   2.093e-14
       943.4    2.11e-14
       943.6   2.124e-14
       943.8   2.134e-14
         944    2.14e-14
       944.2   2.141e-14
       944.4   2.137e-14
       944.6   2.128e-14
       944.7   2.122e-14
       944.8   2.113e-14
       944.9   2.101e-14
         945   2.086e-14
       945.1    2.07e-14
       945.2   2.052e-14
       945.3   2.033e-14
       945.5   1.989e-14
       945.7   1.941e-14
       945.9   1.887e-14
       946.1   1.827e-14
       946.3   1.764e-14
       946.5   1.697e-14
       946.7   1.636e-14
       946.9   1.583e-14
       947.1   1.527e-14
       947.3   1.471e-14
       947.5   1.414e-14
       947.7   1.357e-14
       947.9   1.299e-14
       948.1   1.237e-14
       948.2   1.205e-14
       948.3   1.172e-14
       948.4   1.137e-14
       948.5     1.1e-14
       948.6    1.06e-14
       948.7   1.018e-14
       948.8   9.732e-15
       948.9   9.256e-15
         949   9.003e-15
         949   8.738e-15
       949.1   8.458e-15
       949.1   8.164e-15
       949.2   7.852e-15
       949.2   7.518e-15
       949.3   7.161e-15
       949.3   6.771e-15
       949.4   6.345e-15
       949.4   5.871e-15
       949.5   5.336e-15
       949.5   4.706e-15
       949.6   3.962e-15
       949.6   3.007e-15
       949.7   1.709e-15
       949.7   1.536e-15
       949.7   1.337e-15
       949.7   1.335e-15
       949.7   1.336e-15
       949.8   1.339e-15
       949.8   1.929e-15
       949.9   3.214e-15
       949.9   4.138e-15
         950   4.857e-15
         950   5.474e-15
       950.1   6.005e-15
       950.1   6.477e-15
       950.2   6.906e-15
       950.2   7.298e-15
       950.3   7.661e-15
       950.3   8.001e-15
       950.4    8.32e-15
       950.4   8.623e-15
       950.5   8.911e-15
       950.5   9.186e-15
       950.6   9.701e-15
       950.7   1.019e-14
       950.8   1.064e-14
       950.9   1.108e-14
         951   1.149e-14
       951.1   1.188e-14
       951.2   1.225e-14
       951.4   1.296e-14
       951.6   1.364e-14
       951.8   1.431e-14
         952   1.497e-14
       952.2   1.566e-14
       952.4   1.635e-14
       952.6   1.706e-14
       952.7   1.741e-14
       952.8   1.777e-14
       952.9    1.82e-14
         953   1.867e-14
       953.1   1.915e-14
       953.2   1.963e-14
       953.3   2.011e-14
       953.5   2.111e-14
       953.7   2.211e-14
       953.9   2.311e-14
       954.1   2.416e-14
       954.3   2.521e-14
       954.5   2.628e-14
       954.6   2.681e-14
       954.7   2.733e-14
       954.8    2.78e-14
       954.9   2.827e-14
         955   2.874e-14
       955.2   2.968e-14
       955.6   3.154e-14
         956   3.334e-14
       956.2   3.422e-14
       956.4   3.506e-14
       956.6   3.583e-14
       956.8   3.653e-14
         957   3.722e-14
       957.2   3.787e-14
       957.6   3.912e-14
         958   4.028e-14
       958.4   4.132e-14
       958.8   4.223e-14
       959.2   4.302e-14
       959.6   4.366e-14
         960   4.415e-14
       960.4   4.447e-14
       960.8   4.463e-14
       961.2   4.462e-14
       961.6   4.442e-14
         962   4.404e-14
       962.4   4.348e-14
       962.8   4.275e-14
       963.2   4.184e-14
       963.6   4.079e-14
         964    3.96e-14
       964.4   3.829e-14
       964.8   3.688e-14
       965.2    3.54e-14
       965.6   3.386e-14
       966.4    3.07e-14
       966.8   2.912e-14
       967.2   2.755e-14
       967.6   2.601e-14
         968   2.451e-14
       968.4   2.304e-14
       968.8   2.162e-14
       969.2   2.023e-14
       969.6   1.888e-14
         970   1.756e-14
       970.4   1.623e-14
       970.6   1.555e-14
       970.8   1.485e-14
         971   1.412e-14
       971.1   1.373e-14
       971.2   1.333e-14
       971.3    1.29e-14
       971.4   1.244e-14
       971.5   1.195e-14
       971.6   1.142e-14
       971.7   1.114e-14
       971.7   1.084e-14
       971.8   1.053e-14
       971.8   1.021e-14
       971.9   9.862e-15
       971.9   9.495e-15
         972   9.103e-15
         972   8.683e-15
       972.1   8.224e-15
       972.1   7.723e-15
       972.2   7.164e-15
       972.2   6.535e-15
       972.3   5.796e-15
       972.3   4.922e-15
       972.3   4.791e-15
       972.4   3.757e-15
       972.4   3.667e-15
       972.4   2.023e-15
       972.5   1.711e-15
       972.5   1.711e-15
       972.6   1.712e-15
       972.6   2.027e-15
       972.7   3.677e-15
       972.7   4.808e-15
       972.8   5.671e-15
       972.8   6.403e-15
       972.9   7.021e-15
       972.9   7.577e-15
         973   8.076e-15
         973   8.535e-15
       973.1   8.958e-15
       973.1   9.351e-15
       973.1   9.721e-15
       973.2   1.007e-14
       973.2    1.04e-14
       973.3   1.072e-14
       973.4   1.131e-14
       973.5   1.185e-14
       973.6   1.236e-14
       973.7   1.284e-14
       973.8   1.329e-14
       973.9   1.371e-14
       973.9   1.412e-14
       974.1   1.489e-14
       974.3   1.563e-14
       974.5   1.634e-14
       974.9   1.775e-14
       975.3   1.915e-14
       975.6   2.059e-14
         976   2.209e-14
       976.4   2.366e-14
       976.6   2.448e-14
       976.8   2.532e-14
       976.9   2.619e-14
       977.1   2.708e-14
       977.3   2.799e-14
       977.5   2.895e-14
       977.7   2.993e-14
       977.9   3.095e-14
       978.1     3.2e-14
       978.3   3.309e-14
       978.5   3.423e-14
       978.6   3.541e-14
       978.8   3.664e-14
         979   3.792e-14
       979.2   3.926e-14
       979.4   4.065e-14
       979.6    4.21e-14
       979.8   4.362e-14
         980    4.52e-14
       980.1   4.687e-14
       980.3    4.86e-14
       980.5   5.042e-14
       980.7   5.232e-14
       980.9   5.432e-14
       981.1   5.641e-14
       981.3   5.861e-14
       981.5   6.092e-14
       981.6   6.334e-14
       981.8   6.588e-14
         982   6.855e-14
       982.2   7.135e-14
       982.4   7.431e-14
       982.6   7.739e-14
       982.8   8.064e-14
         983   8.405e-14
       983.1   8.763e-14
       983.3   9.137e-14
       983.5    9.53e-14
       983.7    9.94e-14
       983.9   1.037e-13
       984.1   1.082e-13
       984.3   1.129e-13
       984.5   1.178e-13
       984.6    1.23e-13
       984.8   1.284e-13
         985    1.34e-13
       985.2   1.399e-13
       985.4    1.46e-13
       985.6   1.524e-13
       985.8   1.591e-13
         986    1.66e-13
       986.1   1.732e-13
       986.3   1.806e-13
       986.5   1.883e-13
       986.7   1.962e-13
       986.9   2.044e-13
       987.1   2.129e-13
       987.3   2.217e-13
       987.6   2.398e-13
         988   2.592e-13
       988.4   2.797e-13
       988.8   3.014e-13
       989.2   3.239e-13
       989.5   3.472e-13
       989.9   3.709e-13
       990.3   3.953e-13
       990.7   4.201e-13
         991   4.456e-13
       991.4    4.72e-13
       991.8   4.989e-13
       992.2   5.259e-13
       992.5   5.525e-13
       992.9   5.776e-13
       993.3    6.02e-13
       993.7   6.261e-13
         994   6.507e-13
       994.4   6.747e-13
       994.8   6.974e-13
       995.2   7.182e-13
       995.5   7.372e-13
       995.9   7.552e-13
       996.3   7.718e-13
       996.7   7.864e-13
         997   7.983e-13
       997.4   8.071e-13
       997.8    8.15e-13
       998.2   8.224e-13
       998.4    8.26e-13
       998.5   8.284e-13
       998.7   8.294e-13
       998.9   8.296e-13
       999.1   8.284e-13
       999.3   8.261e-13
       999.7   8.219e-13
        1000   8.191e-13
        1000   8.177e-13
        1000   8.159e-13
        1001   8.119e-13
        1001   8.059e-13
        1001   7.993e-13
        1001   7.915e-13
        1002   7.749e-13
        1002   7.594e-13
        1002   7.434e-13
        1003   7.257e-13
        1003   7.055e-13
        1003   6.837e-13
        1004   6.611e-13
        1004   6.373e-13
        1005   6.124e-13
        1005   5.618e-13
        1006   5.103e-13
        1007   4.579e-13
        1008   4.088e-13
        1008   3.837e-13
        1008   3.597e-13
        1009   3.369e-13
        1009   3.153e-13
        1009   2.945e-13
        1010   2.744e-13
        1010    2.55e-13
        1010   2.457e-13
        1011   2.367e-13
        1011   2.283e-13
        1011   2.201e-13
        1011    2.12e-13
        1011    2.04e-13
        1011   1.963e-13
        1012   1.889e-13
        1012   1.818e-13
        1012   1.749e-13
        1012   1.683e-13
        1012    1.62e-13
        1013   1.558e-13
        1013   1.498e-13
        1013   1.442e-13
        1013   1.388e-13
        1013   1.337e-13
        1014   1.287e-13
        1014   1.238e-13
        1014   1.192e-13
        1014   1.148e-13
        1014   1.106e-13
        1014   1.066e-13
        1015   1.028e-13
        1015   9.919e-14
        1015   9.569e-14
        1015   9.231e-14
        1015   8.912e-14
        1016   8.608e-14
        1016   8.319e-14
        1016   8.043e-14
        1016   7.775e-14
        1016   7.522e-14
        1017    7.28e-14
        1017   7.045e-14
        1017   6.826e-14
        1017   6.612e-14
        1017   6.408e-14
        1018   6.215e-14
        1018   6.028e-14
        1018    5.85e-14
        1018   5.682e-14
        1018   5.516e-14
        1018   5.357e-14
        1019   5.204e-14
        1019   5.058e-14
        1019   4.917e-14
        1019   4.782e-14
        1019   4.651e-14
        1020   4.523e-14
        1020   4.279e-14
        1020   4.162e-14
        1020    4.05e-14
        1021   3.941e-14
        1021   3.836e-14
        1021   3.634e-14
        1021   3.437e-14
        1022    3.25e-14
        1022   3.073e-14
        1023   2.902e-14
        1023   2.732e-14
        1023   2.565e-14
        1024   2.397e-14
        1024   2.313e-14
        1024   2.221e-14
        1024   2.121e-14
        1024   2.073e-14
        1024   2.025e-14
        1025   1.971e-14
        1025   1.913e-14
        1025   1.854e-14
        1025   1.823e-14
        1025   1.792e-14
        1025   1.759e-14
        1025   1.725e-14
        1025   1.689e-14
        1025   1.652e-14
        1025   1.613e-14
        1025    1.57e-14
        1025   1.524e-14
        1025   1.473e-14
        1025   1.418e-14
        1025   1.357e-14
        1025   1.288e-14
        1025    1.21e-14
        1025    1.12e-14
        1025   1.016e-14
        1026   8.953e-15
        1026   7.633e-15
        1026   7.507e-15
        1026    5.92e-15
        1026   4.093e-15
        1026   2.895e-15
        1026   3.441e-15
        1026   5.251e-15
        1026    7.06e-15
        1026   8.639e-15
        1026   9.982e-15
        1026   1.112e-14
        1026    1.21e-14
        1026   1.296e-14
        1026   1.371e-14
        1026   1.438e-14
        1026   1.499e-14
        1026   1.553e-14
        1026   1.604e-14
        1026   1.649e-14
        1026   1.691e-14
        1027   1.731e-14
        1027   1.805e-14
        1027   1.875e-14
        1027    1.94e-14
        1027   2.002e-14
        1027   2.062e-14
        1027   2.116e-14
        1027   2.169e-14
        1027   2.279e-14
        1028   2.379e-14
        1028   2.474e-14
        1028   2.569e-14
        1028   2.663e-14
        1028   2.759e-14
        1029   2.855e-14
        1029   3.047e-14
        1029   3.237e-14
        1030   3.431e-14
        1030   3.533e-14
        1030   3.633e-14
        1030   3.738e-14
        1031   3.851e-14
        1031   3.973e-14
        1031   4.106e-14
        1031   4.244e-14
        1031   4.397e-14
        1032   4.547e-14
        1032   4.856e-14
        1032   5.172e-14
        1033   5.502e-14
        1033   5.841e-14
        1033   6.017e-14
        1034   6.201e-14
        1034   6.394e-14
        1034   6.495e-14
        1034   6.587e-14
        1034   6.663e-14
        1034   6.733e-14
        1034   6.876e-14
        1035   7.008e-14
        1035   7.131e-14
        1035   7.193e-14
        1035   7.267e-14
        1035   7.361e-14
        1035   7.463e-14
        1035   7.568e-14
        1035   7.676e-14
        1036   7.793e-14
        1036   7.923e-14
        1036   8.061e-14
        1036   8.206e-14
        1036   8.357e-14
        1036    8.52e-14
        1036     8.7e-14
        1036   8.893e-14
        1036   9.098e-14
        1036   9.316e-14
        1037   9.557e-14
        1037   9.827e-14
        1037   1.012e-13
        1037   1.044e-13
        1037   1.079e-13
        1037   1.116e-13
        1037   1.153e-13
        1037   1.192e-13
        1037   1.234e-13
        1037   1.281e-13
        1037   1.305e-13
        1038   1.327e-13
        1038   1.348e-13
        1038   1.369e-13
        1038    1.39e-13
        1038   1.412e-13
        1038   1.458e-13
        1038   1.508e-13
        1038   1.559e-13
        1038   1.608e-13
        1038   1.659e-13
        1038   1.714e-13
        1038   1.773e-13
        1039   1.833e-13
        1039   1.893e-13
        1039   1.955e-13
        1039   2.022e-13
        1039   2.092e-13
        1039   2.129e-13
        1039   2.161e-13
        1039   2.193e-13
        1039   2.223e-13
        1039   2.285e-13
        1039   2.349e-13
        1039   2.415e-13
        1039    2.45e-13
        1040   2.479e-13
        1040   2.508e-13
        1040   2.535e-13
        1040   2.589e-13
        1040   2.701e-13
        1040   2.818e-13
        1040   2.938e-13
        1040       3e-13
        1041   3.065e-13
        1041   3.135e-13
        1041   3.208e-13
        1041   3.361e-13
        1041   3.518e-13
        1041   3.681e-13
        1042   3.847e-13
        1042   4.005e-13
        1042   4.165e-13
        1042   4.316e-13
        1043   4.613e-13
        1043   4.765e-13
        1043   4.919e-13
        1043   5.083e-13
        1043   5.254e-13
        1044    5.43e-13
        1044   5.806e-13
        1044   6.203e-13
        1045   6.624e-13
        1045   6.845e-13
        1045   7.083e-13
        1045   7.334e-13
        1046   7.598e-13
        1046   7.881e-13
        1046   8.176e-13
        1046   8.774e-13
        1047   9.074e-13
        1047   9.349e-13
        1047   9.623e-13
        1047   9.865e-13
        1047   1.009e-12
        1048    1.03e-12
        1048   1.051e-12
        1048   1.072e-12
        1048   1.095e-12
        1048    1.12e-12
        1049   1.147e-12
        1049   1.177e-12
        1049    1.21e-12
        1049   1.244e-12
        1049    1.28e-12
        1050   1.316e-12
        1050   1.349e-12
        1050   1.382e-12
        1050   1.409e-12
        1050   1.433e-12
        1050   1.445e-12
        1051   1.455e-12
        1051   1.463e-12
        1051    1.47e-12
        1051   1.477e-12
        1051   1.484e-12
        1051    1.49e-12
        1051   1.501e-12
        1052   1.519e-12
        1052   1.537e-12
        1052   1.552e-12
        1053   1.564e-12
        1053   1.572e-12
        1054   1.575e-12
        1054   1.579e-12
        1054   1.586e-12
        1055   1.597e-12
        1055   1.611e-12
        1056   1.622e-12
        1056   1.624e-12
        1056   1.624e-12
        1056   1.619e-12
        1056   1.612e-12
        1057     1.6e-12
        1057   1.586e-12
        1057   1.569e-12
        1057   1.553e-12
        1057   1.537e-12
        1058   1.521e-12
        1058   1.507e-12
        1058   1.496e-12
        1058    1.49e-12
        1058   1.485e-12
        1059   1.486e-12
        1059   1.492e-12
        1059   1.495e-12
        1059     1.5e-12
        1059   1.506e-12
        1059   1.513e-12
        1059   1.521e-12
        1059   1.529e-12
        1060   1.538e-12
        1060   1.561e-12
        1060   1.586e-12
        1060   1.614e-12
        1060   1.646e-12
        1061    1.68e-12
        1061   1.721e-12
        1061   1.763e-12
        1061   1.811e-12
        1061   1.864e-12
        1062   1.922e-12
        1062   1.989e-12
        1062    2.06e-12
        1062   2.139e-12
        1062   2.226e-12
        1063   2.318e-12
        1063   2.418e-12
        1063   2.524e-12
        1063   2.631e-12
        1064   2.858e-12
        1064   2.968e-12
        1064   3.082e-12
        1064   3.186e-12
        1064   3.286e-12
        1065   3.383e-12
        1065   3.469e-12
        1065   3.554e-12
        1065    3.63e-12
        1065   3.702e-12
        1066    3.84e-12
        1066   3.972e-12
        1067   4.103e-12
        1067   4.231e-12
        1067   4.293e-12
        1067   4.351e-12
        1068   4.402e-12
        1068   4.441e-12
        1068   4.477e-12
        1068   4.496e-12
        1068   4.502e-12
        1068   4.503e-12
        1069   4.501e-12
        1069   4.494e-12
        1069   4.482e-12
        1069    4.47e-12
        1069   4.458e-12
        1069   4.441e-12
        1069   4.397e-12
        1069   4.349e-12
        1070   4.242e-12
        1070   4.133e-12
        1071   4.035e-12
        1071   3.953e-12
        1071   3.888e-12
        1072   3.838e-12
        1072   3.796e-12
        1073   3.752e-12
        1073   3.698e-12
        1073   3.632e-12
        1074   3.549e-12
        1074   3.451e-12
        1075   3.346e-12
        1075   3.244e-12
        1075   3.195e-12
        1075    3.15e-12
        1076   3.111e-12
        1076   3.077e-12
        1076   3.048e-12
        1076    3.03e-12
        1076   3.016e-12
        1077    3.01e-12
        1077   3.015e-12
        1077   3.017e-12
        1077   3.022e-12
        1077   3.034e-12
        1077   3.047e-12
        1077    3.06e-12
        1077   3.074e-12
        1078    3.09e-12
        1078   3.113e-12
        1078   3.137e-12
        1078   3.189e-12
        1078    3.25e-12
        1078   3.323e-12
        1079   3.401e-12
        1079   3.493e-12
        1079   3.591e-12
        1079   3.698e-12
        1079   3.814e-12
        1080   3.936e-12
        1080   4.066e-12
        1080   4.203e-12
        1080   4.491e-12
        1081   4.796e-12
        1081   5.106e-12
        1082   5.416e-12
        1082   5.721e-12
        1082   6.009e-12
        1083   6.273e-12
        1083   6.512e-12
        1084    6.73e-12
        1084   6.924e-12
        1084   7.094e-12
        1085    7.24e-12
        1085   7.367e-12
        1086   7.479e-12
        1086   7.577e-12
        1086   7.662e-12
        1087   7.803e-12
        1088   7.918e-12
        1089   8.012e-12
        1090    8.09e-12
        1090   8.156e-12
        1091   8.208e-12
        1093   8.279e-12
        1094   8.322e-12
        1096   8.345e-12
        1098   8.356e-12
        1099   8.354e-12
        1102   8.323e-12
        1106   8.267e-12
        1109   8.188e-12
        1112   8.086e-12
        1115   7.968e-12
        1118   7.846e-12
        1122   7.726e-12
        1125   7.606e-12
        1128   7.475e-12
        1131    7.32e-12
        1134   7.139e-12
        1138   6.944e-12
        1141   6.742e-12
        1144   6.521e-12
        1147   6.271e-12
        1150   5.995e-12
        1154   5.702e-12
        1157   5.389e-12
        1158   5.221e-12
        1160   5.046e-12
        1162   4.864e-12
        1163   4.674e-12
        1165   4.479e-12
        1166   4.278e-12
        1168   4.076e-12
        1170    3.87e-12
        1171   3.656e-12
        1173   3.432e-12
        1174     3.2e-12
        1176   2.967e-12
        1179   2.503e-12
        1182   2.043e-12
        1184   1.817e-12
        1186   1.599e-12
        1186   1.494e-12
        1187   1.392e-12
        1188   1.293e-12
        1189   1.199e-12
        1190   1.107e-12
        1190    1.02e-12
        1191   9.363e-13
        1192   8.565e-13
        1192   8.184e-13
        1193   7.813e-13
        1193   7.454e-13
        1194    7.11e-13
        1194   6.775e-13
        1194   6.453e-13
        1195   6.143e-13
        1195   5.845e-13
        1196   5.559e-13
        1196   5.284e-13
        1196   5.021e-13
        1197   4.769e-13
        1197   4.528e-13
        1198   4.298e-13
        1198    4.08e-13
        1198   3.873e-13
        1199   3.676e-13
        1199    3.49e-13
        1200   3.315e-13
        1200   3.149e-13
        1200   2.993e-13
        1201   2.845e-13
        1201   2.706e-13
        1202   2.575e-13
        1202   2.451e-13
        1202   2.334e-13
        1203   2.224e-13
        1203   2.121e-13
        1204   2.025e-13
        1204   1.934e-13
        1204   1.849e-13
        1205   1.769e-13
        1205   1.694e-13
        1206   1.623e-13
        1206   1.556e-13
        1206   1.493e-13
        1207   1.433e-13
        1207   1.376e-13
        1208   1.322e-13
        1208   1.271e-13
        1208   1.223e-13
        1209   1.176e-13
        1209   1.132e-13
        1210   1.089e-13
        1210   1.048e-13
        1210   1.009e-13
        1211   9.707e-14
        1211   9.332e-14
        1212   8.965e-14
        1212   8.604e-14
        1212    8.25e-14
        1213     7.9e-14
        1213   7.552e-14
        1213   7.378e-14
        1214   7.201e-14
        1214    7.02e-14
        1214   6.927e-14
        1214   6.832e-14
        1214   6.733e-14
        1214   6.684e-14
        1214   6.632e-14
        1214   6.573e-14
        1214     6.5e-14
        1214    6.38e-14
        1214   6.148e-14
        1214   5.922e-14
        1214   5.653e-14
        1214   5.334e-14
        1215   4.984e-14
        1215   4.648e-14
        1215   4.364e-14
        1215   4.072e-14
        1215   3.771e-14
        1215   3.465e-14
        1215   3.229e-14
        1215   2.927e-14
        1215   2.283e-14
        1215   1.782e-14
        1215   1.411e-14
        1215   1.249e-14
        1215   1.199e-14
        1215   1.187e-14
        1215   1.186e-14
        1215   1.187e-14
        1215   1.187e-14
        1215   1.188e-14
        1216   1.189e-14
        1216   1.189e-14
        1216   1.189e-14
        1216    1.19e-14
        1216   1.191e-14
        1216   1.192e-14
        1216   1.192e-14
        1216   1.193e-14
        1216   1.193e-14
        1216   1.193e-14
        1216   1.196e-14
        1216   1.202e-14
        1216   1.217e-14
        1216   1.247e-14
        1216   1.298e-14
        1216   1.404e-14
        1216   1.572e-14
        1216   1.803e-14
        1216   2.073e-14
        1216   2.116e-14
        1216   2.376e-14
        1216   2.766e-14
        1217   3.154e-14
        1217   3.399e-14
        1217   3.682e-14
        1217   3.986e-14
        1217   4.287e-14
        1217   4.577e-14
        1217   4.877e-14
        1217   5.254e-14
        1217   5.594e-14
        1217   5.895e-14
        1217   6.137e-14
        1217   6.394e-14
        1217   6.552e-14
        1217   6.644e-14
        1217    6.71e-14
        1217   6.766e-14
        1217   6.819e-14
        1217   6.922e-14
        1218   7.121e-14
        1218   7.492e-14
        1218   7.851e-14
        1219   8.212e-14
        1219   8.576e-14
        1220   8.949e-14
        1220   9.333e-14
        1220   9.719e-14
        1221   1.011e-13
        1221    1.05e-13
        1222   1.092e-13
        1222   1.136e-13
        1222   1.182e-13
        1223   1.231e-13
        1223   1.279e-13
        1224   1.327e-13
        1224   1.375e-13
        1224   1.423e-13
        1225   1.475e-13
        1225    1.53e-13
        1226   1.589e-13
        1226   1.652e-13
        1226   1.718e-13
        1227   1.784e-13
        1227    1.85e-13
        1228   1.911e-13
        1228   1.968e-13
        1228   2.024e-13
        1229   2.079e-13
        1229   2.106e-13
        1229   2.136e-13
        1229   2.168e-13
        1230   2.201e-13
        1230   2.236e-13
        1230   2.275e-13
        1230   2.319e-13
        1230   2.366e-13
        1231   2.419e-13
        1231   2.476e-13
        1231   2.539e-13
        1231   2.608e-13
        1231   2.681e-13
        1232   2.764e-13
        1232    2.85e-13
        1232   2.945e-13
        1232   3.045e-13
        1232   3.152e-13
        1233   3.264e-13
        1233   3.382e-13
        1233   3.507e-13
        1233   3.636e-13
        1233   3.773e-13
        1234   3.913e-13
        1234   4.059e-13
        1234    4.21e-13
        1234   4.366e-13
        1235   4.691e-13
        1235   5.032e-13
        1235   5.388e-13
        1236   5.758e-13
        1236   6.143e-13
        1237   6.537e-13
        1237   6.943e-13
        1237   7.365e-13
        1238     7.8e-13
        1238   8.252e-13
        1239   8.725e-13
        1239   9.216e-13
        1239   9.725e-13
        1240   1.025e-12
        1240    1.08e-12
        1241   1.193e-12
        1242   1.309e-12
        1243   1.428e-12
        1243   1.552e-12
        1244   1.681e-12
        1245   1.815e-12
        1246    1.95e-12
        1247   2.082e-12
        1247   2.212e-12
        1248   2.337e-12
        1249   2.461e-12
        1250    2.59e-12
        1251   2.718e-12
        1251   2.841e-12
        1252   2.959e-12
        1253   3.072e-12
        1254    3.18e-12
        1255   3.285e-12
        1256   3.495e-12
        1257   3.599e-12
        1258   3.699e-12
        1259   3.795e-12
        1259   3.883e-12
        1261   4.049e-12
        1263   4.211e-12
        1264    4.37e-12
        1266    4.51e-12
        1267   4.634e-12
        1269    4.75e-12
        1271   4.862e-12
        1272   4.966e-12
        1274   5.061e-12
        1275   5.149e-12
        1279   5.305e-12
        1282   5.439e-12
        1285   5.553e-12
        1288   5.647e-12
        1291   5.723e-12
        1295   5.782e-12
        1296   5.798e-12
        1298   5.829e-12
        1300   5.858e-12
        1305   5.914e-12
        1310   5.956e-12
        1315   5.988e-12
        1320   5.992e-12
        1325   5.972e-12
        1330   5.943e-12
        1335   5.916e-12
        1340   5.893e-12
        1345   5.895e-12
        1350   5.894e-12
        1355   5.874e-12
        1360   5.843e-12
        1362   5.817e-12
        1365   5.775e-12
        1368   5.719e-12
        1370   5.656e-12
        1375   5.538e-12
        1380   5.438e-12
        1385   5.316e-12
        1388   5.245e-12
        1390   5.181e-12
        1391   5.159e-12
        1392   5.138e-12
        1394   5.134e-12
        1395   5.133e-12
        1398   5.144e-12
        1400   5.185e-12
        1402   5.247e-12
        1408   5.381e-12
        1410   5.438e-12
        1412   5.482e-12
        1415   5.513e-12
        1418    5.53e-12
        1420   5.536e-12
        1422   5.534e-12
        1428    5.51e-12
        1432   5.477e-12
        1442   5.397e-12
        1462   5.226e-12
        1482   5.057e-12
        1502   4.894e-12
        1522   4.739e-12
        1542   4.589e-12
        1562   4.446e-12
        1582   4.309e-12
        1602   4.178e-12
        1622   4.053e-12
        1642   3.933e-12
        1662   3.818e-12
        1682   3.708e-12
        1702   3.603e-12
        1722   3.501e-12
        1742   3.403e-12
        1762   3.309e-12
        1782   3.219e-12
        1802   3.132e-12
        1822   3.049e-12
        1842   2.968e-12
        1862   2.891e-12
        1882   2.816e-12
        1902   2.744e-12
        1922   2.675e-12
        1942   2.608e-12
        1962   2.543e-12
        1982   2.481e-12
        2002   2.421e-12
        2022   2.362e-12
        2042   2.306e-12
        2062   2.252e-12
        2082   2.199e-12
        2102   2.148e-12
        2122   2.099e-12
        2142   2.051e-12
        2162   2.005e-12
        2182    1.96e-12
        2202   1.917e-12
        2222   1.875e-12
        2242   1.834e-12
        2262   1.794e-12
        2282   1.756e-12
        2302   1.719e-12
        2322   1.683e-12
        2342   1.648e-12
        2362   1.614e-12
        2382    1.58e-12
        2402   1.548e-12
        2422   1.517e-12
        2442   1.487e-12
        2462   1.457e-12
        2482   1.428e-12
        2502     1.4e-12
        2522   1.373e-12
        2542   1.346e-12
        2562    1.32e-12
        2582   1.295e-12
        2602   1.271e-12
        2622   1.247e-12
        2642   1.224e-12
        2662   1.201e-12
        2682   1.179e-12
        2702   1.157e-12
        2722   1.136e-12
        2742   1.116e-12
        2762   1.096e-12
        2782   1.076e-12
        2802   1.057e-12
        2822   1.038e-12
        2842    1.02e-12
        2862   1.002e-12
        2882   9.852e-13
        2902   9.682e-13
        2922   9.517e-13
        2942   9.355e-13
        2962   9.197e-13
        2982   9.043e-13
        3002   8.892e-13
        3022   8.745e-13
        3042   8.601e-13
        3062    8.46e-13
        3082   8.322e-13
        3102   8.187e-13
        3122   8.054e-13
        3142   7.925e-13
        3162   7.799e-13
        3182   7.675e-13
        3202   7.553e-13
        3222   7.435e-13
        3242   7.318e-13
        3262   7.205e-13
        3282   7.093e-13
        3302   6.984e-13
        3322   6.876e-13
        3342   6.772e-13
        3362   6.669e-13
        3382   6.568e-13
        3402   6.469e-13
        3422   6.372e-13
        3442   6.277e-13
        3462   6.184e-13
        3482   6.093e-13
        3502   6.003e-13
        3522   5.915e-13
        3542   5.829e-13
        3562   5.745e-13
        3582   5.662e-13
        3602    5.58e-13
        3622     5.5e-13
        3638    5.44e-13
        3642   5.421e-13
        3644   5.414e-13
        3647   5.392e-13
        3650   5.381e-13
        3660   5.341e-13
        3670   5.301e-13
        3676   5.276e-13
        3680   5.262e-13
        3680   5.261e-13
        3683   5.249e-13
        3684   5.246e-13
        3687   5.233e-13
        3688    5.23e-13
        3693   5.211e-13
        3698   5.189e-13
        3703   5.172e-13
        3704   5.168e-13
        3705   5.164e-13
        3707   5.156e-13
        3710   5.145e-13
        3712   5.139e-13
        3713   5.133e-13
        3716   5.124e-13
        3721   5.105e-13
        3722   5.103e-13
        3722   5.101e-13
        3723   5.097e-13
        3725   5.094e-13
        3728   5.085e-13
        3732    5.07e-13
        3735   5.056e-13
        3739   5.054e-13
        3742   5.045e-13
        3746   5.021e-13
        3747   5.006e-13
        3749   4.986e-13
        3750   4.977e-13
        3751    4.97e-13
        3752   4.975e-13
        3753   4.982e-13
        3754    4.99e-13
        3755   4.997e-13
        3756   5.004e-13
        3758   5.013e-13
        3760   5.013e-13
        3762   5.004e-13
        3764   4.986e-13
        3765    4.96e-13
        3767   4.934e-13
        3767   4.924e-13
        3769   4.884e-13
        3770   4.858e-13
        3771   4.846e-13
        3771   4.843e-13
        3772   4.839e-13
        3772   4.844e-13
        3772   4.848e-13
        3773   4.854e-13
        3773   4.861e-13
        3773   4.868e-13
        3774   4.875e-13
        3774   4.883e-13
        3774    4.89e-13
        3775   4.905e-13
        3776   4.935e-13
        3777   4.961e-13
        3779   4.985e-13
        3780   5.003e-13
        3781   5.016e-13
        3782   5.023e-13
        3784   5.027e-13
        3785   5.024e-13
        3786   5.013e-13
        3787   4.993e-13
        3789   4.966e-13
        3790   4.936e-13
        3791   4.896e-13
        3792    4.85e-13
        3794   4.799e-13
        3795   4.744e-13
        3796   4.687e-13
        3798   4.597e-13
        3798   4.579e-13
        3799   4.572e-13
        3799   4.569e-13
        3799   4.573e-13
        3799   4.581e-13
        3800   4.601e-13
        3801   4.649e-13
        3802   4.699e-13
        3804   4.799e-13
        3806   4.896e-13
        3807   4.941e-13
        3808   4.983e-13
        3809   5.021e-13
        3810   5.052e-13
        3811   5.083e-13
        3812   5.104e-13
        3813   5.124e-13
        3814   5.137e-13
        3815   5.152e-13
        3816   5.152e-13
        3817   5.148e-13
        3818   5.137e-13
        3819   5.117e-13
        3820   5.097e-13
        3821    5.07e-13
        3822   5.038e-13
        3823   5.001e-13
        3824   4.955e-13
        3825   4.901e-13
        3826   4.841e-13
        3827   4.785e-13
        3828   4.721e-13
        3829   4.649e-13
        3830   4.575e-13
        3831   4.498e-13
        3833   4.337e-13
        3833   4.313e-13
        3834   4.242e-13
        3835   4.173e-13
        3836   4.107e-13
        3836   4.078e-13
        3836   4.065e-13
        3836   4.058e-13
        3837   4.065e-13
        3837   4.078e-13
        3837   4.093e-13
        3837   4.108e-13
        3838   4.124e-13
        3838   4.141e-13
        3838   4.158e-13
        3838   4.175e-13
        3839    4.21e-13
        3839   4.283e-13
        3841   4.431e-13
        3843    4.58e-13
        3844   4.721e-13
        3846   4.852e-13
        3848   4.975e-13
        3849   5.037e-13
        3849   5.092e-13
        3850   5.142e-13
        3851   5.186e-13
        3853   5.266e-13
        3854   5.336e-13
        3856   5.389e-13
        3858   5.425e-13
        3859   5.447e-13
        3861   5.458e-13
        3863   5.455e-13
        3864   5.436e-13
        3866   5.398e-13
        3868    5.35e-13
        3869   5.291e-13
        3870   5.252e-13
        3871   5.212e-13
        3872   5.161e-13
        3873   5.108e-13
        3874   4.993e-13
        3876   4.869e-13
        3877   4.805e-13
        3878   4.733e-13
        3879   4.653e-13
        3879   4.565e-13
        3880   4.492e-13
        3881   4.413e-13
        3882    4.33e-13
        3883   4.238e-13
        3884   4.062e-13
        3885   3.946e-13
        3886   3.874e-13
        3887   3.816e-13
        3888   3.679e-13
        3888   3.611e-13
        3889   3.545e-13
        3889   3.515e-13
        3890   3.486e-13
        3890    3.46e-13
        3890    3.45e-13
        3890   3.447e-13
        3890    3.45e-13
        3890   3.459e-13
        3891   3.471e-13
        3891   3.485e-13
        3891   3.512e-13
        3892   3.574e-13
        3893   3.706e-13
        3894   3.838e-13
        3896   4.096e-13
        3897   4.217e-13
        3899   4.345e-13
        3900   4.459e-13
        3900   4.512e-13
        3901   4.566e-13
        3901    4.63e-13
        3902   4.694e-13
        3903    4.75e-13
        3903   4.805e-13
        3904   4.902e-13
        3906   5.005e-13
        3908   5.199e-13
        3909    5.29e-13
        3910    5.37e-13
        3911   5.441e-13
        3913   5.504e-13
        3915    5.63e-13
        3916   5.686e-13
        3917   5.734e-13
        3918   5.776e-13
        3920   5.811e-13
        3922   5.865e-13
        3924   5.905e-13
        3927   5.929e-13
        3929   5.938e-13
        3931   5.931e-13
        3934   5.907e-13
        3936   5.866e-13
        3938   5.804e-13
        3940   5.722e-13
        3943   5.615e-13
        3945    5.48e-13
        3947   5.318e-13
        3950   5.157e-13
        3951   5.071e-13
        3952   4.978e-13
        3953   4.876e-13
        3954   4.769e-13
        3957   4.548e-13
        3958   4.433e-13
        3959   4.315e-13
        3960   4.194e-13
        3961   4.071e-13
        3964   3.816e-13
        3965   3.686e-13
        3966   3.554e-13
        3967   3.419e-13
        3968   3.276e-13
        3969   3.204e-13
        3970   3.131e-13
        3970   3.091e-13
        3970   3.051e-13
        3970   3.029e-13
        3970   3.006e-13
        3971   2.958e-13
        3971   2.917e-13
        3971   2.896e-13
        3971   2.886e-13
        3971   2.883e-13
        3971   2.886e-13
        3971   2.893e-13
        3971   2.903e-13
        3971   2.914e-13
        3971   2.925e-13
        3972   2.936e-13
        3972   2.947e-13
        3972   2.957e-13
        3972   2.967e-13
        3972   2.977e-13
        3972   2.986e-13
        3972   2.995e-13
        3972   3.004e-13
        3972   3.011e-13
        3972   3.019e-13
        3972   3.027e-13
        3972   3.027e-13
        3972   3.042e-13
        3972   3.073e-13
        3973    3.13e-13
        3974   3.241e-13
        3975   3.345e-13
        3975   3.446e-13
        3977   3.642e-13
        3979   3.831e-13
        3981   4.012e-13
        3982   4.187e-13
        3983   4.275e-13
        3984   4.362e-13
        3985   4.449e-13
        3986   4.532e-13
        3987   4.614e-13
        3988   4.695e-13
        3989   4.775e-13
        3990   4.854e-13
        3990   4.929e-13
        3991       5e-13
        3993   5.131e-13
        3995   5.259e-13
        3997   5.397e-13
        3998    5.52e-13
        4000   5.633e-13
        4002   5.732e-13
        4004    5.82e-13
        4005   5.899e-13
        4007   5.967e-13
        4009   6.025e-13
        4011   6.078e-13
        4012   6.122e-13
        4016   6.192e-13
        4019   6.241e-13
        4023   6.277e-13
        4026   6.301e-13
        4030   6.313e-13
        4033   6.315e-13
        4037   6.306e-13
        4040   6.288e-13
        4044   6.259e-13
        4047   6.215e-13
        4051   6.154e-13
        4054   6.076e-13
        4058   5.977e-13
        4060   5.918e-13
        4061   5.852e-13
        4063   5.776e-13
        4065   5.695e-13
        4067   5.609e-13
        4068   5.522e-13
        4070   5.425e-13
        4072   5.326e-13
        4074   5.217e-13
        4076   5.103e-13
        4079   4.854e-13
        4081   4.724e-13
        4083   4.591e-13
        4084    4.45e-13
        4086     4.3e-13
        4088   4.144e-13
        4090   3.989e-13
        4091   3.826e-13
        4093   3.656e-13
        4095   3.482e-13
        4097   3.304e-13
        4097   3.216e-13
        4098   3.122e-13
        4099   3.027e-13
        4100   2.924e-13
        4101    2.84e-13
        4101   2.815e-13
        4101   2.769e-13
        4102   2.731e-13
        4102   2.688e-13
        4102   2.641e-13
        4102   2.616e-13
        4102   2.588e-13
        4102   2.558e-13
        4103   2.525e-13
        4103    2.51e-13
        4103   2.498e-13
        4103    2.49e-13
        4103   2.487e-13
        4103    2.49e-13
        4103   2.498e-13
        4103    2.51e-13
        4103   2.525e-13
        4103   2.557e-13
        4103   2.588e-13
        4104   2.615e-13
        4104   2.641e-13
        4104   2.664e-13
        4104   2.686e-13
        4104   2.728e-13
        4104   2.765e-13
        4105   2.835e-13
        4106   2.899e-13
        4107   3.022e-13
        4108   3.132e-13
        4109    3.24e-13
        4111   3.448e-13
        4113   3.648e-13
        4115   3.843e-13
        4117   4.023e-13
        4119     4.2e-13
        4122    4.37e-13
        4124   4.527e-13
        4126   4.672e-13
        4128   4.814e-13
        4130   4.952e-13
        4132   5.079e-13
        4134   5.196e-13
        4137   5.304e-13
        4139     5.4e-13
        4141   5.496e-13
        4143    5.59e-13
        4145   5.669e-13
        4147   5.738e-13
        4149     5.8e-13
        4151   5.852e-13
        4156   5.939e-13
        4160   6.002e-13
        4164   6.045e-13
        4169   6.074e-13
        4173   6.093e-13
        4177   6.105e-13
        4186   6.115e-13
        4194    6.11e-13
        4203   6.093e-13
        4211   6.069e-13
        4220   6.039e-13
        4228   6.002e-13
        4237   5.958e-13
        4245   5.907e-13
        4254    5.84e-13
        4263   5.752e-13
        4267   5.697e-13
        4271   5.636e-13
        4275   5.562e-13
        4280   5.475e-13
        4284   5.373e-13
        4288   5.269e-13
        4292   5.151e-13
        4297   5.018e-13
        4301   4.866e-13
        4305   4.696e-13
        4307   4.603e-13
        4310   4.507e-13
        4312   4.405e-13
        4314   4.296e-13
        4316   4.181e-13
        4318   4.057e-13
        4320   3.929e-13
        4322   3.796e-13
        4324   3.655e-13
        4327   3.509e-13
        4329   3.358e-13
        4331     3.2e-13
        4333   3.038e-13
        4335   2.867e-13
        4336   2.781e-13
        4337   2.688e-13
        4338   2.591e-13
        4339   2.538e-13
        4339   2.483e-13
        4340   2.421e-13
        4340   2.388e-13
        4340   2.351e-13
        4341   2.307e-13
        4341   2.282e-13
        4341   2.251e-13
        4341   2.234e-13
        4341   2.216e-13
        4341   2.194e-13
        4341   2.171e-13
        4341   2.144e-13
        4341   2.112e-13
        4341   2.105e-13
        4341   2.082e-13
        4342   2.078e-13
        4342   2.052e-13
        4342   2.038e-13
        4342   2.027e-13
        4342   2.022e-13
        4342    2.02e-13
        4342   2.023e-13
        4342   2.028e-13
        4342   2.036e-13
        4342   2.047e-13
        4342   2.074e-13
        4342   2.104e-13
        4342   2.133e-13
        4342   2.158e-13
        4342   2.181e-13
        4342   2.202e-13
        4342   2.219e-13
        4342   2.235e-13
        4342   2.265e-13
        4343   2.289e-13
        4343    2.31e-13
        4343   2.349e-13
        4343   2.382e-13
        4343   2.411e-13
        4344   2.465e-13
        4344   2.515e-13
        4345   2.606e-13
        4346   2.689e-13
        4347   2.768e-13
        4348   2.842e-13
        4349   2.915e-13
        4351   3.058e-13
        4353   3.195e-13
        4355   3.326e-13
        4357    3.45e-13
        4359    3.57e-13
        4361   3.687e-13
        4362   3.796e-13
        4364     3.9e-13
        4366   4.001e-13
        4368   4.093e-13
        4370   4.182e-13
        4372   4.263e-13
        4374    4.34e-13
        4376   4.413e-13
        4378   4.479e-13
        4381   4.603e-13
        4385   4.712e-13
        4389   4.804e-13
        4393   4.882e-13
        4397   4.949e-13
        4401   5.009e-13
        4404   5.063e-13
        4408   5.107e-13
        4412   5.139e-13
        4416   5.164e-13
        4423   5.197e-13
        4431    5.21e-13
        4439   5.208e-13
        4446   5.199e-13
        4454   5.185e-13
        4462   5.167e-13
        4469   5.147e-13
        4477   5.125e-13
        4484   5.103e-13
        4492   5.079e-13
        4500   5.055e-13
        4507    5.03e-13
        4515   5.005e-13
        4523    4.98e-13
        4530   4.954e-13
        4538   4.928e-13
        4545   4.903e-13
        4553   4.877e-13
        4561   4.851e-13
        4568   4.825e-13
        4576   4.799e-13
        4584   4.774e-13
        4591   4.748e-13
        4599   4.722e-13
        4606   4.697e-13
        4614   4.671e-13
        4622   4.645e-13
        4629   4.619e-13
        4637   4.594e-13
        4645   4.568e-13
        4652   4.542e-13
        4660   4.516e-13
        4667   4.489e-13
        4675   4.462e-13
        4683   4.435e-13
        4690   4.408e-13
        4698    4.38e-13
        4706   4.351e-13
        4713    4.32e-13
        4721   4.289e-13
        4728   4.256e-13
        4736    4.22e-13
        4744   4.183e-13
        4751   4.142e-13
        4759   4.096e-13
        4767   4.045e-13
        4774   3.989e-13
        4782   3.925e-13
        4789    3.85e-13
        4797    3.76e-13
        4805   3.653e-13
        4808   3.594e-13
        4812   3.528e-13
        4816   3.456e-13
        4820   3.377e-13
        4824    3.29e-13
        4828   3.194e-13
        4831   3.089e-13
        4835   2.973e-13
        4839   2.848e-13
        4843   2.713e-13
        4847   2.567e-13
        4849    2.49e-13
        4850   2.411e-13
        4852   2.329e-13
        4854   2.244e-13
        4856   2.153e-13
        4857   2.105e-13
        4858   2.056e-13
        4859   2.002e-13
        4859   1.973e-13
        4860   1.943e-13
        4860    1.91e-13
        4861   1.874e-13
        4861   1.853e-13
        4861   1.829e-13
        4861   1.816e-13
        4862   1.801e-13
        4862   1.783e-13
        4862   1.762e-13
        4862   1.737e-13
        4862   1.705e-13
        4862   1.687e-13
        4862   1.666e-13
        4862   1.641e-13
        4862   1.613e-13
        4862    1.58e-13
        4862   1.547e-13
        4862   1.545e-13
        4863   1.515e-13
        4863   1.514e-13
        4863   1.501e-13
        4863   1.489e-13
        4863    1.48e-13
        4863   1.473e-13
        4863   1.469e-13
        4863   1.467e-13
        4863   1.469e-13
        4863   1.473e-13
        4863    1.48e-13
        4863   1.489e-13
        4863     1.5e-13
        4863   1.513e-13
        4863   1.544e-13
        4863   1.576e-13
        4863   1.607e-13
        4863   1.635e-13
        4863    1.66e-13
        4863   1.682e-13
        4863   1.699e-13
        4863   1.715e-13
        4863   1.744e-13
        4864   1.767e-13
        4864   1.786e-13
        4864   1.802e-13
        4864   1.816e-13
        4864    1.84e-13
        4864   1.861e-13
        4865    1.88e-13
        4865   1.913e-13
        4866   1.944e-13
        4866   1.972e-13
        4867   2.024e-13
        4868   2.071e-13
        4869   2.117e-13
        4870    2.16e-13
        4871   2.241e-13
        4873   2.318e-13
        4875   2.392e-13
        4877   2.462e-13
        4879    2.53e-13
        4881   2.595e-13
        4883   2.657e-13
        4886   2.773e-13
        4890    2.88e-13
        4894   2.975e-13
        4897   3.061e-13
        4901   3.136e-13
        4905   3.202e-13
        4908    3.26e-13
        4912   3.311e-13
        4916   3.355e-13
        4919   3.394e-13
        4923   3.429e-13
        4927   3.457e-13
        4934   3.503e-13
        4942   3.535e-13
        4949   3.555e-13
        4956   3.568e-13
        4964   3.575e-13
        4971   3.577e-13
        4978   3.575e-13
        4986    3.57e-13
        4986    3.57e-13
        4993   3.562e-13
        5000   3.554e-13
        5020   3.521e-13
        5040   3.483e-13
        5060   3.442e-13
        5080   3.399e-13
        5100   3.356e-13
        5120   3.313e-13
        5140    3.27e-13
        5160   3.228e-13
        5180   3.186e-13
        5200   3.145e-13
        5220   3.104e-13
        5240   3.064e-13
        5260   3.025e-13
        5280   2.986e-13
        5300   2.948e-13
        5320    2.91e-13
        5340   2.873e-13
        5360   2.837e-13
        5380   2.801e-13
        5400   2.766e-13
        5420   2.731e-13
        5440   2.697e-13
        5460   2.663e-13
        5480    2.63e-13
        5500   2.598e-13
        5520   2.565e-13
        5540   2.534e-13
        5560   2.503e-13
        5580   2.472e-13
        5600   2.442e-13
        5620   2.412e-13
        5640   2.383e-13
        5660   2.354e-13
        5680   2.325e-13
        5700   2.297e-13
        5720    2.27e-13
        5740   2.243e-13
        5760   2.216e-13
        5780   2.189e-13
        5800   2.163e-13
        5820   2.138e-13
        5840   2.113e-13
        5860   2.088e-13
        5880   2.063e-13
        5900   2.039e-13
        5920   2.016e-13
        5940   1.992e-13
        5960   1.969e-13
        5980   1.946e-13
        6000   1.924e-13
        6020   1.902e-13
        6040    1.88e-13
        6060   1.859e-13
        6080   1.837e-13
        6100   1.816e-13
        6120   1.796e-13
        6140   1.775e-13
        6160   1.755e-13
        6180   1.735e-13
        6200   1.715e-13
        6220   1.696e-13
        6240   1.677e-13
        6260   1.657e-13
        6280   1.638e-13
        6300   1.619e-13
        6320     1.6e-13
        6340   1.581e-13
        6360   1.562e-13
        6380   1.542e-13
        6400   1.521e-13
        6420   1.499e-13
        6440   1.474e-13
        6460   1.444e-13
        6470   1.426e-13
        6480   1.406e-13
        6490   1.382e-13
        6495   1.368e-13
        6500   1.352e-13
        6505   1.335e-13
        6510   1.316e-13
        6515   1.295e-13
        6520    1.27e-13
        6525   1.243e-13
        6530   1.212e-13
        6535   1.177e-13
        6540   1.139e-13
        6542   1.117e-13
        6545   1.095e-13
        6548   1.072e-13
        6550   1.047e-13
        6552    1.02e-13
        6555   9.915e-14
        6555   9.868e-14
        6558   9.602e-14
        6558   9.575e-14
        6559   9.415e-14
        6560    9.24e-14
        6561   9.045e-14
        6562   8.935e-14
        6562    8.81e-14
        6563   8.735e-14
        6563    8.65e-14
        6563   8.545e-14
        6563   8.395e-14
        6564   8.171e-14
        6564   7.717e-14
        6564   6.837e-14
        6565   6.494e-14
        6565   6.835e-14
        6565   7.712e-14
        6565   8.165e-14
        6566   8.386e-14
        6566   8.534e-14
        6566   8.637e-14
        6567    8.72e-14
        6567   8.792e-14
        6567   8.913e-14
        6568   9.018e-14
        6569   9.204e-14
        6570   9.368e-14
        6572   9.518e-14
        6573   9.654e-14
        6575   9.912e-14
        6577   1.015e-13
        6580   1.036e-13
        6582   1.057e-13
        6584   1.076e-13
        6586   1.093e-13
        6589    1.11e-13
        6593   1.141e-13
        6598   1.167e-13
        6603    1.19e-13
        6607    1.21e-13
        6612   1.226e-13
        6616    1.24e-13
        6621   1.252e-13
        6626   1.262e-13
        6630    1.27e-13
        6639   1.282e-13
        6649    1.29e-13
        6658   1.294e-13
        6667   1.297e-13
        6685   1.296e-13
        6704   1.291e-13
        6722   1.283e-13
        6741   1.274e-13
        6759   1.264e-13
        6777   1.254e-13
        6796   1.243e-13
        6814   1.232e-13
        6833   1.221e-13
        6851   1.211e-13
        6869     1.2e-13
        6888   1.189e-13
        6906   1.178e-13
        6925   1.167e-13
        6943   1.157e-13
        6961   1.146e-13
        6980   1.136e-13
        6998   1.125e-13
        7017   1.115e-13
        7035   1.105e-13
        7054   1.095e-13
        7072   1.085e-13
        7090   1.075e-13
        7109   1.065e-13
        7127   1.056e-13
        7146   1.046e-13
        7164   1.037e-13
        7182   1.028e-13
        7201   1.018e-13
        7219   1.009e-13
        7238       1e-13
        7256   9.914e-14
        7274   9.826e-14
        7293   9.739e-14
        7311   9.653e-14
        7330   9.568e-14
        7348   9.484e-14
        7366   9.401e-14
        7385   9.319e-14
        7403   9.237e-14
        7422   9.157e-14
        7440   9.077e-14
        7458   8.998e-14
        7477    8.92e-14
        7495   8.843e-14
        7514   8.767e-14
        7532   8.692e-14
        7550   8.617e-14
        7569   8.543e-14
        7587    8.47e-14
        7606   8.398e-14
        7624   8.327e-14
        7643   8.256e-14
        7661   8.186e-14
        7679   8.117e-14
        7698   8.049e-14
        7716   7.981e-14
        7735   7.914e-14
        7753   7.848e-14
        7771   7.782e-14
        7790   7.717e-14
        7808   7.653e-14
        7827   7.589e-14
        7845   7.526e-14
        7863   7.464e-14
        7882   7.403e-14
        7900   7.342e-14
        7919   7.281e-14
        7937   7.222e-14
        7955   7.163e-14
        7974   7.104e-14
        7992   7.046e-14
        8011   6.989e-14
        8029   6.932e-14
        8047   6.876e-14
        8066   6.821e-14
        8084   6.766e-14
        8103   6.711e-14
        8121   6.657e-14
        8139   6.604e-14
        8158   6.551e-14
        8176   6.499e-14
        8183   6.479e-14
        8195   6.447e-14
        8206   6.411e-14
        8218   6.379e-14
        8229   6.347e-14
        8240   6.316e-14
        8252   6.284e-14
        8263   6.253e-14
        8275   6.222e-14
        8286   6.191e-14
        8297   6.161e-14
        8309    6.13e-14
        8320     6.1e-14
        8332    6.07e-14
        8343    6.04e-14
        8355    6.01e-14
        8366    5.98e-14
        8377   5.951e-14
        8383   5.937e-14
        8389   5.922e-14
        8395   5.907e-14
        8397     5.9e-14
        8407   5.877e-14
        8416   5.854e-14
        8428   5.824e-14
        8434   5.808e-14
        8440   5.792e-14
        8453    5.76e-14
        8462   5.738e-14
        8466   5.729e-14
        8470   5.719e-14
        8477   5.701e-14
        8480   5.694e-14
        8492   5.664e-14
        8505   5.634e-14
        8517   5.605e-14
        8530   5.575e-14
        8537   5.559e-14
        8542   5.546e-14
        8548   5.533e-14
        8559   5.507e-14
        8570   5.479e-14
        8581   5.454e-14
        8585   5.446e-14
        8593   5.428e-14
        8601   5.409e-14
        8617   5.373e-14
        8633   5.338e-14
        8649   5.301e-14
        8664   5.269e-14
        8666   5.265e-14
        8667   5.261e-14
        8671   5.254e-14
        8677   5.241e-14
        8691   5.214e-14
        8704   5.187e-14
        8717   5.156e-14
        8731   5.126e-14
        8735   5.115e-14
        8744   5.095e-14
        8753   5.076e-14
        8770   5.046e-14
        8788   5.016e-14
        8806   4.982e-14
        8823   4.945e-14
        8841   4.904e-14
        8852   4.877e-14
        8858   4.861e-14
        8865   4.845e-14
        8872   4.838e-14
        8879   4.831e-14
        8892   4.818e-14
        8906   4.801e-14
        8920   4.783e-14
        8933   4.758e-14
        8947   4.726e-14
        8960   4.694e-14
        8974   4.658e-14
        8987   4.616e-14
        9001   4.569e-14
        9012   4.531e-14
        9015   4.523e-14
        9017   4.515e-14
        9020   4.515e-14
        9023   4.515e-14
        9028   4.518e-14
        9039   4.524e-14
        9050   4.528e-14
        9061   4.529e-14
        9072   4.525e-14
        9083   4.518e-14
        9094   4.508e-14
        9105   4.494e-14
        9115   4.477e-14
        9126   4.457e-14
        9137   4.434e-14
        9148   4.408e-14
        9159   4.376e-14
        9170   4.341e-14
        9181   4.299e-14
        9192    4.25e-14
        9203   4.197e-14
        9213   4.138e-14
        9217   4.118e-14
        9224   4.078e-14
        9228   4.059e-14
        9230   4.051e-14
        9232   4.046e-14
        9233   4.048e-14
        9235    4.05e-14
        9235    4.05e-14
        9237   4.054e-14
        9239   4.059e-14
        9242    4.07e-14
        9250    4.09e-14
        9264   4.122e-14
        9279   4.151e-14
        9293   4.169e-14
        9308   4.178e-14
        9322   4.181e-14
        9336   4.175e-14
        9351   4.165e-14
        9365   4.149e-14
        9380   4.129e-14
        9394   4.104e-14
        9409   4.076e-14
        9423   4.044e-14
        9438   4.004e-14
        9452   3.958e-14
        9467   3.904e-14
        9481   3.839e-14
        9488   3.803e-14
        9496   3.761e-14
        9503   3.716e-14
        9510   3.668e-14
        9517   3.618e-14
        9525   3.565e-14
        9530   3.524e-14
        9532   3.505e-14
        9539   3.444e-14
        9544   3.402e-14
        9546   3.381e-14
        9547   3.371e-14
        9548   3.366e-14
        9549   3.362e-14
        9549   3.365e-14
        9550   3.368e-14
        9550   3.372e-14
        9551   3.376e-14
        9552   3.379e-14
        9552   3.383e-14
        9553   3.386e-14
        9553    3.39e-14
        9553    3.39e-14
        9554   3.394e-14
        9554   3.398e-14
        9555   3.402e-14
        9556   3.406e-14
        9556    3.41e-14
        9557   3.414e-14
        9557   3.418e-14
        9558   3.421e-14
        9558   3.421e-14
        9559   3.425e-14
        9559   3.429e-14
        9560   3.433e-14
        9560   3.436e-14
        9561    3.44e-14
        9562   3.444e-14
        9562   3.448e-14
        9563   3.452e-14
        9563   3.455e-14
        9564   3.459e-14
        9565   3.462e-14
        9565   3.466e-14
        9566   3.469e-14
        9566   3.473e-14
        9567   3.476e-14
        9567    3.48e-14
        9568    3.48e-14
        9568   3.483e-14
        9569    3.49e-14
        9572   3.504e-14
        9576   3.528e-14
        9586   3.574e-14
        9595   3.611e-14
        9605   3.641e-14
        9614   3.666e-14
        9624   3.687e-14
        9633   3.702e-14
        9643   3.712e-14
        9661   3.725e-14
        9680   3.726e-14
        9699   3.719e-14
        9718   3.708e-14
        9737   3.693e-14
        9756   3.674e-14
        9775   3.652e-14
        9794   3.629e-14
        9813   3.603e-14
        9832   3.575e-14
        9851   3.547e-14
        9869    3.52e-14
        9888   3.479e-14
        9907   3.434e-14
        9926   3.382e-14
        9945   3.321e-14
        9955   3.285e-14
        9964   3.247e-14
        9966   3.239e-14
        9974   3.206e-14
        9974   3.201e-14
        9983   3.157e-14
        9991    3.11e-14
       1e+04    3.06e-14
   1.001e+04   3.015e-14
   1.001e+04   2.968e-14
   1.002e+04   2.919e-14
   1.003e+04   2.864e-14
   1.003e+04   2.805e-14
   1.004e+04   2.742e-14
   1.004e+04   2.709e-14
   1.005e+04   2.675e-14
   1.005e+04   2.657e-14
   1.005e+04   2.642e-14
   1.005e+04   2.635e-14
   1.005e+04   2.629e-14
   1.005e+04   2.627e-14
   1.005e+04   2.627e-14
   1.005e+04   2.628e-14
   1.005e+04   2.628e-14
   1.005e+04   2.626e-14
   1.005e+04   2.625e-14
   1.005e+04   2.631e-14
   1.006e+04   2.638e-14
   1.006e+04   2.654e-14
   1.006e+04   2.689e-14
   1.007e+04   2.754e-14
   1.008e+04   2.811e-14
   1.009e+04   2.862e-14
   1.009e+04   2.902e-14
    1.01e+04   2.943e-14
   1.011e+04   2.975e-14
   1.012e+04   3.002e-14
   1.013e+04   3.026e-14
   1.013e+04   3.046e-14
   1.014e+04    3.06e-14
   1.015e+04   3.074e-14
   1.017e+04   3.093e-14
   1.018e+04   3.103e-14
    1.02e+04   3.106e-14
   1.021e+04   3.106e-14
   1.025e+04   3.095e-14
   1.028e+04   3.075e-14
   1.031e+04    3.05e-14
   1.037e+04   2.994e-14
   1.044e+04   2.933e-14
    1.05e+04   2.862e-14
   1.057e+04   2.801e-14
   1.063e+04   2.732e-14
   1.069e+04   2.659e-14
   1.073e+04   2.618e-14
   1.076e+04   2.572e-14
   1.077e+04   2.546e-14
   1.079e+04   2.517e-14
   1.081e+04   2.486e-14
   1.082e+04   2.449e-14
   1.084e+04   2.407e-14
   1.085e+04   2.358e-14
   1.086e+04    2.33e-14
   1.087e+04   2.301e-14
   1.088e+04   2.268e-14
   1.089e+04   2.233e-14
   1.089e+04   2.194e-14
    1.09e+04   2.151e-14
   1.091e+04   2.105e-14
   1.092e+04   2.055e-14
   1.092e+04   2.027e-14
   1.093e+04   1.998e-14
   1.093e+04   1.994e-14
   1.093e+04   1.965e-14
   1.093e+04   1.963e-14
   1.093e+04    1.93e-14
   1.094e+04   1.912e-14
   1.094e+04   1.891e-14
   1.094e+04   1.879e-14
   1.094e+04   1.864e-14
   1.094e+04   1.843e-14
   1.094e+04   1.829e-14
   1.094e+04   1.818e-14
   1.094e+04   1.818e-14
   1.094e+04   1.829e-14
   1.094e+04   1.844e-14
   1.094e+04   1.855e-14
   1.094e+04   1.864e-14
   1.094e+04   1.878e-14
   1.095e+04    1.89e-14
   1.095e+04     1.9e-14
   1.095e+04   1.918e-14
   1.095e+04   1.933e-14
   1.095e+04   1.949e-14
   1.096e+04   1.976e-14
   1.096e+04       2e-14
   1.096e+04   2.023e-14
   1.097e+04   2.063e-14
   1.098e+04   2.097e-14
   1.099e+04   2.128e-14
     1.1e+04   2.155e-14
     1.1e+04   2.178e-14
   1.101e+04   2.198e-14
   1.102e+04   2.216e-14
   1.103e+04   2.229e-14
   1.104e+04   2.251e-14
   1.106e+04   2.266e-14
   1.108e+04   2.275e-14
   1.109e+04   2.279e-14
   1.111e+04    2.28e-14
   1.112e+04   2.278e-14
   1.116e+04   2.269e-14
   1.119e+04   2.254e-14
   1.125e+04   2.218e-14
   1.132e+04   2.177e-14
   1.138e+04   2.135e-14
   1.144e+04   2.096e-14
   1.151e+04   2.054e-14
   1.157e+04   2.012e-14
   1.164e+04   1.971e-14
    1.17e+04   1.931e-14
   1.176e+04   1.892e-14
   1.183e+04   1.854e-14
   1.189e+04   1.817e-14
   1.196e+04   1.781e-14
   1.202e+04   1.744e-14
   1.208e+04    1.71e-14
   1.215e+04   1.676e-14
   1.221e+04   1.642e-14
   1.228e+04    1.61e-14
   1.234e+04   1.577e-14
    1.24e+04   1.545e-14
   1.247e+04   1.512e-14
   1.253e+04   1.478e-14
   1.256e+04   1.459e-14
    1.26e+04   1.439e-14
   1.263e+04   1.417e-14
   1.266e+04    1.39e-14
   1.268e+04   1.376e-14
   1.269e+04   1.359e-14
   1.271e+04    1.34e-14
   1.272e+04   1.318e-14
   1.274e+04   1.292e-14
   1.276e+04   1.263e-14
   1.276e+04   1.247e-14
   1.277e+04   1.229e-14
   1.278e+04   1.209e-14
   1.279e+04   1.187e-14
    1.28e+04   1.163e-14
    1.28e+04    1.15e-14
    1.28e+04   1.136e-14
   1.281e+04    1.12e-14
   1.281e+04   1.111e-14
   1.281e+04   1.102e-14
   1.281e+04   1.091e-14
   1.282e+04   1.078e-14
   1.282e+04    1.07e-14
   1.282e+04    1.06e-14
   1.282e+04   1.055e-14
   1.282e+04   1.048e-14
   1.282e+04   1.045e-14
   1.282e+04   1.032e-14
   1.282e+04   1.026e-14
   1.282e+04   1.021e-14
   1.282e+04   1.022e-14
   1.282e+04   1.025e-14
   1.282e+04   1.022e-14
   1.282e+04   1.021e-14
   1.282e+04   1.025e-14
   1.282e+04   1.032e-14
   1.282e+04   1.037e-14
   1.282e+04   1.043e-14
   1.282e+04   1.048e-14
   1.282e+04   1.056e-14
   1.283e+04   1.063e-14
   1.283e+04    1.07e-14
   1.283e+04   1.075e-14
   1.283e+04   1.084e-14
   1.283e+04   1.092e-14
   1.283e+04   1.098e-14
   1.283e+04    1.11e-14
   1.284e+04    1.12e-14
   1.284e+04    1.13e-14
   1.285e+04   1.146e-14
   1.285e+04    1.16e-14
   1.286e+04   1.173e-14
   1.287e+04   1.195e-14
   1.288e+04   1.212e-14
   1.289e+04   1.227e-14
   1.291e+04   1.239e-14
   1.292e+04   1.248e-14
   1.293e+04   1.255e-14
   1.294e+04    1.26e-14
   1.295e+04   1.264e-14
   1.298e+04   1.268e-14
     1.3e+04   1.269e-14
   1.303e+04   1.267e-14
   1.305e+04   1.264e-14
   1.307e+04   1.259e-14
   1.312e+04   1.247e-14
   1.322e+04   1.218e-14
   1.331e+04   1.189e-14
   1.341e+04   1.158e-14
    1.35e+04   1.128e-14
    1.36e+04   1.099e-14
   1.369e+04   1.072e-14
   1.379e+04   1.046e-14
   1.389e+04   1.023e-14
   1.398e+04       1e-14
   1.408e+04   9.783e-15
   1.417e+04   9.569e-15
   1.427e+04    9.36e-15
   1.436e+04   9.157e-15
   1.446e+04    8.96e-15
   1.455e+04   8.768e-15
   1.465e+04   8.574e-15
   1.475e+04   8.365e-15
   1.484e+04   8.161e-15
   1.494e+04   7.964e-15
   1.498e+04   7.881e-15
   1.503e+04   7.772e-15
   1.504e+04   7.764e-15
   1.509e+04   7.665e-15
   1.514e+04   7.568e-15
   1.518e+04   7.488e-15
   1.519e+04   7.473e-15
    1.52e+04   7.457e-15
   1.521e+04   7.427e-15
   1.523e+04   7.403e-15
   1.525e+04   7.366e-15
   1.526e+04   7.335e-15
   1.526e+04    7.33e-15
    1.53e+04   7.258e-15
   1.535e+04   7.183e-15
   1.542e+04   7.058e-15
   1.543e+04   7.034e-15
   1.544e+04   7.011e-15
   1.547e+04   6.966e-15
   1.548e+04    6.94e-15
   1.552e+04   6.875e-15
   1.556e+04   6.811e-15
   1.557e+04   6.796e-15
   1.564e+04   6.683e-15
   1.571e+04   6.572e-15
   1.577e+04   6.465e-15
    1.58e+04   6.428e-15
   1.584e+04   6.359e-15
   1.589e+04    6.29e-15
   1.597e+04   6.157e-15
   1.601e+04   6.103e-15
   1.606e+04   6.027e-15
   1.611e+04   5.952e-15
   1.617e+04    5.88e-15
   1.622e+04    5.81e-15
   1.627e+04   5.738e-15
   1.632e+04   5.662e-15
   1.633e+04   5.645e-15
   1.635e+04    5.61e-15
   1.637e+04   5.575e-15
   1.639e+04   5.533e-15
    1.64e+04   5.511e-15
   1.641e+04    5.49e-15
   1.642e+04   5.485e-15
   1.643e+04   5.482e-15
   1.644e+04   5.478e-15
   1.645e+04   5.472e-15
   1.647e+04   5.456e-15
   1.651e+04   5.415e-15
   1.655e+04   5.369e-15
   1.663e+04   5.264e-15
   1.667e+04    5.21e-15
   1.671e+04   5.149e-15
   1.673e+04   5.113e-15
   1.675e+04   5.074e-15
   1.677e+04   5.024e-15
   1.678e+04   5.018e-15
   1.679e+04   4.967e-15
    1.68e+04   4.939e-15
   1.681e+04   4.926e-15
   1.681e+04   4.914e-15
   1.682e+04   4.916e-15
   1.682e+04   4.919e-15
   1.682e+04   4.923e-15
   1.683e+04   4.927e-15
   1.683e+04   4.927e-15
   1.683e+04   4.931e-15
   1.684e+04   4.934e-15
   1.684e+04   4.936e-15
   1.684e+04   4.936e-15
   1.685e+04   4.939e-15
   1.685e+04   4.939e-15
   1.685e+04    4.94e-15
   1.686e+04    4.94e-15
   1.688e+04   4.937e-15
    1.69e+04   4.928e-15
   1.691e+04   4.916e-15
   1.695e+04   4.885e-15
   1.698e+04   4.849e-15
   1.702e+04    4.81e-15
   1.709e+04    4.73e-15
   1.716e+04   4.645e-15
   1.723e+04   4.557e-15
   1.724e+04   4.547e-15
    1.73e+04   4.462e-15
   1.734e+04    4.42e-15
   1.735e+04   4.399e-15
   1.737e+04    4.38e-15
   1.738e+04   4.367e-15
    1.74e+04   4.355e-15
    1.74e+04   4.355e-15
   1.741e+04   4.344e-15
   1.743e+04   4.334e-15
   1.743e+04   4.334e-15
   1.746e+04   4.314e-15
   1.753e+04   4.271e-15
   1.759e+04   4.221e-15
   1.765e+04   4.168e-15
   1.772e+04   4.112e-15
   1.778e+04   4.054e-15
   1.784e+04   3.994e-15
   1.791e+04   3.929e-15
   1.797e+04   3.857e-15
   1.803e+04    3.78e-15
    1.81e+04   3.697e-15
   1.814e+04   3.631e-15
   1.816e+04   3.605e-15
   1.817e+04   3.593e-15
   1.818e+04   3.581e-15
   1.819e+04    3.58e-15
    1.82e+04   3.579e-15
   1.821e+04   3.578e-15
   1.821e+04   3.578e-15
   1.823e+04   3.576e-15
   1.827e+04   3.571e-15
    1.83e+04    3.56e-15
   1.834e+04   3.545e-15
   1.837e+04   3.527e-15
   1.841e+04   3.506e-15
   1.844e+04    3.48e-15
   1.848e+04    3.45e-15
   1.851e+04   3.416e-15
   1.855e+04   3.377e-15
   1.858e+04   3.328e-15
    1.86e+04   3.299e-15
   1.862e+04   3.268e-15
   1.864e+04   3.232e-15
   1.866e+04    3.19e-15
   1.867e+04   3.143e-15
   1.869e+04   3.088e-15
    1.87e+04    3.07e-15
   1.871e+04   3.023e-15
   1.871e+04   3.012e-15
   1.872e+04   2.981e-15
   1.873e+04   2.945e-15
   1.873e+04   2.902e-15
   1.874e+04   2.878e-15
   1.874e+04   2.853e-15
   1.874e+04   2.853e-15
   1.874e+04   2.821e-15
   1.875e+04   2.802e-15
   1.875e+04   2.777e-15
   1.875e+04   2.746e-15
   1.875e+04   2.727e-15
   1.875e+04   2.701e-15
   1.875e+04   2.685e-15
   1.875e+04   2.665e-15
   1.875e+04   2.641e-15
   1.875e+04   2.607e-15
   1.875e+04   2.606e-15
   1.875e+04   2.557e-15
   1.876e+04   2.495e-15
   1.876e+04   2.494e-15
   1.876e+04   2.439e-15
   1.876e+04   2.418e-15
   1.876e+04   2.439e-15
   1.876e+04   2.495e-15
   1.876e+04   2.556e-15
   1.876e+04   2.603e-15
   1.876e+04   2.636e-15
   1.876e+04   2.661e-15
   1.876e+04   2.681e-15
   1.876e+04   2.696e-15
   1.876e+04   2.721e-15
   1.876e+04   2.739e-15
   1.876e+04   2.755e-15
   1.876e+04   2.781e-15
   1.877e+04     2.8e-15
   1.877e+04   2.816e-15
   1.877e+04   2.829e-15
   1.877e+04   2.852e-15
   1.878e+04   2.889e-15
   1.879e+04    2.92e-15
    1.88e+04   2.945e-15
    1.88e+04   2.967e-15
   1.882e+04   3.004e-15
   1.883e+04   3.034e-15
   1.885e+04   3.057e-15
   1.886e+04   3.074e-15
   1.888e+04   3.087e-15
   1.889e+04   3.096e-15
   1.892e+04   3.106e-15
   1.895e+04   3.107e-15
   1.898e+04   3.104e-15
   1.901e+04   3.094e-15
   1.904e+04   3.081e-15
    1.91e+04   3.046e-15
   1.916e+04   3.004e-15
   1.922e+04   2.955e-15
   1.928e+04   2.899e-15
   1.931e+04   2.868e-15
   1.934e+04   2.832e-15
   1.936e+04   2.815e-15
   1.937e+04   2.793e-15
    1.94e+04   2.749e-15
   1.943e+04   2.715e-15
   1.944e+04   2.699e-15
   1.945e+04   2.689e-15
   1.946e+04   2.686e-15
   1.947e+04   2.691e-15
   1.949e+04   2.696e-15
    1.95e+04   2.702e-15
    1.95e+04   2.702e-15
   1.951e+04   2.706e-15
   1.952e+04    2.71e-15
   1.953e+04   2.713e-15
   1.953e+04   2.713e-15
   1.955e+04   2.717e-15
   1.955e+04   2.717e-15
   1.956e+04   2.719e-15
   1.958e+04   2.722e-15
   1.963e+04   2.721e-15
   1.967e+04   2.714e-15
   1.972e+04   2.701e-15
   1.977e+04   2.686e-15
   1.986e+04   2.651e-15
   1.996e+04    2.61e-15
   2.005e+04   2.567e-15
   2.015e+04   2.524e-15
   2.024e+04   2.481e-15
   2.033e+04   2.439e-15
   2.043e+04   2.396e-15
   2.052e+04   2.354e-15
   2.062e+04   2.312e-15
   2.071e+04   2.271e-15
    2.08e+04   2.231e-15
    2.09e+04   2.191e-15
   2.099e+04   2.151e-15
   2.109e+04   2.112e-15
   2.118e+04   2.071e-15
   2.127e+04   2.028e-15
   2.132e+04   2.005e-15
   2.137e+04   1.981e-15
   2.142e+04   1.954e-15
   2.146e+04   1.923e-15
   2.151e+04   1.887e-15
   2.153e+04   1.868e-15
   2.156e+04   1.846e-15
   2.158e+04   1.821e-15
    2.16e+04   1.794e-15
    2.16e+04   1.794e-15
   2.162e+04   1.779e-15
   2.163e+04   1.763e-15
   2.164e+04   1.745e-15
   2.164e+04   1.743e-15
   2.165e+04   1.734e-15
   2.165e+04   1.723e-15
   2.165e+04   1.723e-15
   2.165e+04   1.717e-15
   2.166e+04   1.709e-15
   2.166e+04     1.7e-15
   2.166e+04   1.691e-15
   2.166e+04    1.69e-15
   2.166e+04    1.69e-15
   2.166e+04    1.69e-15
   2.166e+04   1.691e-15
   2.166e+04   1.695e-15
   2.166e+04   1.699e-15
   2.167e+04   1.705e-15
   2.167e+04   1.713e-15
   2.167e+04    1.72e-15
   2.168e+04    1.73e-15
   2.169e+04   1.737e-15
    2.17e+04   1.744e-15
   2.171e+04   1.755e-15
   2.173e+04   1.765e-15
   2.175e+04   1.773e-15
   2.178e+04   1.784e-15
   2.181e+04   1.791e-15
   2.184e+04   1.794e-15
   2.187e+04   1.794e-15
   2.191e+04   1.792e-15
   2.194e+04   1.789e-15
     2.2e+04    1.78e-15
   2.207e+04   1.768e-15
   2.213e+04   1.754e-15
   2.219e+04   1.738e-15
   2.226e+04   1.722e-15
   2.232e+04   1.706e-15
   2.239e+04    1.69e-15
   2.245e+04   1.673e-15
   2.251e+04   1.657e-15
   2.258e+04   1.641e-15
   2.264e+04   1.624e-15
   2.271e+04   1.608e-15
   2.277e+04   1.592e-15
   2.283e+04   1.576e-15
    2.29e+04    1.56e-15
   2.296e+04   1.543e-15
   2.303e+04   1.527e-15
   2.309e+04   1.511e-15
   2.315e+04   1.495e-15
   2.322e+04   1.479e-15
   2.328e+04   1.464e-15
   2.335e+04   1.448e-15
   2.341e+04   1.433e-15
   2.347e+04   1.418e-15
   2.354e+04   1.403e-15
    2.36e+04   1.388e-15
   2.367e+04   1.374e-15
   2.373e+04   1.359e-15
   2.379e+04   1.345e-15
   2.386e+04   1.331e-15
   2.392e+04   1.318e-15
   2.399e+04   1.304e-15
   2.405e+04   1.291e-15
   2.411e+04   1.277e-15
   2.418e+04   1.264e-15
   2.424e+04   1.251e-15
   2.431e+04   1.239e-15
   2.437e+04   1.226e-15
   2.443e+04   1.214e-15
    2.45e+04   1.201e-15
   2.456e+04   1.189e-15
   2.463e+04   1.177e-15
   2.469e+04   1.165e-15
   2.475e+04   1.154e-15
   2.482e+04   1.141e-15
   2.488e+04    1.13e-15
   2.495e+04   1.118e-15
   2.501e+04   1.107e-15
   2.507e+04   1.096e-15
   2.514e+04   1.085e-15
    2.52e+04   1.074e-15
   2.527e+04   1.063e-15
   2.533e+04   1.052e-15
   2.539e+04   1.042e-15
   2.546e+04   1.031e-15
   2.552e+04    1.02e-15
   2.559e+04   1.009e-15
   2.565e+04   9.985e-16
   2.571e+04   9.873e-16
   2.578e+04   9.756e-16
   2.584e+04   9.632e-16
   2.591e+04   9.498e-16
   2.597e+04   9.348e-16
   2.603e+04   9.172e-16
   2.607e+04   9.074e-16
    2.61e+04   8.963e-16
   2.613e+04   8.838e-16
   2.616e+04   8.692e-16
   2.618e+04   8.612e-16
   2.619e+04   8.524e-16
   2.621e+04   8.423e-16
   2.622e+04   8.369e-16
   2.623e+04   8.307e-16
   2.623e+04   8.239e-16
   2.624e+04   8.156e-16
   2.625e+04   8.108e-16
   2.625e+04   8.053e-16
   2.625e+04   8.027e-16
   2.625e+04   8.003e-16
   2.625e+04   7.996e-16
   2.626e+04   7.996e-16
   2.626e+04   8.015e-16
   2.626e+04   8.017e-16
   2.626e+04   8.059e-16
   2.626e+04   8.083e-16
   2.626e+04   8.095e-16
   2.626e+04   8.082e-16
   2.626e+04   8.056e-16
   2.626e+04   8.056e-16
   2.626e+04   8.055e-16
   2.626e+04   8.029e-16
   2.626e+04   8.011e-16
   2.626e+04   8.011e-16
   2.626e+04   7.988e-16
   2.626e+04   7.988e-16
   2.626e+04   7.994e-16
   2.627e+04   8.013e-16
   2.627e+04   8.061e-16
   2.628e+04   8.139e-16
   2.629e+04   8.199e-16
    2.63e+04   8.247e-16
   2.631e+04   8.323e-16
   2.633e+04   8.378e-16
   2.635e+04   8.427e-16
   2.636e+04   8.468e-16
   2.639e+04   8.527e-16
   2.643e+04   8.564e-16
   2.646e+04   8.584e-16
   2.649e+04   8.597e-16
   2.653e+04   8.597e-16
   2.659e+04   8.577e-16
   2.666e+04   8.536e-16
   2.673e+04   8.481e-16
   2.679e+04   8.421e-16
   2.686e+04   8.353e-16
   2.693e+04   8.284e-16
   2.699e+04   8.212e-16
   2.706e+04   8.139e-16
   2.712e+04   8.066e-16
   2.719e+04   7.993e-16
   2.726e+04   7.919e-16
   2.732e+04   7.847e-16
   2.739e+04   7.774e-16
   2.746e+04   7.703e-16
   2.752e+04   7.632e-16
   2.759e+04   7.561e-16
   2.766e+04   7.492e-16
   2.772e+04   7.424e-16
   2.779e+04   7.358e-16
   2.786e+04    7.29e-16
   2.792e+04   7.223e-16
   2.799e+04   7.156e-16
   2.805e+04    7.09e-16
   2.812e+04   7.026e-16
   2.819e+04   6.961e-16
   2.825e+04   6.898e-16
   2.832e+04   6.835e-16
   2.839e+04   6.773e-16
   2.845e+04   6.711e-16
   2.852e+04   6.651e-16
   2.859e+04   6.591e-16
   2.865e+04   6.531e-16
   2.872e+04   6.473e-16
   2.878e+04   6.415e-16
   2.885e+04   6.357e-16
   2.892e+04   6.301e-16
   2.898e+04   6.245e-16
   2.905e+04   6.189e-16
   2.912e+04   6.134e-16
   2.918e+04    6.08e-16
   2.925e+04   6.027e-16
   2.932e+04   5.974e-16
   2.938e+04   5.921e-16
   2.945e+04   5.869e-16
   2.951e+04   5.818e-16
   2.958e+04   5.767e-16
   2.965e+04   5.717e-16
   2.971e+04   5.667e-16
   2.978e+04   5.618e-16
   2.985e+04    5.57e-16
   2.991e+04   5.522e-16
   2.998e+04   5.474e-16
