         900   1.476e-15
         900   1.477e-15
       900.1   1.477e-15
       900.1   1.478e-15
       900.2   1.479e-15
       900.2   1.479e-15
       900.2    1.48e-15
       900.3    1.48e-15
       900.3   1.481e-15
       900.4   1.481e-15
       900.4   1.482e-15
       900.4   1.483e-15
       900.5   1.483e-15
       900.5   1.484e-15
       900.5   1.484e-15
       900.6   1.485e-15
       900.6   1.485e-15
       900.7   1.486e-15
       900.7   1.487e-15
       900.7   1.487e-15
       900.8   1.488e-15
       900.8   1.488e-15
       900.9   1.489e-15
       900.9    1.49e-15
       900.9    1.49e-15
         901   1.491e-15
         901   1.491e-15
       901.1   1.492e-15
       901.1   1.492e-15
       901.1   1.493e-15
       901.2   1.494e-15
       901.2   1.494e-15
       901.2   1.495e-15
       901.3   1.495e-15
       901.3   1.496e-15
       901.4   1.497e-15
       901.4   1.497e-15
       901.4   1.498e-15
       901.5   1.498e-15
       901.5   1.499e-15
       901.6   1.499e-15
       901.6     1.5e-15
       901.6   1.501e-15
       901.7   1.501e-15
       901.7   1.502e-15
       901.8   1.502e-15
       901.8   1.503e-15
       901.8   1.504e-15
       901.9   1.504e-15
       901.9   1.505e-15
         902   1.505e-15
         902   1.506e-15
         902   1.506e-15
       902.1   1.507e-15
       902.1   1.508e-15
       902.1   1.508e-15
       902.2   1.509e-15
       902.2   1.509e-15
       902.3    1.51e-15
       902.3   1.511e-15
       902.3   1.511e-15
       902.4   1.512e-15
       902.4   1.512e-15
       902.5   1.513e-15
       902.5   1.514e-15
       902.5   1.514e-15
       902.6   1.515e-15
       902.6   1.515e-15
       902.7   1.516e-15
       902.7   1.516e-15
       902.7   1.517e-15
       902.8   1.518e-15
       902.8   1.518e-15
       902.9   1.519e-15
       902.9   1.519e-15
       902.9    1.52e-15
         903   1.521e-15
         903   1.521e-15
         903   1.522e-15
       903.1   1.522e-15
       903.1   1.523e-15
       903.2   1.524e-15
       903.2   1.524e-15
       903.2   1.525e-15
       903.3   1.525e-15
       903.3   1.526e-15
       903.4   1.527e-15
       903.4   1.527e-15
       903.4   1.528e-15
       903.5   1.528e-15
       903.5   1.529e-15
       903.6   1.529e-15
       903.6    1.53e-15
       903.6   1.531e-15
       903.7   1.531e-15
       903.7   1.532e-15
       903.8   1.532e-15
       903.8   1.533e-15
       903.8   1.534e-15
       903.9   1.534e-15
       903.9   1.535e-15
       903.9   1.535e-15
         904   1.536e-15
         904   1.537e-15
       904.1   1.537e-15
       904.1   1.538e-15
       904.1   1.538e-15
       904.2   1.539e-15
       904.2    1.54e-15
       904.3    1.54e-15
       904.3   1.541e-15
       904.3   1.541e-15
       904.4   1.542e-15
       904.4   1.543e-15
       904.5   1.543e-15
       904.5   1.544e-15
       904.5   1.544e-15
       904.6   1.545e-15
       904.6   1.546e-15
       904.6   1.546e-15
       904.7   1.547e-15
       904.7   1.547e-15
       904.8   1.548e-15
       904.8   1.549e-15
       904.8   1.549e-15
       904.9    1.55e-15
       904.9    1.55e-15
         905   1.551e-15
         905   1.552e-15
       905.1   1.553e-15
       905.2   1.555e-15
       905.5    1.56e-15
       906.2    1.57e-15
       907.4   1.589e-15
         908   1.599e-15
         909   1.613e-15
       909.9   1.628e-15
       910.9   1.644e-15
       911.3   1.651e-15
       911.8   1.666e-15
       912.3   1.673e-15
       912.5   1.677e-15
       912.8   1.681e-15
         913   1.686e-15
       913.1    1.69e-15
       913.2   1.695e-15
       913.3   1.701e-15
       913.5    1.71e-15
       913.6   1.722e-15
       913.7   1.738e-15
       913.8   1.758e-15
       913.9   1.784e-15
       914.1   1.814e-15
       914.2    1.85e-15
       914.3   1.891e-15
       914.4   1.936e-15
       914.5   1.986e-15
       914.6    2.04e-15
       914.8   2.098e-15
       914.9   2.159e-15
         915   2.223e-15
       915.1    2.29e-15
       915.4    2.43e-15
       915.6   2.578e-15
       916.1   2.887e-15
       916.5   3.207e-15
         917   3.529e-15
       917.2   3.689e-15
       917.5   3.847e-15
       917.7       4e-15
         918   4.146e-15
       918.1   4.213e-15
       918.2   4.274e-15
       918.3   4.325e-15
       918.4   4.345e-15
       918.4    4.36e-15
       918.5   4.365e-15
       918.5    4.36e-15
       918.6    4.34e-15
       918.6   4.324e-15
       918.7   4.302e-15
       918.7    4.27e-15
       918.7   4.229e-15
       918.8   4.178e-15
       918.8   4.116e-15
       918.8   4.045e-15
       918.8   3.956e-15
       918.9   3.853e-15
       918.9   3.734e-15
       918.9   3.598e-15
         919   3.454e-15
         919   3.302e-15
         919   3.147e-15
       919.1   2.971e-15
       919.1    2.78e-15
       919.1   2.578e-15
       919.1   2.371e-15
       919.2   2.127e-15
       919.2   1.881e-15
       919.2   1.616e-15
       919.3   1.366e-15
       919.3   1.183e-15
       919.3   1.159e-15
       919.3   1.084e-15
       919.3   1.032e-15
       919.4   9.883e-16
       919.4   1.085e-15
       919.5   1.435e-15
       919.5   1.871e-15
       919.6   2.301e-15
       919.6    2.67e-15
       919.7   3.018e-15
       919.7   3.321e-15
       919.8   3.611e-15
       919.8   3.881e-15
       919.9    4.12e-15
       919.9   4.315e-15
         920   4.474e-15
         920   4.597e-15
       920.1   4.683e-15
       920.1   4.733e-15
       920.2   4.752e-15
       920.2    4.74e-15
       920.3   4.695e-15
       920.3   4.614e-15
       920.4   4.494e-15
       920.4    4.34e-15
       920.5   4.159e-15
       920.5    3.94e-15
       920.6   3.688e-15
       920.6   3.409e-15
       920.7   3.118e-15
       920.7   2.783e-15
       920.8   2.417e-15
       920.8   1.987e-15
       920.9    1.52e-15
       920.9   1.119e-15
       920.9    1.05e-15
       920.9   9.998e-16
         921   9.824e-16
         921   9.687e-16
         921   1.052e-15
       921.1   1.414e-15
       921.1   1.885e-15
       921.2   2.335e-15
       921.2   2.717e-15
       921.3   3.073e-15
       921.3   3.391e-15
       921.4   3.695e-15
       921.4   3.987e-15
       921.5   4.256e-15
       921.5   4.501e-15
       921.6   4.726e-15
       921.6   4.937e-15
       921.7    5.12e-15
       921.7   5.275e-15
       921.8   5.406e-15
       921.8   5.518e-15
       921.9   5.608e-15
       921.9   5.673e-15
         922   5.718e-15
         922   5.746e-15
       922.1   5.756e-15
       922.1   5.747e-15
       922.2   5.717e-15
       922.2   5.668e-15
       922.3   5.597e-15
       922.3   5.504e-15
       922.4   5.387e-15
       922.4   5.249e-15
       922.5   5.083e-15
       922.5   4.898e-15
       922.6    4.69e-15
       922.6   4.472e-15
       922.7   4.232e-15
       922.7   3.968e-15
       922.8   3.679e-15
       922.8   3.372e-15
       922.9   3.038e-15
       922.9   2.671e-15
         923    2.27e-15
         923   1.785e-15
       923.1   1.293e-15
       923.1    1.19e-15
       923.1   1.038e-15
       923.1   1.003e-15
       923.1   9.705e-16
       923.2   1.039e-15
       923.2   1.413e-15
       923.3   1.918e-15
       923.4   2.389e-15
       923.4   2.782e-15
       923.5   3.149e-15
       923.5   3.483e-15
       923.5     3.8e-15
       923.6   4.098e-15
       923.6   4.375e-15
       923.7   4.634e-15
       923.8   4.881e-15
       923.8   5.121e-15
       923.9   5.347e-15
       923.9   5.558e-15
         924   5.749e-15
         924   5.929e-15
         924   6.091e-15
       924.1   6.239e-15
       924.1   6.372e-15
       924.2   6.492e-15
       924.2   6.597e-15
       924.3   6.688e-15
       924.4   6.769e-15
       924.4   6.839e-15
       924.5   6.896e-15
       924.5   6.944e-15
       924.5   6.983e-15
       924.6   7.013e-15
       924.6   7.032e-15
       924.7   7.042e-15
       924.8   7.044e-15
       924.8   7.033e-15
       924.9    7.01e-15
       924.9   6.976e-15
         925   6.929e-15
         925    6.87e-15
         925   6.798e-15
       925.1   6.712e-15
       925.1   6.609e-15
       925.2   6.494e-15
       925.2   6.362e-15
       925.3   6.212e-15
       925.3   6.061e-15
       925.4   5.896e-15
       925.4   5.718e-15
       925.5   5.527e-15
       925.5   5.318e-15
       925.6   5.094e-15
       925.6   4.854e-15
       925.7   4.609e-15
       925.7   4.346e-15
       925.8   4.065e-15
       925.8   3.757e-15
       925.9   3.428e-15
       925.9   3.071e-15
         926   2.664e-15
         926    2.21e-15
       926.1   1.711e-15
       926.1   1.206e-15
       926.2   1.055e-15
       926.2    1.04e-15
       926.2   1.001e-15
       926.2   9.928e-16
       926.3   1.041e-15
       926.3   1.432e-15
       926.4   1.953e-15
       926.4   2.444e-15
       926.5   2.874e-15
       926.5   3.262e-15
       926.6   3.612e-15
       926.6   3.939e-15
       926.7   4.244e-15
       926.7   4.527e-15
       926.8   4.795e-15
       926.8   5.051e-15
       926.9   5.302e-15
       926.9   5.539e-15
         927   5.764e-15
         927   5.974e-15
       927.1   6.178e-15
       927.1    6.37e-15
       927.2   6.562e-15
       927.2   6.749e-15
       927.3   6.923e-15
       927.3   7.087e-15
       927.4   7.241e-15
       927.4   7.384e-15
       927.5   7.517e-15
       927.6    7.76e-15
       927.6   7.868e-15
       927.7    7.97e-15
       927.7   8.057e-15
       927.8   8.137e-15
       927.9   8.283e-15
         928   8.408e-15
       928.1   8.515e-15
       928.2   8.603e-15
       928.3   8.669e-15
       928.4   8.718e-15
       928.5   8.749e-15
       928.6    8.76e-15
       928.7   8.752e-15
       928.8   8.722e-15
       928.9   8.652e-15
         929    8.55e-15
       929.1   8.416e-15
       929.2   8.249e-15
       929.3   8.043e-15
       929.4   7.824e-15
       929.5    7.58e-15
       929.6   7.329e-15
       929.7   7.052e-15
       929.7   6.903e-15
       929.8   6.744e-15
       929.8   6.576e-15
       929.9   6.395e-15
       929.9   6.203e-15
         930   6.001e-15
         930   5.788e-15
       930.1   5.562e-15
       930.1   5.322e-15
       930.2    5.07e-15
       930.2   4.809e-15
       930.3   4.531e-15
       930.3   4.235e-15
       930.4   3.915e-15
       930.4    3.57e-15
       930.5   3.196e-15
       930.5   2.764e-15
       930.6   2.282e-15
       930.6   1.996e-15
       930.6   1.743e-15
       930.6    1.58e-15
       930.7   1.195e-15
       930.7   1.068e-15
       930.7   1.048e-15
       930.7   1.039e-15
       930.8   1.069e-15
       930.8   1.472e-15
       930.9   2.044e-15
       930.9   2.564e-15
         931   3.018e-15
         931   3.422e-15
       931.1   3.786e-15
       931.1   4.124e-15
       931.2   4.438e-15
       931.2   4.732e-15
       931.3   5.009e-15
       931.3   5.273e-15
       931.4   5.531e-15
       931.4   5.774e-15
       931.5   6.006e-15
       931.5   6.225e-15
       931.6   6.438e-15
       931.6    6.64e-15
       931.7   6.832e-15
       931.7   7.014e-15
       931.8   7.188e-15
       931.9    7.52e-15
         932   7.826e-15
       932.1   8.151e-15
       932.3   8.776e-15
       932.4   9.071e-15
       932.5   9.347e-15
       932.6   9.604e-15
       932.7   9.842e-15
       932.8   1.004e-14
       932.9   1.021e-14
         933   1.038e-14
       933.1   1.052e-14
       933.2   1.066e-14
       933.3   1.078e-14
       933.5     1.1e-14
       933.7   1.117e-14
       933.9   1.131e-14
       934.1   1.141e-14
       934.3   1.147e-14
       934.5   1.148e-14
       934.6   1.147e-14
       934.7   1.144e-14
       934.8   1.139e-14
       934.9   1.132e-14
         935   1.123e-14
       935.1   1.112e-14
       935.2     1.1e-14
       935.3   1.086e-14
       935.4    1.07e-14
       935.5   1.052e-14
       935.6   1.033e-14
       935.7   1.012e-14
       935.8   9.894e-15
       935.9    9.69e-15
         936   9.484e-15
       936.1   9.265e-15
       936.2   9.033e-15
       936.3   8.783e-15
       936.4   8.522e-15
       936.5   8.247e-15
       936.6    7.95e-15
       936.7   7.627e-15
       936.8   7.279e-15
       936.9   6.903e-15
       936.9   6.708e-15
         937   6.503e-15
         937    6.29e-15
       937.1   6.066e-15
       937.1    5.83e-15
       937.2   5.578e-15
       937.2   5.312e-15
       937.3   5.029e-15
       937.3   4.727e-15
       937.4   4.406e-15
       937.4   4.061e-15
       937.5    3.69e-15
       937.5    3.28e-15
       937.6   2.808e-15
       937.6   2.262e-15
       937.7    1.63e-15
       937.7    1.15e-15
       937.8   1.135e-15
       937.8   1.122e-15
       937.8   1.122e-15
       937.8   1.122e-15
       937.9   1.136e-15
       937.9   1.549e-15
         938   2.196e-15
         938   2.758e-15
       938.1    3.24e-15
       938.1   3.663e-15
       938.2   4.044e-15
       938.2   4.398e-15
       938.3   4.729e-15
       938.3    5.04e-15
       938.4   5.333e-15
       938.4   5.609e-15
       938.5   5.871e-15
       938.5   6.118e-15
       938.6   6.353e-15
       938.6   6.577e-15
       938.7   6.793e-15
       938.8   7.201e-15
       938.9   7.589e-15
         939   7.953e-15
       939.1   8.294e-15
       939.2   8.613e-15
       939.3   8.917e-15
       939.5   9.499e-15
       939.7   1.005e-14
       939.8   1.032e-14
       939.9   1.062e-14
         940   1.092e-14
       940.1   1.122e-14
       940.2   1.152e-14
       940.3   1.181e-14
       940.4    1.21e-14
       940.6   1.265e-14
       940.8   1.319e-14
       940.9   1.345e-14
         941   1.369e-14
       941.1   1.391e-14
       941.2   1.412e-14
       941.3   1.432e-14
       941.4   1.452e-14
       941.5   1.471e-14
       941.7   1.507e-14
       941.9   1.541e-14
       942.1   1.572e-14
       942.3   1.599e-14
       942.5   1.623e-14
       942.7   1.644e-14
       942.9   1.664e-14
       943.1   1.682e-14
       943.3   1.696e-14
       943.5   1.708e-14
       943.7   1.717e-14
       943.9   1.722e-14
       944.1   1.725e-14
       944.3   1.723e-14
       944.5   1.717e-14
       944.7   1.707e-14
       944.9   1.692e-14
       945.1    1.67e-14
       945.3   1.643e-14
       945.5   1.611e-14
       945.7   1.577e-14
       945.9   1.539e-14
       946.1   1.496e-14
       946.3    1.45e-14
       946.5   1.401e-14
       946.9   1.305e-14
       947.3   1.214e-14
       947.7    1.12e-14
       947.9    1.07e-14
       948.1   1.018e-14
       948.2   9.912e-15
       948.3    9.63e-15
       948.4   9.333e-15
       948.5   9.021e-15
       948.6   8.686e-15
       948.7   8.326e-15
       948.8    7.94e-15
       948.9   7.529e-15
       948.9   7.313e-15
         949   7.085e-15
         949   6.848e-15
       949.1   6.599e-15
       949.1   6.334e-15
       949.2   6.055e-15
       949.2    5.76e-15
       949.3   5.445e-15
       949.3   5.111e-15
       949.4   4.755e-15
       949.4   4.373e-15
       949.5   3.959e-15
       949.5   3.491e-15
       949.6   2.953e-15
       949.6   2.838e-15
       949.6   2.312e-15
       949.6    2.25e-15
       949.7   1.536e-15
       949.7   1.277e-15
       949.7   1.275e-15
       949.8   1.279e-15
       949.8   1.591e-15
       949.9   2.238e-15
       949.9   2.839e-15
         950   3.351e-15
         950     3.8e-15
       950.1   4.204e-15
       950.1   4.569e-15
       950.1   4.911e-15
       950.2   5.233e-15
       950.2   5.537e-15
       950.3   5.831e-15
       950.3   6.104e-15
       950.4   6.364e-15
       950.4   6.612e-15
       950.5   6.853e-15
       950.5   7.079e-15
       950.6   7.297e-15
       950.6   7.712e-15
       950.7   8.102e-15
       950.8   8.467e-15
       950.9   8.816e-15
         951   9.142e-15
       951.1   9.453e-15
       951.2   9.748e-15
       951.4   1.031e-14
       951.6   1.084e-14
       951.7   1.136e-14
       952.1   1.237e-14
       952.5   1.338e-14
       952.6    1.39e-14
       952.7   1.417e-14
       952.8   1.443e-14
       952.9   1.472e-14
         953   1.504e-14
       953.1   1.537e-14
       953.2   1.569e-14
       953.3   1.601e-14
       953.4   1.634e-14
       953.5   1.666e-14
       953.5   1.698e-14
       953.7   1.763e-14
       954.1   1.894e-14
       954.4   2.033e-14
       954.8   2.168e-14
       955.2   2.298e-14
       955.5   2.423e-14
       955.9    2.54e-14
       956.3   2.651e-14
       956.4   2.703e-14
       956.6    2.75e-14
       956.8   2.793e-14
         957   2.835e-14
       957.3   2.915e-14
       957.7   2.989e-14
       958.1   3.057e-14
       958.4   3.118e-14
       958.8   3.173e-14
       959.1   3.221e-14
       959.5   3.262e-14
       959.9   3.294e-14
       960.2   3.319e-14
       960.6   3.335e-14
         961   3.343e-14
       961.3    3.34e-14
       961.7   3.328e-14
         962   3.307e-14
       962.4   3.275e-14
       962.8   3.235e-14
       963.1   3.186e-14
       963.5   3.128e-14
       963.9   3.062e-14
       964.2   2.988e-14
       964.6   2.908e-14
       964.9   2.822e-14
       965.3   2.731e-14
       965.7   2.636e-14
         966   2.538e-14
       966.7   2.336e-14
       967.5   2.132e-14
       968.2    1.93e-14
       968.9   1.731e-14
       969.6   1.534e-14
         970   1.435e-14
       970.4   1.335e-14
       970.5   1.284e-14
       970.7   1.231e-14
       970.9   1.176e-14
       971.1   1.117e-14
       971.2   1.085e-14
       971.3   1.053e-14
       971.4   1.018e-14
       971.5   9.821e-15
       971.5   9.433e-15
       971.6   9.008e-15
       971.7   8.555e-15
       971.8   8.307e-15
       971.8   8.053e-15
       971.9   7.786e-15
       971.9   7.507e-15
       971.9   7.213e-15
         972   6.898e-15
         972    6.57e-15
       972.1   6.223e-15
       972.1   5.855e-15
       972.2   5.457e-15
       972.2   5.037e-15
       972.3   4.578e-15
       972.3   4.055e-15
       972.4   3.438e-15
       972.4   2.695e-15
       972.4   1.831e-15
       972.5   1.611e-15
       972.5   1.612e-15
       972.6   1.613e-15
       972.6   1.837e-15
       972.7   2.698e-15
       972.7   3.449e-15
       972.8   4.059e-15
       972.8   4.589e-15
       972.9   5.053e-15
       972.9   5.484e-15
       972.9   5.884e-15
         973   6.258e-15
         973   6.612e-15
       973.1   6.947e-15
       973.1   7.273e-15
       973.2   7.575e-15
       973.2   7.864e-15
       973.3   8.139e-15
       973.3   8.402e-15
       973.3   8.655e-15
       973.4   9.125e-15
       973.5   9.564e-15
       973.6   9.976e-15
       973.7   1.036e-14
       973.8   1.073e-14
       973.9   1.107e-14
       974.1   1.173e-14
       974.2   1.234e-14
       974.4   1.293e-14
       974.8   1.407e-14
       975.1   1.518e-14
       975.5    1.63e-14
       975.9   1.745e-14
       976.2   1.862e-14
       976.6   1.983e-14
       976.9   2.109e-14
       977.3   2.241e-14
       977.7    2.38e-14
         978   2.527e-14
       978.4   2.682e-14
       978.7   2.847e-14
       979.1   3.023e-14
       979.5   3.212e-14
       979.6   3.312e-14
       979.8   3.414e-14
         980   3.522e-14
       980.2   3.631e-14
       980.4   3.746e-14
       980.5   3.864e-14
       980.7   3.986e-14
       980.9   4.114e-14
       981.1   4.247e-14
       981.3   4.385e-14
       981.5   4.528e-14
       981.6   4.677e-14
       981.8   4.832e-14
         982   4.992e-14
       982.2   5.159e-14
       982.4   5.333e-14
       982.5   5.515e-14
       982.7   5.702e-14
       982.9   5.897e-14
       983.1     6.1e-14
       983.3   6.311e-14
       983.4   6.529e-14
       983.6   6.756e-14
       983.8   6.991e-14
         984   7.235e-14
       984.2   7.488e-14
       984.3    7.75e-14
       984.5   8.022e-14
       984.7   8.305e-14
       984.9   8.598e-14
       985.1   8.902e-14
       985.2   9.217e-14
       985.4   9.543e-14
       985.6   9.883e-14
       985.8   1.023e-13
         986   1.059e-13
       986.3   1.135e-13
       986.7   1.214e-13
         987   1.298e-13
       987.4   1.386e-13
       987.8   1.479e-13
       988.1   1.576e-13
       988.5   1.679e-13
       988.8   1.787e-13
       989.2   1.899e-13
       989.6   2.013e-13
       990.3   2.247e-13
       990.6   2.368e-13
         991   2.492e-13
       991.4   2.619e-13
       991.7   2.749e-13
       992.1   2.879e-13
       992.4   3.007e-13
       992.8   3.131e-13
       993.2   3.251e-13
       993.5   3.368e-13
       993.9   3.486e-13
       994.2   3.604e-13
       994.6   3.718e-13
         995   3.824e-13
       995.3   3.921e-13
       995.7   4.011e-13
         996   4.097e-13
       996.4   4.176e-13
       996.8   4.244e-13
       997.1   4.299e-13
       997.5    4.34e-13
       997.8    4.38e-13
       998.2   4.417e-13
       998.4   4.432e-13
       998.6   4.444e-13
       998.7    4.45e-13
       998.9   4.452e-13
       999.1   4.447e-13
       999.3   4.436e-13
       999.5   4.426e-13
       999.6   4.417e-13
        1000   4.405e-13
        1000   4.391e-13
        1001   4.378e-13
        1001   4.351e-13
        1001   4.321e-13
        1001   4.285e-13
        1001   4.247e-13
        1001   4.208e-13
        1002   4.133e-13
        1002   4.058e-13
        1003   3.978e-13
        1003   3.885e-13
        1003   3.784e-13
        1004   3.678e-13
        1004   3.567e-13
        1004    3.45e-13
        1005   3.209e-13
        1006   2.962e-13
        1006   2.711e-13
        1007   2.466e-13
        1008   2.226e-13
        1008   2.109e-13
        1009   1.997e-13
        1009   1.889e-13
        1009   1.787e-13
        1010   1.686e-13
        1010   1.588e-13
        1010    1.54e-13
        1010   1.495e-13
        1011    1.45e-13
        1011   1.408e-13
        1011   1.326e-13
        1012   1.246e-13
        1012    1.17e-13
        1012     1.1e-13
        1013   1.034e-13
        1013   1.002e-13
        1013   9.711e-14
        1013   9.417e-14
        1013   9.134e-14
        1014   8.593e-14
        1014   8.336e-14
        1014   8.084e-14
        1014   7.846e-14
        1014   7.613e-14
        1015   7.393e-14
        1015   7.175e-14
        1015   6.971e-14
        1015   6.769e-14
        1015   6.391e-14
        1016   6.041e-14
        1016   5.874e-14
        1016   5.713e-14
        1016   5.558e-14
        1017   5.408e-14
        1017   5.125e-14
        1017   4.861e-14
        1018   4.614e-14
        1018   4.384e-14
        1018   4.169e-14
        1019   3.967e-14
        1019   3.775e-14
        1019   3.593e-14
        1020   3.421e-14
        1020   3.259e-14
        1021   3.103e-14
        1021   2.952e-14
        1021   2.808e-14
        1022    2.67e-14
        1022   2.534e-14
        1022   2.401e-14
        1023   2.269e-14
        1023   2.141e-14
        1023    2.01e-14
        1024   1.872e-14
        1024   1.806e-14
        1024   1.726e-14
        1024   1.645e-14
        1024   1.606e-14
        1024   1.566e-14
        1025    1.52e-14
        1025   1.472e-14
        1025   1.422e-14
        1025    1.37e-14
        1025   1.313e-14
        1025   1.283e-14
        1025   1.251e-14
        1025   1.218e-14
        1025   1.181e-14
        1025   1.142e-14
        1025   1.101e-14
        1025   1.053e-14
        1025   1.002e-14
        1025   9.466e-15
        1025   8.865e-15
        1025   8.205e-15
        1025   7.475e-15
        1026   6.664e-15
        1026   5.765e-15
        1026   5.251e-15
        1026   4.778e-15
        1026   4.502e-15
        1026   3.733e-15
        1026   3.017e-15
        1026   2.647e-15
        1026   2.816e-15
        1026   3.301e-15
        1026   4.042e-15
        1026   4.807e-15
        1026   5.545e-15
        1026   6.243e-15
        1026   6.876e-15
        1026   7.471e-15
        1026   8.028e-15
        1026   8.535e-15
        1026   9.015e-15
        1026   9.456e-15
        1026   9.874e-15
        1026   1.027e-14
        1026   1.065e-14
        1026   1.099e-14
        1026   1.132e-14
        1026   1.164e-14
        1026   1.193e-14
        1026   1.221e-14
        1026   1.272e-14
        1027   1.318e-14
        1027   1.362e-14
        1027   1.404e-14
        1027   1.443e-14
        1027   1.516e-14
        1027   1.585e-14
        1027   1.648e-14
        1027   1.707e-14
        1027   1.767e-14
        1027   1.798e-14
        1028   1.829e-14
        1028   1.856e-14
        1028   1.881e-14
        1028   1.907e-14
        1028   1.932e-14
        1028   1.986e-14
        1028    2.09e-14
        1029   2.292e-14
        1029   2.491e-14
        1030   2.691e-14
        1030   2.794e-14
        1030   2.894e-14
        1031   3.002e-14
        1031    3.12e-14
        1031   3.251e-14
        1031    3.39e-14
        1032   3.537e-14
        1032   3.686e-14
        1032   3.983e-14
        1033   4.288e-14
        1033   4.444e-14
        1033   4.605e-14
        1034   4.772e-14
        1034   4.859e-14
        1034   4.949e-14
        1034   5.023e-14
        1034   5.086e-14
        1034   5.149e-14
        1034   5.212e-14
        1035   5.323e-14
        1035   5.378e-14
        1035   5.405e-14
        1035   5.436e-14
        1035   5.478e-14
        1035   5.522e-14
        1035   5.567e-14
        1035   5.612e-14
        1035   5.658e-14
        1035   5.704e-14
        1035   5.754e-14
        1036   5.806e-14
        1036   5.921e-14
        1036   6.042e-14
        1036   6.171e-14
        1036   6.313e-14
        1036   6.472e-14
        1036   6.643e-14
        1036   6.828e-14
        1037   7.039e-14
        1037   7.279e-14
        1037   7.545e-14
        1037   7.835e-14
        1037   8.124e-14
        1037   8.437e-14
        1037   8.781e-14
        1037   8.963e-14
        1038   9.147e-14
        1038   9.305e-14
        1038   9.465e-14
        1038    9.63e-14
        1038   9.805e-14
        1038   1.017e-13
        1038   1.055e-13
        1038   1.092e-13
        1038   1.132e-13
        1038   1.175e-13
        1039   1.219e-13
        1039   1.264e-13
        1039   1.312e-13
        1039   1.363e-13
        1039   1.408e-13
        1039   1.453e-13
        1039   1.499e-13
        1039   1.522e-13
        1039   1.544e-13
        1040   1.565e-13
        1040   1.585e-13
        1040   1.623e-13
        1040   1.704e-13
        1040   1.787e-13
        1040    1.83e-13
        1041   1.876e-13
        1041   1.925e-13
        1041   1.976e-13
        1041   2.084e-13
        1041   2.195e-13
        1042   2.307e-13
        1042   2.415e-13
        1042    2.52e-13
        1042   2.619e-13
        1043   2.722e-13
        1043   2.828e-13
        1043   2.938e-13
        1043   3.056e-13
        1044   3.179e-13
        1044   3.308e-13
        1044   3.442e-13
        1045    3.58e-13
        1045   3.725e-13
        1045   3.877e-13
        1045   4.046e-13
        1046   4.224e-13
        1046   4.418e-13
        1046    4.62e-13
        1046   4.822e-13
        1047   5.018e-13
        1047   5.203e-13
        1047    5.37e-13
        1047   5.522e-13
        1048   5.667e-13
        1048    5.81e-13
        1048   5.972e-13
        1048   6.057e-13
        1048   6.147e-13
        1049   6.246e-13
        1049   6.353e-13
        1049   6.463e-13
        1049   6.576e-13
        1049   6.819e-13
        1050   7.064e-13
        1050   7.294e-13
        1050   7.407e-13
        1050    7.51e-13
        1050   7.594e-13
        1050   7.675e-13
        1050   7.756e-13
        1051   7.822e-13
        1051   7.874e-13
        1051   7.924e-13
        1051   8.008e-13
        1051   8.083e-13
        1052   8.149e-13
        1052   8.272e-13
        1053   8.371e-13
        1053    8.43e-13
        1054   8.458e-13
        1054   8.471e-13
        1054   8.491e-13
        1055   8.519e-13
        1055   8.566e-13
        1055   8.615e-13
        1055   8.665e-13
        1056   8.704e-13
        1056   8.722e-13
        1056   8.711e-13
        1056   8.664e-13
        1057    8.59e-13
        1057   8.487e-13
        1057   8.372e-13
        1057   8.255e-13
        1058   8.154e-13
        1058   8.108e-13
        1058   8.067e-13
        1058   8.039e-13
        1058   8.019e-13
        1058   8.004e-13
        1058   7.991e-13
        1059   8.003e-13
        1059   8.023e-13
        1059   8.043e-13
        1059   8.067e-13
        1059   8.118e-13
        1059   8.173e-13
        1059   8.228e-13
        1060   8.297e-13
        1060   8.375e-13
        1060   8.461e-13
        1060   8.645e-13
        1060   8.871e-13
        1061   9.123e-13
        1061   9.416e-13
        1061   9.572e-13
        1061   9.752e-13
        1061   9.943e-13
        1061   1.014e-12
        1062   1.034e-12
        1062   1.058e-12
        1062   1.084e-12
        1062   1.109e-12
        1062   1.138e-12
        1062   1.168e-12
        1062     1.2e-12
        1062   1.233e-12
        1063   1.268e-12
        1063   1.305e-12
        1063   1.384e-12
        1063   1.466e-12
        1063   1.554e-12
        1064   1.638e-12
        1064   1.681e-12
        1064   1.723e-12
        1064   1.763e-12
        1064   1.802e-12
        1064   1.841e-12
        1065   1.879e-12
        1065   1.912e-12
        1065   1.946e-12
        1065    1.98e-12
        1065   2.011e-12
        1065   2.069e-12
        1066   2.125e-12
        1066   2.234e-12
        1067   2.342e-12
        1067   2.397e-12
        1067   2.446e-12
        1067    2.47e-12
        1067   2.493e-12
        1068   2.512e-12
        1068   2.528e-12
        1068   2.543e-12
        1068   2.557e-12
        1068   2.563e-12
        1068   2.566e-12
        1068   2.569e-12
        1069    2.57e-12
        1069   2.562e-12
        1069   2.552e-12
        1069   2.542e-12
        1069   2.528e-12
        1069   2.511e-12
        1069   2.492e-12
        1069   2.472e-12
        1070   2.452e-12
        1070   2.406e-12
        1070   2.361e-12
        1070   2.318e-12
        1071   2.279e-12
        1071   2.242e-12
        1071   2.213e-12
        1071   2.188e-12
        1072   2.167e-12
        1072   2.149e-12
        1072   2.116e-12
        1073   2.097e-12
        1073   2.075e-12
        1073   2.049e-12
        1074   2.019e-12
        1074   1.986e-12
        1074   1.948e-12
        1074   1.909e-12
        1075   1.868e-12
        1075   1.826e-12
        1075   1.787e-12
        1075   1.751e-12
        1076    1.72e-12
        1076   1.694e-12
        1076   1.676e-12
        1076   1.671e-12
        1076   1.665e-12
        1077   1.661e-12
        1077   1.663e-12
        1077   1.665e-12
        1077   1.667e-12
        1077   1.673e-12
        1077   1.683e-12
        1077   1.694e-12
        1077   1.706e-12
        1078   1.721e-12
        1078    1.74e-12
        1078    1.76e-12
        1078   1.781e-12
        1078   1.808e-12
        1078   1.836e-12
        1078   1.866e-12
        1079   1.897e-12
        1079   1.934e-12
        1079   1.973e-12
        1079   2.012e-12
        1079   2.055e-12
        1079     2.1e-12
        1079   2.148e-12
        1080   2.249e-12
        1080    2.36e-12
        1080   2.477e-12
        1080   2.602e-12
        1081   2.733e-12
        1081   3.005e-12
        1082   3.283e-12
        1082    3.42e-12
        1082   3.551e-12
        1082   3.678e-12
        1083   3.802e-12
        1083   3.919e-12
        1083   4.029e-12
        1084   4.135e-12
        1084   4.227e-12
        1084   4.316e-12
        1084   4.397e-12
        1085   4.474e-12
        1085   4.542e-12
        1085   4.663e-12
        1086   4.765e-12
        1086   4.853e-12
        1087   4.928e-12
        1087   4.992e-12
        1088    5.05e-12
        1089   5.146e-12
        1090   5.222e-12
        1091   5.282e-12
        1092   5.326e-12
        1093   5.358e-12
        1094    5.38e-12
        1095   5.398e-12
        1098   5.417e-12
        1100    5.42e-12
        1102   5.411e-12
        1104    5.39e-12
        1106   5.362e-12
        1108   5.327e-12
        1110   5.281e-12
        1112    5.23e-12
        1114   5.173e-12
        1119   5.053e-12
        1123   4.937e-12
        1127   4.816e-12
        1129   4.746e-12
        1131   4.668e-12
        1133   4.581e-12
        1135   4.486e-12
        1140   4.291e-12
        1142   4.191e-12
        1144   4.082e-12
        1146   3.964e-12
        1148   3.836e-12
        1150   3.702e-12
        1152   3.565e-12
        1154   3.422e-12
        1157   3.275e-12
        1159    3.12e-12
        1161   2.958e-12
        1163   2.789e-12
        1165   2.616e-12
        1167   2.441e-12
        1169   2.266e-12
        1171   2.086e-12
        1173   1.898e-12
        1176   1.709e-12
        1178   1.525e-12
        1180   1.347e-12
        1182   1.172e-12
        1183   1.087e-12
        1184   1.004e-12
        1185   9.246e-13
        1186   8.481e-13
        1187    7.75e-13
        1188     7.4e-13
        1188   7.058e-13
        1189   6.729e-13
        1189   6.407e-13
        1190   6.092e-13
        1190    5.79e-13
        1191   5.498e-13
        1191   5.213e-13
        1192   4.939e-13
        1192   4.676e-13
        1193   4.423e-13
        1193   4.183e-13
        1194   3.953e-13
        1195   3.734e-13
        1195   3.525e-13
        1196   3.327e-13
        1196   3.137e-13
        1197   2.959e-13
        1197    2.79e-13
        1198    2.63e-13
        1198    2.48e-13
        1199   2.339e-13
        1199   2.206e-13
        1200   2.084e-13
        1200   1.968e-13
        1201   1.859e-13
        1201   1.758e-13
        1202   1.663e-13
        1202   1.574e-13
        1203   1.491e-13
        1204   1.414e-13
        1204   1.342e-13
        1205   1.275e-13
        1205   1.212e-13
        1206   1.153e-13
        1206   1.098e-13
        1207   1.046e-13
        1207   9.963e-14
        1208   9.497e-14
        1208   9.058e-14
        1209    8.64e-14
        1209   8.243e-14
        1210   7.859e-14
        1210   7.491e-14
        1211   7.131e-14
        1211   6.775e-14
        1212   6.073e-14
        1213   5.723e-14
        1213   5.545e-14
        1214   5.364e-14
        1214   5.174e-14
        1214   5.075e-14
        1214   5.024e-14
        1214   4.972e-14
        1214   4.918e-14
        1214   4.888e-14
        1214   4.854e-14
        1214   4.814e-14
        1214   4.755e-14
        1214   4.668e-14
        1214   4.541e-14
        1214   4.416e-14
        1214   4.285e-14
        1214   4.136e-14
        1214   3.964e-14
        1214   3.779e-14
        1215   3.578e-14
        1215   3.383e-14
        1215   3.206e-14
        1215   3.052e-14
        1215     2.9e-14
        1215   2.749e-14
        1215   2.602e-14
        1215   2.459e-14
        1215   2.326e-14
        1215   2.224e-14
        1215   2.113e-14
        1215    1.98e-14
        1215   1.786e-14
        1215   1.592e-14
        1215    1.42e-14
        1215   1.259e-14
        1215   1.141e-14
        1215   1.062e-14
        1215   1.028e-14
        1215   1.008e-14
        1215   9.986e-15
        1215   9.973e-15
        1215   9.968e-15
        1215   9.969e-15
        1215   9.971e-15
        1215   9.973e-15
        1215   9.974e-15
        1215   9.976e-15
        1215   9.978e-15
        1215    9.98e-15
        1215   9.982e-15
        1216   9.984e-15
        1216   9.985e-15
        1216   9.987e-15
        1216   9.987e-15
        1216   9.989e-15
        1216   9.991e-15
        1216   9.996e-15
        1216       1e-14
        1216   1.001e-14
        1216   1.001e-14
        1216   1.001e-14
        1216   1.001e-14
        1216   1.002e-14
        1216   1.004e-14
        1216   1.013e-14
        1216   1.041e-14
        1216   1.102e-14
        1216   1.237e-14
        1216   1.442e-14
        1216   1.672e-14
        1216   1.933e-14
        1216   2.115e-14
        1217   2.251e-14
        1217   2.386e-14
        1217   2.562e-14
        1217   2.747e-14
        1217    2.94e-14
        1217    3.13e-14
        1217   3.326e-14
        1217   3.577e-14
        1217   3.833e-14
        1217   4.068e-14
        1217   4.279e-14
        1217    4.45e-14
        1217   4.617e-14
        1217   4.769e-14
        1217    4.86e-14
        1217   4.919e-14
        1217   4.962e-14
        1217   5.001e-14
        1217    5.07e-14
        1217   5.202e-14
        1218   5.328e-14
        1218   5.449e-14
        1218   5.682e-14
        1219   6.135e-14
        1220   7.055e-14
        1221   7.517e-14
        1221    7.75e-14
        1221    7.99e-14
        1222   8.242e-14
        1222   8.502e-14
        1222   8.772e-14
        1223   9.046e-14
        1223   9.584e-14
        1224   1.011e-13
        1224   1.038e-13
        1225   1.067e-13
        1225   1.096e-13
        1225   1.128e-13
        1226   1.161e-13
        1226   1.195e-13
        1226   1.231e-13
        1227   1.266e-13
        1227     1.3e-13
        1227   1.332e-13
        1228   1.363e-13
        1228   1.391e-13
        1229   1.448e-13
        1229   1.476e-13
        1229   1.507e-13
        1230   1.542e-13
        1230   1.582e-13
        1230   1.604e-13
        1230   1.628e-13
        1231   1.654e-13
        1231   1.682e-13
        1231   1.743e-13
        1231   1.778e-13
        1231   1.813e-13
        1232   1.852e-13
        1232   1.893e-13
        1232   1.936e-13
        1232   1.982e-13
        1232   2.079e-13
        1233   2.185e-13
        1233   2.299e-13
        1233   2.421e-13
        1234   2.551e-13
        1234   2.688e-13
        1234    2.83e-13
        1235   2.978e-13
        1235   3.132e-13
        1235    3.29e-13
        1236   3.453e-13
        1236    3.62e-13
        1236   3.791e-13
        1237   3.966e-13
        1237   4.146e-13
        1237    4.33e-13
        1238   4.519e-13
        1238   4.715e-13
        1238   4.918e-13
        1239   5.128e-13
        1239   5.345e-13
        1239   5.571e-13
        1240   6.043e-13
        1241   6.537e-13
        1241   7.049e-13
        1242   7.574e-13
        1243   8.114e-13
        1243   8.678e-13
        1244   9.267e-13
        1245   9.882e-13
        1245   1.051e-12
        1246   1.115e-12
        1247    1.24e-12
        1249   1.363e-12
        1250   1.488e-12
        1251   1.616e-12
        1253   1.737e-12
        1254   1.852e-12
        1255   1.964e-12
        1257   2.078e-12
        1258   2.189e-12
        1259   2.292e-12
        1261   2.387e-12
        1262   2.481e-12
        1263   2.574e-12
        1265   2.666e-12
        1266   2.749e-12
        1267   2.823e-12
        1268   2.895e-12
        1271    3.03e-12
        1274   3.154e-12
        1276   3.263e-12
        1279   3.362e-12
        1282    3.45e-12
        1284   3.528e-12
        1287   3.596e-12
        1290   3.655e-12
        1292   3.703e-12
        1295   3.742e-12
        1295   3.746e-12
        1298   3.776e-12
        1300   3.806e-12
        1305   3.862e-12
        1310   3.903e-12
        1312   3.922e-12
        1315   3.936e-12
        1318   3.948e-12
        1320   3.944e-12
        1325   3.934e-12
        1330   3.919e-12
        1335   3.906e-12
        1340   3.899e-12
        1345   3.911e-12
        1350   3.915e-12
        1355   3.904e-12
        1358   3.897e-12
        1360   3.884e-12
        1362   3.863e-12
        1365   3.828e-12
        1368   3.784e-12
        1370   3.735e-12
        1375   3.649e-12
        1380   3.573e-12
        1385   3.478e-12
        1388   3.424e-12
        1390   3.378e-12
        1391   3.364e-12
        1392    3.35e-12
        1394   3.348e-12
        1395    3.35e-12
        1396   3.352e-12
        1398   3.363e-12
        1399    3.38e-12
        1400     3.4e-12
        1402   3.452e-12
        1405    3.51e-12
        1408   3.566e-12
        1410   3.616e-12
        1412   3.656e-12
        1415   3.685e-12
        1418   3.703e-12
        1420   3.712e-12
        1422   3.714e-12
        1425    3.71e-12
        1430   3.692e-12
        1435   3.668e-12
        1445   3.612e-12
        1455   3.552e-12
        1465   3.492e-12
        1485   3.374e-12
        1505   3.261e-12
        1525   3.153e-12
        1545   3.048e-12
        1565   2.949e-12
        1585   2.853e-12
        1605   2.763e-12
        1625   2.677e-12
        1645   2.594e-12
        1665   2.515e-12
        1685   2.439e-12
        1705   2.367e-12
        1725   2.297e-12
        1745    2.23e-12
        1765   2.166e-12
        1785   2.104e-12
        1805   2.045e-12
        1825   1.988e-12
        1845   1.933e-12
        1865   1.881e-12
        1885    1.83e-12
        1905   1.781e-12
        1925   1.734e-12
        1945   1.689e-12
        1965   1.646e-12
        1985   1.604e-12
        2005   1.563e-12
        2025   1.524e-12
        2045   1.486e-12
        2065    1.45e-12
        2085   1.415e-12
        2105   1.381e-12
        2125   1.348e-12
        2145   1.316e-12
        2165   1.285e-12
        2185   1.255e-12
        2205   1.226e-12
        2225   1.198e-12
        2245   1.171e-12
        2265   1.145e-12
        2285   1.119e-12
        2305   1.095e-12
        2325   1.071e-12
        2345   1.047e-12
        2365   1.025e-12
        2385   1.003e-12
        2405   9.818e-13
        2425   9.612e-13
        2445   9.411e-13
        2465   9.216e-13
        2485   9.027e-13
        2505   8.842e-13
        2525   8.663e-13
        2545   8.489e-13
        2565   8.319e-13
        2585   8.154e-13
        2605   7.994e-13
        2625   7.837e-13
        2645   7.685e-13
        2665   7.537e-13
        2685   7.393e-13
        2705   7.252e-13
        2725   7.115e-13
        2745   6.981e-13
        2765   6.851e-13
        2785   6.724e-13
        2805     6.6e-13
        2825   6.479e-13
        2845   6.361e-13
        2865   6.246e-13
        2885   6.134e-13
        2905   6.025e-13
        2925   5.918e-13
        2945   5.813e-13
        2965   5.711e-13
        2985   5.612e-13
        3005   5.514e-13
        3025   5.419e-13
        3045   5.326e-13
        3065   5.236e-13
        3085   5.147e-13
        3105    5.06e-13
        3125   4.975e-13
        3145   4.892e-13
        3165   4.811e-13
        3185   4.732e-13
        3205   4.654e-13
        3225   4.578e-13
        3245   4.503e-13
        3265   4.431e-13
        3285   4.359e-13
        3305    4.29e-13
        3325   4.221e-13
        3345   4.154e-13
        3365   4.089e-13
        3385   4.025e-13
        3405   3.962e-13
        3425     3.9e-13
        3445    3.84e-13
        3465   3.781e-13
        3485   3.723e-13
        3505   3.666e-13
        3525   3.611e-13
        3545   3.556e-13
        3565   3.502e-13
        3585    3.45e-13
        3605   3.398e-13
        3625   3.348e-13
        3643   3.303e-13
        3644   3.299e-13
        3645   3.297e-13
        3647   3.286e-13
        3650   3.279e-13
        3660   3.254e-13
        3670   3.229e-13
        3676   3.213e-13
        3680   3.204e-13
        3680   3.204e-13
        3683   3.196e-13
        3684   3.194e-13
        3687   3.187e-13
        3688   3.184e-13
        3693   3.173e-13
        3698   3.159e-13
        3703   3.148e-13
        3704   3.145e-13
        3705   3.143e-13
        3707   3.137e-13
        3710   3.131e-13
        3712   3.127e-13
        3713   3.123e-13
        3716   3.116e-13
        3721   3.104e-13
        3722   3.103e-13
        3722   3.102e-13
        3723     3.1e-13
        3725   3.096e-13
        3728   3.089e-13
        3735   3.072e-13
        3739   3.065e-13
        3742   3.058e-13
        3746   3.047e-13
        3747   3.042e-13
        3749   3.035e-13
        3751   3.029e-13
        3753   3.029e-13
        3755   3.029e-13
        3759   3.027e-13
        3761   3.022e-13
        3763   3.017e-13
        3766   2.999e-13
        3769   2.983e-13
        3770   2.975e-13
        3772   2.969e-13
        3773   2.973e-13
        3774   2.979e-13
        3776   2.985e-13
        3777   2.991e-13
        3778   2.995e-13
        3781   3.001e-13
        3784   2.999e-13
        3786    2.99e-13
        3789   2.972e-13
        3792   2.947e-13
        3794   2.915e-13
        3795   2.906e-13
        3797   2.881e-13
        3798    2.87e-13
        3798   2.867e-13
        3799   2.864e-13
        3799   2.867e-13
        3800   2.871e-13
        3800   2.877e-13
        3801   2.883e-13
        3802   2.896e-13
        3804   2.923e-13
        3806   2.948e-13
        3808   2.971e-13
        3810   2.987e-13
        3812       3e-13
        3814   3.005e-13
        3816   3.006e-13
        3817   3.002e-13
        3819   2.989e-13
        3821   2.969e-13
        3823   2.945e-13
        3825    2.91e-13
        3827    2.87e-13
        3829   2.825e-13
        3831   2.775e-13
        3833   2.722e-13
        3833    2.71e-13
        3835   2.671e-13
        3836   2.653e-13
        3836   2.646e-13
        3836   2.643e-13
        3836   2.641e-13
        3837   2.643e-13
        3837   2.646e-13
        3837    2.65e-13
        3837   2.654e-13
        3837   2.659e-13
        3838   2.663e-13
        3838   2.668e-13
        3838   2.673e-13
        3838   2.683e-13
        3839   2.704e-13
        3841   2.747e-13
        3844   2.834e-13
        3847   2.914e-13
        3848   2.951e-13
        3850   2.982e-13
        3851    3.01e-13
        3853   3.033e-13
        3854   3.055e-13
        3856   3.071e-13
        3857   3.082e-13
        3859   3.088e-13
        3860   3.091e-13
        3861   3.092e-13
        3863   3.087e-13
        3864   3.077e-13
        3866    3.06e-13
        3867    3.04e-13
        3869   3.019e-13
        3870   2.993e-13
        3872    2.96e-13
        3873   2.919e-13
        3875   2.874e-13
        3876   2.827e-13
        3877   2.805e-13
        3878   2.779e-13
        3879   2.751e-13
        3879   2.721e-13
        3881   2.662e-13
        3882   2.602e-13
        3884   2.536e-13
        3885   2.469e-13
        3887   2.413e-13
        3887   2.372e-13
        3888   2.332e-13
        3889   2.312e-13
        3889   2.295e-13
        3890    2.28e-13
        3890   2.274e-13
        3890   2.272e-13
        3890   2.274e-13
        3891   2.279e-13
        3891   2.286e-13
        3891   2.294e-13
        3891   2.311e-13
        3892    2.35e-13
        3894   2.431e-13
        3896   2.512e-13
        3898   2.591e-13
        3899   2.666e-13
        3901   2.741e-13
        3902   2.778e-13
        3903   2.813e-13
        3904   2.844e-13
        3905   2.875e-13
        3907    2.94e-13
        3908   3.001e-13
        3910   3.054e-13
        3912   3.097e-13
        3914   3.138e-13
        3915   3.177e-13
        3917    3.21e-13
        3919   3.235e-13
        3921   3.255e-13
        3923    3.27e-13
        3924   3.282e-13
        3926   3.288e-13
        3928   3.292e-13
        3930   3.291e-13
        3931   3.285e-13
        3933   3.274e-13
        3935   3.259e-13
        3937   3.239e-13
        3938   3.211e-13
        3940   3.179e-13
        3942   3.143e-13
        3944   3.099e-13
        3946   3.046e-13
        3947   2.987e-13
        3949   2.925e-13
        3951   2.863e-13
        3953   2.797e-13
        3954   2.721e-13
        3956   2.638e-13
        3958   2.559e-13
        3960   2.476e-13
        3962   2.385e-13
        3963   2.297e-13
        3965   2.203e-13
        3967   2.107e-13
        3968   2.059e-13
        3969    2.01e-13
        3970   1.957e-13
        3970   1.952e-13
        3970   1.901e-13
        3971   1.872e-13
        3971   1.857e-13
        3971    1.85e-13
        3971   1.846e-13
        3971   1.849e-13
        3971   1.856e-13
        3971   1.863e-13
        3972   1.871e-13
        3972   1.879e-13
        3972   1.886e-13
        3972   1.893e-13
        3972   1.899e-13
        3972   1.912e-13
        3973   1.937e-13
        3973   1.984e-13
        3974   2.029e-13
        3975   2.073e-13
        3977   2.156e-13
        3978   2.236e-13
        3980   2.318e-13
        3981   2.395e-13
        3983   2.473e-13
        3985   2.545e-13
        3986   2.615e-13
        3988   2.691e-13
        3990    2.76e-13
        3991   2.824e-13
        3993   2.884e-13
        3994   2.944e-13
        3996   3.004e-13
        3998   3.063e-13
        3999   3.116e-13
        4001   3.163e-13
        4002   3.205e-13
        4004   3.245e-13
        4006   3.282e-13
        4007   3.315e-13
        4009   3.344e-13
        4012   3.392e-13
        4015   3.429e-13
        4019   3.457e-13
        4022   3.478e-13
        4025   3.493e-13
        4028   3.502e-13
        4031   3.506e-13
        4035   3.504e-13
        4038   3.497e-13
        4041   3.485e-13
        4044   3.467e-13
        4048   3.442e-13
        4051   3.407e-13
        4054   3.364e-13
        4057   3.314e-13
        4061   3.251e-13
        4064   3.175e-13
        4067   3.088e-13
        4070   2.995e-13
        4073   2.896e-13
        4077   2.788e-13
        4080   2.666e-13
        4081   2.605e-13
        4083   2.542e-13
        4085   2.477e-13
        4086   2.407e-13
        4090   2.264e-13
        4091   2.193e-13
        4093   2.116e-13
        4094    2.04e-13
        4096   1.982e-13
        4096   1.958e-13
        4097    1.89e-13
        4098   1.841e-13
        4099   1.792e-13
        4100   1.739e-13
        4101    1.71e-13
        4101    1.68e-13
        4102   1.648e-13
        4102   1.613e-13
        4102   1.594e-13
        4102   1.574e-13
        4103   1.564e-13
        4103   1.556e-13
        4103   1.552e-13
        4103   1.551e-13
        4103   1.552e-13
        4103   1.556e-13
        4103   1.563e-13
        4103   1.573e-13
        4104   1.593e-13
        4104   1.628e-13
        4104   1.661e-13
        4105   1.691e-13
        4105   1.721e-13
        4106   1.773e-13
        4107    1.82e-13
        4108   1.868e-13
        4110   1.956e-13
        4112   2.042e-13
        4114   2.124e-13
        4116   2.203e-13
        4117   2.275e-13
        4119   2.354e-13
        4121   2.428e-13
        4123   2.496e-13
        4125   2.562e-13
        4127   2.626e-13
        4128   2.688e-13
        4130   2.749e-13
        4132   2.803e-13
        4134   2.856e-13
        4136   2.907e-13
        4138   2.957e-13
        4141   3.052e-13
        4143   3.098e-13
        4145   3.137e-13
        4147   3.174e-13
        4149   3.207e-13
        4152   3.264e-13
        4156   3.313e-13
        4160   3.352e-13
        4163   3.382e-13
        4167   3.405e-13
        4171   3.423e-13
        4174   3.435e-13
        4182   3.453e-13
        4189   3.461e-13
        4196   3.461e-13
        4204   3.456e-13
        4211   3.447e-13
        4218   3.435e-13
        4226   3.418e-13
        4233   3.397e-13
        4240   3.371e-13
        4248    3.34e-13
        4255   3.301e-13
        4262   3.249e-13
        4266   3.219e-13
        4270   3.185e-13
        4273   3.146e-13
        4277   3.101e-13
        4281   3.051e-13
        4284   2.993e-13
        4288   2.934e-13
        4292    2.87e-13
        4295   2.803e-13
        4299    2.73e-13
        4303    2.65e-13
        4306   2.563e-13
        4310    2.47e-13
        4314   2.372e-13
        4317   2.266e-13
        4321   2.152e-13
        4325   2.031e-13
        4328   1.904e-13
        4330   1.837e-13
        4332   1.769e-13
        4334   1.699e-13
        4336   1.624e-13
        4337   1.585e-13
        4338   1.543e-13
        4339     1.5e-13
        4339   1.476e-13
        4339    1.45e-13
        4340   1.422e-13
        4340   1.406e-13
        4340   1.388e-13
        4341    1.37e-13
        4341   1.359e-13
        4341   1.347e-13
        4341   1.334e-13
        4341   1.319e-13
        4341   1.302e-13
        4341   1.282e-13
        4341   1.257e-13
        4341   1.257e-13
        4342   1.245e-13
        4342   1.233e-13
        4342   1.227e-13
        4342   1.222e-13
        4342   1.221e-13
        4342   1.219e-13
        4342   1.218e-13
        4342   1.221e-13
        4342   1.227e-13
        4342   1.237e-13
        4342   1.248e-13
        4342   1.271e-13
        4342   1.291e-13
        4342   1.308e-13
        4342   1.321e-13
        4342   1.335e-13
        4342   1.346e-13
        4343   1.356e-13
        4343   1.374e-13
        4343   1.389e-13
        4343   1.405e-13
        4344    1.43e-13
        4344   1.454e-13
        4344   1.475e-13
        4345   1.496e-13
        4346   1.533e-13
        4346   1.567e-13
        4348   1.633e-13
        4350   1.695e-13
        4351   1.751e-13
        4353   1.808e-13
        4354    1.86e-13
        4356   1.912e-13
        4359   2.015e-13
        4362   2.109e-13
        4366   2.198e-13
        4369    2.28e-13
        4372   2.354e-13
        4375   2.424e-13
        4378   2.488e-13
        4382   2.549e-13
        4385   2.603e-13
        4388   2.652e-13
        4391   2.695e-13
        4394   2.736e-13
        4398   2.775e-13
        4401    2.81e-13
        4404   2.843e-13
        4407    2.87e-13
        4410   2.894e-13
        4414   2.913e-13
        4417   2.929e-13
        4423   2.953e-13
        4430   2.968e-13
        4436   2.976e-13
        4442   2.979e-13
        4449   2.978e-13
        4455   2.974e-13
        4462   2.969e-13
        4468   2.961e-13
        4474   2.953e-13
        4481   2.944e-13
        4487   2.934e-13
        4494   2.923e-13
        4500   2.913e-13
        4506   2.902e-13
        4513    2.89e-13
        4519   2.879e-13
        4526   2.867e-13
        4532   2.855e-13
        4538   2.843e-13
        4545   2.831e-13
        4551   2.819e-13
        4558   2.807e-13
        4564   2.794e-13
        4570   2.782e-13
        4577    2.77e-13
        4583   2.757e-13
        4590   2.745e-13
        4596   2.732e-13
        4602    2.72e-13
        4609   2.708e-13
        4615   2.695e-13
        4622   2.683e-13
        4628    2.67e-13
        4634   2.657e-13
        4641   2.645e-13
        4647   2.632e-13
        4654   2.619e-13
        4660   2.606e-13
        4666   2.593e-13
        4673   2.579e-13
        4679   2.565e-13
        4686   2.551e-13
        4692   2.537e-13
        4698   2.522e-13
        4705   2.506e-13
        4711    2.49e-13
        4718   2.473e-13
        4724   2.455e-13
        4730   2.436e-13
        4737   2.415e-13
        4743   2.394e-13
        4750   2.371e-13
        4756   2.346e-13
        4762   2.319e-13
        4769   2.288e-13
        4775   2.255e-13
        4782   2.218e-13
        4788   2.176e-13
        4794   2.129e-13
        4801   2.075e-13
        4807   2.014e-13
        4814   1.946e-13
        4817    1.91e-13
        4820    1.87e-13
        4823   1.829e-13
        4826   1.785e-13
        4830   1.738e-13
        4833   1.688e-13
        4836   1.636e-13
        4839    1.58e-13
        4842   1.522e-13
        4846   1.461e-13
        4849   1.397e-13
        4852   1.329e-13
        4854   1.293e-13
        4855   1.256e-13
        4857   1.216e-13
        4858   1.194e-13
        4858   1.171e-13
        4859   1.147e-13
        4860   1.119e-13
        4860   1.104e-13
        4861   1.086e-13
        4861   1.077e-13
        4861   1.066e-13
        4861   1.053e-13
        4862   1.039e-13
        4862   1.031e-13
        4862   1.021e-13
        4862   1.009e-13
        4862    9.96e-14
        4862   9.794e-14
        4862   9.707e-14
        4862    9.62e-14
        4862   9.512e-14
        4862   9.402e-14
        4862   9.283e-14
        4862   9.162e-14
        4862   9.042e-14
        4862   8.928e-14
        4863   8.837e-14
        4863   8.764e-14
        4863   8.719e-14
        4863   8.705e-14
        4863   8.719e-14
        4863   8.762e-14
        4863   8.834e-14
        4863   8.924e-14
        4863   9.037e-14
        4863   9.159e-14
        4863   9.397e-14
        4863   9.507e-14
        4863   9.615e-14
        4863   9.702e-14
        4863   9.788e-14
        4863   9.872e-14
        4863   1.002e-13
        4864   1.014e-13
        4864   1.025e-13
        4864   1.034e-13
        4864   1.042e-13
        4864   1.055e-13
        4864   1.067e-13
        4864   1.077e-13
        4865   1.095e-13
        4865   1.111e-13
        4866   1.125e-13
        4866   1.151e-13
        4867   1.173e-13
        4868   1.195e-13
        4870   1.234e-13
        4871    1.27e-13
        4873   1.303e-13
        4874   1.335e-13
        4876   1.367e-13
        4879   1.426e-13
        4882   1.481e-13
        4886   1.533e-13
        4889   1.582e-13
        4892   1.627e-13
        4895   1.669e-13
        4898   1.708e-13
        4902   1.744e-13
        4905   1.777e-13
        4908   1.807e-13
        4911   1.834e-13
        4914    1.86e-13
        4918   1.882e-13
        4924   1.923e-13
        4930   1.957e-13
        4937   1.983e-13
        4943   2.003e-13
        4950   2.019e-13
        4956    2.03e-13
        4962   2.039e-13
        4969   2.044e-13
        4975   2.048e-13
        4982   2.049e-13
        4988   2.048e-13
        4989   2.048e-13
        4994   2.047e-13
        5000   2.045e-13
        5010   2.039e-13
        5020   2.031e-13
        5040   2.012e-13
        5060   1.989e-13
        5080   1.965e-13
        5100   1.941e-13
        5120   1.916e-13
        5140   1.891e-13
        5160   1.867e-13
        5180   1.843e-13
        5200   1.819e-13
        5220   1.795e-13
        5240   1.772e-13
        5260   1.749e-13
        5280   1.727e-13
        5300   1.704e-13
        5320   1.682e-13
        5340   1.661e-13
        5360    1.64e-13
        5380   1.619e-13
        5400   1.598e-13
        5420   1.578e-13
        5440   1.558e-13
        5460   1.538e-13
        5480   1.519e-13
        5500     1.5e-13
        5520   1.481e-13
        5540   1.463e-13
        5560   1.445e-13
        5580   1.427e-13
        5600   1.409e-13
        5620   1.392e-13
        5640   1.375e-13
        5660   1.358e-13
        5680   1.341e-13
        5700   1.325e-13
        5720   1.309e-13
        5740   1.293e-13
        5760   1.278e-13
        5780   1.262e-13
        5800   1.247e-13
        5820   1.232e-13
        5840   1.217e-13
        5860   1.203e-13
        5880   1.189e-13
        5900   1.175e-13
        5920   1.161e-13
        5940   1.147e-13
        5960   1.134e-13
        5980   1.121e-13
        6000   1.108e-13
        6020   1.095e-13
        6040   1.082e-13
        6060   1.069e-13
        6080   1.057e-13
        6100   1.045e-13
        6120   1.033e-13
        6140   1.021e-13
        6160   1.009e-13
        6180   9.974e-14
        6200   9.858e-14
        6220   9.743e-14
        6240   9.629e-14
        6260   9.515e-14
        6280   9.402e-14
        6300   9.289e-14
        6320   9.175e-14
        6340   9.059e-14
        6360   8.941e-14
        6380   8.818e-14
        6400   8.689e-14
        6420   8.546e-14
        6440   8.383e-14
        6450   8.288e-14
        6460   8.182e-14
        6470   8.061e-14
        6480   7.924e-14
        6490   7.765e-14
        6495   7.672e-14
        6500   7.577e-14
        6505    7.47e-14
        6510   7.352e-14
        6515   7.223e-14
        6520   7.081e-14
        6525   6.925e-14
        6530   6.754e-14
        6535   6.566e-14
        6540    6.36e-14
        6545   6.133e-14
        6548   6.012e-14
        6550   5.884e-14
        6552   5.748e-14
        6555     5.6e-14
        6556   5.521e-14
        6558   5.437e-14
        6559   5.345e-14
        6560   5.243e-14
        6561   5.186e-14
        6561   5.123e-14
        6562   5.051e-14
        6562    5.01e-14
        6562   4.963e-14
        6563   4.908e-14
        6563    4.84e-14
        6563   4.739e-14
        6564   4.586e-14
        6564   4.298e-14
        6564   4.228e-14
        6564    4.18e-14
        6564   3.865e-14
        6565    3.76e-14
        6565   4.226e-14
        6566   4.661e-14
        6566   4.838e-14
        6567   4.937e-14
        6567    5.01e-14
        6568   5.071e-14
        6568   5.123e-14
        6569   5.213e-14
        6570   5.292e-14
        6571   5.363e-14
        6573    5.49e-14
        6575   5.603e-14
        6577   5.707e-14
        6579   5.804e-14
        6581   5.895e-14
        6585   6.063e-14
        6589   6.216e-14
        6593   6.354e-14
        6597    6.48e-14
        6601   6.594e-14
        6605   6.695e-14
        6609   6.787e-14
        6613   6.868e-14
        6617   6.941e-14
        6621   7.005e-14
        6629   7.111e-14
        6637   7.192e-14
        6645   7.253e-14
        6653   7.297e-14
        6661   7.329e-14
        6669    7.35e-14
        6677   7.361e-14
        6693   7.363e-14
        6709   7.345e-14
        6725   7.315e-14
        6741   7.276e-14
        6757   7.232e-14
        6773   7.185e-14
        6789   7.135e-14
        6805   7.084e-14
        6821   7.031e-14
        6837   6.978e-14
        6853   6.925e-14
        6869   6.871e-14
        6885   6.818e-14
        6901   6.765e-14
        6917   6.711e-14
        6933   6.658e-14
        6949   6.606e-14
        6965   6.553e-14
        6981   6.501e-14
        6997    6.45e-14
        7013   6.398e-14
        7029   6.347e-14
        7045   6.297e-14
        7061   6.247e-14
        7077   6.197e-14
        7093   6.148e-14
        7109     6.1e-14
        7125   6.051e-14
        7141   6.004e-14
        7157   5.956e-14
        7173   5.909e-14
        7189   5.863e-14
        7205   5.817e-14
        7221   5.772e-14
        7237   5.726e-14
        7253   5.682e-14
        7269   5.638e-14
        7285   5.594e-14
        7301    5.55e-14
        7317   5.508e-14
        7333   5.465e-14
        7349   5.423e-14
        7365   5.382e-14
        7381    5.34e-14
        7397   5.299e-14
        7413   5.259e-14
        7429   5.219e-14
        7445   5.179e-14
        7461    5.14e-14
        7477   5.101e-14
        7493   5.062e-14
        7509   5.024e-14
        7525   4.986e-14
        7541   4.948e-14
        7557   4.911e-14
        7573   4.874e-14
        7589   4.838e-14
        7605   4.801e-14
        7621   4.766e-14
        7637    4.73e-14
        7653   4.695e-14
        7669    4.66e-14
        7685   4.626e-14
        7701   4.592e-14
        7717   4.558e-14
        7733   4.524e-14
        7749   4.491e-14
        7765   4.458e-14
        7781   4.425e-14
        7797   4.393e-14
        7813   4.361e-14
        7829   4.329e-14
        7845   4.298e-14
        7861   4.267e-14
        7877   4.236e-14
        7893   4.205e-14
        7909   4.175e-14
        7925   4.145e-14
        7941   4.115e-14
        7957   4.086e-14
        7973   4.056e-14
        7989   4.027e-14
        8005   3.999e-14
        8021    3.97e-14
        8037   3.942e-14
        8053   3.914e-14
        8069   3.886e-14
        8085   3.859e-14
        8101   3.832e-14
        8117   3.805e-14
        8133   3.778e-14
        8149   3.751e-14
        8165   3.725e-14
        8181   3.699e-14
        8188   3.688e-14
        8197   3.673e-14
        8206   3.657e-14
        8224   3.628e-14
        8242   3.599e-14
        8260    3.57e-14
        8278   3.542e-14
        8296   3.514e-14
        8314   3.487e-14
        8332   3.459e-14
        8350   3.432e-14
        8368   3.405e-14
        8378   3.391e-14
        8387   3.379e-14
        8395   3.367e-14
        8406    3.35e-14
        8409   3.346e-14
        8411   3.343e-14
        8416   3.337e-14
        8425   3.323e-14
        8440   3.301e-14
        8442   3.299e-14
        8456   3.279e-14
        8470    3.26e-14
        8483    3.24e-14
        8490   3.231e-14
        8497   3.221e-14
        8505   3.211e-14
        8520    3.19e-14
        8522   3.188e-14
        8535    3.17e-14
        8548   3.153e-14
        8561   3.135e-14
        8574   3.117e-14
        8587     3.1e-14
        8599   3.084e-14
        8600   3.083e-14
        8601   3.082e-14
        8602    3.08e-14
        8606   3.075e-14
        8613   3.066e-14
        8627   3.048e-14
        8641   3.031e-14
        8642   3.029e-14
        8655   3.013e-14
        8667   2.997e-14
        8680   2.981e-14
        8693   2.966e-14
        8706    2.95e-14
        8719   2.933e-14
        8731   2.917e-14
        8736   2.912e-14
        8744   2.901e-14
        8753   2.891e-14
        8770   2.872e-14
        8787   2.853e-14
        8804   2.833e-14
        8821   2.813e-14
        8839   2.793e-14
        8846   2.783e-14
        8856   2.772e-14
        8865   2.761e-14
        8884   2.744e-14
        8903   2.727e-14
        8922   2.709e-14
        8941   2.685e-14
        8960   2.663e-14
        8979   2.639e-14
        8998   2.613e-14
        9016   2.588e-14
        9017   2.587e-14
        9017   2.586e-14
        9019   2.585e-14
        9022   2.584e-14
        9028   2.581e-14
        9039   2.576e-14
        9051    2.57e-14
        9063   2.564e-14
        9074   2.556e-14
        9086   2.547e-14
        9098   2.538e-14
        9109   2.528e-14
        9121   2.517e-14
        9133   2.504e-14
        9144   2.491e-14
        9156   2.476e-14
        9168    2.46e-14
        9180   2.443e-14
        9191   2.423e-14
        9203   2.402e-14
        9215    2.38e-14
        9221   2.368e-14
        9226   2.358e-14
        9232   2.351e-14
        9237   2.351e-14
        9242   2.352e-14
        9253   2.349e-14
        9263   2.352e-14
        9274   2.354e-14
        9284   2.356e-14
        9294   2.355e-14
        9305   2.353e-14
        9315    2.35e-14
        9326   2.346e-14
        9336   2.341e-14
        9347   2.335e-14
        9357   2.328e-14
        9368    2.32e-14
        9378   2.311e-14
        9389   2.301e-14
        9399    2.29e-14
        9410   2.279e-14
        9420   2.267e-14
        9431   2.254e-14
        9441   2.239e-14
        9452   2.222e-14
        9462   2.205e-14
        9473   2.186e-14
        9483   2.164e-14
        9494   2.141e-14
        9504   2.115e-14
        9515   2.088e-14
        9525   2.057e-14
        9536   2.027e-14
        9544   2.001e-14
        9546   1.994e-14
        9547   1.991e-14
        9549   1.988e-14
        9550    1.99e-14
        9551   1.991e-14
        9551   1.991e-14
        9552   1.992e-14
        9553   1.993e-14
        9553   1.993e-14
        9556   1.997e-14
        9560   2.005e-14
        9570   2.021e-14
        9588   2.048e-14
        9607   2.067e-14
        9626   2.079e-14
        9644   2.085e-14
        9663   2.087e-14
        9682   2.084e-14
        9700   2.079e-14
        9719   2.072e-14
        9738   2.062e-14
        9756   2.052e-14
        9775   2.039e-14
        9794   2.026e-14
        9812   2.012e-14
        9831   1.996e-14
        9840   1.987e-14
        9850    1.98e-14
        9859   1.973e-14
        9868   1.965e-14
        9887   1.943e-14
        9906   1.917e-14
        9925    1.89e-14
        9943   1.858e-14
        9962   1.819e-14
        9971     1.8e-14
        9981   1.777e-14
        9990   1.752e-14
        9998   1.728e-14
        9999   1.726e-14
       1e+04   1.723e-14
       1e+04   1.713e-14
   1.001e+04   1.703e-14
   1.001e+04   1.692e-14
   1.001e+04   1.681e-14
   1.002e+04    1.67e-14
   1.002e+04   1.659e-14
   1.002e+04   1.646e-14
   1.003e+04   1.634e-14
   1.003e+04   1.622e-14
   1.003e+04   1.609e-14
   1.004e+04   1.596e-14
   1.004e+04   1.583e-14
   1.004e+04    1.57e-14
   1.005e+04   1.557e-14
   1.005e+04   1.551e-14
   1.005e+04   1.546e-14
   1.005e+04   1.542e-14
   1.005e+04   1.543e-14
   1.005e+04   1.543e-14
   1.005e+04   1.543e-14
   1.005e+04   1.542e-14
   1.005e+04    1.54e-14
   1.006e+04   1.543e-14
   1.006e+04   1.547e-14
   1.006e+04   1.559e-14
   1.007e+04   1.582e-14
   1.008e+04   1.604e-14
   1.009e+04   1.625e-14
   1.009e+04   1.642e-14
    1.01e+04   1.659e-14
   1.011e+04   1.672e-14
   1.012e+04   1.685e-14
   1.013e+04   1.704e-14
   1.015e+04   1.717e-14
   1.017e+04   1.727e-14
   1.018e+04   1.733e-14
    1.02e+04   1.735e-14
   1.021e+04   1.735e-14
   1.025e+04   1.731e-14
   1.028e+04   1.721e-14
   1.031e+04   1.709e-14
   1.037e+04    1.68e-14
   1.044e+04   1.644e-14
    1.05e+04   1.605e-14
   1.057e+04    1.57e-14
   1.063e+04   1.531e-14
   1.066e+04    1.51e-14
   1.069e+04   1.487e-14
   1.073e+04   1.462e-14
   1.076e+04   1.434e-14
   1.077e+04   1.418e-14
   1.079e+04   1.401e-14
   1.081e+04   1.382e-14
   1.082e+04   1.361e-14
   1.084e+04   1.337e-14
   1.085e+04   1.309e-14
   1.087e+04   1.279e-14
   1.089e+04   1.243e-14
   1.089e+04   1.225e-14
    1.09e+04   1.203e-14
   1.091e+04   1.181e-14
   1.092e+04   1.157e-14
   1.093e+04    1.13e-14
   1.093e+04   1.128e-14
   1.093e+04   1.114e-14
   1.093e+04   1.098e-14
   1.094e+04   1.089e-14
   1.094e+04   1.079e-14
   1.094e+04   1.073e-14
   1.094e+04   1.066e-14
   1.094e+04   1.056e-14
   1.094e+04    1.05e-14
   1.094e+04   1.046e-14
   1.094e+04   1.046e-14
   1.094e+04    1.05e-14
   1.094e+04   1.056e-14
   1.094e+04   1.062e-14
   1.094e+04   1.069e-14
   1.094e+04   1.075e-14
   1.095e+04   1.085e-14
   1.095e+04   1.093e-14
   1.095e+04   1.107e-14
   1.096e+04   1.119e-14
   1.096e+04    1.13e-14
   1.097e+04   1.148e-14
   1.098e+04   1.167e-14
   1.098e+04   1.181e-14
   1.099e+04   1.195e-14
     1.1e+04   1.206e-14
   1.101e+04   1.217e-14
   1.102e+04   1.235e-14
   1.104e+04   1.248e-14
   1.106e+04   1.258e-14
   1.107e+04   1.264e-14
   1.109e+04   1.268e-14
    1.11e+04   1.271e-14
   1.112e+04   1.271e-14
   1.114e+04    1.27e-14
   1.117e+04   1.266e-14
    1.12e+04   1.259e-14
   1.123e+04    1.25e-14
   1.126e+04    1.24e-14
   1.133e+04   1.218e-14
   1.139e+04   1.195e-14
   1.146e+04   1.174e-14
   1.152e+04   1.151e-14
   1.158e+04   1.128e-14
   1.165e+04   1.105e-14
   1.171e+04   1.082e-14
   1.178e+04   1.061e-14
   1.184e+04   1.039e-14
    1.19e+04   1.019e-14
   1.197e+04   9.984e-15
   1.203e+04   9.773e-15
    1.21e+04   9.573e-15
   1.216e+04   9.381e-15
   1.222e+04   9.192e-15
   1.229e+04   9.004e-15
   1.235e+04   8.817e-15
   1.242e+04   8.628e-15
   1.248e+04   8.432e-15
   1.254e+04    8.22e-15
   1.258e+04   8.103e-15
   1.261e+04   7.973e-15
   1.264e+04   7.825e-15
   1.267e+04   7.655e-15
   1.269e+04   7.556e-15
    1.27e+04   7.446e-15
   1.272e+04   7.323e-15
   1.274e+04   7.186e-15
   1.275e+04   7.031e-15
   1.277e+04   6.855e-15
   1.278e+04   6.756e-15
   1.278e+04   6.649e-15
   1.279e+04   6.531e-15
    1.28e+04     6.4e-15
    1.28e+04   6.323e-15
   1.281e+04   6.239e-15
   1.281e+04   6.192e-15
   1.281e+04    6.14e-15
   1.281e+04   6.079e-15
   1.282e+04   6.003e-15
   1.282e+04   5.955e-15
   1.282e+04   5.907e-15
   1.282e+04    5.85e-15
   1.282e+04   5.849e-15
   1.282e+04   5.822e-15
   1.282e+04   5.812e-15
   1.282e+04    5.84e-15
   1.282e+04   5.879e-15
   1.282e+04   5.838e-15
   1.282e+04   5.809e-15
   1.282e+04   5.809e-15
   1.282e+04   5.817e-15
   1.282e+04   5.843e-15
   1.282e+04   5.895e-15
   1.283e+04   5.943e-15
   1.283e+04   5.985e-15
   1.283e+04   6.054e-15
   1.283e+04   6.109e-15
   1.283e+04   6.155e-15
   1.284e+04   6.232e-15
   1.284e+04   6.297e-15
   1.284e+04   6.354e-15
   1.285e+04   6.451e-15
   1.286e+04   6.535e-15
   1.287e+04   6.609e-15
   1.288e+04   6.673e-15
   1.288e+04    6.73e-15
    1.29e+04   6.825e-15
   1.292e+04   6.899e-15
   1.293e+04   6.956e-15
   1.295e+04   6.999e-15
   1.296e+04   7.028e-15
   1.298e+04   7.048e-15
     1.3e+04   7.059e-15
   1.303e+04   7.061e-15
   1.306e+04   7.043e-15
   1.309e+04   7.012e-15
   1.316e+04   6.927e-15
   1.322e+04    6.83e-15
   1.328e+04    6.72e-15
   1.335e+04   6.608e-15
   1.341e+04   6.496e-15
   1.348e+04   6.384e-15
   1.354e+04   6.273e-15
    1.36e+04   6.164e-15
   1.367e+04   6.062e-15
   1.373e+04   5.961e-15
    1.38e+04    5.87e-15
   1.386e+04   5.781e-15
   1.392e+04   5.694e-15
   1.399e+04   5.608e-15
   1.405e+04   5.524e-15
   1.412e+04   5.442e-15
   1.418e+04   5.361e-15
   1.424e+04   5.281e-15
   1.431e+04   5.203e-15
   1.437e+04   5.127e-15
   1.444e+04   5.052e-15
    1.45e+04   4.978e-15
   1.456e+04   4.906e-15
   1.463e+04   4.834e-15
   1.469e+04   4.755e-15
   1.476e+04   4.676e-15
   1.482e+04   4.599e-15
   1.488e+04   4.524e-15
   1.495e+04    4.45e-15
   1.501e+04   4.378e-15
   1.507e+04   4.319e-15
   1.508e+04   4.308e-15
   1.508e+04   4.305e-15
   1.508e+04   4.305e-15
   1.509e+04   4.296e-15
   1.511e+04   4.273e-15
   1.514e+04   4.242e-15
    1.52e+04   4.179e-15
   1.524e+04   4.128e-15
   1.525e+04   4.118e-15
   1.526e+04   4.108e-15
   1.529e+04   4.087e-15
    1.53e+04   4.067e-15
   1.533e+04   4.046e-15
   1.533e+04   4.039e-15
   1.535e+04   4.025e-15
   1.539e+04   3.983e-15
   1.544e+04   3.929e-15
    1.55e+04   3.875e-15
   1.555e+04   3.828e-15
   1.555e+04   3.822e-15
   1.556e+04   3.816e-15
   1.557e+04   3.804e-15
    1.56e+04   3.779e-15
   1.565e+04   3.731e-15
    1.57e+04   3.684e-15
    1.57e+04   3.683e-15
   1.571e+04   3.683e-15
   1.571e+04   3.682e-15
   1.571e+04   3.681e-15
   1.571e+04   3.678e-15
   1.572e+04   3.672e-15
   1.573e+04    3.66e-15
   1.576e+04   3.636e-15
   1.581e+04   3.589e-15
   1.584e+04    3.56e-15
   1.586e+04   3.542e-15
   1.589e+04   3.525e-15
   1.593e+04   3.491e-15
   1.601e+04   3.423e-15
   1.606e+04   3.378e-15
   1.609e+04   3.357e-15
   1.611e+04   3.336e-15
   1.617e+04   3.295e-15
   1.622e+04   3.254e-15
   1.627e+04   3.213e-15
   1.632e+04   3.172e-15
   1.634e+04   3.158e-15
   1.638e+04   3.127e-15
   1.639e+04   3.111e-15
   1.641e+04   3.094e-15
   1.641e+04   3.094e-15
   1.643e+04   3.085e-15
   1.645e+04   3.075e-15
   1.645e+04   3.075e-15
   1.647e+04   3.064e-15
   1.648e+04   3.053e-15
   1.648e+04   3.053e-15
   1.652e+04   3.029e-15
   1.659e+04   2.978e-15
   1.666e+04   2.925e-15
    1.67e+04   2.898e-15
   1.674e+04   2.868e-15
   1.677e+04   2.834e-15
   1.681e+04   2.797e-15
   1.681e+04   2.795e-15
   1.681e+04   2.793e-15
   1.681e+04   2.792e-15
   1.682e+04    2.79e-15
   1.684e+04   2.788e-15
   1.687e+04    2.78e-15
    1.69e+04   2.767e-15
   1.692e+04   2.751e-15
   1.698e+04   2.718e-15
   1.704e+04   2.682e-15
    1.71e+04   2.645e-15
   1.716e+04   2.608e-15
   1.722e+04   2.571e-15
   1.728e+04   2.533e-15
    1.73e+04   2.516e-15
   1.733e+04   2.495e-15
   1.737e+04   2.475e-15
   1.743e+04   2.442e-15
    1.75e+04   2.411e-15
   1.756e+04    2.38e-15
   1.763e+04   2.348e-15
   1.769e+04   2.316e-15
   1.776e+04   2.283e-15
   1.782e+04   2.249e-15
   1.788e+04   2.214e-15
   1.795e+04   2.177e-15
   1.801e+04   2.137e-15
   1.808e+04   2.096e-15
   1.811e+04   2.078e-15
   1.814e+04   2.055e-15
   1.816e+04   2.044e-15
   1.818e+04   2.033e-15
   1.818e+04   2.033e-15
    1.82e+04   2.028e-15
   1.822e+04   2.023e-15
   1.823e+04   2.018e-15
   1.823e+04   2.018e-15
   1.825e+04   2.013e-15
   1.825e+04   2.013e-15
   1.827e+04   2.007e-15
   1.831e+04   1.996e-15
   1.838e+04   1.969e-15
   1.845e+04   1.935e-15
   1.849e+04   1.915e-15
   1.852e+04   1.892e-15
   1.856e+04   1.866e-15
   1.859e+04   1.834e-15
   1.861e+04   1.816e-15
   1.863e+04   1.795e-15
   1.865e+04   1.773e-15
   1.865e+04   1.773e-15
   1.867e+04   1.747e-15
   1.867e+04   1.747e-15
   1.868e+04   1.719e-15
    1.87e+04   1.686e-15
   1.871e+04   1.667e-15
   1.872e+04   1.647e-15
   1.872e+04   1.647e-15
   1.873e+04   1.623e-15
   1.873e+04    1.61e-15
   1.874e+04   1.594e-15
   1.874e+04   1.576e-15
   1.874e+04   1.565e-15
   1.875e+04   1.552e-15
   1.875e+04   1.552e-15
   1.875e+04   1.535e-15
   1.875e+04   1.525e-15
   1.875e+04   1.512e-15
   1.875e+04   1.497e-15
   1.875e+04   1.487e-15
   1.875e+04   1.476e-15
   1.875e+04   1.462e-15
   1.875e+04   1.454e-15
   1.875e+04   1.445e-15
   1.875e+04   1.434e-15
   1.875e+04   1.422e-15
   1.875e+04   1.406e-15
   1.876e+04    1.39e-15
   1.876e+04   1.389e-15
   1.876e+04   1.384e-15
   1.876e+04    1.36e-15
   1.876e+04   1.359e-15
   1.876e+04    1.35e-15
   1.876e+04    1.36e-15
   1.876e+04   1.387e-15
   1.876e+04   1.416e-15
   1.876e+04   1.438e-15
   1.876e+04   1.455e-15
   1.876e+04   1.468e-15
   1.876e+04   1.479e-15
   1.876e+04   1.487e-15
   1.876e+04   1.496e-15
   1.876e+04   1.509e-15
   1.876e+04   1.519e-15
   1.876e+04   1.536e-15
   1.877e+04   1.549e-15
   1.877e+04   1.558e-15
   1.877e+04   1.574e-15
   1.878e+04   1.587e-15
   1.878e+04   1.607e-15
   1.879e+04   1.622e-15
    1.88e+04   1.635e-15
   1.882e+04   1.657e-15
   1.883e+04   1.674e-15
   1.885e+04   1.687e-15
   1.886e+04   1.698e-15
   1.888e+04   1.706e-15
    1.89e+04   1.712e-15
   1.893e+04   1.719e-15
   1.896e+04   1.721e-15
   1.899e+04    1.72e-15
   1.902e+04   1.715e-15
   1.906e+04   1.708e-15
   1.912e+04   1.689e-15
   1.918e+04   1.665e-15
   1.925e+04   1.638e-15
   1.931e+04   1.607e-15
   1.938e+04   1.571e-15
   1.943e+04    1.54e-15
   1.944e+04   1.534e-15
   1.945e+04   1.531e-15
   1.946e+04   1.528e-15
   1.948e+04   1.528e-15
    1.95e+04   1.528e-15
   1.954e+04   1.528e-15
   1.959e+04   1.526e-15
   1.963e+04   1.522e-15
   1.967e+04   1.517e-15
   1.971e+04    1.51e-15
   1.979e+04   1.494e-15
   1.988e+04   1.475e-15
   1.996e+04   1.455e-15
   2.004e+04   1.434e-15
   2.013e+04   1.413e-15
   2.021e+04   1.391e-15
   2.029e+04   1.373e-15
   2.037e+04   1.351e-15
   2.046e+04    1.33e-15
   2.054e+04   1.309e-15
   2.062e+04   1.288e-15
   2.071e+04   1.268e-15
   2.079e+04   1.247e-15
   2.087e+04   1.228e-15
   2.095e+04   1.208e-15
   2.104e+04   1.188e-15
   2.112e+04   1.167e-15
    2.12e+04   1.146e-15
   2.129e+04   1.124e-15
   2.137e+04     1.1e-15
   2.141e+04   1.087e-15
   2.145e+04   1.073e-15
   2.149e+04   1.057e-15
   2.154e+04   1.039e-15
   2.158e+04    1.02e-15
   2.158e+04    1.02e-15
    2.16e+04   1.009e-15
   2.162e+04   9.965e-16
   2.163e+04   9.895e-16
   2.164e+04   9.818e-16
   2.165e+04   9.775e-16
   2.165e+04   9.725e-16
   2.166e+04   9.666e-16
   2.166e+04   9.629e-16
   2.166e+04   9.609e-16
   2.166e+04   9.592e-16
   2.166e+04   9.604e-16
   2.166e+04   9.621e-16
   2.166e+04   9.621e-16
   2.167e+04   9.636e-16
   2.167e+04   9.649e-16
   2.167e+04   9.649e-16
   2.167e+04   9.661e-16
   2.167e+04   9.671e-16
   2.167e+04   9.682e-16
   2.167e+04   9.682e-16
   2.167e+04    9.69e-16
   2.167e+04    9.69e-16
   2.167e+04   9.698e-16
   2.168e+04   9.713e-16
   2.168e+04   9.739e-16
   2.169e+04   9.781e-16
   2.171e+04    9.84e-16
   2.174e+04   9.884e-16
   2.176e+04   9.918e-16
    2.18e+04   9.958e-16
   2.184e+04    9.97e-16
   2.189e+04   9.966e-16
   2.193e+04   9.946e-16
   2.197e+04   9.916e-16
   2.206e+04   9.833e-16
   2.215e+04   9.733e-16
   2.223e+04   9.621e-16
   2.232e+04   9.503e-16
   2.241e+04   9.383e-16
   2.249e+04   9.261e-16
   2.258e+04   9.139e-16
   2.266e+04   9.018e-16
   2.275e+04   8.898e-16
   2.284e+04   8.779e-16
   2.292e+04   8.656e-16
   2.301e+04   8.532e-16
    2.31e+04    8.41e-16
   2.318e+04   8.294e-16
   2.327e+04   8.176e-16
   2.336e+04   8.059e-16
   2.344e+04   7.944e-16
   2.353e+04   7.831e-16
   2.362e+04    7.72e-16
    2.37e+04   7.611e-16
   2.379e+04   7.504e-16
   2.387e+04   7.399e-16
   2.396e+04   7.296e-16
   2.405e+04   7.194e-16
   2.413e+04   7.095e-16
   2.422e+04   6.997e-16
   2.431e+04     6.9e-16
   2.439e+04   6.806e-16
   2.448e+04   6.713e-16
   2.457e+04   6.621e-16
   2.465e+04   6.531e-16
   2.474e+04   6.441e-16
   2.482e+04   6.346e-16
   2.491e+04   6.259e-16
     2.5e+04   6.173e-16
   2.508e+04   6.089e-16
   2.517e+04   6.005e-16
   2.526e+04   5.922e-16
   2.534e+04   5.839e-16
   2.543e+04   5.757e-16
   2.552e+04   5.674e-16
    2.56e+04   5.589e-16
   2.569e+04   5.502e-16
   2.578e+04    5.41e-16
   2.586e+04    5.31e-16
   2.595e+04     5.2e-16
   2.599e+04   5.137e-16
   2.603e+04   5.068e-16
   2.608e+04   4.991e-16
   2.612e+04   4.906e-16
   2.614e+04   4.857e-16
   2.616e+04   4.806e-16
   2.619e+04   4.747e-16
   2.621e+04    4.68e-16
   2.622e+04   4.642e-16
   2.623e+04     4.6e-16
   2.624e+04   4.552e-16
   2.624e+04   4.542e-16
   2.625e+04   4.522e-16
   2.625e+04   4.505e-16
   2.625e+04   4.505e-16
   2.625e+04   4.502e-16
   2.625e+04   4.502e-16
   2.625e+04   4.504e-16
   2.626e+04   4.514e-16
   2.626e+04   4.529e-16
   2.626e+04    4.55e-16
   2.626e+04    4.56e-16
   2.626e+04   4.565e-16
   2.626e+04   4.559e-16
   2.626e+04   4.549e-16
   2.626e+04   4.537e-16
   2.626e+04   4.525e-16
   2.626e+04   4.509e-16
   2.626e+04   4.499e-16
   2.626e+04   4.495e-16
   2.627e+04   4.493e-16
   2.627e+04   4.493e-16
   2.627e+04   4.502e-16
   2.628e+04   4.516e-16
   2.628e+04   4.543e-16
    2.63e+04   4.588e-16
   2.632e+04   4.624e-16
   2.633e+04   4.651e-16
   2.637e+04   4.691e-16
    2.64e+04   4.719e-16
   2.644e+04   4.736e-16
   2.647e+04   4.747e-16
   2.651e+04   4.752e-16
   2.654e+04   4.753e-16
   2.661e+04   4.742e-16
   2.668e+04    4.72e-16
   2.675e+04   4.692e-16
   2.681e+04    4.66e-16
   2.688e+04   4.623e-16
   2.695e+04   4.585e-16
   2.702e+04   4.545e-16
   2.709e+04   4.505e-16
   2.716e+04   4.464e-16
   2.723e+04   4.423e-16
   2.729e+04   4.381e-16
   2.736e+04    4.34e-16
   2.743e+04   4.299e-16
    2.75e+04   4.259e-16
   2.757e+04   4.219e-16
   2.764e+04   4.179e-16
    2.77e+04   4.139e-16
   2.777e+04   4.102e-16
   2.784e+04   4.064e-16
   2.791e+04   4.025e-16
   2.798e+04   3.987e-16
   2.805e+04   3.949e-16
   2.812e+04   3.912e-16
   2.818e+04   3.875e-16
   2.825e+04   3.838e-16
   2.832e+04   3.802e-16
   2.839e+04   3.766e-16
   2.846e+04   3.731e-16
   2.853e+04   3.696e-16
   2.859e+04   3.662e-16
   2.866e+04   3.628e-16
   2.873e+04   3.594e-16
    2.88e+04   3.561e-16
   2.887e+04   3.528e-16
   2.894e+04   3.495e-16
   2.901e+04   3.463e-16
   2.907e+04   3.431e-16
   2.914e+04     3.4e-16
   2.921e+04   3.369e-16
   2.928e+04   3.338e-16
   2.935e+04   3.308e-16
   2.942e+04   3.278e-16
   2.949e+04   3.248e-16
   2.955e+04   3.219e-16
   2.962e+04    3.19e-16
   2.969e+04   3.161e-16
   2.976e+04   3.133e-16
   2.983e+04   3.105e-16
    2.99e+04   3.077e-16
   2.996e+04    3.05e-16
