         900   1.895e-15
       902.5   1.942e-15
         905   1.988e-15
       908.2    2.05e-15
         910   2.085e-15
       910.9   2.103e-15
       911.8    2.13e-15
       912.3   2.139e-15
       912.7   2.149e-15
       912.9   2.154e-15
       913.2   2.161e-15
       913.4   2.174e-15
       913.5   2.183e-15
       913.6   2.196e-15
       913.7   2.212e-15
       913.9   2.232e-15
         914   2.258e-15
       914.1   2.288e-15
       914.2   2.323e-15
       914.3   2.363e-15
       914.4   2.408e-15
       914.5   2.458e-15
       914.6   2.512e-15
       914.8    2.57e-15
       914.9   2.632e-15
       915.1   2.765e-15
       915.3   2.911e-15
       915.6   3.066e-15
       915.8   3.228e-15
         916   3.397e-15
       916.2    3.57e-15
       916.3   3.611e-15
       916.5   3.747e-15
       916.9   4.106e-15
       917.1   4.218e-15
       917.4   4.522e-15
       917.6   4.672e-15
       917.8   4.817e-15
         918   4.955e-15
       918.1   5.018e-15
       918.2   5.075e-15
       918.3   5.126e-15
       918.4   5.164e-15
       918.4   5.176e-15
       918.5    5.18e-15
       918.5   5.175e-15
       918.6    5.16e-15
       918.6   5.133e-15
       918.7   5.087e-15
       918.7   5.012e-15
       918.8   4.906e-15
       918.8   4.765e-15
       918.9   4.579e-15
       918.9   4.343e-15
         919   4.065e-15
         919   3.776e-15
       919.1   3.445e-15
       919.1   3.074e-15
       919.2   2.668e-15
       919.2   2.214e-15
       919.3   1.756e-15
       919.3   1.381e-15
       919.4   1.269e-15
       919.4   1.385e-15
       919.4   1.754e-15
       919.5    2.22e-15
       919.5   2.682e-15
       919.6   3.091e-15
       919.6   3.479e-15
       919.7   3.831e-15
       919.7   4.153e-15
       919.8   4.471e-15
       919.8   4.761e-15
       919.9   5.004e-15
       919.9   5.207e-15
         920   5.371e-15
         920   5.497e-15
       920.1   5.582e-15
       920.1   5.629e-15
       920.2   5.643e-15
       920.2   5.624e-15
       920.3   5.567e-15
       920.3   5.471e-15
       920.4   5.331e-15
       920.4   5.154e-15
       920.4    4.95e-15
       920.5   4.705e-15
       920.5    4.42e-15
       920.6   4.109e-15
       920.6   3.787e-15
       920.7   3.427e-15
       920.7   3.039e-15
       920.8   2.604e-15
       920.8   2.516e-15
       920.8   2.113e-15
       920.8   2.067e-15
       920.9   1.639e-15
       920.9   1.315e-15
         921   1.232e-15
         921   1.321e-15
         921    1.64e-15
       921.1   2.076e-15
       921.1   2.525e-15
       921.2   2.944e-15
       921.2   3.314e-15
       921.3   3.668e-15
       921.3   3.992e-15
       921.4   4.305e-15
       921.4    4.61e-15
       921.4   4.902e-15
       921.5   5.168e-15
       921.5   5.414e-15
       921.6    5.65e-15
       921.6   5.869e-15
       921.7    6.06e-15
       921.7   6.229e-15
       921.7   6.373e-15
       921.8     6.5e-15
       921.8    6.61e-15
       921.9   6.699e-15
       921.9   6.766e-15
         922   6.814e-15
         922   6.844e-15
         922    6.86e-15
       922.1   6.858e-15
       922.1   6.838e-15
       922.2     6.8e-15
       922.2   6.742e-15
       922.3   6.667e-15
       922.3   6.568e-15
       922.4   6.447e-15
       922.4    6.31e-15
       922.4   6.152e-15
       922.5   5.969e-15
       922.5    5.77e-15
       922.6   5.549e-15
       922.6   5.319e-15
       922.7   5.072e-15
       922.7   4.806e-15
       922.7   4.514e-15
       922.8   4.206e-15
       922.8   3.886e-15
       922.9   3.539e-15
       922.9    3.17e-15
         923    2.78e-15
         923   2.316e-15
         923   1.829e-15
       923.1   1.426e-15
       923.1   1.327e-15
       923.1   1.284e-15
       923.1   1.246e-15
       923.1   1.224e-15
       923.2   1.327e-15
       923.2   1.754e-15
       923.3    2.32e-15
       923.4   2.846e-15
       923.4   3.298e-15
       923.5   3.727e-15
       923.5    4.12e-15
       923.5   4.495e-15
       923.6   4.852e-15
       923.6   5.185e-15
       923.7   5.496e-15
       923.8   5.795e-15
       923.8   6.088e-15
       923.9    6.36e-15
       923.9   6.612e-15
         924   6.843e-15
         924   7.063e-15
         924   7.263e-15
       924.1   7.445e-15
       924.1    7.61e-15
       924.2   7.759e-15
       924.2   7.889e-15
       924.3   8.002e-15
       924.4   8.102e-15
       924.4   8.188e-15
       924.5   8.258e-15
       924.5   8.315e-15
       924.5   8.365e-15
       924.6   8.398e-15
       924.6   8.422e-15
       924.7   8.433e-15
       924.8   8.436e-15
       924.8   8.423e-15
       924.9   8.394e-15
       924.9   8.352e-15
         925   8.294e-15
         925   8.221e-15
         925   8.133e-15
       925.1   8.027e-15
       925.1   7.901e-15
       925.2    7.76e-15
       925.2   7.598e-15
       925.3   7.416e-15
       925.3   7.229e-15
       925.4   7.027e-15
       925.4   6.807e-15
       925.5   6.575e-15
       925.5   6.323e-15
       925.6   6.053e-15
       925.6   5.759e-15
       925.7   5.463e-15
       925.7   5.148e-15
       925.8    4.81e-15
       925.8   4.442e-15
       925.9   4.052e-15
       925.9   3.635e-15
         926   3.164e-15
         926   2.646e-15
       926.1   2.083e-15
       926.1   1.531e-15
       926.2   1.332e-15
       926.2   1.313e-15
       926.2   1.259e-15
       926.2   1.245e-15
       926.3   1.315e-15
       926.3    1.77e-15
       926.4   2.356e-15
       926.4    2.91e-15
       926.5   3.404e-15
       926.5   3.856e-15
       926.6   4.268e-15
       926.6   4.658e-15
       926.7   5.022e-15
       926.7   5.362e-15
       926.8   5.684e-15
       926.8   5.996e-15
       926.9     6.3e-15
       926.9   6.587e-15
         927   6.858e-15
         927   7.114e-15
       927.1   7.364e-15
       927.1     7.6e-15
       927.2   7.836e-15
       927.2   8.064e-15
       927.3   8.277e-15
       927.3   8.478e-15
       927.4   8.666e-15
       927.4   8.841e-15
       927.5   9.003e-15
       927.6   9.302e-15
       927.6   9.436e-15
       927.7    9.56e-15
       927.7   9.669e-15
       927.8    9.77e-15
       927.9   9.952e-15
         928   1.011e-14
       928.1   1.024e-14
       928.2   1.035e-14
       928.3   1.043e-14
       928.4   1.049e-14
       928.5   1.053e-14
       928.6   1.054e-14
       928.7   1.053e-14
       928.8    1.05e-14
       928.9   1.041e-14
         929   1.029e-14
       929.1   1.012e-14
       929.2   9.916e-15
       929.3   9.665e-15
       929.4   9.392e-15
       929.5   9.085e-15
       929.6   8.773e-15
       929.7   8.432e-15
       929.7   8.247e-15
       929.8   8.051e-15
       929.8   7.843e-15
       929.9   7.621e-15
       929.9   7.386e-15
         930   7.138e-15
         930   6.881e-15
       930.1   6.606e-15
       930.1   6.317e-15
       930.2    6.01e-15
       930.2   5.696e-15
       930.3   5.363e-15
       930.3   5.007e-15
       930.4   4.627e-15
       930.4   4.216e-15
       930.5   3.777e-15
       930.5   3.278e-15
       930.6   2.729e-15
       930.6   2.404e-15
       930.6   2.119e-15
       930.6   1.938e-15
       930.7     1.5e-15
       930.7   1.342e-15
       930.7   1.313e-15
       930.7   1.297e-15
       930.8   1.343e-15
       930.8   1.818e-15
       930.9   2.459e-15
       930.9   3.048e-15
         931    3.57e-15
         931   4.041e-15
       931.1   4.471e-15
       931.1   4.873e-15
       931.2   5.248e-15
       931.2   5.601e-15
       931.3   5.934e-15
       931.3   6.254e-15
       931.4   6.565e-15
       931.4   6.859e-15
       931.5   7.139e-15
       931.5   7.406e-15
       931.6   7.666e-15
       931.6   7.914e-15
       931.7   8.149e-15
       931.7   8.374e-15
       931.8   8.587e-15
       931.9   8.994e-15
         932    9.38e-15
       932.1   9.779e-15
       932.2   1.016e-14
       932.3   1.055e-14
       932.4   1.091e-14
       932.5   1.124e-14
       932.6   1.156e-14
       932.7   1.185e-14
       932.8   1.209e-14
       932.9    1.23e-14
         933    1.25e-14
       933.1   1.268e-14
       933.2   1.285e-14
       933.3   1.301e-14
       933.5   1.328e-14
       933.7   1.349e-14
       933.9   1.366e-14
       934.1   1.378e-14
       934.3   1.385e-14
       934.5   1.386e-14
       934.6   1.385e-14
       934.7   1.381e-14
       934.8   1.374e-14
       934.9   1.365e-14
         935   1.354e-14
       935.1   1.341e-14
       935.2   1.326e-14
       935.3   1.309e-14
       935.4    1.29e-14
       935.5   1.268e-14
       935.6   1.244e-14
       935.7   1.218e-14
       935.8   1.191e-14
       935.9   1.165e-14
         936    1.14e-14
       936.1   1.112e-14
       936.2   1.084e-14
       936.3   1.053e-14
       936.4   1.021e-14
       936.5   9.873e-15
       936.6   9.508e-15
       936.7   9.112e-15
       936.8   8.683e-15
       936.9   8.222e-15
       936.9   7.983e-15
         937   7.733e-15
         937   7.472e-15
       937.1     7.2e-15
       937.1   6.913e-15
       937.2   6.609e-15
       937.2   6.288e-15
       937.3   5.948e-15
       937.3   5.586e-15
       937.4   5.202e-15
       937.4   4.792e-15
       937.5   4.353e-15
       937.5   3.875e-15
       937.6   3.329e-15
       937.6   2.709e-15
       937.7       2e-15
       937.7    1.44e-15
       937.8   1.424e-15
       937.8   1.396e-15
       937.8   1.395e-15
       937.8   1.395e-15
       937.9   1.426e-15
       937.9   1.915e-15
         938   2.635e-15
         938   3.273e-15
       938.1   3.829e-15
       938.1   4.323e-15
       938.2   4.771e-15
       938.2   5.192e-15
       938.3   5.587e-15
       938.3    5.96e-15
       938.4   6.311e-15
       938.4   6.644e-15
       938.5    6.96e-15
       938.5   7.259e-15
       938.6   7.544e-15
       938.6   7.817e-15
       938.7   8.082e-15
       938.8   8.584e-15
       938.9   9.057e-15
         939   9.503e-15
       939.1    9.92e-15
       939.2   1.031e-14
       939.3   1.068e-14
       939.5    1.14e-14
       939.7   1.207e-14
       939.9   1.276e-14
       940.1   1.351e-14
       940.3   1.423e-14
       940.5   1.491e-14
       940.7   1.558e-14
       940.9   1.623e-14
       941.1    1.68e-14
       941.3   1.732e-14
       941.5   1.781e-14
       941.7   1.827e-14
       941.9   1.869e-14
       942.1   1.908e-14
       942.3   1.941e-14
       942.5   1.971e-14
       942.7   1.998e-14
       942.9   2.023e-14
       943.1   2.044e-14
       943.3   2.062e-14
       943.5   2.076e-14
       943.7   2.087e-14
       943.9   2.094e-14
       944.1   2.096e-14
       944.3   2.093e-14
       944.5   2.085e-14
       944.7   2.072e-14
       944.9   2.052e-14
       945.1   2.024e-14
       945.3    1.99e-14
       945.5    1.95e-14
       945.7   1.908e-14
       945.9   1.861e-14
       946.1   1.809e-14
       946.3   1.753e-14
       946.5   1.692e-14
       946.7   1.631e-14
       946.9   1.574e-14
       947.1   1.517e-14
       947.5   1.403e-14
       947.7   1.344e-14
       947.9   1.283e-14
       948.1   1.219e-14
       948.2   1.186e-14
       948.3   1.151e-14
       948.4   1.115e-14
       948.5   1.077e-14
       948.6   1.036e-14
       948.7   9.916e-15
       948.8   9.444e-15
       948.9   8.939e-15
       948.9   8.674e-15
         949   8.397e-15
         949   8.109e-15
       949.1   7.806e-15
       949.1   7.487e-15
       949.2    7.15e-15
       949.2   6.795e-15
       949.3   6.418e-15
       949.3    6.02e-15
       949.4   5.597e-15
       949.4   5.143e-15
       949.5   4.659e-15
       949.5   4.114e-15
       949.6   3.494e-15
       949.6    3.36e-15
       949.6   2.764e-15
       949.6   2.685e-15
       949.7   1.899e-15
       949.7   1.586e-15
       949.7   1.584e-15
       949.7    1.58e-15
       949.8   1.588e-15
       949.8   2.076e-15
       949.9   2.928e-15
       949.9   3.641e-15
         950    4.25e-15
         950   4.785e-15
       950.1   5.269e-15
       950.1   5.724e-15
       950.2    6.15e-15
       950.2   6.554e-15
       950.3   6.934e-15
       950.3   7.295e-15
       950.4   7.638e-15
       950.4   7.963e-15
       950.5   8.272e-15
       950.5   8.568e-15
       950.6   8.854e-15
       950.7   9.396e-15
       950.8   9.906e-15
       950.9   1.038e-14
         951   1.083e-14
       951.1   1.125e-14
       951.2   1.165e-14
       951.3   1.204e-14
       951.4   1.241e-14
       951.5   1.277e-14
       951.7   1.347e-14
       952.1   1.484e-14
       952.3   1.553e-14
       952.5   1.622e-14
       952.7   1.694e-14
       952.8   1.731e-14
       952.9   1.768e-14
         953   1.812e-14
       953.1   1.856e-14
       953.2   1.899e-14
       953.3   1.943e-14
       953.4   1.986e-14
       953.6   2.073e-14
       953.8   2.161e-14
         954   2.248e-14
       954.2   2.343e-14
       954.4    2.44e-14
       954.6   2.536e-14
       954.8    2.63e-14
       955.2   2.811e-14
       955.4     2.9e-14
       955.6   2.987e-14
       955.8   3.067e-14
         956   3.145e-14
       956.2    3.22e-14
       956.4   3.293e-14
       956.6   3.359e-14
       956.8   3.419e-14
       957.2   3.533e-14
       957.6   3.639e-14
         958   3.736e-14
       958.4   3.822e-14
       958.8   3.899e-14
       959.2   3.965e-14
       959.6   4.019e-14
         960   4.061e-14
       960.4    4.09e-14
       960.8   4.105e-14
       961.2   4.107e-14
       961.6   4.094e-14
         962   4.066e-14
       962.4   4.023e-14
       962.8   3.965e-14
       963.2   3.894e-14
       963.6    3.81e-14
         964   3.713e-14
       964.4   3.606e-14
       964.8   3.489e-14
       965.2   3.364e-14
       965.6   3.233e-14
         966   3.097e-14
       966.8   2.818e-14
       967.6   2.536e-14
         969   2.036e-14
       969.2   1.988e-14
       969.9   1.745e-14
       970.4   1.597e-14
       970.6   1.521e-14
       970.8   1.442e-14
       970.9   1.401e-14
         971   1.359e-14
       971.1   1.314e-14
       971.2   1.267e-14
       971.3   1.218e-14
       971.4   1.165e-14
       971.6   1.107e-14
       971.6   1.077e-14
       971.7   1.045e-14
       971.7   1.011e-14
       971.7   9.934e-15
       971.8   9.755e-15
       971.8   9.571e-15
       971.8   9.382e-15
       971.9   9.188e-15
       971.9   8.987e-15
       971.9   8.781e-15
       971.9   8.564e-15
         972    8.35e-15
         972   8.126e-15
         972   7.894e-15
         972   7.654e-15
       972.1   7.405e-15
       972.1    7.15e-15
       972.1   6.886e-15
       972.2   6.613e-15
       972.2   6.322e-15
       972.2   6.032e-15
       972.2   5.726e-15
       972.3   5.405e-15
       972.3    5.05e-15
       972.3   4.667e-15
       972.3   4.262e-15
       972.4   3.798e-15
       972.4   3.276e-15
       972.4   2.651e-15
       972.5   2.114e-15
       972.5   1.988e-15
       972.5   1.984e-15
       972.5   1.982e-15
       972.5   1.983e-15
       972.5   1.983e-15
       972.6   1.986e-15
       972.6   2.431e-15
       972.7   3.539e-15
       972.7   4.415e-15
       972.8    5.13e-15
       972.8   5.754e-15
       972.9   6.316e-15
       972.9   6.843e-15
         973   7.335e-15
         973     7.8e-15
       973.1    8.24e-15
       973.1   8.655e-15
       973.2   9.052e-15
       973.2   9.428e-15
       973.3   9.785e-15
       973.3   1.013e-14
       973.4   1.045e-14
       973.4   1.076e-14
       973.5   1.106e-14
       973.6   1.163e-14
       973.7   1.216e-14
       973.8   1.266e-14
       973.9   1.313e-14
         974   1.358e-14
       974.1   1.401e-14
       974.2   1.443e-14
       974.4   1.523e-14
       974.6   1.601e-14
         975   1.754e-14
       975.4   1.905e-14
       975.8   2.059e-14
       976.2   2.219e-14
       976.6   2.384e-14
         977   2.557e-14
       977.4   2.741e-14
       977.8   2.935e-14
       978.2   3.143e-14
       978.6   3.366e-14
       978.8   3.484e-14
         979   3.606e-14
       979.2   3.733e-14
       979.4   3.865e-14
       979.6   4.002e-14
       979.8   4.144e-14
         980   4.293e-14
       980.2   4.448e-14
       980.4    4.61e-14
       980.6   4.778e-14
       980.8   4.954e-14
         981   5.137e-14
       981.2   5.329e-14
       981.4   5.528e-14
       981.6   5.737e-14
       981.8   5.955e-14
         982   6.183e-14
       982.2   6.421e-14
       982.4   6.669e-14
       982.6   6.928e-14
       982.8   7.199e-14
         983   7.481e-14
       983.2   7.776e-14
       983.4   8.083e-14
       983.6   8.403e-14
       983.8   8.736e-14
         984   9.082e-14
       984.2   9.443e-14
       984.4   9.817e-14
       984.6   1.021e-13
       984.8   1.061e-13
         985   1.104e-13
       985.2   1.148e-13
       985.4   1.193e-13
       985.6    1.24e-13
       985.8   1.289e-13
         986    1.34e-13
       986.2   1.392e-13
       986.6   1.502e-13
         987   1.617e-13
       987.4   1.739e-13
       987.8   1.868e-13
       988.2   2.004e-13
       988.6   2.147e-13
         989   2.297e-13
       989.4   2.451e-13
       989.8   2.607e-13
       990.2   2.767e-13
       990.6    2.93e-13
         991   3.096e-13
       991.4   3.268e-13
       991.8   3.442e-13
       992.2   3.617e-13
       992.6   3.788e-13
         993   3.948e-13
       993.4   4.103e-13
       993.8    4.26e-13
       994.2   4.416e-13
       994.6   4.567e-13
         995   4.707e-13
       995.4   4.832e-13
       995.8    4.95e-13
       996.2   5.059e-13
       996.6   5.157e-13
         997   5.238e-13
       997.4   5.294e-13
       997.8   5.346e-13
       998.2   5.394e-13
       998.4   5.417e-13
       998.6   5.431e-13
       998.8   5.435e-13
         999   5.437e-13
       999.2   5.425e-13
       999.4   5.409e-13
       999.8    5.39e-13
        1000   5.372e-13
        1000   5.362e-13
        1001    5.34e-13
        1001   5.303e-13
        1001   5.263e-13
        1001   5.213e-13
        1001    5.16e-13
        1002   5.061e-13
        1002   4.963e-13
        1003   4.856e-13
        1003   4.731e-13
        1003   4.593e-13
        1004    4.45e-13
        1004   4.299e-13
        1005   4.141e-13
        1005   3.982e-13
        1006    3.65e-13
        1007   3.313e-13
        1007   2.987e-13
        1008   2.823e-13
        1008   2.661e-13
        1009   2.507e-13
        1009   2.361e-13
        1009    2.22e-13
        1010   2.082e-13
        1010   1.948e-13
        1010   1.883e-13
        1011   1.822e-13
        1011   1.763e-13
        1011   1.706e-13
        1011   1.647e-13
        1011   1.591e-13
        1012   1.537e-13
        1012   1.484e-13
        1012   1.434e-13
        1012   1.385e-13
        1013   1.291e-13
        1013   1.246e-13
        1013   1.204e-13
        1013   1.162e-13
        1013   1.123e-13
        1014   1.085e-13
        1014   1.047e-13
        1014   1.012e-13
        1014   9.771e-14
        1014   9.444e-14
        1015   9.129e-14
        1015   8.825e-14
        1015   8.539e-14
        1015   8.252e-14
        1015   7.983e-14
        1016   7.726e-14
        1016   7.478e-14
        1016   7.246e-14
        1016   7.012e-14
        1016   6.794e-14
        1017   6.583e-14
        1017   6.378e-14
        1017   6.188e-14
        1017   5.819e-14
        1018   5.479e-14
        1018   5.166e-14
        1019   4.876e-14
        1019   4.607e-14
        1019    4.35e-14
        1020    4.11e-14
        1020   3.884e-14
        1021   3.672e-14
        1021   3.471e-14
        1021   3.274e-14
        1022   3.085e-14
        1022   2.903e-14
        1023   2.726e-14
        1023   2.554e-14
        1023   2.376e-14
        1024   2.285e-14
        1024    2.19e-14
        1024   2.146e-14
        1024   2.123e-14
        1024   2.101e-14
        1024   2.073e-14
        1024   2.044e-14
        1024   2.016e-14
        1024   1.989e-14
        1024   1.962e-14
        1024   1.936e-14
        1024   1.909e-14
        1024   1.883e-14
        1024   1.856e-14
        1024   1.829e-14
        1025   1.798e-14
        1025   1.767e-14
        1025   1.702e-14
        1025   1.635e-14
        1025     1.6e-14
        1025   1.563e-14
        1025   1.524e-14
        1025   1.483e-14
        1025   1.441e-14
        1025   1.396e-14
        1025   1.346e-14
        1025   1.292e-14
        1025   1.232e-14
        1025   1.167e-14
        1025   1.095e-14
        1025   1.016e-14
        1025   9.295e-15
        1025    8.34e-15
        1026   7.278e-15
        1026   6.103e-15
        1026   4.817e-15
        1026   4.286e-15
        1026   4.055e-15
        1026   3.574e-15
        1026   3.208e-15
        1026   3.579e-15
        1026   4.836e-15
        1026   6.125e-15
        1026    7.31e-15
        1026   8.378e-15
        1026   9.345e-15
        1026   1.022e-14
        1026   1.102e-14
        1026   1.176e-14
        1026   1.242e-14
        1026   1.304e-14
        1026    1.36e-14
        1026   1.411e-14
        1026   1.458e-14
        1026   1.502e-14
        1027   1.543e-14
        1027   1.621e-14
        1027   1.691e-14
        1027   1.758e-14
        1027   1.822e-14
        1027   1.884e-14
        1027   1.938e-14
        1027   2.046e-14
        1027   2.103e-14
        1027   2.132e-14
        1028   2.159e-14
        1028   2.182e-14
        1028   2.205e-14
        1028   2.228e-14
        1028   2.251e-14
        1028   2.299e-14
        1028   2.399e-14
        1028   2.584e-14
        1029   2.767e-14
        1029    2.95e-14
        1030   3.133e-14
        1030   3.323e-14
        1030   3.414e-14
        1030   3.511e-14
        1031   3.614e-14
        1031   3.726e-14
        1031   3.849e-14
        1031   3.973e-14
        1031   4.111e-14
        1032   4.247e-14
        1032   4.529e-14
        1032   4.804e-14
        1033    5.09e-14
        1033   5.386e-14
        1034   5.695e-14
        1034    5.86e-14
        1034   5.946e-14
        1034   6.029e-14
        1034   6.089e-14
        1034   6.148e-14
        1034   6.208e-14
        1034   6.268e-14
        1035   6.327e-14
        1035   6.379e-14
        1035   6.431e-14
        1035   6.483e-14
        1035   6.534e-14
        1035   6.592e-14
        1035   6.674e-14
        1035   6.845e-14
        1035   6.935e-14
        1036   7.029e-14
        1036   7.137e-14
        1036    7.25e-14
        1036   7.368e-14
        1036    7.49e-14
        1036   7.621e-14
        1036   7.767e-14
        1036   7.921e-14
        1036   8.084e-14
        1036   8.257e-14
        1037   8.444e-14
        1037   8.659e-14
        1037    8.89e-14
        1037   9.139e-14
        1037   9.408e-14
        1037   9.692e-14
        1037   9.964e-14
        1037   1.026e-13
        1037   1.058e-13
        1037   1.092e-13
        1037    1.11e-13
        1038   1.127e-13
        1038   1.142e-13
        1038   1.157e-13
        1038   1.188e-13
        1038   1.222e-13
        1038   1.258e-13
        1038   1.329e-13
        1038   1.365e-13
        1038   1.404e-13
        1038   1.445e-13
        1039   1.487e-13
        1039   1.528e-13
        1039   1.571e-13
        1039   1.616e-13
        1039   1.664e-13
        1039   1.689e-13
        1039   1.713e-13
        1039   1.732e-13
        1039   1.752e-13
        1039   1.773e-13
        1039   1.793e-13
        1039   1.837e-13
        1039   1.881e-13
        1040   1.925e-13
        1040    1.96e-13
        1040   1.996e-13
        1040   2.033e-13
        1040    2.07e-13
        1040   2.108e-13
        1040   2.185e-13
        1040   2.265e-13
        1041   2.352e-13
        1041   2.447e-13
        1041   2.547e-13
        1041   2.753e-13
        1042   2.952e-13
        1042   3.143e-13
        1043   3.329e-13
        1043   3.424e-13
        1043   3.521e-13
        1043   3.625e-13
        1043   3.731e-13
        1044   3.842e-13
        1044   4.074e-13
        1044   4.318e-13
        1045   4.446e-13
        1045   4.578e-13
        1045   4.714e-13
        1045   4.863e-13
        1045   5.017e-13
        1046   5.181e-13
        1046   5.355e-13
        1046   5.535e-13
        1046   5.894e-13
        1047   6.064e-13
        1047   6.226e-13
        1047   6.389e-13
        1047   6.521e-13
        1047   6.654e-13
        1048   6.907e-13
        1048   7.034e-13
        1048   7.182e-13
        1048   7.331e-13
        1049   7.504e-13
        1049   7.694e-13
        1049    7.89e-13
        1049   8.101e-13
        1049   8.319e-13
        1050   8.523e-13
        1050   8.718e-13
        1050   8.816e-13
        1050    8.91e-13
        1050   8.981e-13
        1050   9.051e-13
        1050   9.122e-13
        1050   9.192e-13
        1051   9.258e-13
        1051   9.302e-13
        1051   9.346e-13
        1051   9.432e-13
        1051   9.564e-13
        1052   9.678e-13
        1052   9.783e-13
        1053   9.876e-13
        1053   9.943e-13
        1053    9.98e-13
        1054       1e-12
        1054   1.002e-12
        1055   1.007e-12
        1055   1.015e-12
        1055   1.023e-12
        1056   1.027e-12
        1056   1.029e-12
        1056    1.03e-12
        1056   1.028e-12
        1056   1.024e-12
        1057    1.02e-12
        1057   1.011e-12
        1057   1.002e-12
        1057   9.824e-13
        1058   9.723e-13
        1058   9.644e-13
        1058   9.564e-13
        1058   9.516e-13
        1058   9.489e-13
        1058   9.475e-13
        1059   9.467e-13
        1059   9.484e-13
        1059   9.502e-13
        1059   9.519e-13
        1059   9.536e-13
        1059   9.558e-13
        1059   9.604e-13
        1059   9.651e-13
        1059   9.745e-13
        1060   9.868e-13
        1060   1.001e-12
        1060   1.017e-12
        1060   1.036e-12
        1060   1.055e-12
        1061   1.078e-12
        1061   1.103e-12
        1061   1.129e-12
        1061   1.161e-12
        1061   1.195e-12
        1062   1.233e-12
        1062   1.275e-12
        1062   1.297e-12
        1062    1.32e-12
        1062   1.345e-12
        1062   1.372e-12
        1062   1.427e-12
        1063   1.486e-12
        1063    1.55e-12
        1063   1.617e-12
        1063   1.685e-12
        1064   1.827e-12
        1064   1.897e-12
        1064   1.934e-12
        1064   1.968e-12
        1064   2.001e-12
        1064   2.032e-12
        1064   2.064e-12
        1064   2.097e-12
        1065   2.129e-12
        1065   2.156e-12
        1065   2.183e-12
        1065   2.211e-12
        1065   2.238e-12
        1065   2.289e-12
        1065   2.336e-12
        1066   2.426e-12
        1066   2.514e-12
        1067   2.603e-12
        1067    2.69e-12
        1067    2.73e-12
        1067   2.768e-12
        1068   2.804e-12
        1068   2.829e-12
        1068   2.854e-12
        1068   2.866e-12
        1068   2.871e-12
        1068   2.873e-12
        1069   2.873e-12
        1069   2.866e-12
        1069   2.858e-12
        1069    2.85e-12
        1069   2.842e-12
        1069   2.832e-12
        1069   2.818e-12
        1069   2.802e-12
        1069   2.771e-12
        1070     2.7e-12
        1070   2.628e-12
        1071   2.563e-12
        1071   2.534e-12
        1071   2.508e-12
        1071   2.486e-12
        1071   2.466e-12
        1072   2.449e-12
        1072   2.434e-12
        1072    2.42e-12
        1072   2.392e-12
        1073   2.361e-12
        1073   2.322e-12
        1074   2.273e-12
        1074   2.214e-12
        1074   2.148e-12
        1075    2.08e-12
        1075   2.017e-12
        1075   1.988e-12
        1076   1.964e-12
        1076   1.942e-12
        1076   1.932e-12
        1076   1.924e-12
        1076   1.918e-12
        1076   1.913e-12
        1076   1.908e-12
        1076   1.903e-12
        1077   1.899e-12
        1077   1.901e-12
        1077   1.902e-12
        1077   1.905e-12
        1077   1.916e-12
        1077   1.933e-12
        1077   1.942e-12
        1078   1.953e-12
        1078   1.967e-12
        1078   1.983e-12
        1078   1.999e-12
        1078   2.015e-12
        1078   2.032e-12
        1078   2.055e-12
        1078   2.079e-12
        1078   2.127e-12
        1079   2.183e-12
        1079   2.245e-12
        1079   2.312e-12
        1079   2.386e-12
        1079   2.464e-12
        1080   2.548e-12
        1080   2.637e-12
        1080   2.731e-12
        1080   2.828e-12
        1080    2.93e-12
        1081   3.034e-12
        1081    3.25e-12
        1081   3.469e-12
        1082   3.686e-12
        1082   3.895e-12
        1083   4.093e-12
        1083   4.187e-12
        1083   4.279e-12
        1083   4.363e-12
        1083   4.446e-12
        1084   4.523e-12
        1084   4.595e-12
        1084   4.664e-12
        1084   4.788e-12
        1085   4.897e-12
        1085   4.995e-12
        1086    5.08e-12
        1086   5.153e-12
        1086   5.218e-12
        1087   5.276e-12
        1087   5.329e-12
        1088    5.42e-12
        1089   5.493e-12
        1090   5.557e-12
        1090   5.609e-12
        1091   5.652e-12
        1092   5.685e-12
        1093   5.711e-12
        1094   5.748e-12
        1096   5.769e-12
        1098   5.781e-12
        1099   5.781e-12
        1101   5.774e-12
        1104   5.743e-12
        1107   5.693e-12
        1110   5.624e-12
        1114   5.538e-12
        1117   5.443e-12
        1120   5.349e-12
        1123   5.258e-12
        1126   5.164e-12
        1130   5.058e-12
        1133   4.928e-12
        1136   4.782e-12
        1139   4.628e-12
        1142   4.471e-12
        1144   4.387e-12
        1146   4.295e-12
        1147   4.198e-12
        1149   4.096e-12
        1152   3.884e-12
        1155   3.662e-12
        1157   3.545e-12
        1158   3.424e-12
        1160   3.297e-12
        1162   3.167e-12
        1165   2.896e-12
        1168   2.619e-12
        1170   2.479e-12
        1171   2.334e-12
        1173   2.185e-12
        1174   2.032e-12
        1176    1.88e-12
        1178    1.73e-12
        1179   1.584e-12
        1181   1.439e-12
        1182   1.297e-12
        1183   1.227e-12
        1184   1.157e-12
        1185    1.09e-12
        1186   1.025e-12
        1186   9.612e-13
        1187   8.998e-13
        1188   8.406e-13
        1189   7.838e-13
        1190   7.289e-13
        1190   6.764e-13
        1191   6.261e-13
        1192   5.782e-13
        1192   5.553e-13
        1193   5.329e-13
        1193   5.114e-13
        1194   4.904e-13
        1194   4.701e-13
        1194   4.505e-13
        1195   4.315e-13
        1195   4.132e-13
        1196   3.956e-13
        1196   3.785e-13
        1196   3.621e-13
        1197   3.463e-13
        1197   3.312e-13
        1198   3.167e-13
        1198   3.028e-13
        1198   2.895e-13
        1199   2.768e-13
        1199   2.647e-13
        1200   2.532e-13
        1200   2.422e-13
        1200   2.317e-13
        1201   2.217e-13
        1201   2.122e-13
        1202   2.032e-13
        1202   1.945e-13
        1202   1.864e-13
        1203   1.786e-13
        1203   1.712e-13
        1204   1.643e-13
        1204   1.576e-13
        1204   1.514e-13
        1205   1.454e-13
        1205   1.397e-13
        1206   1.344e-13
        1206   1.292e-13
        1206   1.243e-13
        1207   1.196e-13
        1207   1.152e-13
        1208   1.109e-13
        1208   1.068e-13
        1208   1.029e-13
        1209   9.914e-14
        1209   9.552e-14
        1210   9.202e-14
        1210   8.535e-14
        1211   7.894e-14
        1212   7.622e-14
        1212   7.265e-14
        1213    6.82e-14
        1213    6.42e-14
        1213   6.216e-14
        1214   6.007e-14
        1214   5.788e-14
        1214   5.673e-14
        1214   5.613e-14
        1214    5.55e-14
        1214   5.516e-14
        1214   5.476e-14
        1214   5.426e-14
        1214   5.359e-14
        1214    5.25e-14
        1214   5.107e-14
        1214   4.978e-14
        1214   4.829e-14
        1214   4.663e-14
        1214   4.471e-14
        1214   4.264e-14
        1215   4.042e-14
        1215   3.823e-14
        1215   3.642e-14
        1215   3.471e-14
        1215   3.299e-14
        1215   3.134e-14
        1215   2.972e-14
        1215   2.816e-14
        1215    2.67e-14
        1215   2.561e-14
        1215   2.446e-14
        1215   2.316e-14
        1215   2.116e-14
        1215   1.902e-14
        1215   1.707e-14
        1215    1.52e-14
        1215   1.368e-14
        1215    1.27e-14
        1215   1.215e-14
        1215   1.181e-14
        1215   1.166e-14
        1215    1.16e-14
        1215   1.159e-14
        1215   1.158e-14
        1215   1.158e-14
        1215   1.159e-14
        1215   1.159e-14
        1215   1.159e-14
        1215   1.159e-14
        1215   1.159e-14
        1215    1.16e-14
        1216    1.16e-14
        1216    1.16e-14
        1216    1.16e-14
        1216    1.16e-14
        1216    1.16e-14
        1216   1.161e-14
        1216   1.161e-14
        1216   1.161e-14
        1216   1.162e-14
        1216   1.162e-14
        1216   1.163e-14
        1216   1.163e-14
        1216   1.164e-14
        1216   1.168e-14
        1216    1.19e-14
        1216   1.254e-14
        1216   1.402e-14
        1216   1.673e-14
        1216   1.981e-14
        1216   2.312e-14
        1217   2.518e-14
        1217   2.693e-14
        1217   2.924e-14
        1217   3.181e-14
        1217   3.439e-14
        1217   3.711e-14
        1217   4.024e-14
        1217   4.379e-14
        1217   4.693e-14
        1217   4.957e-14
        1217   5.167e-14
        1217   5.386e-14
        1217   5.506e-14
        1217    5.58e-14
        1217   5.636e-14
        1217   5.687e-14
        1217   5.735e-14
        1217   5.829e-14
        1218   6.008e-14
        1218   6.178e-14
        1218   6.343e-14
        1218   6.503e-14
        1219    6.82e-14
        1219   7.461e-14
        1220   8.115e-14
        1221   8.769e-14
        1221   9.108e-14
        1222   9.464e-14
        1222    9.84e-14
        1223   1.023e-13
        1223     1.1e-13
        1224   1.176e-13
        1225   1.215e-13
        1225   1.258e-13
        1225   1.303e-13
        1226   1.351e-13
        1226   1.402e-13
        1227   1.453e-13
        1227   1.503e-13
        1227    1.55e-13
        1228   1.594e-13
        1228   1.634e-13
        1229   1.675e-13
        1229   1.716e-13
        1229   1.762e-13
        1230   1.787e-13
        1230   1.813e-13
        1230   1.843e-13
        1230   1.876e-13
        1230   1.911e-13
        1231    1.95e-13
        1231   1.992e-13
        1231   2.037e-13
        1231   2.087e-13
        1231   2.139e-13
        1232   2.197e-13
        1232   2.258e-13
        1232   2.323e-13
        1232   2.391e-13
        1232   2.464e-13
        1233    2.54e-13
        1233   2.619e-13
        1233   2.702e-13
        1233   2.789e-13
        1233   2.878e-13
        1234   3.067e-13
        1234   3.267e-13
        1235   3.477e-13
        1235   3.696e-13
        1235   3.922e-13
        1236   4.154e-13
        1236   4.394e-13
        1237   4.638e-13
        1237   4.888e-13
        1237   5.147e-13
        1238   5.413e-13
        1238   5.691e-13
        1239   5.979e-13
        1239   6.279e-13
        1239   6.591e-13
        1240   6.912e-13
        1240   7.242e-13
        1241   7.926e-13
        1242   8.627e-13
        1243   9.351e-13
        1243   1.011e-12
        1244   1.089e-12
        1245   1.171e-12
        1246   1.254e-12
        1247   1.418e-12
        1249   1.578e-12
        1251   1.742e-12
        1251   1.821e-12
        1252   1.898e-12
        1253   1.972e-12
        1254   2.044e-12
        1255   2.185e-12
        1257   2.328e-12
        1258   2.396e-12
        1259   2.462e-12
        1259   2.523e-12
        1260   2.581e-12
        1261   2.639e-12
        1262   2.697e-12
        1263   2.811e-12
        1264   2.867e-12
        1265    2.92e-12
        1266   2.969e-12
        1267   3.014e-12
        1268   3.101e-12
        1270   3.183e-12
        1271   3.264e-12
        1273   3.339e-12
        1275   3.409e-12
        1276   3.473e-12
        1278   3.532e-12
        1281    3.64e-12
        1284   3.733e-12
        1287   3.811e-12
        1291   3.876e-12
        1294   3.926e-12
        1294   3.929e-12
        1297   3.964e-12
        1300   3.999e-12
        1305   4.051e-12
        1310   4.087e-12
        1312   4.104e-12
        1315   4.115e-12
        1318   4.124e-12
        1320   4.118e-12
        1325   4.103e-12
        1330   4.086e-12
        1335   4.072e-12
        1338   4.066e-12
        1340   4.061e-12
        1342   4.066e-12
        1345   4.071e-12
        1350   4.071e-12
        1355   4.056e-12
        1358   4.046e-12
        1360   4.031e-12
        1362   4.008e-12
        1365   3.971e-12
        1368   3.926e-12
        1370   3.878e-12
        1375   3.794e-12
        1378   3.757e-12
        1380   3.717e-12
        1382   3.672e-12
        1385   3.621e-12
        1388   3.569e-12
        1390   3.524e-12
        1391    3.51e-12
        1392   3.496e-12
        1394   3.494e-12
        1395   3.496e-12
        1396   3.497e-12
        1398   3.507e-12
        1399   3.523e-12
        1400   3.541e-12
        1402   3.589e-12
        1405   3.643e-12
        1408   3.695e-12
        1410    3.74e-12
        1412   3.776e-12
        1415   3.802e-12
        1418   3.817e-12
        1420   3.824e-12
        1422   3.824e-12
        1425   3.819e-12
        1430   3.799e-12
        1435   3.772e-12
        1445   3.713e-12
        1455    3.65e-12
        1465   3.586e-12
        1485   3.462e-12
        1505   3.344e-12
        1525    3.23e-12
        1545   3.121e-12
        1565   3.017e-12
        1585   2.918e-12
        1605   2.823e-12
        1625   2.733e-12
        1645   2.647e-12
        1665   2.565e-12
        1685   2.486e-12
        1705   2.411e-12
        1725   2.339e-12
        1745   2.269e-12
        1765   2.203e-12
        1785   2.139e-12
        1805   2.078e-12
        1825   2.019e-12
        1845   1.962e-12
        1865   1.908e-12
        1885   1.856e-12
        1905   1.806e-12
        1925   1.757e-12
        1945   1.711e-12
        1965   1.666e-12
        1985   1.623e-12
        2005   1.581e-12
        2025   1.541e-12
        2045   1.502e-12
        2065   1.464e-12
        2085   1.428e-12
        2105   1.393e-12
        2125   1.359e-12
        2145   1.327e-12
        2165   1.295e-12
        2185   1.265e-12
        2205   1.235e-12
        2225   1.206e-12
        2245   1.179e-12
        2265   1.152e-12
        2285   1.126e-12
        2305     1.1e-12
        2325   1.076e-12
        2345   1.052e-12
        2365   1.029e-12
        2385   1.007e-12
        2405   9.851e-13
        2425   9.641e-13
        2445   9.436e-13
        2465   9.237e-13
        2485   9.044e-13
        2505   8.857e-13
        2525   8.674e-13
        2545   8.497e-13
        2565   8.324e-13
        2585   8.156e-13
        2605   7.993e-13
        2625   7.835e-13
        2645    7.68e-13
        2665   7.529e-13
        2685   7.383e-13
        2705    7.24e-13
        2725   7.101e-13
        2745   6.965e-13
        2765   6.833e-13
        2785   6.704e-13
        2805   6.579e-13
        2825   6.456e-13
        2845   6.337e-13
        2865    6.22e-13
        2885   6.107e-13
        2905   5.996e-13
        2925   5.888e-13
        2945   5.782e-13
        2965   5.679e-13
        2985   5.578e-13
        3005    5.48e-13
        3025   5.384e-13
        3045    5.29e-13
        3065   5.199e-13
        3085   5.109e-13
        3105   5.021e-13
        3125   4.936e-13
        3145   4.852e-13
        3165    4.77e-13
        3185    4.69e-13
        3205   4.612e-13
        3225   4.536e-13
        3245   4.461e-13
        3265   4.387e-13
        3285   4.316e-13
        3305   4.245e-13
        3325   4.177e-13
        3345    4.11e-13
        3365   4.044e-13
        3385   3.979e-13
        3405   3.916e-13
        3425   3.854e-13
        3445   3.794e-13
        3465   3.735e-13
        3485   3.676e-13
        3505    3.62e-13
        3525   3.564e-13
        3545   3.509e-13
        3565   3.455e-13
        3585   3.403e-13
        3605   3.351e-13
        3625     3.3e-13
        3643   3.256e-13
        3644   3.252e-13
        3645   3.251e-13
        3647    3.24e-13
        3650   3.233e-13
        3660   3.208e-13
        3670   3.183e-13
        3676   3.167e-13
        3680   3.158e-13
        3680   3.158e-13
        3683    3.15e-13
        3684   3.148e-13
        3687    3.14e-13
        3688   3.138e-13
        3693   3.126e-13
        3698   3.113e-13
        3703   3.102e-13
        3704   3.099e-13
        3705   3.096e-13
        3707   3.091e-13
        3710   3.084e-13
        3712   3.081e-13
        3713   3.077e-13
        3716    3.07e-13
        3721   3.058e-13
        3722   3.057e-13
        3722   3.056e-13
        3723   3.054e-13
        3725    3.05e-13
        3728   3.042e-13
        3735   3.025e-13
        3742   3.011e-13
        3747   2.996e-13
        3749   2.989e-13
        3751   2.984e-13
        3755   2.982e-13
        3759   2.979e-13
        3761   2.973e-13
        3763   2.969e-13
        3766   2.953e-13
        3769   2.939e-13
        3770   2.932e-13
        3772   2.926e-13
        3773   2.929e-13
        3774   2.933e-13
        3776   2.938e-13
        3777   2.942e-13
        3778   2.945e-13
        3781   2.949e-13
        3784   2.946e-13
        3786   2.938e-13
        3789   2.922e-13
        3792     2.9e-13
        3794   2.872e-13
        3795   2.865e-13
        3797   2.844e-13
        3798   2.834e-13
        3799   2.828e-13
        3800   2.835e-13
        3801   2.844e-13
        3802   2.855e-13
        3804   2.877e-13
        3806   2.898e-13
        3808   2.917e-13
        3810   2.929e-13
        3812    2.94e-13
        3814   2.943e-13
        3816   2.944e-13
        3818   2.939e-13
        3820   2.926e-13
        3821   2.909e-13
        3823   2.887e-13
        3825   2.855e-13
        3827    2.82e-13
        3829   2.779e-13
        3831   2.735e-13
        3834   2.674e-13
        3835   2.645e-13
        3836   2.632e-13
        3836   2.626e-13
        3836   2.623e-13
        3837   2.627e-13
        3837   2.633e-13
        3837   2.639e-13
        3838   2.646e-13
        3838   2.654e-13
        3839    2.67e-13
        3840   2.703e-13
        3843    2.77e-13
        3845   2.835e-13
        3848   2.892e-13
        3851   2.938e-13
        3853   2.974e-13
        3856   2.999e-13
        3859    3.01e-13
        3861   3.013e-13
        3863   3.009e-13
        3864   3.002e-13
        3865    2.99e-13
        3867   2.974e-13
        3868   2.958e-13
        3869    2.94e-13
        3871   2.918e-13
        3872   2.892e-13
        3873   2.859e-13
        3875   2.824e-13
        3876   2.785e-13
        3877   2.749e-13
        3878   2.707e-13
        3880   2.659e-13
        3881   2.611e-13
        3882   2.563e-13
        3885   2.457e-13
        3885   2.447e-13
        3887   2.397e-13
        3888   2.346e-13
        3888   2.322e-13
        3889   2.298e-13
        3890   2.278e-13
        3890    2.27e-13
        3890   2.267e-13
        3890    2.27e-13
        3891   2.278e-13
        3891   2.287e-13
        3891   2.297e-13
        3892    2.32e-13
        3893   2.369e-13
        3896   2.471e-13
        3898   2.569e-13
        3900    2.66e-13
        3902   2.707e-13
        3903   2.752e-13
        3904   2.791e-13
        3905    2.83e-13
        3908    2.91e-13
        3910   2.976e-13
        3913   3.029e-13
        3915   3.079e-13
        3917    3.12e-13
        3920   3.148e-13
        3922   3.168e-13
        3925   3.182e-13
        3927   3.189e-13
        3930   3.188e-13
        3932    3.18e-13
        3934   3.163e-13
        3937   3.137e-13
        3939     3.1e-13
        3942   3.057e-13
        3944   3.001e-13
        3946   2.931e-13
        3949   2.852e-13
        3951   2.773e-13
        3953    2.73e-13
        3954   2.683e-13
        3955   2.633e-13
        3956   2.578e-13
        3957   2.528e-13
        3959   2.478e-13
        3960   2.423e-13
        3961   2.365e-13
        3963   2.252e-13
        3965   2.158e-13
        3966   2.133e-13
        3967   2.083e-13
        3968   2.008e-13
        3969   1.969e-13
        3970   1.927e-13
        3970   1.883e-13
        3971   1.837e-13
        3971   1.837e-13
        3971   1.837e-13
        3971   1.842e-13
        3971   1.848e-13
        3972   1.856e-13
        3972    1.87e-13
        3972   1.894e-13
        3973    1.94e-13
        3974   1.982e-13
        3975   2.023e-13
        3976   2.102e-13
        3978   2.176e-13
        3979   2.253e-13
        3981   2.323e-13
        3983   2.397e-13
        3984   2.466e-13
        3986   2.527e-13
        3987     2.6e-13
        3989   2.667e-13
        3991   2.727e-13
        3992   2.784e-13
        3995   2.894e-13
        3997   2.951e-13
        3999   3.002e-13
        4000   3.047e-13
        4002   3.087e-13
        4005   3.161e-13
        4008   3.222e-13
        4011   3.269e-13
        4015   3.306e-13
        4018   3.333e-13
        4021   3.353e-13
        4024   3.369e-13
        4027   3.379e-13
        4031   3.383e-13
        4034   3.383e-13
        4037   3.377e-13
        4040   3.367e-13
        4043   3.352e-13
        4047    3.33e-13
        4050     3.3e-13
        4053   3.262e-13
        4056   3.217e-13
        4059   3.163e-13
        4063   3.096e-13
        4066   3.016e-13
        4069   2.931e-13
        4072   2.839e-13
        4074   2.793e-13
        4075   2.743e-13
        4077   2.691e-13
        4079   2.634e-13
        4080   2.576e-13
        4082   2.519e-13
        4083   2.459e-13
        4085   2.398e-13
        4087   2.332e-13
        4088   2.261e-13
        4090   2.198e-13
        4091    2.13e-13
        4093   2.058e-13
        4095   1.987e-13
        4096   1.909e-13
        4098   1.835e-13
        4099   1.792e-13
        4099   1.752e-13
        4100   1.707e-13
        4101   1.659e-13
        4101   1.634e-13
        4102   1.606e-13
        4102   1.576e-13
        4102   1.572e-13
        4102   1.559e-13
        4103   1.545e-13
        4103    1.54e-13
        4103   1.536e-13
        4103   1.534e-13
        4103   1.534e-13
        4103   1.534e-13
        4103   1.534e-13
        4103   1.535e-13
        4103   1.538e-13
        4103   1.544e-13
        4103    1.56e-13
        4104   1.575e-13
        4104   1.605e-13
        4104   1.632e-13
        4105   1.656e-13
        4106   1.703e-13
        4106   1.746e-13
        4107   1.784e-13
        4108   1.825e-13
        4110   1.896e-13
        4111    1.97e-13
        4113   2.037e-13
        4114   2.105e-13
        4116   2.168e-13
        4118   2.226e-13
        4119   2.292e-13
        4121   2.353e-13
        4122   2.409e-13
        4124   2.464e-13
        4127   2.569e-13
        4130   2.668e-13
        4134   2.755e-13
        4137    2.84e-13
        4140   2.919e-13
        4143   2.995e-13
        4146   3.058e-13
        4150   3.111e-13
        4153   3.156e-13
        4156   3.196e-13
        4159   3.229e-13
        4162   3.255e-13
        4166   3.275e-13
        4169   3.292e-13
        4172   3.305e-13
        4178   3.323e-13
        4185   3.333e-13
        4191   3.337e-13
        4198   3.336e-13
        4204   3.331e-13
        4210   3.323e-13
        4217   3.313e-13
        4223     3.3e-13
        4230   3.283e-13
        4236   3.264e-13
        4242   3.241e-13
        4249   3.214e-13
        4255   3.179e-13
        4262   3.137e-13
        4268   3.085e-13
        4271   3.054e-13
        4274    3.02e-13
        4278   2.982e-13
        4281   2.939e-13
        4284   2.891e-13
        4287   2.842e-13
        4294   2.734e-13
        4297   2.677e-13
        4300   2.614e-13
        4303   2.547e-13
        4306   2.474e-13
        4310   2.397e-13
        4313   2.318e-13
        4316   2.233e-13
        4319   2.141e-13
        4322   2.045e-13
        4326   1.943e-13
        4329   1.837e-13
        4332   1.725e-13
        4334   1.669e-13
        4335   1.607e-13
        4337   1.543e-13
        4338   1.508e-13
        4338   1.472e-13
        4339   1.432e-13
        4340   1.409e-13
        4340   1.385e-13
        4340   1.355e-13
        4341    1.34e-13
        4341   1.321e-13
        4341   1.298e-13
        4341   1.285e-13
        4341    1.27e-13
        4341   1.252e-13
        4341   1.231e-13
        4341    1.22e-13
        4342    1.21e-13
        4342   1.202e-13
        4342     1.2e-13
        4342   1.197e-13
        4342   1.196e-13
        4342   1.195e-13
        4342   1.197e-13
        4342   1.204e-13
        4342   1.213e-13
        4342   1.223e-13
        4342   1.245e-13
        4342   1.263e-13
        4342    1.28e-13
        4342   1.293e-13
        4342   1.306e-13
        4343   1.326e-13
        4343   1.344e-13
        4343   1.358e-13
        4343   1.373e-13
        4344   1.398e-13
        4344   1.421e-13
        4344   1.441e-13
        4345   1.461e-13
        4346   1.496e-13
        4346    1.53e-13
        4348   1.592e-13
        4350    1.65e-13
        4351   1.703e-13
        4353   1.757e-13
        4356   1.856e-13
        4359   1.953e-13
        4362   2.042e-13
        4366   2.126e-13
        4369   2.203e-13
        4372   2.273e-13
        4375   2.339e-13
        4378     2.4e-13
        4382   2.458e-13
        4385   2.509e-13
        4388   2.556e-13
        4391   2.597e-13
        4398   2.674e-13
        4401   2.707e-13
        4404   2.738e-13
        4407   2.764e-13
        4410   2.787e-13
        4414   2.805e-13
        4417   2.821e-13
        4423   2.844e-13
        4430   2.859e-13
        4436   2.866e-13
        4442   2.869e-13
        4449   2.868e-13
        4455   2.865e-13
        4462    2.86e-13
        4468   2.853e-13
        4474   2.845e-13
        4481   2.836e-13
        4487   2.826e-13
        4494   2.816e-13
        4500   2.806e-13
        4506   2.795e-13
        4513   2.784e-13
        4519   2.773e-13
        4526   2.762e-13
        4532    2.75e-13
        4538   2.739e-13
        4545   2.727e-13
        4551   2.715e-13
        4558   2.704e-13
        4564   2.692e-13
        4570    2.68e-13
        4577   2.668e-13
        4583   2.656e-13
        4590   2.644e-13
        4596   2.632e-13
        4602    2.62e-13
        4609   2.608e-13
        4615   2.596e-13
        4622   2.584e-13
        4628   2.571e-13
        4634   2.559e-13
        4641   2.547e-13
        4647   2.534e-13
        4654   2.522e-13
        4660   2.509e-13
        4666   2.497e-13
        4673   2.483e-13
        4679    2.47e-13
        4686   2.456e-13
        4692   2.442e-13
        4698   2.428e-13
        4705   2.413e-13
        4711   2.397e-13
        4718    2.38e-13
        4724   2.363e-13
        4730   2.344e-13
        4737   2.324e-13
        4743   2.304e-13
        4750   2.282e-13
        4756   2.258e-13
        4762   2.231e-13
        4769   2.202e-13
        4775    2.17e-13
        4782   2.134e-13
        4788   2.094e-13
        4794   2.048e-13
        4801   1.997e-13
        4807   1.938e-13
        4814   1.873e-13
        4817   1.838e-13
        4820   1.801e-13
        4823   1.762e-13
        4826    1.72e-13
        4830   1.675e-13
        4833   1.628e-13
        4836   1.578e-13
        4839   1.526e-13
        4842   1.471e-13
        4846   1.413e-13
        4849   1.352e-13
        4852   1.288e-13
        4854   1.253e-13
        4855   1.218e-13
        4857    1.18e-13
        4858   1.159e-13
        4858   1.137e-13
        4859   1.114e-13
        4860   1.087e-13
        4860   1.072e-13
        4861   1.055e-13
        4861   1.045e-13
        4861   1.034e-13
        4861   1.022e-13
        4862   1.007e-13
        4862   9.991e-14
        4862   9.892e-14
        4862   9.777e-14
        4862   9.648e-14
        4862   9.483e-14
        4862   9.315e-14
        4862   9.108e-14
        4862   8.889e-14
        4862   8.778e-14
        4862   8.679e-14
        4863   8.599e-14
        4863   8.538e-14
        4863   8.502e-14
        4863    8.49e-14
        4863   8.502e-14
        4863   8.538e-14
        4863   8.599e-14
        4863   8.677e-14
        4863   8.776e-14
        4863   8.886e-14
        4863   9.104e-14
        4863    9.31e-14
        4863   9.478e-14
        4863    9.64e-14
        4863   9.769e-14
        4864   9.883e-14
        4864   9.981e-14
        4864   1.006e-13
        4864   1.014e-13
        4864   1.027e-13
        4864   1.038e-13
        4864   1.048e-13
        4865   1.066e-13
        4865   1.081e-13
        4866   1.095e-13
        4866   1.119e-13
        4867   1.141e-13
        4868   1.161e-13
        4870   1.198e-13
        4871   1.232e-13
        4873   1.264e-13
        4876   1.324e-13
        4879   1.379e-13
        4882   1.432e-13
        4886   1.481e-13
        4889   1.527e-13
        4892    1.57e-13
        4895   1.609e-13
        4898   1.646e-13
        4902    1.68e-13
        4905   1.711e-13
        4908    1.74e-13
        4911   1.766e-13
        4914    1.79e-13
        4921   1.832e-13
        4927   1.868e-13
        4934   1.896e-13
        4940   1.918e-13
        4946   1.935e-13
        4953   1.948e-13
        4959   1.958e-13
        4966   1.964e-13
        4972   1.968e-13
        4978    1.97e-13
        4985    1.97e-13
        4991    1.97e-13
        4995   1.969e-13
        4998   1.968e-13
        5000   1.967e-13
        5010   1.961e-13
        5020   1.954e-13
        5040   1.935e-13
        5060   1.914e-13
        5080    1.89e-13
        5100   1.867e-13
        5120   1.843e-13
        5140   1.819e-13
        5160   1.796e-13
        5180   1.772e-13
        5200   1.749e-13
        5220   1.726e-13
        5240   1.704e-13
        5260   1.682e-13
        5280    1.66e-13
        5300   1.638e-13
        5320   1.617e-13
        5340   1.596e-13
        5360   1.576e-13
        5380   1.556e-13
        5400   1.536e-13
        5420   1.517e-13
        5440   1.497e-13
        5460   1.478e-13
        5480    1.46e-13
        5500   1.441e-13
        5520   1.423e-13
        5540   1.405e-13
        5560   1.388e-13
        5580   1.371e-13
        5600   1.354e-13
        5620   1.337e-13
        5640    1.32e-13
        5660   1.304e-13
        5680   1.288e-13
        5700   1.273e-13
        5720   1.257e-13
        5740   1.242e-13
        5760   1.227e-13
        5780   1.212e-13
        5800   1.197e-13
        5820   1.183e-13
        5840   1.169e-13
        5860   1.155e-13
        5880   1.141e-13
        5900   1.128e-13
        5920   1.114e-13
        5940   1.101e-13
        5960   1.088e-13
        5980   1.075e-13
        6000   1.063e-13
        6020    1.05e-13
        6040   1.038e-13
        6060   1.026e-13
        6080   1.014e-13
        6100   1.002e-13
        6120   9.909e-14
        6140   9.794e-14
        6160    9.68e-14
        6180   9.567e-14
        6200   9.456e-14
        6220   9.345e-14
        6240   9.235e-14
        6260   9.125e-14
        6280   9.016e-14
        6300   8.907e-14
        6320   8.797e-14
        6340   8.685e-14
        6360   8.572e-14
        6380   8.454e-14
        6400   8.329e-14
        6420   8.191e-14
        6440   8.034e-14
        6450   7.943e-14
        6460   7.841e-14
        6470   7.725e-14
        6480   7.593e-14
        6490   7.441e-14
        6500   7.261e-14
        6505   7.159e-14
        6510   7.047e-14
        6515   6.924e-14
        6520   6.789e-14
        6525   6.641e-14
        6530   6.478e-14
        6535     6.3e-14
        6540   6.105e-14
        6545   5.891e-14
        6548   5.776e-14
        6550   5.655e-14
        6552   5.526e-14
        6555   5.386e-14
        6556    5.31e-14
        6558    5.23e-14
        6559   5.142e-14
        6560   5.044e-14
        6561   4.989e-14
        6561   4.928e-14
        6562   4.858e-14
        6562   4.817e-14
        6562    4.77e-14
        6563   4.714e-14
        6563   4.645e-14
        6563   4.544e-14
        6564   4.392e-14
        6564   4.118e-14
        6564   4.054e-14
        6564    4.01e-14
        6564   3.729e-14
        6565   3.636e-14
        6565   4.052e-14
        6566   4.467e-14
        6566   4.643e-14
        6567   4.743e-14
        6567   4.817e-14
        6568   4.877e-14
        6568   4.928e-14
        6569   5.014e-14
        6570    5.09e-14
        6571   5.158e-14
        6573   5.279e-14
        6575   5.387e-14
        6577   5.485e-14
        6579   5.576e-14
        6581   5.663e-14
        6585   5.822e-14
        6589   5.966e-14
        6593   6.097e-14
        6597   6.215e-14
        6601   6.322e-14
        6605   6.418e-14
        6609   6.505e-14
        6613   6.582e-14
        6617   6.651e-14
        6621   6.711e-14
        6629   6.812e-14
        6637    6.89e-14
        6645   6.948e-14
        6653    6.99e-14
        6661    7.02e-14
        6669    7.04e-14
        6677   7.052e-14
        6693   7.054e-14
        6709   7.036e-14
        6725   7.007e-14
        6741    6.97e-14
        6757   6.928e-14
        6773   6.882e-14
        6789   6.835e-14
        6805   6.785e-14
        6821   6.735e-14
        6837   6.684e-14
        6853   6.633e-14
        6869   6.582e-14
        6885    6.53e-14
        6901   6.479e-14
        6917   6.428e-14
        6933   6.377e-14
        6949   6.326e-14
        6965   6.276e-14
        6981   6.226e-14
        6997   6.176e-14
        7013   6.127e-14
        7029   6.078e-14
        7045    6.03e-14
        7061   5.982e-14
        7077   5.934e-14
        7093   5.887e-14
        7109    5.84e-14
        7125   5.794e-14
        7141   5.748e-14
        7157   5.702e-14
        7173   5.657e-14
        7189   5.613e-14
        7205   5.569e-14
        7221   5.525e-14
        7237   5.482e-14
        7253   5.439e-14
        7269   5.396e-14
        7285   5.354e-14
        7301   5.313e-14
        7317   5.271e-14
        7333   5.231e-14
        7349    5.19e-14
        7365   5.151e-14
        7381   5.111e-14
        7397   5.072e-14
        7413   5.033e-14
        7429   4.994e-14
        7445   4.956e-14
        7461   4.918e-14
        7477   4.881e-14
        7493   4.843e-14
        7509   4.807e-14
        7525    4.77e-14
        7541   4.734e-14
        7557   4.699e-14
        7573   4.663e-14
        7589   4.628e-14
        7605   4.593e-14
        7621   4.559e-14
        7637   4.525e-14
        7653   4.491e-14
        7669   4.458e-14
        7685   4.425e-14
        7701   4.392e-14
        7717   4.359e-14
        7733   4.327e-14
        7749   4.295e-14
        7765   4.264e-14
        7781   4.232e-14
        7797   4.201e-14
        7813   4.171e-14
        7829    4.14e-14
        7845    4.11e-14
        7861    4.08e-14
        7877    4.05e-14
        7893   4.021e-14
        7909   3.992e-14
        7925   3.963e-14
        7941   3.935e-14
        7957   3.906e-14
        7973   3.878e-14
        7989   3.851e-14
        8005   3.823e-14
        8021   3.796e-14
        8037   3.769e-14
        8053   3.742e-14
        8069   3.715e-14
        8085   3.689e-14
        8101   3.663e-14
        8117   3.637e-14
        8133   3.611e-14
        8149   3.586e-14
        8165   3.561e-14
        8181   3.536e-14
        8188   3.525e-14
        8197   3.511e-14
        8206   3.495e-14
        8224   3.467e-14
        8242    3.44e-14
        8260   3.413e-14
        8278   3.386e-14
        8296   3.359e-14
        8314   3.332e-14
        8332   3.306e-14
        8350    3.28e-14
        8368   3.254e-14
        8378    3.24e-14
        8387   3.229e-14
        8395   3.217e-14
        8406   3.201e-14
        8409   3.197e-14
        8411   3.195e-14
        8416   3.188e-14
        8425   3.176e-14
        8440   3.155e-14
        8442   3.152e-14
        8456   3.133e-14
        8470   3.115e-14
        8483   3.096e-14
        8490   3.088e-14
        8497   3.078e-14
        8505   3.068e-14
        8520   3.048e-14
        8522   3.046e-14
        8535   3.029e-14
        8548   3.012e-14
        8561   2.995e-14
        8574   2.978e-14
        8587   2.962e-14
        8599   2.946e-14
        8600   2.945e-14
        8601   2.944e-14
        8602   2.942e-14
        8606   2.938e-14
        8613   2.929e-14
        8627   2.912e-14
        8641   2.895e-14
        8642   2.894e-14
        8655   2.878e-14
        8667   2.863e-14
        8680   2.848e-14
        8693   2.833e-14
        8706   2.818e-14
        8719   2.802e-14
        8731   2.786e-14
        8736   2.781e-14
        8744   2.771e-14
        8753   2.761e-14
        8770   2.743e-14
        8787   2.724e-14
        8804   2.706e-14
        8821   2.687e-14
        8839   2.667e-14
        8846   2.658e-14
        8856   2.647e-14
        8865   2.637e-14
        8884    2.62e-14
        8903   2.603e-14
        8922   2.585e-14
        8941   2.563e-14
        8960   2.542e-14
        8979   2.519e-14
        8998   2.496e-14
        9016   2.473e-14
        9017   2.472e-14
        9017   2.471e-14
        9019    2.47e-14
        9022   2.469e-14
        9028   2.465e-14
        9039    2.46e-14
        9051   2.453e-14
        9063   2.447e-14
        9074   2.439e-14
        9086    2.43e-14
        9098   2.421e-14
        9109   2.411e-14
        9121     2.4e-14
        9133   2.388e-14
        9144   2.375e-14
        9156   2.362e-14
        9168   2.347e-14
        9180   2.331e-14
        9191   2.313e-14
        9203   2.295e-14
        9215   2.275e-14
        9221   2.265e-14
        9226   2.257e-14
        9232    2.25e-14
        9237   2.249e-14
        9242    2.25e-14
        9253   2.246e-14
        9263   2.246e-14
        9274   2.247e-14
        9284   2.247e-14
        9294   2.245e-14
        9305   2.243e-14
        9315   2.239e-14
        9326   2.235e-14
        9336    2.23e-14
        9347   2.224e-14
        9357   2.217e-14
        9368   2.209e-14
        9378     2.2e-14
        9389   2.191e-14
        9399   2.181e-14
        9410    2.17e-14
        9420   2.159e-14
        9431   2.147e-14
        9441   2.133e-14
        9452   2.117e-14
        9462   2.101e-14
        9473   2.084e-14
        9483   2.065e-14
        9494   2.044e-14
        9504    2.02e-14
        9515   1.996e-14
        9525   1.969e-14
        9536   1.942e-14
        9544    1.92e-14
        9546   1.913e-14
        9549   1.908e-14
        9551    1.91e-14
        9553   1.912e-14
        9558   1.918e-14
        9567   1.932e-14
        9586   1.954e-14
        9605   1.971e-14
        9623   1.982e-14
        9642   1.986e-14
        9661   1.987e-14
        9679   1.984e-14
        9698   1.979e-14
        9717   1.972e-14
        9735   1.963e-14
        9754   1.953e-14
        9773   1.941e-14
        9791   1.929e-14
        9810   1.915e-14
        9829     1.9e-14
        9847   1.885e-14
        9866   1.872e-14
        9885   1.851e-14
        9904   1.827e-14
        9922   1.802e-14
        9941   1.772e-14
        9960   1.737e-14
        9969   1.719e-14
        9978   1.699e-14
        9988   1.676e-14
        9994    1.66e-14
        9997   1.652e-14
       1e+04   1.644e-14
   1.001e+04   1.625e-14
   1.001e+04   1.605e-14
   1.002e+04   1.585e-14
   1.003e+04   1.562e-14
   1.003e+04    1.54e-14
   1.004e+04   1.516e-14
   1.004e+04   1.505e-14
   1.005e+04   1.493e-14
   1.005e+04   1.488e-14
   1.005e+04   1.483e-14
   1.005e+04    1.48e-14
   1.005e+04   1.481e-14
   1.005e+04   1.481e-14
   1.005e+04   1.481e-14
   1.005e+04    1.48e-14
   1.005e+04   1.479e-14
   1.006e+04    1.48e-14
   1.006e+04   1.484e-14
   1.006e+04   1.494e-14
   1.007e+04   1.515e-14
   1.008e+04   1.534e-14
   1.009e+04   1.553e-14
   1.009e+04   1.568e-14
    1.01e+04   1.583e-14
   1.011e+04   1.594e-14
   1.012e+04   1.606e-14
   1.013e+04   1.623e-14
   1.015e+04   1.635e-14
   1.017e+04   1.644e-14
   1.018e+04   1.648e-14
    1.02e+04    1.65e-14
   1.023e+04   1.649e-14
   1.026e+04   1.642e-14
   1.029e+04   1.631e-14
   1.033e+04   1.619e-14
   1.036e+04   1.604e-14
   1.039e+04   1.589e-14
   1.042e+04   1.574e-14
   1.045e+04   1.552e-14
   1.052e+04   1.518e-14
   1.058e+04   1.484e-14
   1.065e+04   1.445e-14
   1.068e+04   1.424e-14
   1.071e+04   1.402e-14
   1.074e+04   1.377e-14
   1.077e+04   1.348e-14
   1.079e+04   1.332e-14
   1.081e+04   1.313e-14
   1.082e+04   1.293e-14
   1.084e+04   1.271e-14
   1.085e+04   1.245e-14
   1.087e+04   1.217e-14
   1.089e+04   1.184e-14
   1.089e+04   1.166e-14
    1.09e+04   1.147e-14
   1.091e+04   1.126e-14
   1.092e+04   1.103e-14
   1.093e+04   1.078e-14
   1.093e+04   1.077e-14
   1.093e+04   1.064e-14
   1.093e+04   1.049e-14
   1.094e+04   1.041e-14
   1.094e+04   1.031e-14
   1.094e+04   1.026e-14
   1.094e+04   1.019e-14
   1.094e+04    1.01e-14
   1.094e+04   1.005e-14
   1.094e+04   1.001e-14
   1.094e+04   1.001e-14
   1.094e+04   1.004e-14
   1.094e+04    1.01e-14
   1.094e+04   1.015e-14
   1.094e+04   1.022e-14
   1.094e+04   1.028e-14
   1.095e+04   1.037e-14
   1.095e+04   1.044e-14
   1.095e+04   1.057e-14
   1.096e+04   1.068e-14
   1.096e+04   1.078e-14
   1.097e+04   1.095e-14
   1.098e+04   1.112e-14
   1.098e+04   1.125e-14
   1.099e+04   1.138e-14
     1.1e+04   1.148e-14
   1.101e+04   1.158e-14
   1.102e+04   1.174e-14
   1.104e+04   1.186e-14
   1.106e+04   1.196e-14
   1.107e+04   1.201e-14
   1.109e+04   1.205e-14
    1.11e+04   1.208e-14
   1.112e+04   1.208e-14
   1.115e+04   1.206e-14
   1.118e+04     1.2e-14
   1.122e+04   1.192e-14
   1.128e+04   1.173e-14
   1.134e+04   1.152e-14
   1.141e+04    1.13e-14
   1.147e+04   1.111e-14
   1.154e+04   1.088e-14
    1.16e+04   1.066e-14
   1.166e+04   1.044e-14
   1.173e+04   1.023e-14
   1.179e+04   1.003e-14
   1.186e+04   9.825e-15
   1.192e+04   9.629e-15
   1.198e+04   9.437e-15
   1.205e+04   9.233e-15
   1.211e+04   9.047e-15
   1.218e+04   8.865e-15
   1.224e+04   8.685e-15
    1.23e+04   8.507e-15
   1.237e+04   8.329e-15
   1.243e+04   8.148e-15
    1.25e+04   7.959e-15
   1.253e+04   7.858e-15
   1.256e+04   7.751e-15
   1.259e+04   7.634e-15
   1.262e+04   7.503e-15
   1.266e+04   7.352e-15
   1.267e+04   7.266e-15
   1.269e+04   7.172e-15
    1.27e+04   7.069e-15
   1.272e+04   6.953e-15
   1.274e+04   6.823e-15
   1.275e+04   6.678e-15
   1.277e+04   6.513e-15
   1.278e+04    6.42e-15
   1.278e+04    6.32e-15
   1.279e+04   6.209e-15
    1.28e+04   6.086e-15
    1.28e+04   6.014e-15
   1.281e+04   5.935e-15
   1.281e+04    5.89e-15
   1.281e+04   5.839e-15
   1.281e+04   5.781e-15
   1.282e+04   5.707e-15
   1.282e+04   5.618e-15
   1.282e+04   5.566e-15
   1.282e+04   5.544e-15
   1.282e+04    5.54e-15
   1.282e+04   5.572e-15
   1.282e+04   5.611e-15
   1.282e+04   5.571e-15
   1.282e+04   5.537e-15
   1.282e+04   5.537e-15
   1.282e+04   5.539e-15
   1.282e+04    5.56e-15
   1.282e+04   5.583e-15
   1.283e+04    5.63e-15
   1.283e+04   5.711e-15
   1.283e+04   5.772e-15
   1.283e+04   5.823e-15
   1.283e+04   5.865e-15
   1.284e+04   5.903e-15
   1.284e+04   5.967e-15
   1.284e+04   6.024e-15
   1.285e+04   6.071e-15
   1.286e+04   6.159e-15
   1.286e+04   6.234e-15
   1.287e+04     6.3e-15
   1.288e+04   6.357e-15
   1.289e+04   6.407e-15
    1.29e+04   6.493e-15
   1.292e+04   6.559e-15
   1.294e+04   6.611e-15
   1.295e+04   6.648e-15
   1.297e+04   6.675e-15
   1.298e+04   6.692e-15
     1.3e+04   6.701e-15
   1.303e+04   6.701e-15
   1.306e+04   6.684e-15
    1.31e+04   6.654e-15
   1.313e+04   6.615e-15
   1.316e+04   6.572e-15
   1.322e+04    6.48e-15
   1.329e+04   6.376e-15
   1.335e+04   6.269e-15
   1.342e+04   6.162e-15
   1.348e+04   6.056e-15
   1.354e+04   5.951e-15
   1.361e+04   5.848e-15
   1.367e+04   5.751e-15
   1.374e+04   5.655e-15
    1.38e+04   5.568e-15
   1.386e+04   5.483e-15
   1.393e+04     5.4e-15
   1.399e+04   5.318e-15
   1.406e+04   5.238e-15
   1.412e+04    5.16e-15
   1.418e+04   5.082e-15
   1.425e+04   5.007e-15
   1.431e+04   4.932e-15
   1.438e+04   4.859e-15
   1.444e+04   4.788e-15
    1.45e+04   4.718e-15
   1.457e+04   4.649e-15
   1.463e+04    4.58e-15
    1.47e+04   4.505e-15
   1.476e+04    4.43e-15
   1.482e+04   4.357e-15
   1.489e+04   4.286e-15
   1.495e+04   4.216e-15
   1.502e+04   4.148e-15
   1.507e+04   4.089e-15
   1.508e+04   4.081e-15
   1.509e+04   4.072e-15
    1.51e+04   4.056e-15
   1.513e+04   4.025e-15
   1.514e+04   4.023e-15
   1.514e+04   4.021e-15
   1.514e+04   4.016e-15
   1.515e+04   4.012e-15
   1.515e+04   4.006e-15
   1.517e+04   3.987e-15
    1.52e+04   3.961e-15
   1.523e+04    3.93e-15
   1.525e+04   3.912e-15
   1.526e+04   3.901e-15
   1.526e+04   3.893e-15
    1.53e+04   3.858e-15
   1.535e+04   3.815e-15
   1.543e+04   3.739e-15
   1.544e+04   3.731e-15
   1.544e+04   3.724e-15
   1.546e+04   3.709e-15
   1.549e+04   3.678e-15
   1.556e+04   3.621e-15
   1.556e+04   3.619e-15
   1.556e+04   3.617e-15
   1.557e+04   3.612e-15
   1.557e+04   3.609e-15
   1.558e+04   3.603e-15
    1.56e+04   3.585e-15
   1.564e+04   3.549e-15
   1.571e+04    3.49e-15
   1.577e+04   3.433e-15
    1.58e+04   3.414e-15
   1.584e+04   3.377e-15
   1.589e+04   3.341e-15
   1.597e+04   3.269e-15
   1.601e+04   3.239e-15
   1.606e+04     3.2e-15
   1.611e+04   3.161e-15
   1.616e+04   3.124e-15
   1.621e+04   3.087e-15
   1.626e+04    3.05e-15
   1.632e+04   3.012e-15
   1.632e+04   3.009e-15
   1.637e+04   2.973e-15
   1.641e+04   2.934e-15
   1.646e+04   2.909e-15
   1.651e+04   2.881e-15
    1.66e+04   2.818e-15
   1.669e+04   2.754e-15
   1.676e+04   2.702e-15
   1.678e+04   2.677e-15
    1.68e+04   2.664e-15
   1.681e+04   2.651e-15
   1.682e+04   2.648e-15
   1.684e+04   2.644e-15
   1.684e+04   2.644e-15
   1.684e+04   2.644e-15
   1.685e+04   2.641e-15
   1.686e+04   2.636e-15
   1.686e+04   2.636e-15
   1.689e+04   2.625e-15
   1.695e+04   2.597e-15
     1.7e+04   2.567e-15
   1.705e+04   2.536e-15
   1.711e+04   2.504e-15
   1.716e+04   2.472e-15
   1.721e+04    2.44e-15
   1.727e+04   2.408e-15
   1.727e+04   2.404e-15
   1.732e+04   2.375e-15
   1.737e+04   2.348e-15
   1.746e+04   2.301e-15
   1.756e+04   2.258e-15
   1.765e+04   2.213e-15
   1.775e+04   2.167e-15
   1.784e+04   2.121e-15
   1.794e+04   2.072e-15
   1.803e+04   2.016e-15
   1.807e+04   1.993e-15
   1.813e+04   1.961e-15
   1.815e+04   1.945e-15
   1.818e+04    1.93e-15
   1.818e+04    1.93e-15
   1.821e+04   1.922e-15
   1.823e+04   1.915e-15
   1.829e+04   1.898e-15
   1.834e+04   1.879e-15
    1.84e+04   1.858e-15
   1.845e+04   1.832e-15
    1.85e+04   1.803e-15
   1.853e+04   1.786e-15
   1.856e+04   1.766e-15
   1.859e+04   1.744e-15
   1.859e+04   1.744e-15
   1.861e+04   1.718e-15
   1.861e+04   1.718e-15
   1.864e+04   1.688e-15
   1.867e+04   1.653e-15
   1.868e+04   1.633e-15
   1.869e+04   1.611e-15
   1.869e+04   1.611e-15
   1.871e+04   1.586e-15
   1.871e+04   1.572e-15
   1.872e+04   1.557e-15
   1.873e+04    1.54e-15
   1.873e+04    1.52e-15
   1.873e+04    1.52e-15
   1.874e+04   1.508e-15
   1.874e+04   1.495e-15
   1.874e+04   1.479e-15
   1.875e+04   1.469e-15
   1.875e+04   1.457e-15
   1.875e+04   1.457e-15
   1.875e+04   1.442e-15
   1.875e+04   1.433e-15
   1.875e+04   1.423e-15
   1.875e+04   1.423e-15
   1.875e+04    1.41e-15
   1.875e+04   1.395e-15
   1.875e+04   1.385e-15
   1.875e+04   1.374e-15
   1.875e+04    1.36e-15
   1.875e+04   1.347e-15
   1.875e+04   1.343e-15
   1.875e+04   1.343e-15
   1.875e+04   1.343e-15
   1.875e+04    1.33e-15
   1.876e+04   1.322e-15
   1.876e+04   1.313e-15
   1.876e+04   1.296e-15
   1.876e+04   1.289e-15
   1.876e+04   1.285e-15
   1.876e+04    1.28e-15
   1.876e+04    1.28e-15
   1.876e+04    1.28e-15
   1.876e+04   1.289e-15
   1.876e+04   1.312e-15
   1.876e+04   1.338e-15
   1.876e+04   1.359e-15
   1.876e+04   1.374e-15
   1.876e+04   1.387e-15
   1.876e+04   1.397e-15
   1.876e+04   1.414e-15
   1.876e+04   1.426e-15
   1.876e+04   1.437e-15
   1.876e+04   1.453e-15
   1.877e+04   1.466e-15
   1.877e+04   1.475e-15
   1.877e+04   1.491e-15
   1.878e+04   1.503e-15
   1.878e+04   1.513e-15
   1.879e+04   1.531e-15
    1.88e+04   1.544e-15
    1.88e+04   1.555e-15
   1.882e+04   1.574e-15
   1.884e+04   1.589e-15
   1.885e+04   1.601e-15
   1.887e+04    1.61e-15
   1.888e+04   1.617e-15
    1.89e+04   1.622e-15
   1.893e+04   1.628e-15
   1.896e+04    1.63e-15
     1.9e+04   1.629e-15
   1.903e+04   1.623e-15
   1.906e+04   1.617e-15
   1.912e+04   1.599e-15
   1.919e+04   1.576e-15
   1.925e+04   1.551e-15
   1.932e+04   1.522e-15
   1.938e+04   1.489e-15
   1.944e+04   1.459e-15
   1.944e+04   1.456e-15
   1.945e+04   1.454e-15
   1.946e+04   1.452e-15
   1.949e+04   1.451e-15
   1.951e+04    1.45e-15
   1.957e+04   1.449e-15
   1.962e+04   1.444e-15
   1.967e+04   1.438e-15
   1.972e+04   1.429e-15
   1.977e+04    1.42e-15
   1.982e+04   1.409e-15
   1.987e+04   1.398e-15
   1.992e+04   1.387e-15
   1.997e+04   1.375e-15
   2.002e+04   1.363e-15
   2.008e+04    1.35e-15
   2.013e+04   1.338e-15
   2.018e+04   1.325e-15
   2.023e+04   1.313e-15
   2.028e+04   1.303e-15
   2.033e+04    1.29e-15
   2.038e+04   1.277e-15
   2.043e+04   1.265e-15
   2.048e+04   1.253e-15
   2.053e+04    1.24e-15
   2.058e+04   1.228e-15
   2.064e+04   1.216e-15
   2.069e+04   1.204e-15
   2.074e+04   1.193e-15
   2.079e+04   1.181e-15
   2.084e+04   1.169e-15
   2.089e+04   1.158e-15
   2.094e+04   1.146e-15
   2.099e+04   1.135e-15
   2.104e+04   1.123e-15
   2.109e+04   1.111e-15
   2.115e+04   1.099e-15
    2.12e+04   1.087e-15
   2.125e+04   1.074e-15
    2.13e+04   1.061e-15
   2.135e+04   1.047e-15
    2.14e+04   1.032e-15
   2.145e+04   1.016e-15
    2.15e+04   9.978e-16
   2.155e+04   9.771e-16
   2.158e+04   9.658e-16
    2.16e+04   9.531e-16
   2.162e+04   9.463e-16
   2.163e+04   9.387e-16
   2.164e+04   9.302e-16
   2.165e+04   9.255e-16
   2.165e+04   9.192e-16
   2.166e+04   9.153e-16
   2.166e+04    9.13e-16
   2.166e+04   9.112e-16
   2.166e+04   9.125e-16
   2.166e+04   9.143e-16
   2.166e+04   9.143e-16
   2.166e+04   9.143e-16
   2.167e+04   9.158e-16
   2.167e+04   9.172e-16
   2.167e+04   9.172e-16
   2.167e+04   9.194e-16
   2.168e+04   9.229e-16
   2.169e+04   9.277e-16
    2.17e+04   9.313e-16
   2.173e+04   9.365e-16
   2.176e+04   9.399e-16
   2.178e+04   9.422e-16
   2.181e+04   9.436e-16
   2.186e+04   9.442e-16
   2.192e+04   9.423e-16
   2.197e+04   9.389e-16
   2.202e+04   9.342e-16
   2.208e+04    9.29e-16
   2.213e+04   9.231e-16
   2.218e+04   9.167e-16
   2.224e+04   9.101e-16
   2.229e+04   9.033e-16
   2.234e+04   8.963e-16
   2.239e+04   8.893e-16
   2.245e+04   8.822e-16
    2.25e+04   8.751e-16
   2.255e+04    8.68e-16
   2.261e+04    8.61e-16
   2.266e+04   8.539e-16
   2.271e+04   8.469e-16
   2.277e+04     8.4e-16
   2.282e+04    8.33e-16
   2.287e+04    8.26e-16
   2.292e+04   8.187e-16
   2.298e+04   8.115e-16
   2.303e+04   8.044e-16
   2.308e+04   7.973e-16
   2.314e+04   7.902e-16
   2.319e+04   7.838e-16
   2.324e+04   7.769e-16
    2.33e+04     7.7e-16
   2.335e+04   7.632e-16
    2.34e+04   7.565e-16
   2.346e+04   7.499e-16
   2.351e+04   7.433e-16
   2.356e+04   7.368e-16
   2.361e+04   7.304e-16
   2.367e+04    7.24e-16
   2.372e+04   7.177e-16
   2.377e+04   7.115e-16
   2.383e+04   7.054e-16
   2.388e+04   6.993e-16
   2.393e+04   6.933e-16
   2.399e+04   6.873e-16
   2.404e+04   6.814e-16
   2.409e+04   6.756e-16
   2.414e+04   6.699e-16
    2.42e+04   6.642e-16
   2.425e+04   6.585e-16
    2.43e+04   6.529e-16
   2.436e+04   6.474e-16
   2.441e+04    6.42e-16
   2.446e+04   6.365e-16
   2.452e+04   6.312e-16
   2.457e+04   6.259e-16
   2.462e+04   6.207e-16
   2.468e+04   6.155e-16
   2.473e+04   6.103e-16
   2.478e+04   6.043e-16
   2.483e+04   5.992e-16
   2.489e+04   5.942e-16
   2.494e+04   5.892e-16
   2.499e+04   5.842e-16
   2.505e+04   5.793e-16
    2.51e+04   5.744e-16
   2.515e+04   5.695e-16
   2.521e+04   5.647e-16
   2.526e+04   5.598e-16
   2.531e+04    5.55e-16
   2.536e+04   5.502e-16
   2.542e+04   5.454e-16
   2.547e+04   5.406e-16
   2.552e+04   5.358e-16
   2.558e+04   5.309e-16
   2.563e+04   5.259e-16
   2.568e+04   5.208e-16
   2.574e+04   5.156e-16
   2.579e+04   5.101e-16
   2.584e+04   5.043e-16
    2.59e+04   4.982e-16
   2.595e+04   4.916e-16
     2.6e+04   4.843e-16
   2.605e+04   4.761e-16
   2.611e+04   4.667e-16
   2.613e+04   4.614e-16
   2.616e+04   4.554e-16
   2.617e+04   4.537e-16
   2.619e+04   4.487e-16
   2.619e+04   4.477e-16
    2.62e+04   4.445e-16
   2.621e+04   4.409e-16
   2.622e+04   4.369e-16
   2.623e+04   4.347e-16
   2.624e+04   4.324e-16
   2.624e+04   4.324e-16
   2.624e+04     4.3e-16
   2.625e+04   4.277e-16
   2.625e+04   4.277e-16
   2.625e+04   4.268e-16
   2.625e+04   4.267e-16
   2.625e+04   4.272e-16
   2.626e+04   4.286e-16
   2.626e+04   4.309e-16
   2.626e+04   4.322e-16
   2.626e+04   4.329e-16
   2.626e+04   4.322e-16
   2.626e+04   4.307e-16
   2.626e+04   4.307e-16
   2.626e+04   4.307e-16
   2.626e+04   4.293e-16
   2.626e+04   4.281e-16
   2.626e+04   4.281e-16
   2.626e+04   4.266e-16
   2.626e+04    4.26e-16
   2.627e+04   4.258e-16
   2.627e+04   4.259e-16
   2.627e+04   4.266e-16
   2.627e+04   4.274e-16
   2.628e+04   4.291e-16
   2.629e+04   4.322e-16
   2.631e+04   4.371e-16
   2.634e+04   4.403e-16
   2.636e+04    4.43e-16
   2.638e+04   4.449e-16
   2.641e+04   4.464e-16
   2.645e+04   4.485e-16
    2.65e+04   4.493e-16
   2.654e+04   4.493e-16
   2.659e+04   4.488e-16
   2.663e+04   4.477e-16
   2.672e+04   4.446e-16
   2.681e+04   4.406e-16
   2.691e+04    4.36e-16
     2.7e+04   4.311e-16
   2.709e+04    4.26e-16
   2.718e+04   4.209e-16
   2.727e+04   4.157e-16
   2.736e+04   4.105e-16
   2.745e+04   4.054e-16
   2.754e+04   4.003e-16
   2.763e+04   3.953e-16
   2.772e+04   3.904e-16
   2.781e+04   3.858e-16
    2.79e+04   3.809e-16
     2.8e+04   3.761e-16
   2.809e+04   3.713e-16
   2.818e+04   3.667e-16
   2.827e+04   3.621e-16
   2.836e+04   3.576e-16
   2.845e+04   3.531e-16
   2.854e+04   3.488e-16
   2.863e+04   3.445e-16
   2.872e+04   3.402e-16
   2.881e+04    3.36e-16
    2.89e+04   3.319e-16
     2.9e+04   3.279e-16
   2.909e+04   3.239e-16
   2.918e+04     3.2e-16
   2.927e+04   3.161e-16
   2.936e+04   3.123e-16
   2.945e+04   3.085e-16
   2.954e+04   3.048e-16
   2.963e+04   3.012e-16
   2.972e+04   2.976e-16
   2.981e+04   2.941e-16
    2.99e+04   2.906e-16
   2.999e+04   2.872e-16
