         900    3.11e-15
         900   3.111e-15
       900.1   3.112e-15
       900.1   3.113e-15
       900.2   3.114e-15
       900.2   3.115e-15
       900.2   3.117e-15
       900.3   3.118e-15
       900.3   3.119e-15
       900.4    3.12e-15
       900.4   3.121e-15
       900.4   3.122e-15
       900.5   3.123e-15
       900.5   3.124e-15
       900.5   3.125e-15
       900.6   3.126e-15
       900.6   3.127e-15
       900.7   3.128e-15
       900.7   3.129e-15
       900.7    3.13e-15
       900.8   3.131e-15
       900.8   3.133e-15
       900.9   3.134e-15
       900.9   3.135e-15
       900.9   3.136e-15
         901   3.137e-15
         901   3.138e-15
       901.1   3.139e-15
       901.1    3.14e-15
       901.1   3.141e-15
       901.2   3.142e-15
       901.2   3.143e-15
       901.2   3.144e-15
       901.3   3.145e-15
       901.3   3.146e-15
       901.4   3.148e-15
       901.4   3.149e-15
       901.4    3.15e-15
       901.5   3.151e-15
       901.5   3.152e-15
       901.6   3.153e-15
       901.6   3.154e-15
       901.6   3.155e-15
       901.7   3.156e-15
       901.7   3.157e-15
       901.8   3.158e-15
       901.8   3.159e-15
       901.8    3.16e-15
       901.9   3.162e-15
       901.9   3.163e-15
         902   3.164e-15
         902   3.165e-15
         902   3.166e-15
       902.1   3.167e-15
       902.1   3.168e-15
       902.1   3.169e-15
       902.2    3.17e-15
       902.2   3.171e-15
       902.3   3.172e-15
       902.3   3.173e-15
       902.3   3.174e-15
       902.4   3.175e-15
       902.4   3.177e-15
       902.5   3.178e-15
       902.5   3.179e-15
       902.5    3.18e-15
       902.6   3.181e-15
       902.6   3.182e-15
       902.7   3.183e-15
       902.7   3.184e-15
       902.7   3.185e-15
       902.8   3.186e-15
       902.8   3.187e-15
       902.9   3.188e-15
       902.9    3.19e-15
       902.9   3.191e-15
         903   3.192e-15
         903   3.193e-15
         903   3.194e-15
       903.1   3.195e-15
       903.1   3.196e-15
       903.2   3.197e-15
       903.2   3.198e-15
       903.2   3.199e-15
       903.3     3.2e-15
       903.3   3.201e-15
       903.4   3.203e-15
       903.4   3.204e-15
       903.4   3.205e-15
       903.5   3.206e-15
       903.5   3.207e-15
       903.6   3.208e-15
       903.6   3.209e-15
       903.6    3.21e-15
       903.7   3.211e-15
       903.7   3.212e-15
       903.8   3.213e-15
       903.8   3.215e-15
       903.8   3.216e-15
       903.9   3.217e-15
       903.9   3.218e-15
       903.9   3.219e-15
         904    3.22e-15
         904   3.221e-15
       904.1   3.222e-15
       904.1   3.223e-15
       904.1   3.224e-15
       904.2   3.225e-15
       904.2   3.226e-15
       904.3   3.228e-15
       904.3   3.229e-15
       904.3    3.23e-15
       904.4   3.231e-15
       904.4   3.232e-15
       904.5   3.233e-15
       904.5   3.234e-15
       904.5   3.235e-15
       904.6   3.236e-15
       904.6   3.237e-15
       904.6   3.238e-15
       904.7    3.24e-15
       904.7   3.241e-15
       904.8   3.242e-15
       904.8   3.243e-15
       904.8   3.244e-15
       904.9   3.245e-15
       904.9   3.246e-15
         905   3.247e-15
         905   3.248e-15
       905.1   3.251e-15
       905.2   3.255e-15
       905.5   3.264e-15
       906.2   3.281e-15
       907.4   3.317e-15
         908   3.334e-15
       909.9   3.388e-15
       911.8   3.459e-15
       912.8   3.486e-15
       913.2   3.503e-15
       913.5   3.515e-15
       913.7   3.534e-15
       913.9   3.563e-15
       914.1   3.584e-15
       914.2   3.609e-15
       914.3   3.638e-15
       914.4   3.673e-15
       914.5   3.712e-15
       914.6   3.757e-15
       914.8   3.806e-15
       914.9    3.86e-15
         915    3.92e-15
       915.1   3.984e-15
       915.2   4.052e-15
       915.4   4.125e-15
       915.5   4.201e-15
       915.6   4.281e-15
       915.7   4.366e-15
       915.8   4.453e-15
       915.9   4.545e-15
       916.1   4.638e-15
       916.2   4.735e-15
       916.3   4.834e-15
       916.4   4.936e-15
       916.5    5.04e-15
       916.7   5.146e-15
       916.8   5.254e-15
       916.9   5.365e-15
         917   5.475e-15
       917.1   5.588e-15
       917.2   5.701e-15
       917.4   5.815e-15
       917.5    5.93e-15
       917.6   6.043e-15
       917.8   6.267e-15
         918   6.376e-15
       918.1   6.478e-15
       918.2   6.571e-15
       918.3   6.648e-15
       918.4   6.677e-15
       918.4   6.697e-15
       918.5   6.701e-15
       918.5   6.688e-15
       918.6   6.654e-15
       918.6   6.627e-15
       918.7   6.591e-15
       918.7   6.543e-15
       918.7   6.481e-15
       918.8   6.404e-15
       918.8   6.313e-15
       918.8   6.205e-15
       918.8   6.077e-15
       918.9   5.933e-15
       918.9   5.769e-15
       918.9    5.58e-15
         919   5.363e-15
         919   5.142e-15
         919   4.932e-15
       919.1   4.705e-15
       919.1   4.448e-15
       919.1   4.179e-15
       919.1   3.914e-15
       919.2    3.63e-15
       919.2   3.329e-15
       919.2    3.02e-15
       919.3   2.728e-15
       919.3   2.494e-15
       919.3   2.458e-15
       919.3   2.355e-15
       919.3   2.269e-15
       919.4    2.19e-15
       919.4   2.357e-15
       919.5   2.795e-15
       919.5   3.324e-15
       919.6    3.84e-15
       919.6   4.308e-15
       919.7   4.781e-15
       919.7   5.193e-15
       919.8   5.622e-15
       919.8   6.021e-15
       919.9   6.353e-15
       919.9    6.65e-15
         920   6.889e-15
         920   7.077e-15
       920.1   7.209e-15
       920.1   7.283e-15
       920.2   7.309e-15
       920.2   7.291e-15
       920.3   7.222e-15
       920.3   7.094e-15
       920.4   6.904e-15
       920.4    6.66e-15
       920.5   6.375e-15
       920.5   6.054e-15
       920.6    5.68e-15
       920.6   5.253e-15
       920.7    4.84e-15
       920.7   4.376e-15
       920.8   3.893e-15
       920.8   3.375e-15
       920.9   2.803e-15
       920.9   2.313e-15
       920.9   2.211e-15
       920.9    2.09e-15
         921   2.058e-15
         921   2.049e-15
         921   2.213e-15
       921.1   2.678e-15
       921.1   3.249e-15
       921.2   3.793e-15
       921.2   4.284e-15
       921.3   4.781e-15
       921.3   5.233e-15
       921.4   5.697e-15
       921.4   6.139e-15
       921.5   6.534e-15
       921.5   6.928e-15
       921.6   7.296e-15
       921.6   7.638e-15
       921.7   7.934e-15
       921.7   8.188e-15
       921.8   8.406e-15
       921.8     8.6e-15
       921.9   8.758e-15
       921.9   8.874e-15
         922   8.952e-15
         922       9e-15
       922.1   9.015e-15
       922.1   8.998e-15
       922.2   8.945e-15
       922.2   8.856e-15
       922.3   8.727e-15
       922.3   8.558e-15
       922.4   8.347e-15
       922.4   8.123e-15
       922.5   7.855e-15
       922.5   7.551e-15
       922.6   7.203e-15
       922.6   6.842e-15
       922.7   6.458e-15
       922.7   6.061e-15
       922.8   5.622e-15
       922.8   5.161e-15
       922.9   4.684e-15
       922.9   4.166e-15
         923   3.661e-15
         923   3.522e-15
         923   3.077e-15
         923   3.002e-15
       923.1   2.482e-15
       923.1   2.094e-15
       923.1   1.979e-15
       923.2   2.099e-15
       923.2   2.489e-15
       923.3   3.008e-15
       923.3   3.532e-15
       923.4       4e-15
       923.4   4.456e-15
       923.5   4.902e-15
       923.5   5.325e-15
       923.5   5.745e-15
       923.6   6.148e-15
       923.6   6.521e-15
       923.7    6.89e-15
       923.7   7.254e-15
       923.8   7.616e-15
       923.8    7.96e-15
       923.9   8.285e-15
       923.9   8.588e-15
       923.9    8.87e-15
         924   9.158e-15
         924   9.425e-15
       924.1   9.672e-15
       924.1   9.899e-15
       924.2   1.011e-14
       924.2   1.029e-14
       924.2   1.046e-14
       924.3   1.061e-14
       924.3   1.075e-14
       924.4   1.087e-14
       924.4   1.097e-14
       924.5   1.105e-14
       924.5   1.112e-14
       924.5   1.118e-14
       924.6   1.126e-14
       924.7   1.128e-14
       924.8   1.127e-14
       924.8   1.124e-14
       924.9    1.12e-14
       924.9   1.114e-14
       924.9   1.107e-14
         925   1.098e-14
         925   1.087e-14
       925.1   1.074e-14
       925.1    1.06e-14
       925.2   1.043e-14
       925.2   1.025e-14
       925.3   1.004e-14
       925.3   9.814e-15
       925.3   9.575e-15
       925.4   9.318e-15
       925.4   9.042e-15
       925.5   8.764e-15
       925.5   8.472e-15
       925.6   8.158e-15
       925.6   7.827e-15
       925.6   7.475e-15
       925.7   7.121e-15
       925.7   6.753e-15
       925.8   6.381e-15
       925.8   5.985e-15
       925.9   5.567e-15
       925.9   5.133e-15
         926   4.683e-15
         926    4.19e-15
         926   3.697e-15
       926.1   3.163e-15
       926.1   2.618e-15
       926.2   2.151e-15
       926.2   2.096e-15
       926.2   1.997e-15
       926.2   1.975e-15
       926.2   1.966e-15
       926.3   2.098e-15
       926.3    2.62e-15
       926.4   3.246e-15
       926.4   3.857e-15
       926.5   4.425e-15
       926.5    4.97e-15
       926.6   5.481e-15
       926.6   5.975e-15
       926.7   6.443e-15
       926.7   6.881e-15
       926.8    7.32e-15
       926.8   7.749e-15
       926.9   8.169e-15
       926.9   8.566e-15
         927   8.944e-15
         927   9.306e-15
       927.1   9.674e-15
       927.1   1.002e-14
       927.2   1.036e-14
       927.2   1.069e-14
       927.3   1.099e-14
       927.3   1.127e-14
       927.4   1.155e-14
       927.4    1.18e-14
       927.5   1.204e-14
       927.6   1.248e-14
       927.7   1.286e-14
       927.8   1.319e-14
       927.9   1.347e-14
         928   1.371e-14
       928.1   1.391e-14
       928.2   1.407e-14
       928.3   1.419e-14
       928.4   1.428e-14
       928.5   1.433e-14
       928.6   1.435e-14
       928.7   1.433e-14
       928.7    1.43e-14
       928.8   1.427e-14
       928.8   1.421e-14
       928.9   1.414e-14
         929   1.395e-14
       929.1   1.371e-14
       929.2   1.342e-14
       929.3   1.306e-14
       929.4   1.265e-14
       929.5   1.219e-14
       929.6   1.171e-14
       929.7    1.12e-14
       929.7   1.093e-14
       929.8   1.064e-14
       929.8   1.034e-14
       929.9   1.001e-14
       929.9   9.665e-15
         930   9.308e-15
         930   8.946e-15
       930.1   8.563e-15
       930.1   8.162e-15
       930.2    7.74e-15
       930.2   7.312e-15
       930.3   6.869e-15
       930.3   6.407e-15
       930.4   5.921e-15
       930.4   5.402e-15
       930.5   4.865e-15
       930.5   4.275e-15
       930.6   3.653e-15
       930.6   3.292e-15
       930.6   2.987e-15
       930.6   2.794e-15
       930.7   2.319e-15
       930.7   2.113e-15
       930.7    2.06e-15
       930.7   2.013e-15
       930.8   2.115e-15
       930.8   2.671e-15
       930.9   3.354e-15
       930.9   4.009e-15
         931   4.618e-15
         931   5.185e-15
       931.1   5.721e-15
       931.1   6.231e-15
       931.2   6.715e-15
       931.2   7.175e-15
       931.3   7.624e-15
       931.3   8.063e-15
       931.4    8.49e-15
       931.4   8.898e-15
       931.5   9.289e-15
       931.5   9.666e-15
       931.6   1.004e-14
       931.6    1.04e-14
       931.7   1.075e-14
       931.7   1.108e-14
       931.8   1.139e-14
       931.9   1.199e-14
         932   1.255e-14
       932.1   1.316e-14
       932.2   1.373e-14
       932.3   1.427e-14
       932.4   1.478e-14
       932.5   1.525e-14
       932.6   1.571e-14
       932.7   1.613e-14
       932.8   1.649e-14
       932.9   1.682e-14
         933   1.713e-14
       933.1   1.741e-14
       933.2   1.768e-14
       933.3   1.792e-14
       933.4   1.815e-14
       933.5   1.834e-14
       933.6    1.85e-14
       933.7   1.864e-14
       933.8   1.878e-14
         934   1.898e-14
       934.2   1.911e-14
       934.4   1.915e-14
       934.5   1.913e-14
       934.6    1.91e-14
       934.7   1.903e-14
       934.8   1.892e-14
       934.9   1.878e-14
         935   1.861e-14
       935.1    1.84e-14
       935.2   1.819e-14
       935.3   1.794e-14
       935.4   1.767e-14
       935.5   1.736e-14
       935.6   1.702e-14
       935.7   1.665e-14
       935.8   1.624e-14
       935.9   1.586e-14
         936   1.547e-14
       936.1   1.507e-14
       936.2   1.464e-14
       936.3   1.419e-14
       936.4   1.372e-14
       936.5   1.322e-14
       936.6   1.269e-14
       936.7   1.211e-14
       936.8   1.149e-14
       936.9   1.081e-14
         937    1.01e-14
         937   9.723e-15
       937.1   9.336e-15
       937.1   8.933e-15
       937.2   8.512e-15
       937.2   8.071e-15
       937.3   7.612e-15
       937.3   7.135e-15
       937.4   6.638e-15
       937.4   6.117e-15
       937.5   5.568e-15
       937.5    4.99e-15
       937.6   4.348e-15
       937.6   3.649e-15
       937.7   2.891e-15
       937.7   2.247e-15
       937.8   2.201e-15
       937.8   2.137e-15
       937.8   2.136e-15
       937.8   2.136e-15
       937.9   2.203e-15
       937.9   2.798e-15
         938   3.565e-15
         938   4.278e-15
       938.1   4.933e-15
       938.1   5.525e-15
       938.2   6.085e-15
       938.2   6.618e-15
       938.3   7.128e-15
       938.3   7.617e-15
       938.4   8.089e-15
       938.4   8.544e-15
       938.5    8.98e-15
       938.5   9.398e-15
       938.6     9.8e-15
       938.6   1.019e-14
       938.7   1.094e-14
       938.8   1.165e-14
       938.9   1.231e-14
         939   1.294e-14
       939.1   1.352e-14
       939.2   1.408e-14
       939.3   1.461e-14
       939.5   1.564e-14
       939.7   1.663e-14
       939.9   1.767e-14
       940.1   1.871e-14
       940.3   1.971e-14
       940.5   2.065e-14
       940.7   2.163e-14
       940.9   2.256e-14
       941.1    2.34e-14
       941.3   2.419e-14
       941.5   2.493e-14
       941.7   2.559e-14
       941.9    2.62e-14
       942.1   2.675e-14
       942.3   2.721e-14
       942.5   2.763e-14
       942.7   2.801e-14
       942.9   2.836e-14
       943.1   2.866e-14
       943.3    2.89e-14
       943.5    2.91e-14
       943.7   2.924e-14
       943.9   2.933e-14
       944.1   2.933e-14
       944.3   2.925e-14
       944.5    2.91e-14
       944.7   2.886e-14
       944.9   2.853e-14
       945.1   2.809e-14
       945.3   2.756e-14
       945.5   2.695e-14
       945.7   2.631e-14
       945.9   2.561e-14
       946.1   2.484e-14
       946.3   2.404e-14
       946.5   2.317e-14
       946.9   2.145e-14
       947.3   1.976e-14
       947.5    1.89e-14
       947.7   1.801e-14
       947.9    1.71e-14
       948.1   1.614e-14
       948.2   1.564e-14
       948.3   1.512e-14
       948.4   1.457e-14
       948.5   1.429e-14
       948.5     1.4e-14
       948.6    1.37e-14
       948.6   1.338e-14
       948.7   1.306e-14
       948.7   1.273e-14
       948.8   1.238e-14
       948.8   1.202e-14
       948.9   1.165e-14
       948.9   1.127e-14
         949   1.087e-14
         949   1.047e-14
       949.1   1.004e-14
       949.1   9.604e-15
       949.2   9.144e-15
       949.2   8.665e-15
       949.3   8.167e-15
       949.3   7.644e-15
       949.4   7.103e-15
       949.4   6.533e-15
       949.5   5.937e-15
       949.5   5.294e-15
       949.6   4.568e-15
       949.6   3.757e-15
       949.7   2.848e-15
       949.7   2.692e-15
       949.7   2.423e-15
       949.7     2.4e-15
       949.7   2.387e-15
       949.8   2.425e-15
       949.8   3.038e-15
       949.9   3.933e-15
       949.9    4.73e-15
         950   5.445e-15
         950   6.085e-15
       950.1   6.686e-15
       950.1   7.258e-15
       950.2   7.806e-15
       950.2   8.333e-15
       950.3   8.839e-15
       950.3   9.325e-15
       950.4   9.793e-15
       950.4   1.024e-14
       950.5   1.067e-14
       950.5   1.109e-14
       950.6   1.149e-14
       950.7   1.227e-14
       950.8     1.3e-14
       950.9   1.369e-14
         951   1.433e-14
       951.1   1.494e-14
       951.2   1.552e-14
       951.3   1.607e-14
       951.4   1.662e-14
       951.5   1.714e-14
       951.7   1.817e-14
       952.1   2.018e-14
       952.3   2.118e-14
       952.5   2.219e-14
       952.7   2.327e-14
       952.9   2.438e-14
       953.1   2.558e-14
       953.3   2.679e-14
       953.7   2.927e-14
       953.9   3.054e-14
       954.1   3.187e-14
       954.3   3.328e-14
       954.5   3.469e-14
       954.9   3.745e-14
       955.1    3.88e-14
       955.3   4.012e-14
       955.5   4.141e-14
       955.7   4.258e-14
       955.9   4.367e-14
       956.1   4.472e-14
       956.3   4.574e-14
       956.5    4.67e-14
       956.7    4.76e-14
       956.9   4.845e-14
       957.3   5.005e-14
       957.7   5.153e-14
       958.1   5.287e-14
       958.5   5.407e-14
       958.9   5.512e-14
       959.3   5.602e-14
       959.7   5.674e-14
       960.1   5.728e-14
       960.5   5.763e-14
       960.9   5.778e-14
       961.3   5.772e-14
       961.7   5.746e-14
       962.1   5.698e-14
       962.5    5.63e-14
       962.9    5.54e-14
       963.3   5.431e-14
       963.7   5.303e-14
       964.1   5.158e-14
       964.5   4.998e-14
       964.9   4.825e-14
       965.3   4.642e-14
       965.7   4.449e-14
       966.1   4.251e-14
       966.9   3.845e-14
       967.7   3.439e-14
       968.5   3.041e-14
       969.3   2.653e-14
       970.1   2.265e-14
       970.5   2.065e-14
       970.7   1.962e-14
       970.9   1.853e-14
         971   1.797e-14
       971.1   1.739e-14
       971.2   1.678e-14
       971.3   1.614e-14
       971.4   1.547e-14
       971.5   1.475e-14
       971.6   1.398e-14
       971.6   1.357e-14
       971.7   1.314e-14
       971.7    1.27e-14
       971.8   1.225e-14
       971.8   1.177e-14
       971.9   1.127e-14
       971.9   1.075e-14
         972   1.021e-14
         972   9.646e-15
       972.1   9.057e-15
       972.1   8.443e-15
       972.2   7.796e-15
       972.2   7.115e-15
       972.3   6.381e-15
       972.3   5.543e-15
       972.4    4.56e-15
       972.4     3.4e-15
       972.4   3.274e-15
       972.5   2.946e-15
       972.5   2.943e-15
       972.5   2.939e-15
       972.6   2.948e-15
       972.6    3.55e-15
       972.7   4.695e-15
       972.7   5.664e-15
       972.8     6.5e-15
       972.8   7.236e-15
       972.9   7.921e-15
       972.9   8.573e-15
         973   9.193e-15
         973    9.79e-15
       973.1   1.036e-14
       973.1   1.091e-14
       973.2   1.144e-14
       973.2   1.195e-14
       973.3   1.244e-14
       973.3   1.291e-14
       973.4   1.336e-14
       973.4    1.38e-14
       973.5   1.422e-14
       973.6   1.501e-14
       973.7   1.576e-14
       973.8   1.647e-14
       973.9   1.714e-14
         974   1.778e-14
       974.1    1.84e-14
       974.2     1.9e-14
       974.4   2.016e-14
       974.6   2.129e-14
       974.8   2.239e-14
       975.2   2.457e-14
       975.6   2.676e-14
         976   2.899e-14
       976.4    3.13e-14
       976.8   3.372e-14
       977.2   3.627e-14
       977.6   3.898e-14
       977.8    4.04e-14
         978   4.187e-14
       978.2    4.34e-14
       978.4   4.498e-14
       978.6   4.662e-14
       978.8   4.832e-14
         979   5.009e-14
       979.2   5.193e-14
       979.4   5.384e-14
       979.6   5.583e-14
       979.8    5.79e-14
         980   6.006e-14
       980.2    6.23e-14
       980.4   6.464e-14
       980.6   6.708e-14
       980.8   6.962e-14
         981   7.227e-14
       981.2   7.503e-14
       981.4   7.791e-14
       981.6   8.092e-14
       981.8   8.404e-14
         982    8.73e-14
       982.2    9.07e-14
       982.4   9.423e-14
       982.6   9.791e-14
       982.8   1.017e-13
         983   1.057e-13
       983.2   1.099e-13
       983.4   1.142e-13
       983.6   1.186e-13
       983.8   1.233e-13
         984   1.281e-13
       984.2    1.33e-13
       984.4   1.382e-13
       984.6   1.435e-13
       984.8    1.49e-13
         985   1.548e-13
       985.2   1.607e-13
       985.6   1.731e-13
         986   1.863e-13
       986.4   2.002e-13
       986.8   2.148e-13
       987.2     2.3e-13
       987.6    2.46e-13
         988   2.626e-13
       988.4   2.801e-13
       988.8   2.982e-13
       989.2   3.169e-13
         990    3.55e-13
       990.8    3.94e-13
       991.6   4.344e-13
         992   4.548e-13
       992.4    4.75e-13
       992.8   4.941e-13
       993.2   5.123e-13
       993.6   5.301e-13
         994   5.481e-13
       994.4   5.657e-13
       994.8   5.821e-13
       995.2   5.971e-13
       995.6   6.108e-13
         996   6.237e-13
       996.4   6.354e-13
       996.8   6.453e-13
       997.2    6.53e-13
       997.6   6.591e-13
         998   6.645e-13
       998.4   6.698e-13
       998.8   6.719e-13
       999.2   6.707e-13
       999.6   6.679e-13
        1000   6.658e-13
        1000   6.649e-13
        1000   6.638e-13
        1001   6.612e-13
        1001   6.572e-13
        1001   6.527e-13
        1001   6.472e-13
        1001   6.413e-13
        1002   6.356e-13
        1002   6.303e-13
        1002   6.247e-13
        1002   6.134e-13
        1003   6.001e-13
        1003   5.853e-13
        1004   5.694e-13
        1004   5.529e-13
        1004   5.349e-13
        1005   5.167e-13
        1006   4.787e-13
        1006   4.397e-13
        1007   4.003e-13
        1008   3.615e-13
        1008   3.424e-13
        1009   3.239e-13
        1009   3.062e-13
        1010    2.89e-13
        1010    2.72e-13
        1010   2.636e-13
        1010   2.554e-13
        1011   2.476e-13
        1011     2.4e-13
        1011   2.327e-13
        1011   2.252e-13
        1012   2.108e-13
        1012   1.973e-13
        1012   1.846e-13
        1013   1.784e-13
        1013   1.723e-13
        1013   1.666e-13
        1013    1.61e-13
        1013   1.557e-13
        1014   1.505e-13
        1014   1.453e-13
        1014   1.404e-13
        1014   1.357e-13
        1014   1.311e-13
        1015   1.267e-13
        1015   1.225e-13
        1015   1.185e-13
        1015   1.144e-13
        1015   1.106e-13
        1016    1.07e-13
        1016   1.035e-13
        1016   1.002e-13
        1016   9.688e-14
        1016   9.376e-14
        1017   9.074e-14
        1017   8.782e-14
        1017   8.506e-14
        1017   8.234e-14
        1017   7.978e-14
        1018   7.729e-14
        1018    7.49e-14
        1018   7.265e-14
        1018    6.83e-14
        1019   6.424e-14
        1019   6.047e-14
        1020   5.695e-14
        1020   5.366e-14
        1020   5.052e-14
        1021   4.755e-14
        1021   4.473e-14
        1022   4.205e-14
        1022   3.948e-14
        1022   3.695e-14
        1023   3.196e-14
        1024   2.945e-14
        1024   2.812e-14
        1024   2.749e-14
        1024   2.716e-14
        1024   2.683e-14
        1024   2.645e-14
        1024   2.606e-14
        1024   2.567e-14
        1024   2.528e-14
        1024   2.491e-14
        1024   2.453e-14
        1024   2.416e-14
        1024    2.38e-14
        1024   2.343e-14
        1024   2.304e-14
        1025   2.262e-14
        1025   2.218e-14
        1025   2.174e-14
        1025   2.129e-14
        1025   2.083e-14
        1025   2.037e-14
        1025   1.938e-14
        1025    1.83e-14
        1025   1.774e-14
        1025   1.714e-14
        1025   1.648e-14
        1025   1.578e-14
        1025     1.5e-14
        1025   1.418e-14
        1025   1.329e-14
        1025   1.232e-14
        1025    1.13e-14
        1025   1.019e-14
        1026   9.008e-15
        1026   7.742e-15
        1026   6.388e-15
        1026   5.836e-15
        1026   5.565e-15
        1026    5.07e-15
        1026   4.564e-15
        1026   5.039e-15
        1026   6.398e-15
        1026   7.755e-15
        1026   9.035e-15
        1026   1.023e-14
        1026   1.134e-14
        1026   1.238e-14
        1026   1.336e-14
        1026   1.427e-14
        1026   1.511e-14
        1026    1.59e-14
        1026   1.664e-14
        1026   1.731e-14
        1026   1.794e-14
        1026   1.852e-14
        1027   1.907e-14
        1027    1.96e-14
        1027   2.061e-14
        1027   2.154e-14
        1027   2.244e-14
        1027   2.331e-14
        1027   2.411e-14
        1027   2.485e-14
        1027    2.56e-14
        1027   2.637e-14
        1027   2.717e-14
        1028   2.787e-14
        1028   2.851e-14
        1028   2.984e-14
        1028   3.246e-14
        1029   3.763e-14
        1030   4.268e-14
        1030   4.527e-14
        1030   4.664e-14
        1031    4.81e-14
        1031   4.968e-14
        1031   5.139e-14
        1031   5.316e-14
        1031   5.514e-14
        1032   5.697e-14
        1032   5.891e-14
        1032   6.089e-14
        1032   6.281e-14
        1032   6.482e-14
        1033   6.681e-14
        1033   6.885e-14
        1033   7.095e-14
        1033   7.301e-14
        1033   7.516e-14
        1034   7.738e-14
        1034   7.972e-14
        1034    8.09e-14
        1034    8.19e-14
        1034   8.274e-14
        1034   8.358e-14
        1034   8.442e-14
        1034   8.526e-14
        1035   8.603e-14
        1035   8.749e-14
        1035   8.821e-14
        1035   8.894e-14
        1035   8.994e-14
        1035   9.111e-14
        1035   9.231e-14
        1035   9.354e-14
        1035   9.481e-14
        1036   9.624e-14
        1036   9.778e-14
        1036   9.939e-14
        1036   1.011e-13
        1036   1.028e-13
        1036   1.048e-13
        1036   1.068e-13
        1036   1.091e-13
        1036   1.114e-13
        1036   1.138e-13
        1037   1.166e-13
        1037   1.197e-13
        1037    1.23e-13
        1037   1.266e-13
        1037   1.304e-13
        1037   1.342e-13
        1037    1.38e-13
        1037   1.422e-13
        1037   1.466e-13
        1037   1.514e-13
        1038   1.557e-13
        1038   1.599e-13
        1038   1.688e-13
        1038   1.783e-13
        1038    1.83e-13
        1038   1.879e-13
        1038   1.931e-13
        1038   1.986e-13
        1039    2.04e-13
        1039   2.094e-13
        1039   2.151e-13
        1039   2.211e-13
        1039   2.274e-13
        1039   2.329e-13
        1039    2.38e-13
        1039   2.489e-13
        1039   2.545e-13
        1040   2.594e-13
        1040   2.639e-13
        1040   2.685e-13
        1040   2.731e-13
        1040   2.778e-13
        1040   2.825e-13
        1040   2.921e-13
        1040   3.021e-13
        1041   3.131e-13
        1041   3.248e-13
        1041    3.37e-13
        1041   3.618e-13
        1042   3.856e-13
        1042   4.079e-13
        1043   4.298e-13
        1043   4.524e-13
        1043   4.769e-13
        1044   5.029e-13
        1044   5.302e-13
        1045   5.589e-13
        1045   5.738e-13
        1045   5.896e-13
        1045   6.062e-13
        1045   6.235e-13
        1046    6.42e-13
        1046   6.613e-13
        1046   6.809e-13
        1046   7.004e-13
        1046   7.204e-13
        1047   7.382e-13
        1047   7.559e-13
        1047   7.726e-13
        1047    7.87e-13
        1047   8.014e-13
        1048   8.286e-13
        1048   8.428e-13
        1048   8.586e-13
        1048   8.748e-13
        1049   8.939e-13
        1049   9.142e-13
        1049   9.576e-13
        1050   1.001e-12
        1050   1.021e-12
        1050    1.04e-12
        1050   1.055e-12
        1050   1.069e-12
        1051   1.079e-12
        1051   1.089e-12
        1051   1.103e-12
        1052   1.115e-12
        1052   1.126e-12
        1052   1.136e-12
        1053   1.143e-12
        1053   1.148e-12
        1054    1.15e-12
        1054   1.152e-12
        1054   1.157e-12
        1055   1.165e-12
        1055   1.173e-12
        1056   1.179e-12
        1056   1.181e-12
        1056    1.18e-12
        1056   1.176e-12
        1056   1.172e-12
        1057   1.164e-12
        1057   1.155e-12
        1057   1.145e-12
        1057   1.124e-12
        1058   1.116e-12
        1058   1.108e-12
        1058   1.102e-12
        1058   1.099e-12
        1058   1.096e-12
        1059   1.098e-12
        1059   1.102e-12
        1059   1.108e-12
        1059   1.117e-12
        1059   1.127e-12
        1060   1.141e-12
        1060   1.156e-12
        1060   1.173e-12
        1060   1.192e-12
        1060   1.213e-12
        1061   1.237e-12
        1061   1.263e-12
        1061   1.291e-12
        1061   1.324e-12
        1061   1.358e-12
        1062   1.398e-12
        1062   1.441e-12
        1062   1.488e-12
        1062   1.541e-12
        1062   1.596e-12
        1063   1.656e-12
        1063    1.72e-12
        1063   1.786e-12
        1063   1.923e-12
        1064    2.06e-12
        1064   2.128e-12
        1064   2.188e-12
        1064   2.251e-12
        1065   2.305e-12
        1065   2.358e-12
        1065   2.454e-12
        1066   2.542e-12
        1066   2.626e-12
        1066    2.71e-12
        1067   2.792e-12
        1067   2.867e-12
        1067   2.903e-12
        1068   2.927e-12
        1068    2.95e-12
        1068   2.966e-12
        1068   2.971e-12
        1068   2.973e-12
        1068   2.975e-12
        1069   2.971e-12
        1069   2.964e-12
        1069   2.949e-12
        1069    2.93e-12
        1069   2.902e-12
        1069   2.873e-12
        1070   2.805e-12
        1070   2.738e-12
        1071   2.677e-12
        1071   2.626e-12
        1071   2.588e-12
        1072   2.558e-12
        1072   2.531e-12
        1073   2.503e-12
        1073   2.469e-12
        1073   2.425e-12
        1074   2.371e-12
        1074    2.31e-12
        1075   2.245e-12
        1075   2.183e-12
        1075   2.154e-12
        1075   2.126e-12
        1076   2.104e-12
        1076   2.084e-12
        1076   2.067e-12
        1076   2.058e-12
        1076   2.049e-12
        1077   2.049e-12
        1077   2.052e-12
        1077   2.059e-12
        1077   2.076e-12
        1077   2.084e-12
        1077   2.093e-12
        1078   2.105e-12
        1078    2.12e-12
        1078   2.136e-12
        1078   2.151e-12
        1078   2.167e-12
        1078   2.187e-12
        1078   2.209e-12
        1078   2.255e-12
        1079   2.306e-12
        1079   2.365e-12
        1079   2.426e-12
        1079   2.495e-12
        1079   2.569e-12
        1080   2.647e-12
        1080    2.73e-12
        1080   2.818e-12
        1080   2.908e-12
        1081   3.099e-12
        1081     3.3e-12
        1081   3.502e-12
        1082   3.702e-12
        1082   3.898e-12
        1083   4.081e-12
        1083   4.253e-12
        1083   4.406e-12
        1084   4.545e-12
        1084   4.669e-12
        1085   4.777e-12
        1085   4.874e-12
        1085   4.957e-12
        1086    5.03e-12
        1086   5.093e-12
        1087   5.151e-12
        1087   5.202e-12
        1088   5.289e-12
        1089   5.359e-12
        1089   5.419e-12
        1090   5.468e-12
        1091    5.51e-12
        1092   5.541e-12
        1093   5.566e-12
        1094     5.6e-12
        1096   5.619e-12
        1097   5.629e-12
        1099   5.628e-12
        1101   5.621e-12
        1104   5.588e-12
        1107   5.538e-12
        1110   5.474e-12
        1113   5.393e-12
        1117   5.302e-12
        1120   5.211e-12
        1123   5.122e-12
        1126   5.032e-12
        1129   4.933e-12
        1133   4.815e-12
        1136   4.679e-12
        1139   4.536e-12
        1142   4.389e-12
        1145   4.228e-12
        1149   4.046e-12
        1152   3.851e-12
        1155   3.647e-12
        1157    3.54e-12
        1158   3.429e-12
        1160   3.312e-12
        1161   3.191e-12
        1165    2.94e-12
        1168   2.684e-12
        1169   2.554e-12
        1171    2.42e-12
        1173    2.28e-12
        1174   2.135e-12
        1177   1.849e-12
        1181    1.57e-12
        1182   1.431e-12
        1184   1.294e-12
        1185   1.226e-12
        1185    1.16e-12
        1186   1.096e-12
        1187   1.034e-12
        1188   9.733e-13
        1189   9.143e-13
        1189   8.569e-13
        1190   8.015e-13
        1191   7.478e-13
        1192   6.962e-13
        1193   6.467e-13
        1193   5.996e-13
        1194   5.549e-13
        1195   5.125e-13
        1195   4.923e-13
        1196   4.725e-13
        1196   4.535e-13
        1197    4.35e-13
        1197   4.171e-13
        1197   3.999e-13
        1198   3.831e-13
        1198   3.672e-13
        1199   3.517e-13
        1199   3.369e-13
        1199   3.227e-13
        1200   3.089e-13
        1200   2.958e-13
        1201   2.831e-13
        1201    2.71e-13
        1201   2.594e-13
        1202   2.484e-13
        1202   2.378e-13
        1203   2.277e-13
        1203   2.181e-13
        1203    2.09e-13
        1204   2.003e-13
        1204    1.92e-13
        1205   1.841e-13
        1205   1.766e-13
        1205   1.694e-13
        1206   1.626e-13
        1206   1.561e-13
        1207   1.499e-13
        1207   1.439e-13
        1207   1.383e-13
        1208   1.329e-13
        1208   1.277e-13
        1209   1.227e-13
        1209    1.18e-13
        1209   1.134e-13
        1210    1.09e-13
        1210   1.047e-13
        1211   9.647e-14
        1212   8.847e-14
        1213   8.058e-14
        1213   7.663e-14
        1213   7.261e-14
        1214   7.054e-14
        1214    6.84e-14
        1214   6.616e-14
        1214   6.498e-14
        1214   6.437e-14
        1214   6.371e-14
        1214   6.292e-14
        1214   6.173e-14
        1214   5.954e-14
        1214   5.725e-14
        1214   5.437e-14
        1214   5.087e-14
        1215   4.677e-14
        1215   4.298e-14
        1215   3.985e-14
        1215   3.682e-14
        1215   3.396e-14
        1215   3.134e-14
        1215   2.946e-14
        1215    2.74e-14
        1215   2.444e-14
        1215   2.142e-14
        1215   1.846e-14
        1215   1.642e-14
        1215   1.535e-14
        1215   1.485e-14
        1215    1.47e-14
        1215   1.466e-14
        1215   1.466e-14
        1215   1.467e-14
        1215   1.467e-14
        1216   1.468e-14
        1216   1.469e-14
        1216   1.469e-14
        1216   1.469e-14
        1216   1.469e-14
        1216    1.47e-14
        1216   1.471e-14
        1216   1.471e-14
        1216   1.471e-14
        1216   1.472e-14
        1216   1.476e-14
        1216    1.49e-14
        1216   1.537e-14
        1216   1.639e-14
        1216   1.834e-14
        1216   2.129e-14
        1216   2.434e-14
        1216   2.737e-14
        1217   2.946e-14
        1217   3.136e-14
        1217   3.389e-14
        1217   3.679e-14
        1217   3.981e-14
        1217   4.297e-14
        1217   4.668e-14
        1217   5.088e-14
        1217   5.454e-14
        1217   5.754e-14
        1217   5.993e-14
        1217   6.226e-14
        1217   6.357e-14
        1217   6.443e-14
        1217   6.512e-14
        1217   6.636e-14
        1217   6.754e-14
        1218   6.979e-14
        1218   7.193e-14
        1218     7.4e-14
        1218   7.602e-14
        1219       8e-14
        1219   8.801e-14
        1220   9.609e-14
        1221   1.002e-13
        1221   1.043e-13
        1221   1.086e-13
        1222   1.131e-13
        1222   1.178e-13
        1223   1.226e-13
        1223   1.321e-13
        1224   1.368e-13
        1224   1.416e-13
        1225   1.466e-13
        1225    1.52e-13
        1225   1.578e-13
        1226   1.639e-13
        1226   1.703e-13
        1227   1.767e-13
        1227   1.829e-13
        1227   1.887e-13
        1228   1.939e-13
        1228   1.989e-13
        1229    2.04e-13
        1229   2.092e-13
        1229   2.151e-13
        1230   2.184e-13
        1230   2.217e-13
        1230   2.256e-13
        1230   2.297e-13
        1230   2.341e-13
        1231   2.391e-13
        1231   2.443e-13
        1231     2.5e-13
        1231   2.561e-13
        1231   2.625e-13
        1232   2.695e-13
        1232   2.768e-13
        1232   2.846e-13
        1232   2.928e-13
        1232   3.014e-13
        1233   3.104e-13
        1233   3.199e-13
        1233   3.297e-13
        1233   3.399e-13
        1234   3.612e-13
        1234   3.839e-13
        1234   4.076e-13
        1235   4.322e-13
        1235   4.574e-13
        1236   5.091e-13
        1237   5.626e-13
        1237     5.9e-13
        1238   6.182e-13
        1238   6.472e-13
        1238   6.772e-13
        1239   7.082e-13
        1239   7.401e-13
        1240   8.065e-13
        1241   8.754e-13
        1242   9.458e-13
        1242   1.018e-12
        1243   1.091e-12
        1244   1.167e-12
        1245   1.245e-12
        1246   1.403e-12
        1248   1.556e-12
        1250   1.707e-12
        1250   1.784e-12
        1251   1.857e-12
        1252   1.928e-12
        1253   1.996e-12
        1254   2.128e-12
        1256   2.258e-12
        1258   2.384e-12
        1259   2.498e-12
        1261   2.603e-12
        1262   2.705e-12
        1264   2.805e-12
        1266   2.897e-12
        1267   2.977e-12
        1269   3.049e-12
        1270   3.119e-12
        1272   3.188e-12
        1274   3.251e-12
        1275   3.309e-12
        1277   3.362e-12
        1278   3.411e-12
        1282   3.502e-12
        1285   3.577e-12
        1288   3.639e-12
        1291   3.689e-12
        1294   3.726e-12
        1295   3.734e-12
        1298   3.755e-12
        1300   3.779e-12
        1305   3.822e-12
        1310   3.845e-12
        1312   3.856e-12
        1315   3.862e-12
        1318   3.866e-12
        1320   3.856e-12
        1325   3.836e-12
        1330   3.819e-12
        1335   3.805e-12
        1340   3.794e-12
        1345   3.799e-12
        1350    3.79e-12
        1355    3.77e-12
        1358   3.758e-12
        1360    3.74e-12
        1362   3.714e-12
        1365   3.678e-12
        1368   3.637e-12
        1370   3.595e-12
        1375   3.523e-12
        1380   3.452e-12
        1385   3.364e-12
        1388   3.319e-12
        1390   3.282e-12
        1391   3.271e-12
        1392    3.26e-12
        1394   3.259e-12
        1395    3.26e-12
        1396   3.261e-12
        1398   3.268e-12
        1399    3.28e-12
        1400   3.294e-12
        1402   3.331e-12
        1405   3.372e-12
        1408   3.412e-12
        1410   3.447e-12
        1412   3.474e-12
        1415   3.493e-12
        1418   3.503e-12
        1420   3.506e-12
        1422   3.504e-12
        1425   3.497e-12
        1430   3.476e-12
        1435    3.45e-12
        1445   3.391e-12
        1465   3.268e-12
        1485   3.148e-12
        1505   3.033e-12
        1525   2.924e-12
        1545    2.82e-12
        1565    2.72e-12
        1585   2.626e-12
        1605   2.536e-12
        1625    2.45e-12
        1645   2.369e-12
        1665   2.291e-12
        1685   2.217e-12
        1705   2.146e-12
        1725   2.078e-12
        1745   2.013e-12
        1765   1.951e-12
        1785   1.892e-12
        1805   1.834e-12
        1825    1.78e-12
        1845   1.727e-12
        1865   1.677e-12
        1885   1.629e-12
        1905   1.582e-12
        1925   1.538e-12
        1945   1.495e-12
        1965   1.454e-12
        1985   1.414e-12
        2005   1.376e-12
        2025   1.339e-12
        2045   1.304e-12
        2065    1.27e-12
        2085   1.237e-12
        2105   1.205e-12
        2125   1.174e-12
        2145   1.145e-12
        2165   1.116e-12
        2185   1.088e-12
        2205   1.062e-12
        2225   1.036e-12
        2245   1.011e-12
        2265   9.865e-13
        2285   9.631e-13
        2305   9.405e-13
        2325   9.186e-13
        2345   8.973e-13
        2365   8.767e-13
        2385   8.568e-13
        2405   8.374e-13
        2425   8.187e-13
        2445   8.005e-13
        2465   7.828e-13
        2485   7.657e-13
        2505    7.49e-13
        2525   7.329e-13
        2545   7.172e-13
        2565   7.019e-13
        2585   6.871e-13
        2605   6.727e-13
        2625   6.587e-13
        2645    6.45e-13
        2665   6.318e-13
        2685   6.189e-13
        2705   6.064e-13
        2725   5.942e-13
        2745   5.823e-13
        2765   5.707e-13
        2785   5.595e-13
        2805   5.485e-13
        2825   5.378e-13
        2845   5.274e-13
        2865   5.173e-13
        2885   5.074e-13
        2905   4.977e-13
        2925   4.883e-13
        2945   4.791e-13
        2965   4.702e-13
        2985   4.615e-13
        3005    4.53e-13
        3025   4.447e-13
        3045   4.365e-13
        3065   4.286e-13
        3085   4.209e-13
        3105   4.134e-13
        3125    4.06e-13
        3145   3.988e-13
        3165   3.917e-13
        3185   3.849e-13
        3205   3.782e-13
        3225   3.716e-13
        3245   3.652e-13
        3265   3.589e-13
        3285   3.528e-13
        3305   3.468e-13
        3325   3.409e-13
        3345   3.352e-13
        3365   3.296e-13
        3385   3.241e-13
        3405   3.187e-13
        3425   3.135e-13
        3445   3.083e-13
        3465   3.033e-13
        3485   2.984e-13
        3505   2.935e-13
        3525   2.888e-13
        3545   2.842e-13
        3565   2.796e-13
        3585   2.752e-13
        3605   2.708e-13
        3625   2.666e-13
        3643   2.628e-13
        3644   2.625e-13
        3645   2.624e-13
        3647   2.616e-13
        3650    2.61e-13
        3660   2.589e-13
        3670   2.568e-13
        3676   2.555e-13
        3680   2.547e-13
        3680   2.547e-13
        3683    2.54e-13
        3684   2.539e-13
        3687   2.533e-13
        3688   2.531e-13
        3693   2.521e-13
        3698    2.51e-13
        3703     2.5e-13
        3704   2.498e-13
        3705   2.496e-13
        3707   2.491e-13
        3710   2.486e-13
        3712   2.483e-13
        3713   2.479e-13
        3716   2.473e-13
        3721   2.463e-13
        3722   2.463e-13
        3722   2.461e-13
        3723    2.46e-13
        3725   2.456e-13
        3728   2.449e-13
        3735   2.435e-13
        3742   2.422e-13
        3747   2.411e-13
        3749   2.407e-13
        3751   2.403e-13
        3755   2.398e-13
        3763   2.385e-13
        3769   2.368e-13
        3770   2.363e-13
        3772   2.359e-13
        3775    2.36e-13
        3778   2.361e-13
        3781   2.359e-13
        3784   2.355e-13
        3787   2.347e-13
        3790   2.336e-13
        3793   2.321e-13
        3794   2.318e-13
        3796   2.304e-13
        3798   2.298e-13
        3799   2.294e-13
        3800   2.296e-13
        3802   2.301e-13
        3803   2.307e-13
        3804   2.312e-13
        3807   2.321e-13
        3809   2.328e-13
        3812   2.332e-13
        3815   2.331e-13
        3817   2.327e-13
        3820   2.317e-13
        3822   2.302e-13
        3825   2.284e-13
        3828    2.26e-13
        3829   2.246e-13
        3830   2.233e-13
        3833   2.204e-13
        3835   2.183e-13
        3836   2.174e-13
        3836    2.17e-13
        3836   2.167e-13
        3837    2.17e-13
        3837   2.174e-13
        3838   2.178e-13
        3838   2.183e-13
        3839   2.189e-13
        3839   2.194e-13
        3840   2.199e-13
        3840   2.205e-13
        3841    2.21e-13
        3842   2.222e-13
        3844   2.243e-13
        3847   2.282e-13
        3851   2.313e-13
        3853   2.325e-13
        3855   2.334e-13
        3857   2.338e-13
        3859    2.34e-13
        3860    2.34e-13
        3862   2.337e-13
        3864    2.33e-13
        3866   2.318e-13
        3868   2.303e-13
        3870   2.287e-13
        3872   2.267e-13
        3874   2.241e-13
        3875   2.209e-13
        3877    2.18e-13
        3879   2.144e-13
        3879   2.138e-13
        3881   2.106e-13
        3885   2.026e-13
        3887   1.965e-13
        3889   1.936e-13
        3889   1.924e-13
        3890    1.92e-13
        3890   1.918e-13
        3890    1.92e-13
        3891   1.924e-13
        3891    1.93e-13
        3891   1.936e-13
        3892   1.943e-13
        3892    1.95e-13
        3892   1.957e-13
        3893   1.964e-13
        3893   1.972e-13
        3893    1.98e-13
        3894   1.988e-13
        3894   1.995e-13
        3894   2.002e-13
        3895   2.011e-13
        3895   2.018e-13
        3895   2.026e-13
        3896   2.033e-13
        3896   2.048e-13
        3898   2.079e-13
        3900   2.135e-13
        3903   2.191e-13
        3906   2.241e-13
        3909   2.287e-13
        3911   2.324e-13
        3914   2.355e-13
        3917   2.382e-13
        3919   2.401e-13
        3922   2.413e-13
        3925   2.421e-13
        3927   2.423e-13
        3930    2.42e-13
        3933   2.411e-13
        3935   2.396e-13
        3938   2.372e-13
        3941   2.342e-13
        3943   2.308e-13
        3945   2.286e-13
        3946   2.262e-13
        3947   2.234e-13
        3949   2.206e-13
        3950   2.179e-13
        3951   2.149e-13
        3953    2.12e-13
        3954   2.087e-13
        3955    2.05e-13
        3957    2.01e-13
        3958   1.976e-13
        3959   1.939e-13
        3961   1.898e-13
        3962   1.855e-13
        3965   1.774e-13
        3966   1.733e-13
        3967   1.689e-13
        3969   1.644e-13
        3969   1.642e-13
        3970   1.596e-13
        3971   1.572e-13
        3971   1.559e-13
        3971   1.553e-13
        3971    1.55e-13
        3971   1.553e-13
        3972   1.559e-13
        3972   1.565e-13
        3972   1.572e-13
        3972   1.578e-13
        3972   1.583e-13
        3972   1.589e-13
        3972   1.595e-13
        3973     1.6e-13
        3973   1.606e-13
        3973   1.612e-13
        3973   1.617e-13
        3973   1.622e-13
        3973   1.628e-13
        3974   1.633e-13
        3974   1.638e-13
        3974   1.638e-13
        3974   1.648e-13
        3975   1.669e-13
        3976   1.709e-13
        3978   1.785e-13
        3981   1.858e-13
        3984   1.932e-13
        3986   1.998e-13
        3987   2.036e-13
        3989    2.07e-13
        3990   2.101e-13
        3991    2.13e-13
        3992   2.159e-13
        3994   2.187e-13
        3996   2.246e-13
        3999   2.297e-13
        4001   2.339e-13
        4004   2.377e-13
        4006   2.413e-13
        4009   2.442e-13
        4011   2.466e-13
        4014   2.485e-13
        4016     2.5e-13
        4019   2.513e-13
        4024    2.53e-13
        4029   2.537e-13
        4034   2.536e-13
        4039   2.526e-13
        4042   2.518e-13
        4044   2.507e-13
        4047   2.493e-13
        4049   2.475e-13
        4052   2.454e-13
        4054    2.43e-13
        4057   2.402e-13
        4060   2.371e-13
        4062   2.334e-13
        4065   2.292e-13
        4067   2.245e-13
        4070   2.195e-13
        4072   2.143e-13
        4075   2.093e-13
        4077   2.037e-13
        4080   1.974e-13
        4082   1.912e-13
        4085   1.847e-13
        4087   1.774e-13
        4090   1.702e-13
        4092   1.626e-13
        4095   1.547e-13
        4096   1.505e-13
        4098   1.464e-13
        4099   1.418e-13
        4100   1.371e-13
        4101   1.319e-13
        4102   1.274e-13
        4102   1.269e-13
        4103   1.266e-13
        4103   1.265e-13
        4103   1.266e-13
        4103   1.266e-13
        4103   1.265e-13
        4103   1.265e-13
        4103   1.267e-13
        4103   1.274e-13
        4104   1.282e-13
        4104     1.3e-13
        4105   1.334e-13
        4106   1.365e-13
        4106   1.395e-13
        4107   1.422e-13
        4108    1.45e-13
        4110   1.499e-13
        4111   1.548e-13
        4113   1.594e-13
        4114    1.64e-13
        4116   1.683e-13
        4118   1.724e-13
        4119   1.769e-13
        4121   1.809e-13
        4122   1.847e-13
        4124   1.884e-13
        4127   1.956e-13
        4130   2.022e-13
        4134    2.08e-13
        4137    2.14e-13
        4140   2.197e-13
        4143    2.25e-13
        4146   2.294e-13
        4150   2.332e-13
        4153   2.365e-13
        4156   2.394e-13
        4159   2.419e-13
        4162   2.439e-13
        4166   2.455e-13
        4172   2.478e-13
        4178   2.493e-13
        4185   2.501e-13
        4191   2.505e-13
        4198   2.505e-13
        4204   2.502e-13
        4210   2.496e-13
        4217   2.489e-13
        4223   2.479e-13
        4230   2.466e-13
        4236   2.451e-13
        4242   2.433e-13
        4249   2.411e-13
        4255   2.383e-13
        4262    2.35e-13
        4268   2.309e-13
        4274   2.259e-13
        4278   2.231e-13
        4281   2.199e-13
        4284   2.163e-13
        4287   2.126e-13
        4294   2.045e-13
        4297   2.002e-13
        4300   1.957e-13
        4303   1.908e-13
        4306   1.856e-13
        4310     1.8e-13
        4313   1.745e-13
        4316   1.686e-13
        4319   1.622e-13
        4322   1.555e-13
        4326   1.484e-13
        4329    1.41e-13
        4332   1.332e-13
        4334   1.292e-13
        4335   1.249e-13
        4336   1.227e-13
        4337   1.204e-13
        4338   1.178e-13
        4338   1.152e-13
        4339   1.122e-13
        4340   1.106e-13
        4340   1.087e-13
        4340   1.065e-13
        4341   1.054e-13
        4341    1.04e-13
        4341   1.025e-13
        4341   1.015e-13
        4341   1.005e-13
        4341   9.928e-14
        4341   9.788e-14
        4341   9.715e-14
        4342   9.647e-14
        4342   9.591e-14
        4342   9.579e-14
        4342   9.555e-14
        4342   9.546e-14
        4342   9.555e-14
        4342   9.579e-14
        4342   9.616e-14
        4342   9.662e-14
        4342   9.769e-14
        4342   9.971e-14
        4342   1.014e-13
        4342   1.027e-13
        4343   1.039e-13
        4343   1.049e-13
        4343   1.066e-13
        4343   1.083e-13
        4344   1.096e-13
        4344    1.11e-13
        4344   1.132e-13
        4345   1.153e-13
        4346   1.172e-13
        4346    1.19e-13
        4347   1.224e-13
        4349   1.255e-13
        4350   1.285e-13
        4351   1.312e-13
        4353   1.368e-13
        4356   1.419e-13
        4358    1.47e-13
        4361   1.517e-13
        4363   1.562e-13
        4366   1.605e-13
        4368   1.646e-13
        4370   1.683e-13
        4373   1.718e-13
        4378   1.787e-13
        4382   1.849e-13
        4387   1.902e-13
        4392   1.948e-13
        4397   1.993e-13
        4402   2.031e-13
        4406   2.064e-13
        4411   2.089e-13
        4416    2.11e-13
        4421   2.126e-13
        4426   2.138e-13
        4430   2.147e-13
        4435   2.153e-13
        4445   2.158e-13
        4455   2.157e-13
        4464   2.152e-13
        4474   2.145e-13
        4483   2.135e-13
        4493   2.125e-13
        4503   2.113e-13
        4512   2.101e-13
        4522   2.089e-13
        4532   2.076e-13
        4541   2.063e-13
        4551    2.05e-13
        4560   2.037e-13
        4570   2.023e-13
        4580    2.01e-13
        4589   1.996e-13
        4599   1.982e-13
        4609   1.968e-13
        4618   1.955e-13
        4628    1.94e-13
        4637   1.926e-13
        4647   1.912e-13
        4657   1.898e-13
        4666   1.883e-13
        4676   1.867e-13
        4686   1.851e-13
        4695   1.835e-13
        4705   1.817e-13
        4714   1.798e-13
        4724   1.777e-13
        4734   1.754e-13
        4743   1.729e-13
        4753   1.702e-13
        4763   1.671e-13
        4772   1.635e-13
        4782   1.594e-13
        4787    1.57e-13
        4791   1.545e-13
        4796   1.517e-13
        4801   1.487e-13
        4806   1.454e-13
        4811   1.419e-13
        4815   1.381e-13
        4820   1.341e-13
        4825   1.297e-13
        4830    1.25e-13
        4835   1.199e-13
        4840   1.144e-13
        4844   1.085e-13
        4847   1.053e-13
        4849   1.021e-13
        4852   9.867e-14
        4854   9.505e-14
        4855   9.315e-14
        4856   9.109e-14
        4858   8.887e-14
        4858   8.763e-14
        4859   8.633e-14
        4859   8.492e-14
        4860   8.329e-14
        4860   8.242e-14
        4861   8.141e-14
        4861   8.027e-14
        4861   7.893e-14
        4861    7.81e-14
        4862   7.722e-14
        4862   7.626e-14
        4862   7.506e-14
        4862   7.436e-14
        4862   7.366e-14
        4862   7.285e-14
        4862   7.189e-14
        4862   7.005e-14
        4862   6.908e-14
        4862   6.816e-14
        4862   6.787e-14
        4862   6.746e-14
        4862   6.735e-14
        4863   6.701e-14
        4863   6.685e-14
        4863    6.68e-14
        4863   6.684e-14
        4863     6.7e-14
        4863   6.734e-14
        4863   6.785e-14
        4863   6.854e-14
        4863   6.923e-14
        4863   7.085e-14
        4863   7.228e-14
        4863   7.365e-14
        4864   7.477e-14
        4864   7.578e-14
        4864   7.663e-14
        4864   7.735e-14
        4864    7.87e-14
        4864    7.98e-14
        4865   8.074e-14
        4865   8.161e-14
        4865   8.236e-14
        4866    8.37e-14
        4866   8.491e-14
        4867   8.599e-14
        4867   8.698e-14
        4868   8.886e-14
        4869   9.053e-14
        4870   9.209e-14
        4872   9.491e-14
        4874   9.759e-14
        4876   1.001e-13
        4878   1.025e-13
        4882    1.07e-13
        4885   1.111e-13
        4889    1.15e-13
        4893   1.185e-13
        4897   1.218e-13
        4901   1.248e-13
        4905   1.275e-13
        4909     1.3e-13
        4913   1.322e-13
        4916   1.343e-13
        4920   1.362e-13
        4924    1.38e-13
        4928   1.395e-13
        4932   1.409e-13
        4940   1.431e-13
        4947   1.448e-13
        4955    1.46e-13
        4963   1.469e-13
        4971   1.475e-13
        4978   1.478e-13
        4986   1.479e-13
        4988   1.479e-13
        4994   1.479e-13
        5000   1.478e-13
        5010   1.475e-13
        5020    1.47e-13
        5040   1.457e-13
        5060   1.441e-13
        5080   1.424e-13
        5100   1.406e-13
        5120   1.388e-13
        5140    1.37e-13
        5160   1.352e-13
        5180   1.335e-13
        5200   1.317e-13
        5220     1.3e-13
        5240   1.283e-13
        5260   1.266e-13
        5280   1.249e-13
        5300   1.233e-13
        5320   1.217e-13
        5340   1.201e-13
        5360   1.185e-13
        5380    1.17e-13
        5400   1.155e-13
        5420    1.14e-13
        5440   1.126e-13
        5460   1.111e-13
        5480   1.097e-13
        5500   1.083e-13
        5520   1.069e-13
        5540   1.056e-13
        5560   1.042e-13
        5580   1.029e-13
        5600   1.016e-13
        5620   1.004e-13
        5640   9.911e-14
        5660   9.788e-14
        5680   9.667e-14
        5700   9.548e-14
        5720    9.43e-14
        5740   9.314e-14
        5760   9.201e-14
        5780   9.085e-14
        5800   8.974e-14
        5820   8.866e-14
        5840   8.758e-14
        5860   8.653e-14
        5880   8.549e-14
        5900   8.446e-14
        5920   8.345e-14
        5940   8.246e-14
        5960   8.147e-14
        5980   8.051e-14
        6000   7.955e-14
        6020   7.861e-14
        6040   7.769e-14
        6060   7.677e-14
        6080   7.587e-14
        6100   7.498e-14
        6120    7.41e-14
        6140   7.322e-14
        6160   7.236e-14
        6180    7.15e-14
        6200   7.065e-14
        6220   6.981e-14
        6240   6.897e-14
        6260   6.813e-14
        6280    6.73e-14
        6300   6.646e-14
        6320   6.562e-14
        6340   6.476e-14
        6360   6.388e-14
        6380   6.297e-14
        6400   6.199e-14
        6420   6.091e-14
        6440   5.968e-14
        6450   5.896e-14
        6460   5.816e-14
        6470   5.726e-14
        6480   5.623e-14
        6490   5.506e-14
        6500    5.37e-14
        6505   5.293e-14
        6510    5.21e-14
        6515    5.12e-14
        6520   5.021e-14
        6525   4.915e-14
        6530   4.798e-14
        6535   4.671e-14
        6540   4.534e-14
        6545   4.383e-14
        6548   4.302e-14
        6550   4.216e-14
        6552   4.125e-14
        6555   4.025e-14
        6556    3.97e-14
        6558   3.911e-14
        6559   3.845e-14
        6560    3.77e-14
        6561   3.727e-14
        6561   3.679e-14
        6562    3.62e-14
        6562   3.586e-14
        6562   3.546e-14
        6563   3.498e-14
        6563   3.438e-14
        6563   3.355e-14
        6564   3.237e-14
        6564   3.051e-14
        6564   3.013e-14
        6564   2.986e-14
        6564   2.823e-14
        6565    2.77e-14
        6565   3.012e-14
        6566   3.294e-14
        6566   3.437e-14
        6567   3.524e-14
        6567   3.587e-14
        6568   3.637e-14
        6568   3.679e-14
        6569   3.715e-14
        6570   3.778e-14
        6571   3.833e-14
        6572   3.881e-14
        6574   3.967e-14
        6576   4.042e-14
        6578    4.11e-14
        6582   4.232e-14
        6586   4.342e-14
        6590   4.441e-14
        6594   4.531e-14
        6598   4.613e-14
        6602   4.688e-14
        6606   4.755e-14
        6610   4.816e-14
        6614   4.871e-14
        6622   4.965e-14
        6630   5.039e-14
        6638   5.098e-14
        6646   5.142e-14
        6654   5.177e-14
        6662   5.202e-14
        6670   5.219e-14
        6678    5.23e-14
        6694   5.235e-14
        6710   5.226e-14
        6726   5.206e-14
        6742   5.181e-14
        6758   5.151e-14
        6774   5.118e-14
        6790   5.083e-14
        6806   5.047e-14
        6822    5.01e-14
        6838   4.973e-14
        6854   4.935e-14
        6870   4.896e-14
        6886   4.858e-14
        6902    4.82e-14
        6918   4.782e-14
        6934   4.744e-14
        6950   4.706e-14
        6966   4.669e-14
        6982   4.631e-14
        6998   4.594e-14
        7014   4.557e-14
        7030    4.52e-14
        7046   4.484e-14
        7062   4.448e-14
        7078   4.412e-14
        7094   4.377e-14
        7110   4.341e-14
        7126   4.307e-14
        7142   4.272e-14
        7158   4.238e-14
        7174   4.204e-14
        7190   4.171e-14
        7206   4.138e-14
        7222   4.105e-14
        7238   4.072e-14
        7254    4.04e-14
        7270   4.008e-14
        7286   3.977e-14
        7302   3.946e-14
        7318   3.915e-14
        7334   3.884e-14
        7350   3.854e-14
        7366   3.824e-14
        7382   3.794e-14
        7398   3.765e-14
        7414   3.736e-14
        7430   3.707e-14
        7446   3.678e-14
        7462    3.65e-14
        7478   3.622e-14
        7494   3.594e-14
        7510   3.566e-14
        7526   3.539e-14
        7542   3.512e-14
        7558   3.485e-14
        7574   3.459e-14
        7590   3.432e-14
        7606   3.406e-14
        7622   3.381e-14
        7638   3.355e-14
        7654    3.33e-14
        7670   3.305e-14
        7686    3.28e-14
        7702   3.255e-14
        7718   3.231e-14
        7734   3.207e-14
        7750   3.183e-14
        7766    3.16e-14
        7782   3.136e-14
        7798   3.113e-14
        7814    3.09e-14
        7830   3.067e-14
        7846   3.045e-14
        7862   3.022e-14
        7878       3e-14
        7894   2.978e-14
        7910   2.956e-14
        7926   2.935e-14
        7942   2.913e-14
        7958   2.892e-14
        7974   2.871e-14
        7990   2.851e-14
        8006    2.83e-14
        8022    2.81e-14
        8038   2.789e-14
        8054   2.769e-14
        8070   2.749e-14
        8086    2.73e-14
        8102    2.71e-14
        8118   2.691e-14
        8134   2.672e-14
        8150   2.653e-14
        8166   2.634e-14
        8182   2.615e-14
        8189   2.607e-14
        8198   2.597e-14
        8206   2.586e-14
        8223   2.567e-14
        8240   2.547e-14
        8257   2.528e-14
        8274   2.509e-14
        8291    2.49e-14
        8308   2.471e-14
        8325   2.453e-14
        8342   2.434e-14
        8359   2.416e-14
        8377   2.398e-14
        8392   2.381e-14
        8394    2.38e-14
        8395   2.379e-14
        8397   2.377e-14
        8401   2.372e-14
        8405   2.368e-14
        8410   2.363e-14
        8416   2.357e-14
        8426   2.346e-14
        8433   2.339e-14
        8437   2.336e-14
        8440   2.332e-14
        8448   2.324e-14
        8455   2.317e-14
        8462   2.309e-14
        8470   2.302e-14
        8484   2.288e-14
        8492    2.28e-14
        8498   2.274e-14
        8505   2.267e-14
        8518   2.254e-14
        8531   2.242e-14
        8541   2.232e-14
        8544   2.229e-14
        8548   2.226e-14
        8554   2.219e-14
        8568   2.206e-14
        8581   2.194e-14
        8588   2.187e-14
        8594   2.181e-14
        8601   2.175e-14
        8614   2.163e-14
        8627   2.152e-14
        8639    2.14e-14
        8652   2.128e-14
        8663   2.118e-14
        8665   2.116e-14
        8667   2.114e-14
        8672    2.11e-14
        8681   2.103e-14
        8699   2.087e-14
        8717   2.071e-14
        8735   2.055e-14
        8752   2.039e-14
        8752   2.039e-14
        8753   2.039e-14
        8754   2.038e-14
        8755   2.037e-14
        8758   2.034e-14
        8764   2.029e-14
        8777   2.019e-14
        8789   2.009e-14
        8801   1.999e-14
        8814   1.989e-14
        8826   1.978e-14
        8839   1.968e-14
        8851   1.958e-14
        8861   1.949e-14
        8863   1.948e-14
        8865   1.946e-14
        8869   1.943e-14
        8877   1.937e-14
        8894   1.926e-14
        8910   1.914e-14
        8926   1.902e-14
        8942   1.887e-14
        8958   1.874e-14
        8974   1.861e-14
        8991   1.848e-14
        8996   1.843e-14
        9007   1.834e-14
        9017   1.826e-14
        9028   1.819e-14
        9039   1.814e-14
        9049   1.808e-14
        9060   1.802e-14
        9071   1.796e-14
        9081   1.789e-14
        9092   1.783e-14
        9103   1.776e-14
        9113   1.769e-14
        9124   1.761e-14
        9135   1.753e-14
        9145   1.745e-14
        9156   1.737e-14
        9167   1.728e-14
        9177   1.719e-14
        9188   1.709e-14
        9199   1.699e-14
        9209   1.689e-14
        9220   1.679e-14
        9230   1.671e-14
        9231    1.67e-14
        9232    1.67e-14
        9233   1.669e-14
        9237   1.668e-14
        9244   1.666e-14
        9258   1.659e-14
        9272   1.655e-14
        9286   1.651e-14
        9300   1.647e-14
        9314   1.641e-14
        9328   1.636e-14
        9342   1.629e-14
        9356   1.621e-14
        9370   1.613e-14
        9384   1.604e-14
        9398   1.595e-14
        9412   1.585e-14
        9426   1.574e-14
        9440   1.562e-14
        9455   1.549e-14
        9469   1.536e-14
        9483    1.52e-14
        9497   1.504e-14
        9511   1.486e-14
        9525   1.466e-14
        9529    1.46e-14
        9539   1.447e-14
        9544    1.44e-14
        9549   1.433e-14
        9553   1.433e-14
        9558   1.435e-14
        9563   1.438e-14
        9568    1.44e-14
        9568    1.44e-14
        9573   1.442e-14
        9583   1.446e-14
        9602   1.452e-14
        9622   1.454e-14
        9641   1.454e-14
        9661   1.452e-14
        9680   1.448e-14
        9700   1.442e-14
        9720   1.435e-14
        9739   1.428e-14
        9759   1.419e-14
        9778   1.409e-14
        9798   1.399e-14
        9817   1.389e-14
        9837   1.377e-14
        9856   1.368e-14
        9876   1.354e-14
        9895   1.338e-14
        9915    1.32e-14
        9934     1.3e-14
        9954   1.277e-14
        9973   1.252e-14
        9986   1.234e-14
        9993   1.222e-14
       1e+04   1.211e-14
   1.001e+04   1.187e-14
   1.003e+04   1.162e-14
   1.003e+04   1.149e-14
   1.004e+04   1.135e-14
   1.004e+04   1.129e-14
   1.005e+04   1.123e-14
   1.005e+04   1.118e-14
   1.005e+04   1.117e-14
   1.005e+04   1.117e-14
   1.005e+04   1.117e-14
   1.005e+04   1.117e-14
   1.005e+04   1.115e-14
   1.006e+04   1.116e-14
   1.006e+04   1.117e-14
   1.006e+04   1.121e-14
   1.007e+04   1.131e-14
   1.009e+04   1.151e-14
    1.01e+04   1.166e-14
   1.012e+04   1.179e-14
   1.013e+04   1.188e-14
   1.015e+04   1.194e-14
   1.017e+04   1.199e-14
   1.018e+04   1.201e-14
    1.02e+04   1.201e-14
   1.021e+04   1.201e-14
   1.025e+04   1.197e-14
   1.028e+04    1.19e-14
   1.031e+04   1.182e-14
   1.037e+04   1.161e-14
   1.041e+04    1.15e-14
   1.044e+04   1.139e-14
   1.047e+04   1.122e-14
    1.05e+04   1.109e-14
   1.053e+04   1.096e-14
   1.057e+04   1.085e-14
   1.063e+04   1.057e-14
   1.066e+04   1.042e-14
   1.069e+04   1.026e-14
   1.073e+04   1.008e-14
   1.076e+04   9.886e-15
   1.079e+04   9.659e-15
   1.081e+04   9.529e-15
   1.082e+04   9.388e-15
   1.084e+04   9.231e-15
   1.085e+04   9.053e-15
   1.087e+04   8.862e-15
   1.089e+04   8.639e-15
   1.089e+04   8.518e-15
    1.09e+04   8.398e-15
   1.091e+04   8.328e-15
   1.091e+04   8.225e-15
   1.092e+04   8.118e-15
   1.092e+04   7.998e-15
   1.093e+04   7.872e-15
   1.093e+04   7.799e-15
   1.094e+04   7.716e-15
   1.094e+04   7.667e-15
   1.094e+04   7.612e-15
   1.094e+04   7.539e-15
   1.094e+04   7.493e-15
   1.094e+04   7.468e-15
   1.094e+04   7.456e-15
   1.094e+04   7.466e-15
   1.094e+04   7.489e-15
   1.094e+04   7.512e-15
   1.094e+04   7.533e-15
   1.094e+04   7.533e-15
   1.094e+04   7.551e-15
   1.094e+04   7.568e-15
   1.094e+04   7.583e-15
   1.094e+04   7.598e-15
   1.094e+04   7.598e-15
   1.094e+04   7.611e-15
   1.095e+04   7.635e-15
   1.095e+04   7.678e-15
   1.095e+04   7.748e-15
   1.095e+04   7.808e-15
   1.096e+04   7.904e-15
   1.096e+04   7.993e-15
   1.098e+04   8.141e-15
   1.099e+04   8.262e-15
     1.1e+04    8.36e-15
   1.101e+04   8.454e-15
   1.102e+04   8.527e-15
   1.103e+04   8.585e-15
   1.105e+04   8.638e-15
   1.106e+04   8.678e-15
   1.107e+04   8.707e-15
   1.108e+04   8.729e-15
    1.11e+04   8.755e-15
   1.113e+04   8.757e-15
   1.115e+04   8.744e-15
   1.118e+04    8.72e-15
    1.12e+04   8.685e-15
   1.125e+04   8.597e-15
   1.129e+04   8.495e-15
   1.139e+04    8.27e-15
   1.148e+04   8.058e-15
   1.157e+04   7.818e-15
   1.167e+04   7.585e-15
   1.176e+04   7.361e-15
   1.186e+04   7.144e-15
   1.195e+04   6.936e-15
   1.204e+04   6.719e-15
   1.214e+04   6.519e-15
   1.223e+04   6.324e-15
   1.233e+04   6.132e-15
   1.242e+04   5.936e-15
   1.247e+04   5.835e-15
   1.251e+04   5.727e-15
   1.256e+04   5.611e-15
   1.261e+04   5.479e-15
   1.263e+04   5.405e-15
   1.265e+04   5.323e-15
   1.268e+04    5.23e-15
    1.27e+04   5.125e-15
   1.272e+04   5.004e-15
   1.274e+04   4.937e-15
   1.275e+04   4.864e-15
   1.276e+04   4.784e-15
   1.277e+04   4.698e-15
   1.278e+04   4.601e-15
   1.279e+04   4.548e-15
   1.279e+04   4.488e-15
    1.28e+04   4.425e-15
   1.281e+04    4.35e-15
   1.281e+04   4.305e-15
   1.281e+04   4.255e-15
   1.281e+04   4.194e-15
   1.282e+04   4.158e-15
   1.282e+04   4.119e-15
   1.282e+04   4.119e-15
   1.282e+04   4.098e-15
   1.282e+04   4.081e-15
   1.282e+04   4.075e-15
   1.282e+04   4.072e-15
   1.282e+04   4.076e-15
   1.282e+04   4.083e-15
   1.282e+04   4.089e-15
   1.282e+04   4.115e-15
   1.282e+04   4.118e-15
   1.282e+04   4.144e-15
   1.282e+04   4.145e-15
   1.282e+04   4.146e-15
   1.282e+04   4.117e-15
   1.282e+04   4.082e-15
   1.282e+04   4.069e-15
   1.282e+04    4.07e-15
   1.282e+04   4.079e-15
   1.282e+04    4.09e-15
   1.283e+04   4.115e-15
   1.283e+04   4.162e-15
   1.283e+04   4.202e-15
   1.283e+04   4.237e-15
   1.284e+04   4.294e-15
   1.284e+04   4.339e-15
   1.284e+04   4.378e-15
   1.285e+04   4.443e-15
   1.286e+04   4.497e-15
   1.287e+04   4.544e-15
   1.288e+04   4.584e-15
   1.288e+04   4.619e-15
    1.29e+04   4.681e-15
   1.292e+04   4.728e-15
   1.293e+04   4.767e-15
   1.295e+04   4.795e-15
   1.296e+04   4.816e-15
   1.298e+04   4.831e-15
     1.3e+04    4.84e-15
   1.303e+04   4.844e-15
   1.306e+04   4.835e-15
   1.309e+04   4.816e-15
   1.312e+04   4.791e-15
   1.316e+04   4.762e-15
   1.322e+04   4.698e-15
   1.328e+04   4.626e-15
   1.335e+04    4.55e-15
   1.341e+04   4.473e-15
   1.348e+04   4.396e-15
   1.354e+04    4.32e-15
    1.36e+04   4.245e-15
   1.367e+04   4.175e-15
   1.373e+04   4.105e-15
    1.38e+04   4.041e-15
   1.386e+04   3.978e-15
   1.392e+04   3.917e-15
   1.399e+04   3.856e-15
   1.405e+04   3.797e-15
   1.412e+04   3.739e-15
   1.418e+04   3.683e-15
   1.424e+04   3.627e-15
   1.431e+04   3.572e-15
   1.437e+04   3.519e-15
   1.444e+04   3.466e-15
    1.45e+04   3.414e-15
   1.456e+04   3.363e-15
   1.463e+04   3.313e-15
   1.469e+04   3.259e-15
   1.476e+04   3.205e-15
   1.482e+04   3.152e-15
   1.488e+04     3.1e-15
   1.495e+04   3.049e-15
   1.501e+04   2.999e-15
   1.506e+04   2.959e-15
   1.508e+04   2.951e-15
   1.508e+04   2.945e-15
   1.509e+04   2.942e-15
   1.511e+04   2.925e-15
   1.514e+04   2.905e-15
   1.519e+04   2.867e-15
   1.519e+04   2.864e-15
    1.52e+04   2.862e-15
    1.52e+04   2.856e-15
   1.522e+04   2.846e-15
   1.523e+04   2.836e-15
   1.525e+04   2.824e-15
   1.525e+04   2.823e-15
   1.526e+04   2.812e-15
    1.53e+04   2.789e-15
   1.535e+04   2.755e-15
   1.544e+04   2.691e-15
   1.544e+04    2.69e-15
   1.544e+04   2.689e-15
   1.545e+04   2.687e-15
   1.545e+04   2.683e-15
   1.546e+04   2.676e-15
   1.549e+04   2.661e-15
    1.55e+04   2.649e-15
   1.553e+04    2.63e-15
   1.556e+04   2.612e-15
   1.562e+04   2.575e-15
   1.565e+04   2.557e-15
   1.568e+04   2.539e-15
   1.571e+04    2.52e-15
   1.576e+04   2.484e-15
   1.582e+04   2.449e-15
   1.588e+04   2.415e-15
   1.588e+04   2.414e-15
   1.589e+04   2.412e-15
   1.589e+04   2.409e-15
    1.59e+04   2.403e-15
   1.592e+04    2.39e-15
   1.597e+04   2.365e-15
   1.599e+04   2.352e-15
   1.605e+04   2.317e-15
   1.611e+04   2.282e-15
   1.618e+04   2.249e-15
   1.624e+04   2.215e-15
    1.63e+04   2.182e-15
   1.632e+04   2.174e-15
   1.636e+04   2.149e-15
   1.641e+04   2.122e-15
   1.651e+04   2.078e-15
    1.66e+04   2.031e-15
    1.67e+04   1.984e-15
   1.678e+04    1.94e-15
    1.68e+04   1.931e-15
   1.681e+04   1.923e-15
   1.684e+04   1.914e-15
   1.687e+04   1.905e-15
   1.693e+04   1.883e-15
   1.698e+04    1.86e-15
   1.704e+04   1.836e-15
    1.71e+04   1.812e-15
   1.715e+04   1.788e-15
   1.721e+04   1.764e-15
   1.727e+04    1.74e-15
   1.729e+04   1.733e-15
   1.733e+04   1.716e-15
   1.737e+04   1.699e-15
   1.745e+04   1.668e-15
   1.753e+04    1.64e-15
   1.761e+04   1.612e-15
   1.769e+04   1.583e-15
   1.778e+04   1.554e-15
   1.786e+04   1.525e-15
   1.794e+04   1.496e-15
   1.802e+04   1.462e-15
   1.803e+04    1.46e-15
    1.81e+04    1.43e-15
   1.814e+04   1.415e-15
   1.818e+04   1.401e-15
   1.818e+04   1.401e-15
   1.822e+04   1.391e-15
   1.826e+04   1.381e-15
   1.833e+04   1.359e-15
   1.841e+04   1.333e-15
   1.845e+04   1.319e-15
   1.849e+04   1.303e-15
   1.849e+04   1.303e-15
   1.853e+04   1.286e-15
   1.856e+04   1.265e-15
    1.86e+04    1.24e-15
   1.862e+04   1.226e-15
   1.864e+04    1.21e-15
   1.864e+04    1.21e-15
   1.866e+04   1.192e-15
   1.868e+04   1.173e-15
   1.868e+04   1.172e-15
    1.87e+04    1.15e-15
    1.87e+04    1.15e-15
   1.871e+04   1.137e-15
   1.872e+04   1.122e-15
   1.873e+04   1.105e-15
   1.873e+04   1.095e-15
   1.874e+04   1.083e-15
   1.874e+04   1.076e-15
   1.874e+04   1.067e-15
   1.874e+04   1.058e-15
   1.875e+04   1.053e-15
   1.875e+04   1.046e-15
   1.875e+04   1.039e-15
   1.875e+04   1.031e-15
   1.875e+04   1.031e-15
   1.875e+04   1.022e-15
   1.875e+04   1.011e-15
   1.875e+04   9.968e-16
   1.875e+04   9.882e-16
   1.875e+04   9.778e-16
   1.875e+04   9.647e-16
   1.876e+04   9.481e-16
   1.876e+04   9.481e-16
   1.876e+04   9.393e-16
   1.876e+04   9.313e-16
   1.876e+04   9.313e-16
   1.876e+04   9.262e-16
   1.876e+04   9.243e-16
   1.876e+04   9.261e-16
   1.876e+04   9.311e-16
   1.876e+04   9.388e-16
   1.876e+04   9.475e-16
   1.876e+04   9.638e-16
   1.876e+04   9.766e-16
   1.876e+04   9.868e-16
   1.876e+04   9.951e-16
   1.876e+04   1.002e-15
   1.876e+04   1.014e-15
   1.876e+04   1.024e-15
   1.876e+04   1.032e-15
   1.877e+04   1.045e-15
   1.877e+04   1.055e-15
   1.877e+04   1.063e-15
   1.877e+04    1.07e-15
   1.878e+04   1.076e-15
   1.878e+04   1.085e-15
   1.879e+04   1.093e-15
   1.879e+04     1.1e-15
    1.88e+04   1.111e-15
   1.881e+04    1.12e-15
   1.883e+04   1.135e-15
   1.885e+04   1.145e-15
   1.887e+04   1.154e-15
   1.888e+04    1.16e-15
    1.89e+04   1.164e-15
   1.892e+04   1.167e-15
   1.896e+04    1.17e-15
     1.9e+04   1.169e-15
   1.904e+04   1.166e-15
   1.907e+04    1.16e-15
   1.915e+04   1.145e-15
   1.922e+04   1.127e-15
    1.93e+04   1.106e-15
   1.937e+04   1.082e-15
   1.945e+04   1.059e-15
   1.945e+04   1.059e-15
   1.945e+04   1.059e-15
   1.945e+04   1.059e-15
   1.945e+04   1.058e-15
   1.946e+04   1.058e-15
   1.947e+04   1.056e-15
   1.949e+04   1.054e-15
   1.953e+04   1.051e-15
   1.961e+04   1.045e-15
   1.969e+04   1.035e-15
   1.977e+04   1.023e-15
   1.985e+04   1.011e-15
   1.993e+04   9.973e-16
   2.001e+04   9.834e-16
   2.009e+04   9.695e-16
   2.017e+04   9.546e-16
   2.025e+04   9.407e-16
   2.033e+04   9.283e-16
   2.041e+04   9.142e-16
   2.049e+04   9.002e-16
   2.057e+04   8.865e-16
   2.065e+04   8.729e-16
   2.073e+04   8.595e-16
   2.081e+04   8.463e-16
   2.089e+04   8.331e-16
   2.097e+04   8.199e-16
   2.104e+04   8.067e-16
   2.112e+04   7.933e-16
    2.12e+04   7.795e-16
   2.128e+04   7.651e-16
   2.136e+04   7.498e-16
   2.144e+04   7.329e-16
   2.148e+04   7.236e-16
   2.152e+04   7.137e-16
   2.154e+04   7.078e-16
   2.156e+04   7.026e-16
   2.157e+04   6.995e-16
    2.16e+04   6.903e-16
    2.16e+04   6.903e-16
   2.162e+04   6.853e-16
   2.163e+04   6.797e-16
   2.165e+04   6.731e-16
   2.166e+04   6.645e-16
   2.166e+04   6.643e-16
   2.166e+04   6.643e-16
   2.166e+04   6.643e-16
   2.166e+04   6.643e-16
   2.166e+04   6.648e-16
   2.166e+04   6.658e-16
   2.167e+04   6.676e-16
   2.168e+04   6.701e-16
   2.169e+04   6.733e-16
   2.171e+04   6.754e-16
   2.174e+04    6.78e-16
   2.177e+04   6.793e-16
    2.18e+04     6.8e-16
   2.187e+04   6.793e-16
   2.193e+04   6.765e-16
     2.2e+04   6.728e-16
   2.206e+04   6.682e-16
   2.212e+04   6.632e-16
   2.219e+04   6.576e-16
   2.225e+04   6.518e-16
   2.232e+04   6.459e-16
   2.238e+04   6.398e-16
   2.244e+04   6.336e-16
   2.251e+04   6.275e-16
   2.257e+04   6.213e-16
   2.264e+04   6.152e-16
    2.27e+04   6.091e-16
   2.276e+04    6.03e-16
   2.283e+04    5.97e-16
   2.289e+04   5.908e-16
   2.296e+04   5.845e-16
   2.302e+04   5.783e-16
   2.308e+04   5.721e-16
   2.315e+04   5.661e-16
   2.321e+04   5.605e-16
   2.328e+04   5.545e-16
   2.334e+04   5.486e-16
    2.34e+04   5.427e-16
   2.347e+04    5.37e-16
   2.353e+04   5.313e-16
    2.36e+04   5.257e-16
   2.366e+04   5.202e-16
   2.372e+04   5.147e-16
   2.379e+04   5.093e-16
   2.385e+04    5.04e-16
   2.392e+04   4.988e-16
   2.398e+04   4.936e-16
   2.404e+04   4.885e-16
   2.411e+04   4.835e-16
   2.417e+04   4.785e-16
   2.424e+04   4.736e-16
    2.43e+04   4.687e-16
   2.436e+04   4.639e-16
   2.443e+04   4.592e-16
   2.449e+04   4.545e-16
   2.456e+04   4.499e-16
   2.462e+04   4.454e-16
   2.468e+04   4.409e-16
   2.475e+04   4.363e-16
   2.481e+04   4.312e-16
   2.488e+04   4.268e-16
   2.494e+04   4.224e-16
     2.5e+04   4.181e-16
   2.507e+04   4.138e-16
   2.513e+04   4.095e-16
    2.52e+04   4.053e-16
   2.526e+04   4.011e-16
   2.532e+04   3.969e-16
   2.539e+04   3.927e-16
   2.545e+04   3.885e-16
   2.552e+04   3.842e-16
   2.558e+04   3.799e-16
   2.564e+04   3.755e-16
   2.571e+04    3.71e-16
   2.577e+04   3.663e-16
   2.584e+04   3.613e-16
    2.59e+04   3.559e-16
   2.596e+04   3.501e-16
   2.603e+04   3.436e-16
   2.609e+04    3.36e-16
   2.612e+04   3.318e-16
   2.616e+04   3.269e-16
   2.618e+04   3.225e-16
   2.619e+04   3.214e-16
    2.62e+04   3.189e-16
   2.621e+04   3.168e-16
   2.622e+04   3.148e-16
   2.623e+04   3.124e-16
   2.624e+04   3.113e-16
   2.624e+04   3.101e-16
   2.624e+04   3.101e-16
   2.624e+04   3.091e-16
   2.625e+04   3.087e-16
   2.625e+04   3.087e-16
   2.625e+04   3.089e-16
   2.625e+04   3.096e-16
   2.626e+04   3.114e-16
   2.626e+04   3.133e-16
   2.626e+04   3.134e-16
   2.626e+04   3.134e-16
   2.626e+04   3.134e-16
   2.626e+04   3.132e-16
   2.626e+04   3.122e-16
   2.626e+04    3.11e-16
   2.626e+04   3.094e-16
   2.627e+04   3.084e-16
   2.627e+04    3.08e-16
   2.627e+04   3.078e-16
   2.628e+04   3.082e-16
   2.628e+04   3.093e-16
    2.63e+04   3.117e-16
   2.633e+04   3.152e-16
   2.636e+04   3.176e-16
    2.64e+04   3.193e-16
   2.643e+04   3.203e-16
   2.646e+04   3.211e-16
   2.652e+04   3.215e-16
   2.659e+04    3.21e-16
   2.665e+04   3.199e-16
   2.672e+04   3.183e-16
   2.678e+04   3.164e-16
   2.684e+04   3.143e-16
   2.691e+04    3.12e-16
   2.697e+04   3.096e-16
   2.704e+04   3.071e-16
    2.71e+04   3.046e-16
   2.716e+04    3.02e-16
   2.723e+04   2.994e-16
   2.729e+04   2.968e-16
   2.736e+04   2.942e-16
   2.742e+04   2.917e-16
   2.748e+04   2.891e-16
   2.755e+04   2.865e-16
   2.761e+04    2.84e-16
   2.768e+04   2.815e-16
   2.774e+04    2.79e-16
    2.78e+04   2.768e-16
   2.787e+04   2.743e-16
   2.793e+04   2.719e-16
     2.8e+04   2.695e-16
   2.806e+04   2.671e-16
   2.812e+04   2.647e-16
   2.819e+04   2.623e-16
   2.825e+04     2.6e-16
   2.832e+04   2.577e-16
   2.838e+04   2.555e-16
   2.844e+04   2.532e-16
   2.851e+04    2.51e-16
   2.857e+04   2.488e-16
   2.864e+04   2.466e-16
    2.87e+04   2.445e-16
   2.876e+04   2.423e-16
   2.883e+04   2.402e-16
   2.889e+04   2.382e-16
   2.896e+04   2.361e-16
   2.902e+04   2.341e-16
   2.908e+04   2.321e-16
   2.915e+04   2.301e-16
   2.921e+04   2.281e-16
   2.928e+04   2.262e-16
   2.934e+04   2.242e-16
    2.94e+04   2.223e-16
   2.947e+04   2.204e-16
   2.953e+04   2.186e-16
    2.96e+04   2.167e-16
   2.966e+04   2.149e-16
   2.972e+04   2.131e-16
   2.979e+04   2.113e-16
   2.985e+04   2.095e-16
   2.992e+04   2.078e-16
   2.998e+04    2.06e-16
