         900   5.479e-14
       902.5   5.567e-14
         905   5.655e-14
       908.2   5.768e-14
       909.1   5.801e-14
         910   5.834e-14
       910.5   5.852e-14
       910.9    5.87e-14
       911.1   5.879e-14
       911.4   5.888e-14
       911.5   5.893e-14
       911.6   5.897e-14
       911.6   5.899e-14
       911.7   5.902e-14
       911.7   5.903e-14
       911.8   5.904e-14
       911.8   5.906e-14
       911.8   5.929e-14
       911.8    5.93e-14
       911.9   5.931e-14
       911.9   5.933e-14
         912   5.937e-14
       912.3   5.945e-14
       912.7   5.961e-14
       913.2   5.979e-14
       913.4   5.991e-14
       913.6   6.007e-14
       913.9    6.03e-14
       914.1   6.063e-14
       914.3   6.109e-14
       914.5   6.169e-14
       914.8   6.245e-14
         915   6.339e-14
       915.2    6.45e-14
       915.4    6.58e-14
       915.7   6.729e-14
       915.9   6.895e-14
       916.1   7.079e-14
       916.3   7.279e-14
       916.6   7.495e-14
       916.8   7.725e-14
         917   7.967e-14
       917.3   8.219e-14
       917.5    8.48e-14
       917.7   8.742e-14
       917.9       9e-14
         918   9.122e-14
       918.2   9.234e-14
       918.3    9.33e-14
       918.3   9.369e-14
       918.4   9.399e-14
       918.4   9.417e-14
       918.5   9.416e-14
       918.6   9.391e-14
       918.6   9.346e-14
       918.6   9.311e-14
       918.7   9.267e-14
       918.7   9.209e-14
       918.7   9.136e-14
       918.8   9.048e-14
       918.8   8.942e-14
       918.8   8.817e-14
       918.8   8.668e-14
       918.9   8.514e-14
       918.9   8.346e-14
       918.9    8.15e-14
         919    7.92e-14
         919   7.659e-14
         919   7.425e-14
         919   7.184e-14
       919.1   6.917e-14
       919.1   6.632e-14
       919.1   6.321e-14
       919.1   6.028e-14
       919.2   5.718e-14
       919.2   5.401e-14
       919.2   5.065e-14
       919.3   4.725e-14
       919.3   4.412e-14
       919.3   4.316e-14
       919.3   4.156e-14
       919.3   4.062e-14
       919.3   4.053e-14
       919.4   4.045e-14
       919.4   4.321e-14
       919.5   4.876e-14
       919.5   5.484e-14
       919.6    6.07e-14
       919.6   6.611e-14
       919.7   7.176e-14
       919.7   7.666e-14
       919.8   8.184e-14
       919.8   8.651e-14
       919.9   9.035e-14
       919.9   9.402e-14
         920     9.7e-14
         920   9.924e-14
       920.1   1.008e-13
       920.1   1.017e-13
       920.2   1.019e-13
       920.2   1.017e-13
       920.3   1.008e-13
       920.3   9.912e-14
       920.4   9.669e-14
       920.4   9.353e-14
       920.5   8.973e-14
       920.5   8.579e-14
       920.6   8.134e-14
       920.6    7.61e-14
       920.7   7.092e-14
       920.7   6.535e-14
       920.8    5.95e-14
       920.8   5.352e-14
       920.9   4.718e-14
       920.9   4.077e-14
       920.9   3.936e-14
       920.9   3.744e-14
         921   3.687e-14
         921   3.649e-14
         921   3.939e-14
       921.1   4.565e-14
       921.1   5.216e-14
       921.2   5.843e-14
       921.2   6.432e-14
       921.3   7.036e-14
       921.3   7.598e-14
       921.4   8.181e-14
       921.4   8.726e-14
       921.5   9.208e-14
       921.5   9.742e-14
       921.6   1.023e-13
       921.6   1.068e-13
       921.7   1.107e-13
       921.7   1.141e-13
       921.8   1.171e-13
       921.8   1.198e-13
       921.9   1.219e-13
       921.9   1.235e-13
         922   1.246e-13
         922   1.252e-13
       922.1   1.254e-13
       922.1   1.251e-13
       922.2   1.244e-13
       922.2   1.231e-13
       922.3   1.212e-13
       922.3   1.188e-13
       922.4   1.158e-13
       922.4   1.127e-13
       922.5    1.09e-13
       922.5    1.05e-13
       922.6   1.003e-13
       922.6   9.538e-14
       922.7    9.02e-14
       922.7   8.526e-14
       922.8   7.974e-14
       922.8   7.392e-14
       922.9   6.805e-14
       922.9   6.165e-14
         923   5.567e-14
         923   4.905e-14
       923.1   4.207e-14
       923.1   4.026e-14
       923.1   3.693e-14
       923.1   3.569e-14
       923.1    3.38e-14
       923.2   3.696e-14
       923.2   4.382e-14
       923.3   5.078e-14
       923.4   5.738e-14
       923.4   6.359e-14
       923.5   6.991e-14
       923.5   7.595e-14
       923.5     8.2e-14
       923.6   8.769e-14
       923.6   9.294e-14
       923.7   9.877e-14
       923.8   1.044e-13
       923.8   1.098e-13
       923.9   1.149e-13
       923.9   1.196e-13
         924   1.242e-13
         924   1.289e-13
         924   1.332e-13
       924.1   1.372e-13
       924.1   1.407e-13
       924.2   1.439e-13
       924.2   1.469e-13
       924.3   1.495e-13
       924.4   1.519e-13
       924.4   1.539e-13
       924.5   1.555e-13
       924.5   1.569e-13
       924.5   1.579e-13
       924.6   1.587e-13
       924.6   1.592e-13
       924.7   1.593e-13
       924.8   1.592e-13
       924.8   1.588e-13
       924.9    1.58e-13
       924.9   1.569e-13
         925   1.554e-13
         925   1.536e-13
         925   1.515e-13
       925.1    1.49e-13
       925.1   1.461e-13
       925.2   1.431e-13
       925.2   1.396e-13
       925.3   1.358e-13
       925.3   1.317e-13
       925.4   1.273e-13
       925.4   1.226e-13
       925.5   1.181e-13
       925.5   1.132e-13
       925.6   1.081e-13
       925.6   1.026e-13
       925.7   9.705e-14
       925.7   9.145e-14
       925.8   8.586e-14
       925.8    7.99e-14
       925.9   7.364e-14
       925.9   6.739e-14
         926   6.061e-14
         926   5.398e-14
       926.1   4.702e-14
       926.1   3.939e-14
       926.2   3.598e-14
       926.2   3.542e-14
       926.2   3.306e-14
       926.2   3.206e-14
       926.3   3.545e-14
       926.3   4.307e-14
       926.4   5.028e-14
       926.4   5.731e-14
       926.5   6.404e-14
       926.5   7.063e-14
       926.6   7.701e-14
       926.6   8.327e-14
       926.7   8.921e-14
       926.7   9.486e-14
       926.8   1.008e-13
       926.8   1.066e-13
       926.9   1.123e-13
       926.9   1.177e-13
         927    1.23e-13
         927   1.282e-13
       927.1   1.387e-13
       927.2   1.437e-13
       927.2   1.485e-13
       927.3    1.53e-13
       927.3   1.575e-13
       927.4   1.619e-13
       927.5   1.702e-13
       927.6   1.778e-13
       927.7   1.846e-13
       927.8   1.905e-13
       927.9   1.957e-13
         928   2.002e-13
       928.1   2.039e-13
       928.2   2.069e-13
       928.3   2.091e-13
       928.4   2.106e-13
       928.5   2.114e-13
       928.6   2.116e-13
       928.7    2.11e-13
       928.7   2.104e-13
       928.8   2.096e-13
       928.8   2.084e-13
       928.9   2.069e-13
         929   2.033e-13
       929.1   1.988e-13
       929.1   1.963e-13
       929.2   1.935e-13
       929.2   1.905e-13
       929.3   1.873e-13
       929.4   1.802e-13
       929.5   1.722e-13
       929.6   1.641e-13
       929.7   1.556e-13
       929.7   1.514e-13
       929.8   1.469e-13
       929.8   1.423e-13
       929.9   1.374e-13
       929.9   1.323e-13
         930   1.272e-13
         930    1.22e-13
       930.1   1.168e-13
       930.1   1.113e-13
       930.2   1.057e-13
       930.2   9.992e-14
       930.3   9.407e-14
       930.3   8.811e-14
       930.4   8.193e-14
       930.4   7.535e-14
       930.5   6.875e-14
       930.5   6.168e-14
       930.6   5.447e-14
       930.6   4.692e-14
       930.7   3.838e-14
       930.7   3.457e-14
       930.7   3.411e-14
       930.7   3.188e-14
       930.7   3.116e-14
       930.8    3.46e-14
       930.8   4.317e-14
       930.9   5.104e-14
       930.9   5.856e-14
         931   6.575e-14
         931   7.262e-14
       931.1   7.931e-14
       931.1   8.577e-14
       931.2   9.194e-14
       931.2    9.79e-14
       931.3   1.039e-13
       931.3   1.097e-13
       931.4   1.154e-13
       931.4    1.21e-13
       931.5   1.264e-13
       931.6   1.372e-13
       931.7   1.477e-13
       931.8   1.575e-13
       931.9   1.672e-13
       932.1    1.87e-13
       932.2   1.968e-13
       932.3   2.063e-13
       932.4   2.153e-13
       932.5   2.241e-13
       932.6   2.328e-13
       932.7   2.411e-13
       932.8   2.486e-13
       932.9   2.556e-13
         933   2.622e-13
       933.1   2.684e-13
       933.2   2.743e-13
       933.3   2.797e-13
       933.4   2.848e-13
       933.5   2.892e-13
       933.6   2.928e-13
       933.7   2.961e-13
       933.8    2.99e-13
       933.9   3.015e-13
         934   3.036e-13
       934.1   3.053e-13
       934.2   3.064e-13
       934.3   3.069e-13
       934.4   3.068e-13
       934.5   3.061e-13
       934.6   3.048e-13
       934.7   3.029e-13
       934.8   3.001e-13
       934.9   2.966e-13
         935   2.924e-13
       935.1   2.876e-13
       935.2   2.825e-13
       935.3    2.77e-13
       935.4   2.709e-13
       935.5   2.643e-13
       935.6   2.574e-13
       935.7     2.5e-13
       935.8   2.422e-13
       935.9   2.344e-13
       936.1   2.187e-13
       936.3   2.024e-13
       936.4    1.94e-13
       936.5   1.853e-13
       936.6   1.762e-13
       936.7   1.668e-13
       936.8   1.571e-13
       936.9    1.47e-13
         937   1.365e-13
       937.1   1.258e-13
       937.1   1.203e-13
       937.2   1.146e-13
       937.2   1.087e-13
       937.3   1.027e-13
       937.3   9.653e-14
       937.4   9.018e-14
       937.4   8.362e-14
       937.5   7.674e-14
       937.5   6.971e-14
       937.6   6.214e-14
       937.6   5.415e-14
       937.7   4.542e-14
       937.7   3.567e-14
       937.8   3.476e-14
       937.8   3.155e-14
       937.8   3.134e-14
       937.8   3.118e-14
       937.9   3.474e-14
       937.9   4.411e-14
         938   5.314e-14
         938   6.128e-14
       938.1   6.895e-14
       938.1   7.614e-14
       938.2   8.308e-14
       938.2    8.98e-14
       938.3   9.631e-14
       938.3   1.026e-13
       938.4   1.088e-13
       938.4   1.148e-13
       938.5   1.206e-13
       938.5   1.263e-13
       938.6   1.318e-13
       938.7   1.428e-13
       938.8   1.535e-13
       938.9   1.638e-13
         939   1.739e-13
       939.1   1.837e-13
       939.2   1.933e-13
       939.3   2.028e-13
       939.5   2.215e-13
       939.7   2.404e-13
       939.9   2.603e-13
       940.1   2.812e-13
       940.3   3.024e-13
       940.5   3.241e-13
       940.7   3.476e-13
       940.9   3.713e-13
       941.1   3.944e-13
       941.3   4.168e-13
       941.4   4.277e-13
       941.5   4.382e-13
       941.6   4.478e-13
       941.7   4.568e-13
       941.8   4.655e-13
       941.9   4.739e-13
         942   4.821e-13
       942.2   4.971e-13
       942.4   5.105e-13
       942.6   5.229e-13
       942.8   5.342e-13
         943   5.444e-13
       943.2    5.53e-13
       943.4   5.602e-13
       943.6   5.659e-13
       943.8     5.7e-13
       943.9   5.714e-13
         944   5.722e-13
       944.1    5.72e-13
       944.2   5.711e-13
       944.3   5.696e-13
       944.5   5.647e-13
       944.6   5.613e-13
       944.7   5.572e-13
       944.8   5.524e-13
       944.9   5.466e-13
         945   5.401e-13
       945.1   5.328e-13
       945.2   5.249e-13
       945.3   5.163e-13
       945.5   4.972e-13
       945.7   4.773e-13
       945.9   4.559e-13
       946.1   4.334e-13
       946.5   3.892e-13
       946.7    3.67e-13
       946.9   3.454e-13
         947   3.347e-13
       947.1   3.243e-13
       947.2   3.144e-13
       947.3   3.048e-13
       947.4   2.954e-13
       947.6   2.769e-13
         948   2.409e-13
       948.2   2.229e-13
       948.4   2.045e-13
       948.5   1.952e-13
       948.6   1.855e-13
       948.7   1.755e-13
       948.8   1.652e-13
       948.9   1.546e-13
         949   1.436e-13
         949    1.38e-13
       949.1   1.323e-13
       949.1   1.265e-13
       949.2   1.204e-13
       949.2   1.143e-13
       949.3   1.079e-13
       949.3   1.014e-13
       949.4   9.469e-14
       949.4   8.768e-14
       949.5   8.037e-14
       949.5   7.272e-14
       949.6   6.436e-14
       949.6   5.519e-14
       949.7   4.433e-14
       949.7    4.19e-14
       949.7   3.567e-14
       949.7   3.468e-14
       949.7   3.274e-14
       949.8   3.569e-14
       949.8   4.656e-14
       949.9   5.709e-14
       949.9    6.61e-14
         950   7.438e-14
         950   8.201e-14
       950.1   8.936e-14
       950.1   9.638e-14
       950.2   1.032e-13
       950.2   1.098e-13
       950.3   1.162e-13
       950.3   1.225e-13
       950.4   1.286e-13
       950.4   1.345e-13
       950.5   1.403e-13
       950.6   1.517e-13
       950.7   1.628e-13
       950.8   1.735e-13
       950.9   1.839e-13
         951   1.941e-13
       951.1    2.04e-13
       951.2   2.136e-13
       951.4   2.329e-13
       951.6    2.52e-13
       951.8   2.714e-13
         952   2.913e-13
       952.2   3.121e-13
       952.3    3.23e-13
       952.4   3.342e-13
       952.5   3.462e-13
       952.6    3.59e-13
       952.7   3.721e-13
       952.8   3.856e-13
       952.9   3.995e-13
         953   4.143e-13
       953.1   4.296e-13
       953.2   4.451e-13
       953.3    4.61e-13
       953.4   4.774e-13
       953.5   4.953e-13
       953.6   5.141e-13
       953.7   5.334e-13
       953.8   5.533e-13
       953.9   5.737e-13
         954   5.946e-13
       954.1    6.17e-13
       954.2   6.399e-13
       954.4   6.874e-13
       954.6   7.359e-13
       954.8   7.846e-13
       955.2   8.791e-13
       955.4   9.255e-13
       955.5   9.479e-13
       955.6   9.691e-13
       955.7   9.892e-13
       955.8   1.009e-12
       955.9   1.028e-12
         956   1.047e-12
       956.1   1.065e-12
       956.3   1.102e-12
       956.5   1.137e-12
       956.7   1.171e-12
       956.9   1.203e-12
       957.1   1.234e-12
       957.5   1.292e-12
       957.9   1.346e-12
       958.3   1.394e-12
       958.7   1.436e-12
       959.1   1.472e-12
       959.5   1.502e-12
       959.7   1.514e-12
       959.9   1.524e-12
       960.1   1.532e-12
       960.3   1.538e-12
       960.5   1.543e-12
       960.7   1.545e-12
       960.9   1.545e-12
       961.1   1.544e-12
       961.3    1.54e-12
       961.5   1.534e-12
       961.7   1.525e-12
       961.9   1.515e-12
       962.1   1.503e-12
       962.3   1.488e-12
       962.5   1.472e-12
       962.7   1.453e-12
       962.9   1.433e-12
       963.1   1.411e-12
       963.3   1.386e-12
       963.5    1.36e-12
       963.7   1.332e-12
       963.9   1.303e-12
       964.3    1.24e-12
       964.7   1.173e-12
       965.1   1.101e-12
       965.5   1.027e-12
       965.9   9.526e-13
       966.3   8.778e-13
       966.7    8.04e-13
       967.1   7.328e-13
       967.3   6.983e-13
       967.5   6.648e-13
       967.7   6.322e-13
       967.9   6.006e-13
       968.1   5.702e-13
       968.3   5.408e-13
       968.5   5.127e-13
       968.7   4.857e-13
       968.9   4.598e-13
       969.1    4.35e-13
       969.3   4.112e-13
       969.5   3.884e-13
       969.7   3.665e-13
       969.9   3.454e-13
       970.1   3.251e-13
       970.3   3.054e-13
       970.5    2.86e-13
       970.7    2.67e-13
       970.9    2.48e-13
       971.1   2.288e-13
       971.3   2.092e-13
       971.4   1.991e-13
       971.5   1.886e-13
       971.6   1.777e-13
       971.7   1.665e-13
       971.8   1.547e-13
       971.8   1.485e-13
       971.9   1.422e-13
       971.9   1.357e-13
         972    1.29e-13
         972   1.221e-13
       972.1   1.151e-13
       972.1   1.078e-13
       972.2   1.002e-13
       972.2   9.216e-14
       972.3    8.38e-14
       972.3   7.435e-14
       972.4   6.349e-14
       972.4   4.992e-14
       972.4   4.815e-14
       972.5   3.925e-14
       972.5   3.876e-14
       972.5   3.759e-14
       972.6   3.927e-14
       972.6   5.177e-14
       972.7   6.509e-14
       972.7   7.569e-14
       972.8   8.508e-14
       972.8   9.348e-14
       972.9   1.015e-13
       972.9   1.092e-13
         973   1.165e-13
         973   1.237e-13
       973.1   1.306e-13
       973.1   1.374e-13
       973.2    1.44e-13
       973.2   1.504e-13
       973.3   1.566e-13
       973.4   1.687e-13
       973.5   1.802e-13
       973.6   1.913e-13
       973.7   2.021e-13
       973.8   2.125e-13
         974   2.329e-13
       974.2   2.528e-13
       974.4   2.727e-13
       974.6   2.927e-13
       974.8   3.132e-13
         975   3.342e-13
       975.2   3.561e-13
       975.4   3.789e-13
       975.6   4.029e-13
       975.8   4.281e-13
         976   4.547e-13
       976.2   4.828e-13
       976.4   5.127e-13
       976.6   5.443e-13
       976.8   5.779e-13
         977   6.136e-13
       977.2   6.515e-13
       977.4   6.917e-13
       977.6   7.344e-13
       977.8   7.796e-13
         978   8.276e-13
       978.2   8.784e-13
       978.4   9.321e-13
       978.6   9.888e-13
       978.8   1.049e-12
         979   1.112e-12
       979.2   1.178e-12
       979.4   1.248e-12
       979.6   1.321e-12
       979.8   1.398e-12
         980   1.478e-12
       980.2   1.562e-12
       980.4    1.65e-12
       980.6   1.741e-12
       980.8   1.836e-12
         981   1.935e-12
       981.2   2.038e-12
       981.4   2.145e-12
       981.6   2.256e-12
       981.8    2.37e-12
         982   2.488e-12
       982.2    2.61e-12
       982.4   2.736e-12
       982.6   2.866e-12
       982.8       3e-12
         983   3.136e-12
       983.2   3.277e-12
       983.6   3.569e-12
         984   3.873e-12
       984.4    4.19e-12
       984.8   4.519e-12
       985.2    4.86e-12
       985.6   5.211e-12
         986   5.572e-12
       986.4   5.939e-12
       986.8   6.312e-12
       987.6   7.066e-12
       988.4   7.833e-12
       989.2   8.602e-12
         990   9.346e-12
       990.8   1.006e-11
       991.6   1.075e-11
         992   1.108e-11
       992.4    1.14e-11
       992.8    1.17e-11
       993.2   1.197e-11
       993.6   1.223e-11
         994   1.248e-11
       994.4   1.272e-11
       994.8   1.295e-11
       995.2   1.314e-11
       995.6   1.332e-11
         996   1.348e-11
       996.4   1.363e-11
       996.8   1.374e-11
       997.2   1.383e-11
       997.6    1.39e-11
         998   1.396e-11
       998.4   1.401e-11
       998.8   1.403e-11
       999.2   1.401e-11
       999.6   1.397e-11
        1000   1.393e-11
        1000   1.389e-11
        1001    1.38e-11
        1001   1.366e-11
        1002   1.351e-11
        1002   1.335e-11
        1002   1.319e-11
        1003   1.301e-11
        1003    1.28e-11
        1004   1.257e-11
        1004   1.232e-11
        1004   1.206e-11
        1005   1.178e-11
        1005   1.149e-11
        1006   1.119e-11
        1006   1.088e-11
        1006   1.055e-11
        1007   1.021e-11
        1007   9.863e-12
        1008   9.517e-12
        1008   9.153e-12
        1008   8.785e-12
        1009   8.419e-12
        1009   8.055e-12
        1010   7.317e-12
        1011   6.584e-12
        1011   6.224e-12
        1012   5.865e-12
        1012   5.515e-12
        1012   5.174e-12
        1013   4.839e-12
        1013   4.516e-12
        1014   4.204e-12
        1014   3.901e-12
        1014   3.611e-12
        1015   3.336e-12
        1015   3.203e-12
        1015   3.071e-12
        1015   2.944e-12
        1016   2.822e-12
        1016   2.702e-12
        1016   2.588e-12
        1016   2.474e-12
        1016   2.365e-12
        1017    2.26e-12
        1017   2.157e-12
        1017   2.059e-12
        1017   1.963e-12
        1017   1.871e-12
        1018   1.784e-12
        1018   1.698e-12
        1018   1.618e-12
        1018   1.539e-12
        1018   1.464e-12
        1019   1.392e-12
        1019   1.323e-12
        1019   1.258e-12
        1019   1.194e-12
        1019   1.135e-12
        1020   1.077e-12
        1020   1.022e-12
        1020   9.711e-13
        1020   9.455e-13
        1020   9.203e-13
        1020   8.966e-13
        1020   8.738e-13
        1020   8.518e-13
        1021   8.291e-13
        1021   8.073e-13
        1021   7.862e-13
        1021   7.664e-13
        1021   7.471e-13
        1021   7.269e-13
        1021   7.077e-13
        1021   6.893e-13
        1021   6.719e-13
        1021   6.551e-13
        1022   6.375e-13
        1022   6.204e-13
        1022   6.043e-13
        1022   5.891e-13
        1022   5.744e-13
        1022   5.588e-13
        1022   5.436e-13
        1022   5.295e-13
        1022   5.161e-13
        1022   5.031e-13
        1023   4.893e-13
        1023   4.758e-13
        1023   4.632e-13
        1023   4.514e-13
        1023   4.398e-13
        1023   4.273e-13
        1023   4.151e-13
        1023   4.037e-13
        1023   3.928e-13
        1023   3.822e-13
        1024   3.706e-13
        1024   3.593e-13
        1024   3.484e-13
        1024   3.377e-13
        1024   3.151e-13
        1024   2.922e-13
        1024   2.704e-13
        1025    2.47e-13
        1025    2.35e-13
        1025   2.227e-13
        1025   2.097e-13
        1025    2.03e-13
        1025   1.959e-13
        1025   1.884e-13
        1025   1.804e-13
        1025   1.719e-13
        1025   1.627e-13
        1025    1.53e-13
        1025   1.427e-13
        1025   1.319e-13
        1025   1.206e-13
        1026   1.087e-13
        1026   9.648e-14
        1026   8.365e-14
        1026   7.818e-14
        1026   7.435e-14
        1026   6.776e-14
        1026   5.355e-14
        1026   6.736e-14
        1026   8.311e-14
        1026   9.615e-14
        1026   1.085e-13
        1026   1.204e-13
        1026   1.319e-13
        1026   1.428e-13
        1026   1.532e-13
        1026   1.631e-13
        1026   1.724e-13
        1026   1.813e-13
        1026   1.896e-13
        1026   1.973e-13
        1026   2.046e-13
        1026   2.114e-13
        1027    2.18e-13
        1027   2.308e-13
        1027    2.43e-13
        1027   2.547e-13
        1027   2.665e-13
        1027   2.779e-13
        1027   2.885e-13
        1027   2.992e-13
        1027   3.103e-13
        1027    3.22e-13
        1027    3.28e-13
        1028    3.34e-13
        1028    3.39e-13
        1028   3.439e-13
        1028   3.491e-13
        1028   3.542e-13
        1028   3.651e-13
        1028   3.764e-13
        1028   3.877e-13
        1028   3.987e-13
        1028   4.099e-13
        1028   4.215e-13
        1028   4.335e-13
        1029   4.574e-13
        1029   4.692e-13
        1029   4.817e-13
        1029   4.945e-13
        1029   5.076e-13
        1029     5.2e-13
        1029   5.324e-13
        1029   5.593e-13
        1030    5.87e-13
        1030   6.157e-13
        1030   6.466e-13
        1030   6.772e-13
        1030   7.103e-13
        1031   7.281e-13
        1031   7.467e-13
        1031   7.662e-13
        1031   7.872e-13
        1031   8.093e-13
        1031   8.325e-13
        1031   8.557e-13
        1031   8.802e-13
        1031   9.064e-13
        1031   9.344e-13
        1032   9.631e-13
        1032   9.894e-13
        1032   1.016e-12
        1032   1.045e-12
        1032   1.075e-12
        1032   1.134e-12
        1032   1.194e-12
        1033   1.257e-12
        1033   1.319e-12
        1033   1.384e-12
        1033    1.45e-12
        1033   1.517e-12
        1034   1.587e-12
        1034    1.66e-12
        1034   1.698e-12
        1034   1.737e-12
        1034   1.757e-12
        1034   1.775e-12
        1034   1.789e-12
        1034   1.802e-12
        1034   1.829e-12
        1034   1.884e-12
        1035   1.934e-12
        1035   1.981e-12
        1035   2.004e-12
        1035   2.015e-12
        1035    2.03e-12
        1035   2.048e-12
        1035   2.067e-12
        1035   2.086e-12
        1035   2.105e-12
        1035   2.124e-12
        1035   2.144e-12
        1035   2.164e-12
        1035   2.184e-12
        1036   2.227e-12
        1036   2.276e-12
        1036   2.326e-12
        1036   2.379e-12
        1036   2.433e-12
        1036   2.492e-12
        1036   2.556e-12
        1036   2.624e-12
        1036   2.695e-12
        1036    2.77e-12
        1037   2.851e-12
        1037   2.942e-12
        1037    3.04e-12
        1037   3.144e-12
        1037   3.255e-12
        1037    3.48e-12
        1037   3.596e-12
        1037    3.72e-12
        1037   3.852e-12
        1037   3.919e-12
        1038   3.983e-12
        1038   4.039e-12
        1038   4.094e-12
        1038    4.21e-12
        1038   4.331e-12
        1038   4.457e-12
        1038   4.704e-12
        1038   4.958e-12
        1039   5.222e-12
        1039   5.486e-12
        1039   5.766e-12
        1039   6.022e-12
        1039   6.259e-12
        1039   6.382e-12
        1040   6.497e-12
        1040   6.596e-12
        1040    6.69e-12
        1040   6.883e-12
        1040    7.27e-12
        1041   7.685e-12
        1041   8.127e-12
        1042   8.565e-12
        1042   8.967e-12
        1042   9.328e-12
        1043   9.672e-12
        1044   1.038e-11
        1044   1.112e-11
        1045    1.15e-11
        1045   1.189e-11
        1046    1.23e-11
        1046   1.274e-11
        1046   1.317e-11
        1047   1.356e-11
        1047    1.39e-11
        1048   1.418e-11
        1048   1.443e-11
        1048   1.472e-11
        1049   1.504e-11
        1049    1.54e-11
        1050   1.577e-11
        1050   1.594e-11
        1050    1.61e-11
        1050   1.623e-11
        1050   1.634e-11
        1051   1.644e-11
        1051   1.651e-11
        1051   1.658e-11
        1051   1.663e-11
        1051   1.667e-11
        1052   1.671e-11
        1052   1.675e-11
        1052   1.682e-11
        1053   1.691e-11
        1054   1.694e-11
        1055   1.697e-11
        1055   1.706e-11
        1056   1.708e-11
        1056   1.706e-11
        1057   1.699e-11
        1057   1.685e-11
        1057   1.669e-11
        1058   1.655e-11
        1058   1.644e-11
        1058   1.641e-11
        1059    1.64e-11
        1059   1.641e-11
        1059   1.643e-11
        1059   1.648e-11
        1059   1.654e-11
        1060   1.662e-11
        1060   1.682e-11
        1060   1.707e-11
        1061   1.737e-11
        1061   1.772e-11
        1062   1.815e-11
        1062   1.864e-11
        1062    1.92e-11
        1063    1.98e-11
        1063   2.043e-11
        1064   2.105e-11
        1064   2.163e-11
        1064   2.212e-11
        1065   2.254e-11
        1065    2.29e-11
        1066    2.32e-11
        1066   2.346e-11
        1066   2.372e-11
        1067   2.397e-11
        1067   2.419e-11
        1068   2.438e-11
        1068    2.45e-11
        1068   2.452e-11
        1069   2.447e-11
        1069   2.434e-11
        1070   2.414e-11
        1070   2.392e-11
        1070   2.369e-11
        1071   2.348e-11
        1071   2.331e-11
        1072   2.316e-11
        1072   2.305e-11
        1073   2.282e-11
        1073   2.268e-11
        1074   2.251e-11
        1074   2.229e-11
        1074   2.205e-11
        1075   2.154e-11
        1076   2.131e-11
        1076   2.113e-11
        1076   2.102e-11
        1077   2.098e-11
        1077   2.102e-11
        1077   2.108e-11
        1078   2.115e-11
        1078   2.125e-11
        1078   2.137e-11
        1078   2.151e-11
        1078   2.167e-11
        1079   2.184e-11
        1079   2.225e-11
        1079    2.27e-11
        1080   2.319e-11
        1081   2.421e-11
        1081   2.519e-11
        1082   2.564e-11
        1082   2.605e-11
        1083   2.641e-11
        1083   2.673e-11
        1083   2.701e-11
        1084   2.724e-11
        1084   2.745e-11
        1085   2.761e-11
        1085   2.787e-11
        1086   2.805e-11
        1087   2.817e-11
        1088   2.825e-11
        1089   2.831e-11
        1090   2.837e-11
        1092   2.838e-11
        1093   2.834e-11
        1097    2.82e-11
        1100   2.801e-11
        1103   2.778e-11
        1106   2.752e-11
        1109   2.725e-11
        1113   2.696e-11
        1116   2.666e-11
        1119   2.635e-11
        1122   2.604e-11
        1125   2.574e-11
        1129   2.543e-11
        1132   2.511e-11
        1135   2.475e-11
        1138   2.438e-11
        1141   2.399e-11
        1145   2.358e-11
        1148   2.315e-11
        1151   2.269e-11
        1154   2.219e-11
        1157   2.165e-11
        1161   2.106e-11
        1164    2.04e-11
        1167    1.97e-11
        1169   1.933e-11
        1170   1.894e-11
        1172   1.851e-11
        1173   1.804e-11
        1175   1.754e-11
        1177   1.703e-11
        1178   1.649e-11
        1180   1.592e-11
        1181   1.531e-11
        1183   1.464e-11
        1185   1.392e-11
        1186   1.317e-11
        1188   1.238e-11
        1189   1.155e-11
        1191   1.068e-11
        1193   9.761e-12
        1194   8.821e-12
        1196   7.872e-12
        1197   6.918e-12
        1198   6.443e-12
        1199   5.972e-12
        1200   5.509e-12
        1201   5.058e-12
        1201   4.622e-12
        1202    4.41e-12
        1202   4.201e-12
        1203   3.998e-12
        1203   3.798e-12
        1203   3.604e-12
        1204   3.415e-12
        1204   3.231e-12
        1205   3.053e-12
        1205   2.881e-12
        1205   2.716e-12
        1206   2.557e-12
        1206   2.404e-12
        1207   2.258e-12
        1207   2.118e-12
        1207   1.985e-12
        1208   1.858e-12
        1208   1.738e-12
        1209   1.626e-12
        1209    1.52e-12
        1209    1.42e-12
        1210   1.326e-12
        1210   1.238e-12
        1211   1.155e-12
        1211   1.077e-12
        1211   1.004e-12
        1212   9.353e-13
        1212   8.712e-13
        1213   8.109e-13
        1213   8.038e-13
        1213    7.54e-13
        1213   6.996e-13
        1213   6.963e-13
        1214   6.445e-13
        1214   6.182e-13
        1214   6.048e-13
        1214   5.912e-13
        1214   5.842e-13
        1214   5.769e-13
        1214   5.687e-13
        1214   5.586e-13
        1214   5.469e-13
        1214   5.335e-13
        1214   5.161e-13
        1215   4.946e-13
        1215   4.695e-13
        1215   4.469e-13
        1215   4.225e-13
        1215   3.974e-13
        1215   3.718e-13
        1215   3.498e-13
        1215   3.247e-13
        1215    2.88e-13
        1215   2.453e-13
        1215   2.072e-13
        1215   1.779e-13
        1215   1.597e-13
        1215   1.468e-13
        1215   1.381e-13
        1215   1.331e-13
        1215   1.299e-13
        1215   1.285e-13
        1215   1.278e-13
        1215   1.276e-13
        1215   1.275e-13
        1216   1.275e-13
        1216   1.275e-13
        1216   1.275e-13
        1216   1.275e-13
        1216   1.275e-13
        1216   1.275e-13
        1216   1.276e-13
        1216   1.277e-13
        1216   1.278e-13
        1216   1.282e-13
        1216    1.29e-13
        1216   1.308e-13
        1216   1.346e-13
        1216   1.407e-13
        1216   1.512e-13
        1216   1.659e-13
        1216   1.884e-13
        1216   2.236e-13
        1216   2.647e-13
        1216   3.096e-13
        1217   3.399e-13
        1217   3.632e-13
        1217   3.884e-13
        1217   4.151e-13
        1217   4.407e-13
        1217   4.652e-13
        1217   4.901e-13
        1217   5.147e-13
        1217   5.339e-13
        1217   5.489e-13
        1217    5.61e-13
        1217   5.719e-13
        1217   5.808e-13
        1217   5.884e-13
        1217   5.957e-13
        1217   6.097e-13
        1218   6.369e-13
        1218   6.634e-13
        1218   6.895e-13
        1218   7.156e-13
        1219   7.689e-13
        1219   8.241e-13
        1219   8.821e-13
        1220   9.429e-13
        1220   1.008e-12
        1220   1.042e-12
        1221   1.077e-12
        1221   1.114e-12
        1221   1.152e-12
        1221   1.192e-12
        1221   1.233e-12
        1222   1.275e-12
        1222   1.319e-12
        1222   1.407e-12
        1223   1.497e-12
        1223   1.588e-12
        1223   1.681e-12
        1224   1.779e-12
        1224   1.831e-12
        1224   1.885e-12
        1224   1.941e-12
        1225       2e-12
        1225    2.06e-12
        1225   2.186e-12
        1226   2.314e-12
        1226   2.443e-12
        1226   2.567e-12
        1227   2.686e-12
        1227   2.798e-12
        1228   2.906e-12
        1228   3.012e-12
        1228   3.119e-12
        1229   3.233e-12
        1229   3.294e-12
        1229   3.355e-12
        1229   3.423e-12
        1230   3.495e-12
        1230    3.57e-12
        1230   3.648e-12
        1230   3.734e-12
        1230   3.822e-12
        1231   3.917e-12
        1231   4.016e-12
        1231   4.119e-12
        1231   4.228e-12
        1231   4.341e-12
        1232   4.459e-12
        1232   4.582e-12
        1232   4.709e-12
        1232   4.841e-12
        1233   5.116e-12
        1233   5.403e-12
        1233     5.7e-12
        1234   6.003e-12
        1234   6.308e-12
        1235   6.916e-12
        1236   7.508e-12
        1237   8.073e-12
        1237   8.609e-12
        1238   9.121e-12
        1239   9.614e-12
        1240   1.009e-11
        1241   1.055e-11
        1241   1.099e-11
        1242   1.141e-11
        1243    1.18e-11
        1244   1.217e-11
        1245   1.252e-11
        1245   1.285e-11
        1246   1.316e-11
        1247   1.346e-11
        1248   1.374e-11
        1249     1.4e-11
        1249   1.424e-11
        1250   1.446e-11
        1251   1.466e-11
        1252   1.484e-11
        1253   1.501e-11
        1254   1.533e-11
        1256   1.562e-11
        1257   1.587e-11
        1259   1.607e-11
        1261   1.624e-11
        1262   1.639e-11
        1264   1.653e-11
        1265   1.666e-11
        1267   1.675e-11
        1269   1.682e-11
        1270   1.688e-11
        1273   1.698e-11
        1277   1.705e-11
        1280   1.708e-11
        1283   1.708e-11
        1286   1.707e-11
        1289   1.704e-11
        1293     1.7e-11
        1296   1.694e-11
        1298    1.69e-11
        1299   1.688e-11
        1300   1.686e-11
        1305   1.675e-11
        1310   1.661e-11
        1315   1.647e-11
        1320   1.631e-11
        1330   1.599e-11
        1340   1.569e-11
        1350    1.54e-11
        1360   1.505e-11
        1370   1.465e-11
        1380   1.425e-11
        1385   1.403e-11
        1390   1.384e-11
        1395   1.371e-11
        1400   1.363e-11
        1405   1.358e-11
        1410   1.353e-11
        1415   1.345e-11
        1420   1.335e-11
        1425   1.322e-11
        1430   1.309e-11
        1440   1.283e-11
        1460    1.23e-11
        1480   1.179e-11
        1500   1.131e-11
        1520   1.086e-11
        1540   1.044e-11
        1560   1.003e-11
        1580   9.649e-12
        1600   9.286e-12
        1620    8.94e-12
        1640   8.612e-12
        1660   8.301e-12
        1680   8.004e-12
        1700   7.723e-12
        1720   7.455e-12
        1740   7.199e-12
        1760   6.954e-12
        1780   6.722e-12
        1800   6.499e-12
        1820   6.286e-12
        1840   6.083e-12
        1860   5.888e-12
        1880   5.702e-12
        1900   5.524e-12
        1920   5.353e-12
        1940   5.189e-12
        1960   5.032e-12
        1980   4.882e-12
        2000   4.737e-12
        2020   4.598e-12
        2040   4.465e-12
        2060   4.336e-12
        2080   4.213e-12
        2100   4.094e-12
        2120    3.98e-12
        2140   3.869e-12
        2160   3.763e-12
        2180   3.661e-12
        2200   3.562e-12
        2220   3.467e-12
        2240   3.376e-12
        2260   3.287e-12
        2280   3.202e-12
        2300   3.119e-12
        2320   3.039e-12
        2340   2.962e-12
        2360   2.888e-12
        2380   2.816e-12
        2400   2.746e-12
        2420   2.679e-12
        2440   2.614e-12
        2460    2.55e-12
        2480   2.489e-12
        2500    2.43e-12
        2520   2.372e-12
        2540   2.317e-12
        2560   2.263e-12
        2580   2.211e-12
        2600    2.16e-12
        2620   2.111e-12
        2640   2.063e-12
        2660   2.017e-12
        2680   1.972e-12
        2700   1.928e-12
        2720   1.886e-12
        2740   1.844e-12
        2760   1.804e-12
        2780   1.765e-12
        2800   1.728e-12
        2820   1.691e-12
        2840   1.655e-12
        2860    1.62e-12
        2880   1.586e-12
        2900   1.553e-12
        2920   1.521e-12
        2940    1.49e-12
        2960    1.46e-12
        2980    1.43e-12
        3000   1.401e-12
        3020   1.373e-12
        3040   1.346e-12
        3060    1.32e-12
        3080   1.294e-12
        3100   1.268e-12
        3120   1.244e-12
        3140    1.22e-12
        3160   1.196e-12
        3180   1.173e-12
        3200   1.151e-12
        3220   1.129e-12
        3240   1.108e-12
        3260   1.087e-12
        3280   1.067e-12
        3300   1.047e-12
        3320   1.028e-12
        3340   1.009e-12
        3360    9.91e-13
        3380    9.73e-13
        3400   9.555e-13
        3420   9.384e-13
        3440   9.216e-13
        3460   9.053e-13
        3480   8.893e-13
        3500   8.737e-13
        3520   8.584e-13
        3540   8.435e-13
        3560   8.289e-13
        3580   8.146e-13
        3600   8.006e-13
        3620   7.869e-13
        3633   7.783e-13
        3640   7.735e-13
        3644   7.707e-13
        3647   7.689e-13
        3650    7.67e-13
        3660   7.603e-13
        3670   7.536e-13
        3676   7.495e-13
        3680   7.471e-13
        3680    7.47e-13
        3683   7.449e-13
        3684   7.445e-13
        3687   7.424e-13
        3688   7.418e-13
        3693   7.388e-13
        3698   7.351e-13
        3703   7.322e-13
        3704   7.315e-13
        3705   7.308e-13
        3707   7.294e-13
        3710   7.276e-13
        3712   7.266e-13
        3713   7.257e-13
        3716   7.238e-13
        3721   7.206e-13
        3722   7.204e-13
        3722     7.2e-13
        3723   7.194e-13
        3725   7.184e-13
        3728   7.162e-13
        3735   7.118e-13
        3742    7.08e-13
        3747   7.042e-13
        3749   7.027e-13
        3751   7.013e-13
        3755   7.003e-13
        3759   6.989e-13
        3761   6.976e-13
        3763   6.966e-13
        3766   6.929e-13
        3769   6.899e-13
        3770   6.883e-13
        3772   6.871e-13
        3773   6.874e-13
        3774    6.88e-13
        3776   6.885e-13
        3777    6.89e-13
        3778   6.894e-13
        3781   6.895e-13
        3784   6.885e-13
        3786   6.865e-13
        3789   6.832e-13
        3792   6.788e-13
        3794   6.734e-13
        3795   6.719e-13
        3797   6.674e-13
        3798   6.654e-13
        3799   6.641e-13
        3800   6.652e-13
        3801   6.669e-13
        3802   6.689e-13
        3803   6.709e-13
        3804   6.727e-13
        3806   6.761e-13
        3808   6.791e-13
        3810    6.81e-13
        3812   6.825e-13
        3814   6.827e-13
        3816   6.824e-13
        3818   6.812e-13
        3820   6.785e-13
        3821   6.749e-13
        3823   6.706e-13
        3825   6.647e-13
        3827   6.581e-13
        3829   6.504e-13
        3830   6.476e-13
        3831   6.418e-13
        3833   6.327e-13
        3835    6.25e-13
        3836   6.216e-13
        3836   6.201e-13
        3836   6.191e-13
        3837   6.201e-13
        3837   6.216e-13
        3838   6.232e-13
        3838    6.25e-13
        3839   6.269e-13
        3839   6.288e-13
        3839   6.308e-13
        3840   6.327e-13
        3840   6.347e-13
        3841   6.386e-13
        3843   6.463e-13
        3846   6.601e-13
        3848   6.661e-13
        3849   6.717e-13
        3851   6.762e-13
        3852   6.802e-13
        3854   6.834e-13
        3856   6.857e-13
        3857   6.871e-13
        3859   6.876e-13
        3861   6.877e-13
        3862   6.871e-13
        3864   6.854e-13
        3866   6.824e-13
        3867   6.784e-13
        3869   6.745e-13
        3870   6.695e-13
        3872   6.632e-13
        3874   6.554e-13
        3875   6.463e-13
        3877   6.379e-13
        3879   6.276e-13
        3880   6.162e-13
        3882   6.046e-13
        3884   5.916e-13
        3885   5.786e-13
        3887   5.645e-13
        3888   5.574e-13
        3889   5.503e-13
        3889    5.47e-13
        3889    5.44e-13
        3890   5.415e-13
        3890   5.405e-13
        3891   5.413e-13
        3891   5.437e-13
        3891   5.465e-13
        3892   5.498e-13
        3893   5.566e-13
        3894   5.703e-13
        3896   5.837e-13
        3898   5.967e-13
        3899   6.086e-13
        3901     6.2e-13
        3904   6.415e-13
        3906   6.512e-13
        3907   6.606e-13
        3909    6.69e-13
        3911   6.761e-13
        3912    6.82e-13
        3914   6.875e-13
        3916    6.93e-13
        3917   6.974e-13
        3919   7.006e-13
        3920   7.032e-13
        3922   7.051e-13
        3924   7.066e-13
        3927   7.079e-13
        3930   7.069e-13
        3933   7.035e-13
        3937   6.973e-13
        3940   6.879e-13
        3942   6.825e-13
        3943   6.759e-13
        3945   6.682e-13
        3947   6.591e-13
        3950   6.396e-13
        3951   6.293e-13
        3953   6.181e-13
        3955   6.053e-13
        3956    5.91e-13
        3958   5.781e-13
        3960   5.636e-13
        3961   5.481e-13
        3963   5.325e-13
        3965   5.155e-13
        3966   4.989e-13
        3968   4.816e-13
        3968   4.806e-13
        3969   4.713e-13
        3969   4.604e-13
        3970   4.487e-13
        3971   4.422e-13
        3971   4.388e-13
        3971   4.374e-13
        3971   4.368e-13
        3971   4.374e-13
        3971   4.387e-13
        3972   4.403e-13
        3972   4.419e-13
        3972   4.436e-13
        3972   4.452e-13
        3972   4.468e-13
        3972   4.482e-13
        3972   4.497e-13
        3972   4.511e-13
        3972   4.525e-13
        3972   4.539e-13
        3973   4.553e-13
        3973   4.567e-13
        3973   4.582e-13
        3973   4.595e-13
        3973    4.62e-13
        3974   4.674e-13
        3974   4.771e-13
        3975   4.863e-13
        3977   5.041e-13
        3979   5.209e-13
        3980   5.361e-13
        3982   5.518e-13
        3984   5.666e-13
        3986   5.795e-13
        3987   5.938e-13
        3989   6.069e-13
        3991   6.185e-13
        3993   6.291e-13
        3994   6.388e-13
        3996   6.501e-13
        3998   6.599e-13
        3999   6.684e-13
        4001   6.758e-13
        4003   6.823e-13
        4005   6.887e-13
        4008   6.989e-13
        4011   7.065e-13
        4015   7.118e-13
        4018   7.156e-13
        4022   7.182e-13
        4025   7.198e-13
        4029   7.204e-13
        4032   7.199e-13
        4036    7.19e-13
        4039    7.17e-13
        4042   7.141e-13
        4046   7.101e-13
        4049   7.048e-13
        4053    6.98e-13
        4056   6.899e-13
        4060     6.8e-13
        4063   6.677e-13
        4067   6.526e-13
        4070   6.364e-13
        4073   6.188e-13
        4075   6.094e-13
        4077   5.991e-13
        4079    5.88e-13
        4080   5.763e-13
        4082   5.646e-13
        4084   5.522e-13
        4086   5.391e-13
        4087   5.246e-13
        4089   5.101e-13
        4091   4.957e-13
        4092   4.799e-13
        4094   4.635e-13
        4096   4.462e-13
        4097   4.373e-13
        4098   4.284e-13
        4098   4.181e-13
        4099   4.081e-13
        4100   3.967e-13
        4101   3.905e-13
        4101   3.839e-13
        4101   3.768e-13
        4102   3.693e-13
        4102   3.655e-13
        4102   3.618e-13
        4102   3.599e-13
        4103   3.583e-13
        4103   3.572e-13
        4103   3.568e-13
        4103   3.568e-13
        4103   3.569e-13
        4103   3.569e-13
        4103   3.567e-13
        4103   3.569e-13
        4103   3.577e-13
        4103   3.593e-13
        4103   3.611e-13
        4104   3.651e-13
        4104   3.734e-13
        4105    3.81e-13
        4105   3.882e-13
        4106   3.947e-13
        4106   4.007e-13
        4107   4.117e-13
        4108   4.223e-13
        4109   4.318e-13
        4110    4.41e-13
        4112   4.584e-13
        4114   4.749e-13
        4115   4.905e-13
        4117   5.046e-13
        4119    5.19e-13
        4121   5.326e-13
        4123   5.448e-13
        4125   5.564e-13
        4127   5.673e-13
        4129   5.781e-13
        4130   5.878e-13
        4132   5.966e-13
        4134   6.046e-13
        4138   6.205e-13
        4142   6.346e-13
        4145   6.465e-13
        4149   6.557e-13
        4153   6.628e-13
        4157   6.686e-13
        4160   6.729e-13
        4164    6.76e-13
        4168    6.78e-13
        4175   6.801e-13
        4183   6.804e-13
        4190   6.794e-13
        4198   6.776e-13
        4205   6.751e-13
        4213   6.721e-13
        4220   6.687e-13
        4228   6.647e-13
        4235   6.603e-13
        4243   6.553e-13
        4250   6.495e-13
        4258   6.424e-13
        4265   6.337e-13
        4269   6.287e-13
        4273   6.229e-13
        4277   6.164e-13
        4280    6.09e-13
        4284   6.006e-13
        4288   5.916e-13
        4292   5.818e-13
        4295   5.714e-13
        4299   5.598e-13
        4303   5.468e-13
        4307   5.324e-13
        4310   5.165e-13
        4314   4.996e-13
        4318   4.803e-13
        4322   4.591e-13
        4325   4.358e-13
        4327   4.231e-13
        4329   4.103e-13
        4331   3.967e-13
        4333   3.824e-13
        4335   3.673e-13
        4336   3.591e-13
        4337   3.504e-13
        4338   3.408e-13
        4338   3.359e-13
        4339   3.305e-13
        4339   3.245e-13
        4339   3.181e-13
        4340   3.143e-13
        4340   3.105e-13
        4340   3.077e-13
        4340   3.062e-13
        4340   3.014e-13
        4341   2.999e-13
        4341   2.957e-13
        4341    2.91e-13
        4341   2.853e-13
        4341   2.824e-13
        4341   2.789e-13
        4341   2.751e-13
        4341    2.71e-13
        4342   2.692e-13
        4342   2.676e-13
        4342   2.665e-13
        4342   2.661e-13
        4342   2.665e-13
        4342   2.676e-13
        4342   2.692e-13
        4342   2.711e-13
        4342   2.753e-13
        4342   2.791e-13
        4342   2.826e-13
        4342   2.856e-13
        4342   2.886e-13
        4343   2.936e-13
        4343    2.98e-13
        4343    3.02e-13
        4343   3.061e-13
        4344   3.128e-13
        4344   3.188e-13
        4344    3.24e-13
        4345    3.29e-13
        4346   3.376e-13
        4346   3.455e-13
        4347   3.528e-13
        4348   3.595e-13
        4349    3.66e-13
        4350   3.723e-13
        4351   3.836e-13
        4353   3.948e-13
        4354   4.053e-13
        4356    4.15e-13
        4358   4.248e-13
        4359   4.341e-13
        4361   4.427e-13
        4362    4.51e-13
        4364   4.588e-13
        4366   4.663e-13
        4369   4.801e-13
        4372    4.92e-13
        4375   5.028e-13
        4378   5.126e-13
        4382   5.214e-13
        4385   5.291e-13
        4388   5.357e-13
        4391   5.414e-13
        4394   5.468e-13
        4401   5.555e-13
        4407   5.621e-13
        4414   5.663e-13
        4420   5.686e-13
        4426   5.695e-13
        4433   5.696e-13
        4439   5.689e-13
        4446   5.677e-13
        4452   5.661e-13
        4458   5.643e-13
        4465   5.623e-13
        4471   5.602e-13
        4478   5.579e-13
        4484   5.556e-13
        4490   5.532e-13
        4497   5.508e-13
        4503   5.483e-13
        4510   5.458e-13
        4516   5.433e-13
        4522   5.408e-13
        4529   5.383e-13
        4535   5.358e-13
        4542   5.333e-13
        4548   5.308e-13
        4554   5.283e-13
        4561   5.257e-13
        4567   5.232e-13
        4574   5.207e-13
        4580   5.182e-13
        4586   5.157e-13
        4593   5.132e-13
        4599   5.107e-13
        4606   5.083e-13
        4612   5.058e-13
        4618   5.033e-13
        4625   5.008e-13
        4631   4.984e-13
        4638   4.959e-13
        4644   4.934e-13
        4650    4.91e-13
        4657   4.885e-13
        4663    4.86e-13
        4670   4.835e-13
        4676    4.81e-13
        4682   4.784e-13
        4689   4.759e-13
        4695   4.732e-13
        4702   4.706e-13
        4708   4.679e-13
        4714   4.651e-13
        4721   4.622e-13
        4727   4.592e-13
        4734   4.561e-13
        4740   4.528e-13
        4746   4.495e-13
        4753   4.459e-13
        4759   4.421e-13
        4766   4.379e-13
        4772   4.333e-13
        4778   4.283e-13
        4785   4.228e-13
        4791   4.165e-13
        4798   4.093e-13
        4804    4.01e-13
        4810   3.915e-13
        4817   3.807e-13
        4820   3.746e-13
        4823   3.681e-13
        4826    3.61e-13
        4830   3.532e-13
        4833   3.448e-13
        4836   3.358e-13
        4839    3.26e-13
        4842   3.154e-13
        4846    3.04e-13
        4849   2.917e-13
        4850   2.851e-13
        4852   2.783e-13
        4854   2.711e-13
        4855   2.634e-13
        4857   2.549e-13
        4858   2.501e-13
        4858   2.449e-13
        4859   2.421e-13
        4859   2.391e-13
        4860   2.358e-13
        4860   2.321e-13
        4860    2.28e-13
        4861   2.232e-13
        4861   2.204e-13
        4861   2.174e-13
        4861   2.138e-13
        4862     2.1e-13
        4862   2.054e-13
        4862   2.028e-13
        4862       2e-13
        4862   1.968e-13
        4862   1.937e-13
        4862   1.905e-13
        4862   1.875e-13
        4862   1.861e-13
        4862    1.85e-13
        4863   1.841e-13
        4863   1.835e-13
        4863   1.835e-13
        4863   1.831e-13
        4863    1.83e-13
        4863   1.831e-13
        4863   1.835e-13
        4863   1.841e-13
        4863    1.85e-13
        4863   1.862e-13
        4863   1.876e-13
        4863   1.908e-13
        4863   1.973e-13
        4863   2.005e-13
        4864   2.033e-13
        4864   2.059e-13
        4864   2.083e-13
        4864   2.105e-13
        4864   2.124e-13
        4864   2.162e-13
        4864   2.194e-13
        4865   2.222e-13
        4865   2.272e-13
        4865   2.313e-13
        4866    2.35e-13
        4866   2.383e-13
        4867   2.413e-13
        4867   2.467e-13
        4868   2.514e-13
        4869   2.558e-13
        4870     2.6e-13
        4872   2.674e-13
        4873   2.743e-13
        4875   2.808e-13
        4877   2.869e-13
        4880   2.982e-13
        4883   3.084e-13
        4886   3.177e-13
        4890    3.26e-13
        4893   3.335e-13
        4896   3.402e-13
        4900   3.461e-13
        4903   3.513e-13
        4906    3.56e-13
        4910   3.601e-13
        4913   3.636e-13
        4920   3.696e-13
        4926   3.742e-13
        4933   3.775e-13
        4939   3.798e-13
        4946   3.813e-13
        4953   3.821e-13
        4959   3.824e-13
        4966   3.824e-13
        4973   3.821e-13
        4979   3.814e-13
        4986   3.806e-13
        4992   3.796e-13
        4998   3.787e-13
        4999   3.786e-13
        5000   3.784e-13
        5010   3.765e-13
        5020   3.744e-13
        5040   3.699e-13
        5060   3.652e-13
        5080   3.603e-13
        5100   3.555e-13
        5120   3.506e-13
        5140   3.458e-13
        5160   3.411e-13
        5180   3.364e-13
        5200   3.319e-13
        5220   3.273e-13
        5240   3.229e-13
        5260   3.185e-13
        5280   3.142e-13
        5300     3.1e-13
        5320   3.058e-13
        5340   3.017e-13
        5360   2.977e-13
        5380   2.937e-13
        5400   2.898e-13
        5420    2.86e-13
        5440   2.822e-13
        5460   2.785e-13
        5480   2.749e-13
        5500   2.713e-13
        5520   2.677e-13
        5540   2.643e-13
        5560   2.608e-13
        5580   2.575e-13
        5600   2.542e-13
        5620   2.509e-13
        5640   2.477e-13
        5660   2.446e-13
        5680   2.415e-13
        5700   2.384e-13
        5720   2.354e-13
        5740   2.325e-13
        5760   2.295e-13
        5780   2.266e-13
        5800   2.238e-13
        5820    2.21e-13
        5840   2.183e-13
        5860   2.156e-13
        5880    2.13e-13
        5900   2.104e-13
        5920   2.078e-13
        5940   2.053e-13
        5960   2.028e-13
        5980   2.003e-13
        6000   1.979e-13
        6020   1.955e-13
        6040   1.932e-13
        6060   1.909e-13
        6080   1.886e-13
        6100   1.863e-13
        6120   1.841e-13
        6140   1.819e-13
        6160   1.797e-13
        6180   1.776e-13
        6200   1.755e-13
        6220   1.734e-13
        6240   1.714e-13
        6260   1.693e-13
        6280   1.673e-13
        6300   1.653e-13
        6320   1.633e-13
        6340   1.613e-13
        6360   1.593e-13
        6380   1.572e-13
        6400   1.551e-13
        6420   1.529e-13
        6440   1.504e-13
        6460   1.476e-13
        6470   1.459e-13
        6480   1.441e-13
        6490   1.419e-13
        6500   1.393e-13
        6505   1.378e-13
        6510   1.361e-13
        6515   1.342e-13
        6520   1.321e-13
        6525   1.297e-13
        6530    1.27e-13
        6535   1.239e-13
        6540   1.204e-13
        6542   1.184e-13
        6545   1.164e-13
        6548   1.142e-13
        6550   1.118e-13
        6552   1.092e-13
        6555   1.063e-13
        6556   1.047e-13
        6558    1.03e-13
        6559    1.01e-13
        6559   9.986e-14
        6560   9.863e-14
        6561   9.725e-14
        6561   9.568e-14
        6562   9.476e-14
        6562    9.38e-14
        6562   9.272e-14
        6562   9.147e-14
        6563   8.999e-14
        6563   8.824e-14
        6563   8.597e-14
        6564   8.302e-14
        6564   7.897e-14
        6564   7.826e-14
        6564   7.778e-14
        6564   7.504e-14
        6565   7.411e-14
        6565   7.823e-14
        6566    8.44e-14
        6566   8.822e-14
        6567   9.081e-14
        6567   9.279e-14
        6568   9.439e-14
        6568   9.575e-14
        6569   9.693e-14
        6569   9.798e-14
        6570   9.895e-14
        6571   1.006e-13
        6572   1.021e-13
        6573   1.034e-13
        6574   1.046e-13
        6576   1.068e-13
        6578   1.088e-13
        6580   1.106e-13
        6584   1.137e-13
        6588   1.165e-13
        6592   1.189e-13
        6596    1.21e-13
        6600   1.228e-13
        6604   1.244e-13
        6608   1.257e-13
        6612   1.269e-13
        6616   1.278e-13
        6624   1.293e-13
        6632   1.304e-13
        6640   1.311e-13
        6648   1.315e-13
        6656   1.317e-13
        6672   1.317e-13
        6688   1.313e-13
        6704   1.307e-13
        6720   1.299e-13
        6736    1.29e-13
        6752   1.281e-13
        6768   1.271e-13
        6784   1.261e-13
        6800   1.251e-13
        6816   1.241e-13
        6832   1.231e-13
        6848   1.221e-13
        6864   1.211e-13
        6880   1.201e-13
        6896   1.191e-13
        6912   1.181e-13
        6928   1.171e-13
        6944   1.161e-13
        6960   1.152e-13
        6976   1.142e-13
        6992   1.133e-13
        7008   1.123e-13
        7024   1.114e-13
        7040   1.105e-13
        7056   1.096e-13
        7072   1.087e-13
        7088   1.078e-13
        7104   1.069e-13
        7120    1.06e-13
        7136   1.051e-13
        7152   1.043e-13
        7168   1.034e-13
        7184   1.026e-13
        7200   1.017e-13
        7216   1.009e-13
        7232   1.001e-13
        7248   9.929e-14
        7264   9.849e-14
        7280    9.77e-14
        7296   9.692e-14
        7312   9.614e-14
        7328   9.537e-14
        7344   9.461e-14
        7360   9.386e-14
        7376   9.312e-14
        7392   9.238e-14
        7408   9.165e-14
        7424   9.092e-14
        7440    9.02e-14
        7456   8.949e-14
        7472   8.879e-14
        7488   8.809e-14
        7504   8.741e-14
        7520   8.672e-14
        7536   8.605e-14
        7552   8.538e-14
        7568   8.472e-14
        7584   8.406e-14
        7600   8.341e-14
        7616   8.277e-14
        7632   8.213e-14
        7648    8.15e-14
        7664   8.087e-14
        7680   8.025e-14
        7696   7.964e-14
        7712   7.903e-14
        7728   7.843e-14
        7744   7.783e-14
        7760   7.724e-14
        7776   7.666e-14
        7792   7.608e-14
        7808   7.551e-14
        7824   7.494e-14
        7840   7.438e-14
        7856   7.382e-14
        7872   7.327e-14
        7888   7.272e-14
        7904   7.218e-14
        7920   7.164e-14
        7936   7.111e-14
        7952   7.058e-14
        7968   7.006e-14
        7984   6.954e-14
        8000   6.903e-14
        8016   6.852e-14
        8032   6.802e-14
        8048   6.752e-14
        8064   6.703e-14
        8080   6.654e-14
        8096   6.606e-14
        8112   6.558e-14
        8128    6.51e-14
        8144   6.463e-14
        8160   6.416e-14
        8176    6.37e-14
        8177   6.365e-14
        8192   6.324e-14
        8206   6.283e-14
        8221   6.242e-14
        8235   6.201e-14
        8250    6.16e-14
        8264   6.119e-14
        8279   6.079e-14
        8293    6.04e-14
        8308       6e-14
        8322   5.961e-14
        8337   5.922e-14
        8351   5.884e-14
        8366   5.846e-14
        8366   5.845e-14
        8380   5.808e-14
        8395   5.771e-14
        8402   5.751e-14
        8409   5.734e-14
        8416   5.717e-14
        8417   5.713e-14
        8429   5.684e-14
        8440   5.655e-14
        8452   5.627e-14
        8457   5.614e-14
        8463   5.598e-14
        8470   5.582e-14
        8483    5.55e-14
        8486   5.541e-14
        8496   5.518e-14
        8505   5.496e-14
        8523   5.451e-14
        8536   5.421e-14
        8542   5.407e-14
        8548   5.393e-14
        8560   5.365e-14
        8571   5.337e-14
        8583    5.31e-14
        8589   5.296e-14
        8595   5.282e-14
        8601   5.269e-14
        8612   5.242e-14
        8624   5.216e-14
        8636    5.19e-14
        8647   5.164e-14
        8651   5.156e-14
        8659   5.137e-14
        8667   5.119e-14
        8684   5.084e-14
        8700   5.049e-14
        8717   5.013e-14
        8733   4.976e-14
        8747   4.947e-14
        8750    4.94e-14
        8753   4.933e-14
        8759   4.921e-14
        8772   4.896e-14
        8784   4.872e-14
        8797   4.847e-14
        8809   4.822e-14
        8822   4.796e-14
        8834    4.77e-14
        8847   4.743e-14
        8853    4.73e-14
        8859   4.717e-14
        8865   4.705e-14
        8877   4.684e-14
        8890   4.664e-14
        8902   4.644e-14
        8914   4.622e-14
        8926     4.6e-14
        8939   4.573e-14
        8951   4.548e-14
        8963   4.524e-14
        8976   4.497e-14
        8988    4.47e-14
        9000   4.441e-14
        9007   4.424e-14
        9012   4.412e-14
        9017   4.401e-14
        9028    4.39e-14
        9038    4.38e-14
        9048    4.37e-14
        9058   4.359e-14
        9069   4.346e-14
        9079   4.332e-14
        9089   4.318e-14
        9099   4.302e-14
        9110   4.286e-14
        9120   4.268e-14
        9130    4.25e-14
        9140    4.23e-14
        9151    4.21e-14
        9161   4.187e-14
        9171   4.164e-14
        9181   4.139e-14
        9192   4.112e-14
        9202   4.083e-14
        9212   4.052e-14
        9213    4.05e-14
        9222   4.021e-14
        9227   4.008e-14
        9232   3.997e-14
        9236   3.995e-14
        9241   3.995e-14
        9246   3.996e-14
        9250   3.993e-14
        9259   3.992e-14
        9269   3.991e-14
        9287   3.986e-14
        9306   3.975e-14
        9325    3.96e-14
        9343   3.939e-14
        9362   3.916e-14
        9381   3.888e-14
        9399   3.857e-14
        9418   3.824e-14
        9436   3.786e-14
        9455   3.741e-14
        9474   3.692e-14
        9492   3.633e-14
        9511   3.564e-14
        9530   3.484e-14
        9548   3.395e-14
        9548   3.393e-14
        9549   3.392e-14
        9549   3.393e-14
        9550   3.396e-14
        9553   3.401e-14
        9558   3.413e-14
        9568   3.437e-14
        9578   3.457e-14
        9588   3.473e-14
        9599   3.485e-14
        9609   3.494e-14
        9619   3.499e-14
        9629   3.503e-14
        9639   3.503e-14
        9649   3.502e-14
        9659   3.499e-14
        9669   3.495e-14
        9680   3.489e-14
        9690   3.481e-14
        9700   3.474e-14
        9710   3.466e-14
        9720   3.456e-14
        9730   3.447e-14
        9740   3.436e-14
        9750   3.425e-14
        9761   3.414e-14
        9771   3.402e-14
        9781    3.39e-14
        9791   3.377e-14
        9801   3.364e-14
        9811   3.351e-14
        9821   3.337e-14
        9831   3.322e-14
        9842   3.308e-14
        9852   3.298e-14
        9862   3.284e-14
        9872   3.267e-14
        9882   3.249e-14
        9892    3.23e-14
        9902   3.209e-14
        9912   3.188e-14
        9923   3.166e-14
        9933   3.143e-14
        9943   3.117e-14
        9953   3.089e-14
        9963   3.058e-14
        9973   3.026e-14
        9983    2.99e-14
        9987   2.976e-14
        9993    2.95e-14
       1e+04   2.923e-14
   1.001e+04    2.86e-14
   1.003e+04   2.789e-14
   1.004e+04   2.707e-14
   1.005e+04   2.638e-14
   1.005e+04   2.639e-14
   1.005e+04   2.639e-14
   1.005e+04   2.637e-14
   1.005e+04   2.634e-14
   1.006e+04   2.637e-14
   1.006e+04   2.645e-14
   1.006e+04   2.665e-14
   1.007e+04   2.703e-14
   1.008e+04   2.737e-14
   1.009e+04   2.766e-14
   1.009e+04   2.789e-14
    1.01e+04   2.812e-14
   1.011e+04   2.828e-14
   1.012e+04   2.843e-14
   1.013e+04   2.864e-14
   1.015e+04   2.877e-14
   1.017e+04   2.885e-14
   1.018e+04   2.886e-14
    1.02e+04   2.883e-14
   1.023e+04   2.872e-14
   1.026e+04   2.852e-14
   1.029e+04   2.828e-14
   1.036e+04   2.774e-14
   1.042e+04   2.716e-14
   1.049e+04    2.65e-14
   1.055e+04   2.589e-14
   1.061e+04   2.529e-14
   1.068e+04   2.463e-14
   1.071e+04   2.428e-14
   1.074e+04   2.389e-14
   1.077e+04   2.346e-14
   1.079e+04   2.322e-14
   1.081e+04   2.295e-14
   1.082e+04   2.266e-14
   1.084e+04   2.232e-14
   1.085e+04   2.193e-14
   1.087e+04   2.149e-14
   1.089e+04   2.096e-14
   1.089e+04   2.068e-14
    1.09e+04   2.035e-14
   1.091e+04   1.999e-14
   1.092e+04   1.959e-14
   1.092e+04   1.936e-14
   1.093e+04   1.912e-14
   1.093e+04   1.909e-14
   1.093e+04   1.885e-14
   1.093e+04   1.883e-14
   1.093e+04   1.853e-14
   1.094e+04   1.836e-14
   1.094e+04   1.816e-14
   1.094e+04   1.805e-14
   1.094e+04   1.791e-14
   1.094e+04   1.773e-14
   1.094e+04   1.763e-14
   1.094e+04   1.756e-14
   1.094e+04   1.756e-14
   1.094e+04   1.762e-14
   1.094e+04   1.774e-14
   1.094e+04   1.783e-14
   1.094e+04   1.798e-14
   1.094e+04    1.81e-14
   1.095e+04   1.829e-14
   1.095e+04   1.844e-14
   1.095e+04   1.871e-14
   1.096e+04   1.893e-14
   1.096e+04   1.912e-14
   1.096e+04   1.929e-14
   1.097e+04   1.944e-14
   1.098e+04   1.972e-14
   1.098e+04   1.994e-14
   1.099e+04   2.014e-14
     1.1e+04   2.029e-14
   1.101e+04   2.043e-14
   1.102e+04   2.065e-14
   1.104e+04    2.08e-14
   1.106e+04    2.09e-14
   1.107e+04   2.095e-14
   1.109e+04   2.096e-14
   1.112e+04   2.092e-14
   1.115e+04   2.082e-14
   1.118e+04   2.067e-14
   1.125e+04   2.032e-14
   1.131e+04   1.993e-14
   1.138e+04   1.953e-14
   1.144e+04   1.914e-14
    1.15e+04   1.877e-14
   1.157e+04   1.838e-14
   1.163e+04   1.799e-14
    1.17e+04   1.762e-14
   1.176e+04   1.726e-14
   1.182e+04   1.691e-14
   1.189e+04   1.656e-14
   1.195e+04   1.623e-14
   1.202e+04    1.59e-14
   1.208e+04   1.556e-14
   1.214e+04   1.525e-14
   1.221e+04   1.494e-14
   1.227e+04   1.463e-14
   1.234e+04   1.434e-14
    1.24e+04   1.404e-14
   1.246e+04   1.374e-14
   1.253e+04   1.343e-14
   1.256e+04   1.326e-14
   1.259e+04   1.309e-14
   1.262e+04   1.289e-14
   1.266e+04   1.267e-14
   1.267e+04   1.255e-14
   1.269e+04   1.241e-14
    1.27e+04   1.225e-14
   1.272e+04   1.208e-14
   1.274e+04   1.188e-14
   1.275e+04   1.165e-14
   1.276e+04   1.151e-14
   1.277e+04   1.137e-14
   1.278e+04   1.121e-14
   1.278e+04   1.104e-14
   1.279e+04   1.083e-14
    1.28e+04   1.072e-14
    1.28e+04   1.059e-14
    1.28e+04   1.044e-14
   1.281e+04   1.026e-14
   1.281e+04   1.016e-14
   1.281e+04   1.005e-14
   1.281e+04   9.909e-15
   1.282e+04   9.745e-15
   1.282e+04   9.488e-15
   1.282e+04   9.466e-15
   1.282e+04   9.486e-15
   1.282e+04   9.569e-15
   1.282e+04    9.64e-15
   1.282e+04   9.566e-15
   1.282e+04   9.482e-15
   1.282e+04   9.481e-15
   1.282e+04   9.458e-15
   1.282e+04   9.477e-15
   1.282e+04    9.51e-15
   1.283e+04   9.592e-15
   1.283e+04    9.76e-15
   1.283e+04   9.901e-15
   1.283e+04   1.002e-14
   1.283e+04   1.012e-14
   1.284e+04   1.021e-14
   1.284e+04   1.036e-14
   1.284e+04   1.048e-14
   1.285e+04   1.058e-14
   1.285e+04   1.067e-14
   1.286e+04   1.082e-14
   1.287e+04   1.094e-14
   1.288e+04   1.104e-14
   1.288e+04   1.113e-14
   1.289e+04    1.12e-14
   1.291e+04   1.132e-14
   1.292e+04    1.14e-14
   1.294e+04   1.146e-14
   1.296e+04   1.149e-14
   1.297e+04   1.151e-14
   1.299e+04   1.151e-14
   1.302e+04   1.149e-14
   1.305e+04   1.143e-14
   1.308e+04   1.137e-14
   1.315e+04    1.12e-14
   1.321e+04   1.102e-14
   1.328e+04   1.084e-14
   1.334e+04   1.065e-14
    1.34e+04   1.046e-14
   1.347e+04   1.027e-14
   1.353e+04   1.009e-14
    1.36e+04    9.91e-15
   1.366e+04   9.739e-15
   1.372e+04   9.568e-15
   1.379e+04   9.413e-15
   1.385e+04   9.262e-15
   1.392e+04   9.113e-15
   1.398e+04   8.967e-15
   1.404e+04   8.824e-15
   1.411e+04   8.684e-15
   1.417e+04   8.547e-15
   1.424e+04   8.413e-15
    1.43e+04   8.281e-15
   1.436e+04   8.152e-15
   1.443e+04   8.025e-15
   1.449e+04     7.9e-15
   1.456e+04   7.778e-15
   1.462e+04   7.659e-15
   1.468e+04   7.532e-15
   1.475e+04   7.406e-15
   1.481e+04   7.283e-15
   1.488e+04   7.163e-15
   1.494e+04   7.045e-15
     1.5e+04   6.929e-15
   1.505e+04   6.851e-15
   1.507e+04   6.815e-15
   1.509e+04   6.781e-15
   1.512e+04   6.729e-15
   1.512e+04   6.722e-15
   1.513e+04   6.711e-15
   1.513e+04   6.711e-15
   1.514e+04   6.693e-15
   1.516e+04   6.658e-15
    1.52e+04   6.594e-15
   1.526e+04   6.479e-15
   1.532e+04   6.388e-15
   1.533e+04   6.368e-15
   1.535e+04   6.347e-15
   1.537e+04   6.307e-15
    1.54e+04   6.262e-15
   1.541e+04   6.241e-15
   1.542e+04   6.228e-15
   1.544e+04   6.194e-15
   1.549e+04   6.127e-15
   1.556e+04   6.014e-15
   1.556e+04   6.009e-15
   1.563e+04   5.904e-15
   1.571e+04   5.802e-15
   1.578e+04   5.702e-15
   1.581e+04   5.659e-15
   1.585e+04   5.605e-15
   1.589e+04   5.551e-15
   1.596e+04   5.445e-15
   1.597e+04   5.435e-15
   1.604e+04   5.342e-15
   1.611e+04    5.25e-15
   1.619e+04   5.161e-15
   1.626e+04   5.073e-15
   1.633e+04   4.984e-15
   1.639e+04   4.905e-15
    1.64e+04   4.886e-15
   1.641e+04   4.869e-15
   1.644e+04   4.847e-15
   1.646e+04   4.824e-15
   1.651e+04   4.773e-15
   1.661e+04   4.662e-15
   1.666e+04   4.607e-15
   1.671e+04   4.548e-15
   1.676e+04   4.483e-15
   1.681e+04   4.406e-15
   1.681e+04   4.401e-15
   1.681e+04   4.397e-15
   1.682e+04   4.394e-15
   1.683e+04   4.391e-15
   1.685e+04   4.382e-15
    1.69e+04    4.35e-15
   1.694e+04   4.309e-15
   1.699e+04   4.265e-15
   1.708e+04   4.175e-15
   1.717e+04   4.084e-15
   1.727e+04   3.991e-15
   1.735e+04   3.906e-15
   1.736e+04   3.898e-15
   1.737e+04    3.89e-15
   1.738e+04   3.874e-15
   1.742e+04   3.849e-15
   1.745e+04   3.824e-15
   1.752e+04   3.773e-15
   1.759e+04   3.721e-15
   1.765e+04   3.668e-15
   1.772e+04   3.615e-15
   1.779e+04    3.56e-15
   1.785e+04   3.505e-15
   1.792e+04   3.449e-15
   1.799e+04   3.388e-15
   1.805e+04   3.327e-15
   1.806e+04   3.318e-15
   1.812e+04   3.262e-15
   1.815e+04   3.233e-15
   1.816e+04   3.219e-15
   1.818e+04   3.205e-15
   1.819e+04   3.199e-15
   1.821e+04   3.193e-15
   1.821e+04   3.193e-15
   1.822e+04   3.187e-15
   1.822e+04   3.187e-15
   1.824e+04   3.181e-15
   1.824e+04   3.181e-15
   1.825e+04   3.175e-15
   1.828e+04   3.161e-15
   1.834e+04    3.13e-15
    1.84e+04   3.094e-15
   1.845e+04   3.053e-15
   1.851e+04   3.007e-15
   1.854e+04   2.979e-15
   1.857e+04   2.948e-15
   1.857e+04   2.948e-15
    1.86e+04   2.912e-15
   1.863e+04   2.869e-15
   1.866e+04   2.815e-15
   1.867e+04   2.783e-15
   1.868e+04   2.747e-15
   1.868e+04   2.747e-15
    1.87e+04   2.704e-15
   1.871e+04   2.679e-15
   1.871e+04   2.651e-15
   1.872e+04    2.62e-15
   1.873e+04   2.581e-15
   1.873e+04   2.581e-15
   1.873e+04   2.558e-15
   1.874e+04   2.532e-15
   1.874e+04   2.501e-15
   1.874e+04   2.501e-15
   1.874e+04   2.465e-15
   1.874e+04   2.465e-15
   1.874e+04   2.465e-15
   1.874e+04   2.443e-15
   1.875e+04    2.42e-15
   1.875e+04   2.392e-15
   1.875e+04   2.358e-15
   1.875e+04   2.358e-15
   1.875e+04    2.34e-15
   1.875e+04   2.319e-15
   1.875e+04   2.295e-15
   1.875e+04   2.267e-15
   1.875e+04   2.267e-15
   1.875e+04    2.23e-15
   1.875e+04   2.227e-15
   1.875e+04   2.206e-15
   1.876e+04   2.186e-15
   1.876e+04   2.171e-15
   1.876e+04   2.165e-15
   1.876e+04   2.171e-15
   1.876e+04   2.185e-15
   1.876e+04   2.205e-15
   1.876e+04   2.226e-15
   1.876e+04    2.26e-15
   1.876e+04   2.286e-15
   1.876e+04   2.309e-15
   1.876e+04   2.328e-15
   1.876e+04   2.361e-15
   1.876e+04   2.389e-15
   1.877e+04   2.412e-15
   1.877e+04   2.432e-15
   1.877e+04    2.45e-15
   1.877e+04   2.481e-15
   1.878e+04   2.506e-15
   1.878e+04   2.528e-15
   1.879e+04   2.563e-15
   1.879e+04   2.589e-15
    1.88e+04    2.61e-15
   1.881e+04   2.643e-15
   1.883e+04   2.668e-15
   1.884e+04   2.687e-15
   1.885e+04   2.701e-15
   1.887e+04   2.711e-15
   1.888e+04   2.719e-15
   1.891e+04   2.728e-15
   1.893e+04    2.73e-15
   1.896e+04   2.727e-15
   1.901e+04   2.713e-15
   1.907e+04    2.69e-15
   1.912e+04   2.662e-15
   1.917e+04    2.63e-15
   1.923e+04   2.596e-15
   1.928e+04   2.558e-15
   1.933e+04   2.516e-15
   1.939e+04   2.469e-15
   1.943e+04   2.428e-15
   1.944e+04    2.42e-15
   1.945e+04   2.414e-15
   1.946e+04    2.41e-15
   1.948e+04   2.409e-15
    1.95e+04    2.41e-15
   1.954e+04   2.409e-15
   1.961e+04   2.397e-15
   1.969e+04   2.377e-15
   1.976e+04   2.352e-15
   1.984e+04   2.324e-15
   1.991e+04   2.294e-15
   1.999e+04   2.264e-15
   2.006e+04   2.233e-15
   2.014e+04   2.202e-15
   2.021e+04    2.17e-15
   2.029e+04   2.142e-15
   2.036e+04   2.111e-15
   2.044e+04   2.081e-15
   2.051e+04   2.051e-15
   2.059e+04   2.021e-15
   2.066e+04   1.992e-15
   2.074e+04   1.964e-15
   2.081e+04   1.935e-15
   2.089e+04   1.908e-15
   2.096e+04    1.88e-15
   2.104e+04   1.852e-15
   2.111e+04   1.824e-15
   2.119e+04   1.796e-15
   2.127e+04   1.767e-15
   2.134e+04   1.737e-15
   2.142e+04   1.703e-15
   2.145e+04   1.684e-15
   2.149e+04   1.663e-15
   2.153e+04   1.641e-15
   2.157e+04   1.614e-15
   2.159e+04   1.599e-15
    2.16e+04   1.583e-15
   2.162e+04   1.566e-15
   2.162e+04   1.564e-15
   2.163e+04   1.554e-15
   2.164e+04   1.542e-15
   2.165e+04   1.534e-15
   2.165e+04   1.526e-15
   2.166e+04   1.516e-15
   2.166e+04    1.51e-15
   2.166e+04   1.507e-15
   2.166e+04   1.504e-15
   2.166e+04   1.506e-15
   2.166e+04   1.509e-15
   2.167e+04   1.511e-15
   2.167e+04   1.513e-15
   2.167e+04   1.516e-15
   2.167e+04   1.518e-15
   2.167e+04   1.519e-15
   2.167e+04   1.521e-15
   2.167e+04   1.524e-15
   2.168e+04   1.529e-15
   2.169e+04   1.536e-15
    2.17e+04   1.542e-15
   2.171e+04   1.547e-15
   2.173e+04   1.555e-15
   2.175e+04   1.559e-15
   2.177e+04   1.563e-15
   2.181e+04   1.566e-15
   2.185e+04   1.565e-15
   2.189e+04   1.562e-15
   2.197e+04   1.551e-15
   2.205e+04   1.536e-15
   2.213e+04   1.519e-15
   2.221e+04   1.502e-15
   2.229e+04   1.483e-15
   2.237e+04   1.465e-15
   2.245e+04   1.446e-15
   2.253e+04   1.427e-15
   2.261e+04   1.409e-15
   2.269e+04   1.391e-15
   2.277e+04   1.373e-15
   2.285e+04   1.355e-15
   2.293e+04   1.337e-15
   2.301e+04   1.319e-15
   2.309e+04   1.301e-15
   2.317e+04   1.284e-15
   2.325e+04   1.267e-15
   2.333e+04    1.25e-15
   2.341e+04   1.233e-15
   2.349e+04   1.217e-15
   2.357e+04     1.2e-15
   2.366e+04   1.185e-15
   2.374e+04   1.169e-15
   2.382e+04   1.154e-15
    2.39e+04   1.138e-15
   2.398e+04   1.124e-15
   2.406e+04   1.109e-15
   2.414e+04   1.094e-15
   2.422e+04    1.08e-15
    2.43e+04   1.066e-15
   2.438e+04   1.053e-15
   2.446e+04   1.039e-15
   2.454e+04   1.026e-15
   2.462e+04   1.013e-15
    2.47e+04       1e-15
   2.478e+04   9.867e-16
   2.486e+04    9.74e-16
   2.494e+04   9.616e-16
   2.502e+04   9.494e-16
    2.51e+04   9.374e-16
   2.518e+04   9.254e-16
   2.526e+04   9.137e-16
   2.534e+04    9.02e-16
   2.542e+04   8.904e-16
    2.55e+04   8.789e-16
   2.558e+04   8.673e-16
   2.566e+04   8.555e-16
   2.574e+04   8.434e-16
   2.582e+04   8.308e-16
    2.59e+04    8.17e-16
   2.598e+04   8.015e-16
   2.602e+04   7.928e-16
   2.606e+04   7.828e-16
    2.61e+04   7.713e-16
   2.614e+04   7.575e-16
   2.616e+04   7.496e-16
   2.618e+04   7.401e-16
   2.619e+04   7.378e-16
    2.62e+04   7.288e-16
   2.621e+04   7.274e-16
   2.621e+04   7.214e-16
   2.622e+04   7.146e-16
   2.623e+04   7.074e-16
   2.624e+04   7.032e-16
   2.624e+04   6.994e-16
   2.624e+04   6.994e-16
   2.625e+04   6.956e-16
   2.625e+04   6.943e-16
   2.625e+04   6.933e-16
   2.625e+04   6.934e-16
   2.625e+04   6.942e-16
   2.625e+04   6.955e-16
   2.625e+04   6.955e-16
   2.626e+04   6.977e-16
   2.626e+04   7.009e-16
   2.626e+04   7.047e-16
   2.626e+04   7.067e-16
   2.626e+04   7.072e-16
   2.626e+04   7.072e-16
   2.626e+04   7.072e-16
   2.626e+04   7.066e-16
   2.626e+04   7.051e-16
   2.626e+04   7.032e-16
   2.626e+04   6.994e-16
   2.626e+04   6.944e-16
   2.627e+04   6.922e-16
   2.627e+04   6.915e-16
   2.627e+04   6.918e-16
   2.627e+04   6.933e-16
   2.628e+04   6.988e-16
   2.629e+04    7.04e-16
   2.631e+04    7.13e-16
   2.632e+04   7.198e-16
   2.634e+04   7.246e-16
   2.635e+04   7.287e-16
   2.639e+04   7.339e-16
   2.642e+04   7.371e-16
   2.645e+04   7.389e-16
   2.648e+04   7.395e-16
   2.651e+04   7.394e-16
   2.658e+04   7.372e-16
   2.664e+04   7.336e-16
   2.671e+04    7.29e-16
   2.677e+04   7.237e-16
   2.683e+04   7.181e-16
    2.69e+04   7.122e-16
   2.696e+04   7.062e-16
   2.703e+04       7e-16
   2.709e+04   6.939e-16
   2.715e+04   6.877e-16
   2.722e+04   6.816e-16
   2.728e+04   6.755e-16
   2.735e+04   6.694e-16
   2.741e+04   6.634e-16
   2.747e+04   6.574e-16
   2.754e+04   6.515e-16
    2.76e+04   6.456e-16
   2.767e+04   6.398e-16
   2.773e+04   6.341e-16
   2.779e+04   6.287e-16
   2.786e+04    6.23e-16
   2.792e+04   6.174e-16
   2.799e+04   6.119e-16
   2.805e+04   6.064e-16
   2.811e+04    6.01e-16
   2.818e+04   5.956e-16
   2.824e+04   5.903e-16
   2.831e+04   5.851e-16
   2.837e+04   5.799e-16
   2.843e+04   5.748e-16
    2.85e+04   5.697e-16
   2.856e+04   5.647e-16
   2.863e+04   5.598e-16
   2.869e+04   5.549e-16
   2.875e+04     5.5e-16
   2.882e+04   5.452e-16
   2.888e+04   5.405e-16
   2.895e+04   5.358e-16
   2.901e+04   5.311e-16
   2.907e+04   5.266e-16
   2.914e+04    5.22e-16
    2.92e+04   5.175e-16
   2.927e+04   5.131e-16
   2.933e+04   5.087e-16
   2.939e+04   5.043e-16
   2.946e+04       5e-16
   2.952e+04   4.958e-16
   2.959e+04   4.916e-16
   2.965e+04   4.874e-16
   2.971e+04   4.833e-16
   2.978e+04   4.792e-16
   2.984e+04   4.752e-16
   2.991e+04   4.712e-16
   2.997e+04   4.672e-16
