         900   9.559e-14
         900   9.561e-14
       900.1   9.563e-14
       900.1   9.566e-14
       900.2   9.568e-14
       900.2   9.571e-14
       900.2   9.573e-14
       900.3   9.575e-14
       900.3   9.578e-14
       900.4    9.58e-14
       900.4   9.582e-14
       900.4   9.585e-14
       900.5   9.587e-14
       900.5    9.59e-14
       900.5   9.592e-14
       900.6   9.594e-14
       900.6   9.597e-14
       900.7   9.599e-14
       900.7   9.602e-14
       900.7   9.604e-14
       900.8   9.606e-14
       900.8   9.609e-14
       900.9   9.611e-14
       900.9   9.613e-14
       900.9   9.616e-14
         901   9.618e-14
         901   9.621e-14
       901.1   9.623e-14
       901.1   9.625e-14
       901.1   9.628e-14
       901.2    9.63e-14
       901.2   9.633e-14
       901.2   9.635e-14
       901.3   9.637e-14
       901.3    9.64e-14
       901.4   9.642e-14
       901.4   9.645e-14
       901.4   9.647e-14
       901.5   9.649e-14
       901.5   9.652e-14
       901.6   9.654e-14
       901.6   9.657e-14
       901.6   9.659e-14
       901.7   9.661e-14
       901.7   9.664e-14
       901.8   9.666e-14
       901.8   9.668e-14
       901.8   9.671e-14
       901.9   9.673e-14
       901.9   9.676e-14
         902   9.678e-14
         902    9.68e-14
         902   9.683e-14
       902.1   9.685e-14
       902.1   9.688e-14
       902.1    9.69e-14
       902.2   9.692e-14
       902.2   9.695e-14
       902.3   9.697e-14
       902.3     9.7e-14
       902.3   9.702e-14
       902.4   9.704e-14
       902.4   9.707e-14
       902.5   9.709e-14
       902.5   9.712e-14
       902.5   9.714e-14
       902.6   9.716e-14
       902.6   9.719e-14
       902.7   9.721e-14
       902.7   9.724e-14
       902.7   9.726e-14
       902.8   9.729e-14
       902.8   9.731e-14
       902.9   9.733e-14
       902.9   9.736e-14
       902.9   9.738e-14
         903   9.741e-14
         903   9.743e-14
         903   9.745e-14
       903.1   9.748e-14
       903.1    9.75e-14
       903.2   9.753e-14
       903.2   9.755e-14
       903.2   9.757e-14
       903.3    9.76e-14
       903.3   9.762e-14
       903.4   9.765e-14
       903.4   9.767e-14
       903.4   9.769e-14
       903.5   9.772e-14
       903.5   9.774e-14
       903.6   9.777e-14
       903.6   9.779e-14
       903.6   9.781e-14
       903.7   9.784e-14
       903.7   9.786e-14
       903.8   9.789e-14
       903.8   9.791e-14
       903.8   9.794e-14
       903.9   9.796e-14
       903.9   9.798e-14
       903.9   9.801e-14
         904   9.803e-14
         904   9.806e-14
       904.1   9.808e-14
       904.1    9.81e-14
       904.1   9.813e-14
       904.2   9.815e-14
       904.2   9.818e-14
       904.3    9.82e-14
       904.3   9.823e-14
       904.3   9.825e-14
       904.4   9.827e-14
       904.4    9.83e-14
       904.5   9.832e-14
       904.5   9.835e-14
       904.5   9.837e-14
       904.6   9.839e-14
       904.6   9.842e-14
       904.6   9.844e-14
       904.7   9.847e-14
       904.7   9.849e-14
       904.8   9.852e-14
       904.8   9.854e-14
       904.8   9.856e-14
       904.9   9.859e-14
       904.9   9.861e-14
         905   9.864e-14
         905   9.866e-14
       905.1   9.871e-14
       905.2   9.881e-14
       905.5     9.9e-14
       906.2   9.939e-14
       907.4   1.002e-13
         908   1.006e-13
         909   1.011e-13
       909.9   1.017e-13
       910.4   1.021e-13
       910.9   1.025e-13
       911.1   1.027e-13
       911.3   1.029e-13
       911.5    1.03e-13
       911.6   1.031e-13
       911.6   1.031e-13
       911.7   1.032e-13
       911.7   1.032e-13
       911.8   1.032e-13
       911.8   1.033e-13
       911.8   1.034e-13
       911.8   1.035e-13
       911.9   1.035e-13
       911.9   1.035e-13
         912   1.036e-13
       912.3   1.037e-13
       912.8    1.04e-13
         913   1.042e-13
       913.2   1.044e-13
       913.5   1.048e-13
       913.7   1.053e-13
       913.9   1.061e-13
       914.2   1.072e-13
       914.4   1.087e-13
       914.6   1.106e-13
       914.9   1.129e-13
       915.1   1.157e-13
       915.4   1.189e-13
       915.6   1.226e-13
       915.8   1.266e-13
       916.1    1.31e-13
       916.3   1.358e-13
       916.5   1.408e-13
       916.8   1.461e-13
         917   1.517e-13
       917.5   1.632e-13
       917.7    1.69e-13
         918   1.746e-13
       918.1   1.772e-13
       918.2   1.796e-13
       918.3   1.816e-13
       918.4   1.823e-13
       918.4   1.828e-13
       918.5   1.829e-13
       918.5   1.825e-13
       918.6   1.816e-13
       918.6   1.809e-13
       918.7     1.8e-13
       918.7   1.787e-13
       918.7   1.771e-13
       918.8   1.751e-13
       918.8   1.728e-13
       918.8     1.7e-13
       918.8   1.667e-13
       918.9   1.631e-13
       918.9    1.59e-13
       918.9   1.541e-13
         919   1.483e-13
         919   1.428e-13
         919   1.375e-13
       919.1   1.318e-13
       919.1   1.255e-13
       919.1   1.189e-13
       919.1    1.12e-13
       919.2    1.05e-13
       919.2   9.769e-14
       919.2   9.042e-14
       919.3   8.265e-14
       919.3   7.586e-14
       919.3   7.513e-14
       919.3   7.197e-14
       919.3   6.879e-14
       919.4   6.589e-14
       919.4   7.203e-14
       919.5   8.483e-14
       919.5   9.793e-14
       919.6   1.106e-13
       919.6   1.223e-13
       919.7   1.341e-13
       919.7   1.445e-13
       919.8   1.554e-13
       919.8   1.656e-13
       919.9    1.74e-13
       919.9   1.817e-13
         920   1.878e-13
         920   1.927e-13
       920.1    1.96e-13
       920.1   1.979e-13
       920.2   1.986e-13
       920.2   1.981e-13
       920.3   1.963e-13
       920.3   1.929e-13
       920.4   1.879e-13
       920.4   1.816e-13
       920.5   1.741e-13
       920.5   1.658e-13
       920.6   1.563e-13
       920.6   1.453e-13
       920.7   1.347e-13
       920.7    1.23e-13
       920.8   1.108e-13
       920.8   9.805e-14
       920.9   8.428e-14
       920.9   7.049e-14
       920.9   6.719e-14
       920.9   6.239e-14
         921   6.109e-14
         921   6.056e-14
         921   6.724e-14
       921.1   8.101e-14
       921.1   9.501e-14
       921.2   1.083e-13
       921.2   1.206e-13
       921.3   1.332e-13
       921.3   1.447e-13
       921.4   1.566e-13
       921.4   1.679e-13
       921.5   1.781e-13
       921.5   1.884e-13
       921.6   1.981e-13
       921.6   2.071e-13
       921.7   2.149e-13
       921.7   2.217e-13
       921.8   2.275e-13
       921.8   2.328e-13
       921.9   2.371e-13
       921.9   2.403e-13
         922   2.424e-13
         922   2.437e-13
       922.1    2.44e-13
       922.1   2.435e-13
       922.2    2.42e-13
       922.2   2.396e-13
       922.3    2.36e-13
       922.3   2.313e-13
       922.4   2.255e-13
       922.4   2.195e-13
       922.5   2.123e-13
       922.5   2.042e-13
       922.6   1.951e-13
       922.6   1.855e-13
       922.7   1.754e-13
       922.7   1.653e-13
       922.8    1.54e-13
       922.8   1.421e-13
       922.9     1.3e-13
       922.9   1.167e-13
         923   1.041e-13
         923   9.005e-14
       923.1   7.506e-14
       923.1   7.128e-14
       923.1   6.385e-14
       923.1   6.114e-14
       923.1   5.684e-14
       923.2   6.389e-14
       923.2   7.888e-14
       923.3   9.381e-14
       923.4   1.077e-13
       923.4   1.206e-13
       923.5   1.338e-13
       923.5   1.462e-13
       923.5   1.584e-13
       923.6     1.7e-13
       923.6   1.808e-13
       923.7   1.919e-13
       923.8   2.027e-13
       923.8   2.133e-13
       923.9   2.233e-13
       923.9   2.325e-13
         924   2.413e-13
         924   2.503e-13
         924   2.586e-13
       924.1   2.663e-13
       924.1   2.732e-13
       924.2   2.795e-13
       924.2   2.852e-13
       924.3   2.904e-13
       924.4   2.949e-13
       924.4   2.989e-13
       924.5    3.02e-13
       924.5   3.046e-13
       924.5   3.066e-13
       924.6   3.081e-13
       924.6   3.091e-13
       924.7   3.095e-13
       924.8   3.093e-13
       924.8   3.085e-13
       924.9    3.07e-13
       924.9   3.049e-13
         925   3.021e-13
         925   2.987e-13
         925   2.946e-13
       925.1   2.898e-13
       925.1   2.843e-13
       925.2   2.783e-13
       925.2   2.715e-13
       925.3    2.64e-13
       925.3   2.561e-13
       925.4   2.477e-13
       925.4   2.388e-13
       925.5     2.3e-13
       925.5   2.206e-13
       925.6   2.106e-13
       925.6   1.999e-13
       925.7   1.893e-13
       925.7   1.783e-13
       925.8   1.671e-13
       925.8   1.551e-13
       925.9   1.425e-13
       925.9   1.295e-13
         926   1.154e-13
         926   1.013e-13
       926.1   8.656e-14
       926.1   7.029e-14
       926.2   6.263e-14
       926.2   6.149e-14
       926.2   5.646e-14
       926.2   5.425e-14
       926.3   6.154e-14
       926.3   7.817e-14
       926.4   9.363e-14
       926.4   1.084e-13
       926.5   1.224e-13
       926.5   1.362e-13
       926.6   1.492e-13
       926.6   1.618e-13
       926.7   1.738e-13
       926.7    1.85e-13
       926.8   1.965e-13
       926.8   2.077e-13
       926.9   2.187e-13
       926.9   2.293e-13
         927   2.394e-13
       927.1   2.596e-13
       927.2   2.792e-13
       927.3   2.976e-13
       927.4   3.149e-13
       927.5   3.308e-13
       927.6   3.456e-13
       927.7    3.59e-13
       927.8   3.706e-13
       927.9    3.81e-13
         928   3.899e-13
       928.1   3.975e-13
       928.2   4.036e-13
       928.3   4.081e-13
       928.4   4.112e-13
       928.5    4.13e-13
       928.6   4.134e-13
       928.7   4.124e-13
       928.7   4.113e-13
       928.8   4.097e-13
       928.8   4.072e-13
       928.9   4.043e-13
         929    3.97e-13
       929.1   3.877e-13
       929.1   3.825e-13
       929.2   3.769e-13
       929.2   3.707e-13
       929.3    3.64e-13
       929.4   3.498e-13
       929.5   3.339e-13
       929.6   3.183e-13
       929.7   3.022e-13
       929.8   2.853e-13
       929.9   2.671e-13
         930   2.476e-13
         930   2.378e-13
       930.1   2.276e-13
       930.1   2.171e-13
       930.2   2.061e-13
       930.2    1.95e-13
       930.3   1.836e-13
       930.3   1.718e-13
       930.4   1.594e-13
       930.4   1.461e-13
       930.5   1.325e-13
       930.5   1.178e-13
       930.6   1.027e-13
       930.6   9.407e-14
       930.6   8.666e-14
       930.6   8.187e-14
       930.7   6.839e-14
       930.7   6.017e-14
       930.7   5.693e-14
       930.7   5.278e-14
       930.8   6.025e-14
       930.8   7.862e-14
       930.9   9.551e-14
       930.9   1.113e-13
         931   1.262e-13
         931   1.405e-13
       931.1   1.541e-13
       931.1   1.671e-13
       931.2   1.793e-13
       931.2   1.911e-13
       931.3   2.026e-13
       931.3   2.139e-13
       931.4   2.251e-13
       931.4   2.358e-13
       931.5   2.462e-13
       931.6   2.668e-13
       931.7   2.868e-13
       931.8   3.058e-13
       931.9   3.244e-13
         932   3.437e-13
       932.1   3.631e-13
       932.2    3.83e-13
       932.3   4.026e-13
       932.4   4.215e-13
       932.5   4.401e-13
       932.6   4.584e-13
       932.7   4.761e-13
       932.8   4.919e-13
       932.9   5.067e-13
         933   5.208e-13
       933.1   5.343e-13
       933.2   5.469e-13
       933.3   5.589e-13
       933.4     5.7e-13
       933.5   5.797e-13
       933.6   5.878e-13
       933.7    5.95e-13
       933.8   6.014e-13
       933.9   6.069e-13
         934   6.115e-13
       934.1   6.151e-13
       934.2   6.175e-13
       934.3   6.186e-13
       934.4   6.186e-13
       934.5   6.171e-13
       934.6   6.143e-13
       934.7   6.099e-13
       934.8   6.036e-13
       934.9   5.957e-13
         935   5.863e-13
       935.1   5.754e-13
       935.2   5.643e-13
       935.3    5.52e-13
       935.4   5.385e-13
       935.5   5.239e-13
       935.6   5.085e-13
       935.7   4.921e-13
       935.8   4.748e-13
       935.9   4.585e-13
         936   4.424e-13
       936.2   4.096e-13
       936.4   3.761e-13
       936.5   3.589e-13
       936.6   3.412e-13
       936.7    3.23e-13
       936.8   3.042e-13
       936.9   2.849e-13
         937    2.65e-13
         937   2.548e-13
       937.1   2.446e-13
       937.1   2.341e-13
       937.2   2.231e-13
       937.2   2.118e-13
       937.3   2.001e-13
       937.3   1.881e-13
       937.4   1.756e-13
       937.4   1.625e-13
       937.5   1.486e-13
       937.5   1.342e-13
       937.6   1.184e-13
       937.6   1.017e-13
       937.7   8.306e-14
       937.7   6.203e-14
       937.8   6.009e-14
       937.8    5.36e-14
       937.8   5.309e-14
       937.8   5.269e-14
       937.9   6.013e-14
       937.9   8.044e-14
         938   9.966e-14
         938   1.168e-13
       938.1   1.326e-13
       938.1   1.474e-13
       938.2   1.615e-13
       938.2   1.748e-13
       938.3   1.876e-13
       938.3   1.999e-13
       938.4   2.118e-13
       938.4   2.234e-13
       938.5   2.346e-13
       938.5   2.455e-13
       938.6   2.561e-13
       938.7   2.768e-13
       938.8   2.972e-13
       938.9   3.171e-13
         939   3.366e-13
       939.2   3.746e-13
       939.4   4.122e-13
       939.6   4.504e-13
       939.7   4.702e-13
       939.7   4.803e-13
       939.8   4.907e-13
       939.8   5.014e-13
       939.9   5.128e-13
       939.9   5.244e-13
         940   5.361e-13
         940   5.477e-13
       940.1   5.594e-13
       940.1   5.713e-13
       940.2   5.833e-13
       940.2   5.953e-13
       940.3   6.195e-13
       940.4   6.441e-13
       940.5   6.694e-13
       940.6   6.966e-13
       940.7   7.243e-13
       940.8   7.523e-13
       940.9   7.801e-13
         941   8.077e-13
       941.2   8.615e-13
       941.4   9.147e-13
       941.6   9.629e-13
       941.8   1.007e-12
       941.9   1.029e-12
         942    1.05e-12
       942.1   1.069e-12
       942.2   1.086e-12
       942.3   1.103e-12
       942.4   1.119e-12
       942.5   1.135e-12
       942.7   1.164e-12
       942.9   1.191e-12
       943.1   1.214e-12
       943.3   1.233e-12
       943.5   1.248e-12
       943.7   1.259e-12
       943.8   1.263e-12
       943.9   1.265e-12
         944   1.265e-12
       944.1   1.263e-12
       944.2    1.26e-12
       944.3   1.255e-12
       944.4   1.248e-12
       944.5    1.24e-12
       944.6    1.23e-12
       944.7   1.218e-12
       944.8   1.204e-12
       944.9   1.188e-12
         945    1.17e-12
       945.1    1.15e-12
       945.2   1.128e-12
       945.3   1.105e-12
       945.5   1.056e-12
       945.7   1.005e-12
       945.9   9.519e-13
       946.1   8.971e-13
       946.3   8.429e-13
       946.5   7.884e-13
       946.6   7.612e-13
       946.7   7.356e-13
       946.8   7.105e-13
       946.9   6.857e-13
         947   6.615e-13
       947.1   6.387e-13
       947.2   6.173e-13
       947.3   5.962e-13
       947.4   5.755e-13
       947.6   5.359e-13
       947.8   4.974e-13
         948     4.6e-13
       948.2   4.232e-13
       948.4   3.866e-13
       948.6   3.489e-13
       948.7   3.294e-13
       948.8   3.094e-13
       948.9   2.888e-13
         949   2.782e-13
         949   2.677e-13
       949.1   2.568e-13
       949.1   2.457e-13
       949.2   2.342e-13
       949.2   2.222e-13
       949.3   2.098e-13
       949.3   1.971e-13
       949.4   1.838e-13
       949.4   1.697e-13
       949.5   1.551e-13
       949.5   1.394e-13
       949.6   1.222e-13
       949.6   1.029e-13
       949.7   7.963e-14
       949.7   7.492e-14
       949.7   6.082e-14
       949.7   5.879e-14
       949.7   5.505e-14
       949.8   6.087e-14
       949.8   8.454e-14
       949.9   1.068e-13
       949.9   1.257e-13
         950   1.429e-13
         950   1.583e-13
       950.1   1.731e-13
       950.1   1.871e-13
       950.2   2.005e-13
       950.2   2.134e-13
       950.3   2.259e-13
       950.3   2.379e-13
       950.4   2.496e-13
       950.4   2.609e-13
       950.5   2.719e-13
       950.6   2.935e-13
       950.7   3.145e-13
       950.8    3.35e-13
       950.9   3.551e-13
         951   3.748e-13
       951.2   4.133e-13
       951.4   4.519e-13
       951.6   4.913e-13
       951.8   5.322e-13
       951.9   5.534e-13
         952   5.751e-13
       952.1   5.974e-13
       952.2   6.207e-13
       952.3   6.448e-13
       952.4   6.696e-13
       952.5   6.966e-13
       952.6   7.258e-13
       952.7    7.56e-13
       952.8   7.875e-13
       952.8   8.037e-13
       952.9   8.206e-13
       952.9   8.382e-13
         953    8.56e-13
       953.1   8.932e-13
       953.2   9.315e-13
       953.3   9.709e-13
       953.4   1.012e-12
       953.5   1.056e-12
       953.6   1.102e-12
       953.7    1.15e-12
       953.8     1.2e-12
       953.9   1.251e-12
         954   1.304e-12
       954.1   1.362e-12
       954.2   1.421e-12
       954.3   1.483e-12
       954.5   1.608e-12
       954.7   1.738e-12
       954.9   1.866e-12
       955.1   1.994e-12
       955.3   2.121e-12
       955.4   2.185e-12
       955.5   2.247e-12
       955.6   2.305e-12
       955.7   2.361e-12
       955.8   2.414e-12
       955.9   2.467e-12
         956   2.519e-12
       956.1   2.571e-12
       956.2   2.622e-12
       956.4   2.722e-12
       956.6   2.816e-12
       956.8   2.905e-12
         957    2.99e-12
       957.2   3.072e-12
       957.6   3.227e-12
         958   3.369e-12
       958.2   3.433e-12
       958.4   3.494e-12
       958.6    3.55e-12
       958.8   3.604e-12
         959   3.652e-12
       959.2   3.696e-12
       959.4   3.736e-12
       959.6    3.77e-12
       959.8     3.8e-12
         960   3.824e-12
       960.2   3.843e-12
       960.4   3.857e-12
       960.6   3.865e-12
       960.8   3.868e-12
         961   3.865e-12
       961.2   3.857e-12
       961.4   3.843e-12
       961.6   3.823e-12
       961.8   3.797e-12
         962   3.766e-12
       962.2   3.729e-12
       962.4   3.687e-12
       962.6   3.638e-12
       962.8   3.585e-12
         963   3.526e-12
       963.2   3.462e-12
       963.4   3.393e-12
       963.6   3.319e-12
       963.8   3.241e-12
         964   3.159e-12
       964.4   2.983e-12
       964.8   2.796e-12
       965.2   2.599e-12
       965.6   2.397e-12
         966   2.194e-12
       966.4   1.992e-12
       966.6   1.894e-12
       966.8   1.796e-12
         967   1.701e-12
       967.2   1.609e-12
       967.4   1.519e-12
       967.6   1.433e-12
       967.8   1.349e-12
         968   1.269e-12
       968.2   1.193e-12
       968.4   1.121e-12
       968.6   1.052e-12
       968.8   9.862e-13
         969   9.244e-13
       969.2   8.661e-13
       969.4    8.11e-13
       969.6   7.591e-13
       969.8     7.1e-13
         970   6.636e-13
       970.2   6.196e-13
       970.4   5.776e-13
       970.6   5.373e-13
       970.8   4.983e-13
         971     4.6e-13
       971.2   4.218e-13
       971.4   3.831e-13
       971.5   3.632e-13
       971.6   3.426e-13
       971.7   3.212e-13
       971.8   2.988e-13
       971.8   2.872e-13
       971.9   2.751e-13
       971.9   2.627e-13
         972   2.499e-13
         972   2.366e-13
       972.1   2.228e-13
       972.1   2.085e-13
       972.2   1.933e-13
       972.2   1.773e-13
       972.3   1.602e-13
       972.3   1.408e-13
       972.4   1.179e-13
       972.4   8.876e-14
       972.4   8.561e-14
       972.5   6.732e-14
       972.5    6.58e-14
       972.5   6.291e-14
       972.6   6.735e-14
       972.6   9.246e-14
       972.7   1.208e-13
       972.7   1.435e-13
       972.8   1.627e-13
       972.8   1.798e-13
       972.9   1.959e-13
       972.9   2.111e-13
         973   2.256e-13
         973   2.395e-13
       973.1   2.529e-13
       973.1   2.659e-13
       973.2   2.785e-13
       973.2   2.907e-13
       973.3   3.026e-13
       973.4   3.254e-13
       973.5   3.472e-13
       973.6   3.683e-13
       973.7   3.888e-13
       973.9   4.288e-13
       974.1   4.684e-13
       974.3   5.082e-13
       974.5    5.49e-13
       974.7   5.915e-13
       974.9   6.358e-13
       975.1   6.828e-13
       975.2   7.074e-13
       975.3   7.327e-13
       975.4   7.589e-13
       975.5   7.859e-13
       975.6   8.138e-13
       975.7   8.428e-13
       975.8   8.725e-13
       975.9   9.037e-13
         976   9.355e-13
       976.1    9.69e-13
       976.2   1.003e-12
       976.3   1.039e-12
       976.4   1.076e-12
       976.5   1.115e-12
       976.6   1.154e-12
       976.7   1.195e-12
       976.8   1.238e-12
       976.9   1.282e-12
         977   1.328e-12
       977.1   1.376e-12
       977.2   1.425e-12
       977.3   1.475e-12
       977.4   1.528e-12
       977.5   1.582e-12
       977.6   1.639e-12
       977.7   1.696e-12
       977.8   1.757e-12
       977.9   1.818e-12
         978   1.883e-12
       978.1   1.948e-12
       978.2   2.017e-12
       978.4   2.159e-12
       978.6   2.309e-12
       978.8   2.468e-12
         979   2.636e-12
       979.2   2.814e-12
       979.4       3e-12
       979.6   3.196e-12
       979.8   3.402e-12
         980   3.616e-12
       980.2   3.841e-12
       980.4   4.075e-12
       980.6   4.318e-12
       980.8   4.572e-12
         981   4.835e-12
       981.2   5.107e-12
       981.4   5.389e-12
       981.6    5.68e-12
       981.8    5.98e-12
         982   6.289e-12
       982.2   6.608e-12
       982.4   6.937e-12
       982.6   7.272e-12
       982.8   7.617e-12
         983   7.968e-12
       983.4   8.695e-12
       983.8    9.45e-12
       984.2   1.023e-11
       984.6   1.103e-11
         985   1.186e-11
       985.4    1.27e-11
       985.8   1.355e-11
       986.6   1.529e-11
       987.4   1.701e-11
       988.2   1.873e-11
         989   2.042e-11
       989.4   2.123e-11
       989.8   2.203e-11
       990.2   2.279e-11
       990.6   2.353e-11
         991   2.424e-11
       991.4   2.495e-11
       991.8   2.563e-11
       992.2   2.628e-11
       992.6   2.688e-11
         993   2.743e-11
       993.4   2.794e-11
       993.8   2.842e-11
       994.2    2.89e-11
       994.6   2.934e-11
         995   2.974e-11
       995.4   3.007e-11
       995.8   3.038e-11
       996.2   3.066e-11
       996.6    3.09e-11
         997   3.108e-11
       997.4   3.121e-11
       997.8   3.132e-11
       998.2   3.142e-11
       998.6   3.148e-11
         999   3.146e-11
       999.4   3.137e-11
       999.8    3.13e-11
        1000   3.122e-11
        1001   3.111e-11
        1001   3.088e-11
        1001   3.059e-11
        1002   3.029e-11
        1002   2.999e-11
        1003   2.967e-11
        1003   2.928e-11
        1003   2.885e-11
        1004    2.84e-11
        1004    2.79e-11
        1005   2.681e-11
        1006    2.56e-11
        1007   2.427e-11
        1007   2.357e-11
        1007   2.286e-11
        1008   2.212e-11
        1008   2.134e-11
        1009   1.978e-11
        1010   1.817e-11
        1011   1.651e-11
        1011   1.487e-11
        1012   1.322e-11
        1013   1.242e-11
        1013   1.163e-11
        1013   1.086e-11
        1014    1.01e-11
        1014   9.363e-12
        1015    8.66e-12
        1015   7.981e-12
        1015   7.649e-12
        1015   7.327e-12
        1016   7.013e-12
        1016   6.708e-12
        1016   6.413e-12
        1016   6.121e-12
        1016   5.837e-12
        1017   5.562e-12
        1017   5.294e-12
        1017    5.04e-12
        1017   4.788e-12
        1017   4.549e-12
        1018   4.318e-12
        1018   4.094e-12
        1018   3.882e-12
        1018   3.675e-12
        1018   3.479e-12
        1019   3.289e-12
        1019   3.196e-12
        1019   3.107e-12
        1019    3.02e-12
        1019   2.936e-12
        1019   2.851e-12
        1019   2.767e-12
        1019   2.688e-12
        1019   2.611e-12
        1019   2.536e-12
        1020    2.46e-12
        1020   2.387e-12
        1020   2.316e-12
        1020    2.25e-12
        1020   2.184e-12
        1020   2.117e-12
        1020   2.052e-12
        1020   1.991e-12
        1020   1.931e-12
        1020   1.875e-12
        1021   1.817e-12
        1021    1.76e-12
        1021   1.707e-12
        1021   1.656e-12
        1021   1.607e-12
        1021   1.557e-12
        1021   1.508e-12
        1021   1.462e-12
        1021   1.419e-12
        1021   1.378e-12
        1022   1.334e-12
        1022   1.292e-12
        1022   1.253e-12
        1022   1.216e-12
        1022   1.181e-12
        1022   1.144e-12
        1022   1.108e-12
        1022   1.074e-12
        1022   1.043e-12
        1022   1.013e-12
        1023   9.808e-13
        1023     9.5e-13
        1023   9.214e-13
        1023   8.946e-13
        1023    8.69e-13
        1023   8.409e-13
        1023   8.143e-13
        1023   7.895e-13
        1023   7.661e-13
        1023   7.433e-13
        1024   7.191e-13
        1024   6.956e-13
        1024   6.729e-13
        1024   6.507e-13
        1024   6.395e-13
        1024   6.283e-13
        1024   6.169e-13
        1024   6.054e-13
        1024   5.939e-13
        1024   5.825e-13
        1024   5.599e-13
        1024   5.389e-13
        1025   4.954e-13
        1025   4.733e-13
        1025   4.507e-13
        1025   4.277e-13
        1025   4.032e-13
        1025   3.908e-13
        1025   3.772e-13
        1025   3.629e-13
        1025   3.476e-13
        1025   3.313e-13
        1025   3.138e-13
        1025    2.95e-13
        1025   2.749e-13
        1025   2.534e-13
        1025   2.307e-13
        1026   2.067e-13
        1026    1.82e-13
        1026   1.557e-13
        1026    1.46e-13
        1026   1.369e-13
        1026   1.236e-13
        1026   9.259e-14
        1026   1.234e-13
        1026   1.543e-13
        1026   1.807e-13
        1026   2.059e-13
        1026   2.301e-13
        1026   2.531e-13
        1026   2.748e-13
        1026   2.952e-13
        1026   3.144e-13
        1026   3.323e-13
        1026   3.491e-13
        1026   3.648e-13
        1026   3.795e-13
        1026   3.932e-13
        1026   4.061e-13
        1027   4.185e-13
        1027   4.426e-13
        1027   4.654e-13
        1027   4.877e-13
        1027     5.1e-13
        1027   5.322e-13
        1027   5.526e-13
        1027   5.732e-13
        1027   5.949e-13
        1027   6.182e-13
        1027   6.306e-13
        1028   6.423e-13
        1028   6.524e-13
        1028   6.624e-13
        1028   6.729e-13
        1028   6.834e-13
        1028   7.056e-13
        1028   7.293e-13
        1028    7.54e-13
        1028   7.763e-13
        1028   7.997e-13
        1028   8.247e-13
        1028   8.518e-13
        1029   9.046e-13
        1029   9.306e-13
        1029   9.583e-13
        1029   9.881e-13
        1029   1.019e-12
        1029   1.046e-12
        1029   1.075e-12
        1029   1.106e-12
        1029   1.138e-12
        1030   1.203e-12
        1030   1.237e-12
        1030   1.272e-12
        1030   1.309e-12
        1030   1.348e-12
        1030   1.384e-12
        1030   1.422e-12
        1030   1.461e-12
        1030   1.503e-12
        1031   1.547e-12
        1031   1.593e-12
        1031   1.642e-12
        1031   1.695e-12
        1031   1.751e-12
        1031    1.81e-12
        1031   1.868e-12
        1031    1.93e-12
        1031   1.997e-12
        1031   2.069e-12
        1032   2.144e-12
        1032    2.21e-12
        1032    2.28e-12
        1032   2.354e-12
        1032   2.433e-12
        1032   2.585e-12
        1032   2.661e-12
        1032   2.738e-12
        1032   2.821e-12
        1033   2.904e-12
        1033   2.984e-12
        1033   3.064e-12
        1033   3.236e-12
        1033   3.408e-12
        1033   3.582e-12
        1034   3.765e-12
        1034   3.954e-12
        1034   4.053e-12
        1034   4.155e-12
        1034   4.206e-12
        1034   4.252e-12
        1034   4.289e-12
        1034   4.324e-12
        1034   4.394e-12
        1034   4.534e-12
        1035   4.664e-12
        1035   4.784e-12
        1035   4.843e-12
        1035   4.873e-12
        1035    4.91e-12
        1035   4.957e-12
        1035   5.006e-12
        1035   5.055e-12
        1035   5.104e-12
        1035   5.155e-12
        1035   5.205e-12
        1035   5.257e-12
        1035   5.309e-12
        1036   5.418e-12
        1036   5.544e-12
        1036   5.673e-12
        1036   5.808e-12
        1036   5.947e-12
        1036   6.095e-12
        1036   6.259e-12
        1036   6.432e-12
        1036   6.613e-12
        1036   6.804e-12
        1037   7.007e-12
        1037   7.238e-12
        1037   7.483e-12
        1037   7.744e-12
        1037   8.022e-12
        1037   8.583e-12
        1037    8.87e-12
        1037   9.176e-12
        1037   9.497e-12
        1037   9.663e-12
        1038   9.819e-12
        1038   9.953e-12
        1038   1.009e-11
        1038   1.037e-11
        1038   1.067e-11
        1038   1.097e-11
        1038   1.156e-11
        1039   1.278e-11
        1039   1.339e-11
        1039   1.404e-11
        1039   1.462e-11
        1039   1.516e-11
        1039   1.543e-11
        1040    1.57e-11
        1040   1.591e-11
        1040   1.612e-11
        1040   1.633e-11
        1040   1.654e-11
        1040   1.676e-11
        1040   1.717e-11
        1041   1.805e-11
        1041   1.898e-11
        1041    1.99e-11
        1042   2.075e-11
        1042   2.151e-11
        1043    2.22e-11
        1043   2.288e-11
        1044   2.429e-11
        1045   2.572e-11
        1045    2.72e-11
        1046   2.798e-11
        1046   2.877e-11
        1047    2.95e-11
        1047   3.012e-11
        1047   3.061e-11
        1048   3.105e-11
        1048   3.152e-11
        1049   3.204e-11
        1049   3.263e-11
        1049   3.325e-11
        1050   3.381e-11
        1050   3.424e-11
        1051   3.455e-11
        1051   3.474e-11
        1051   3.487e-11
        1052   3.498e-11
        1053   3.515e-11
        1053    3.52e-11
        1054   3.521e-11
        1055    3.53e-11
        1055   3.537e-11
        1056   3.538e-11
        1056   3.531e-11
        1057   3.515e-11
        1057   3.491e-11
        1057   3.463e-11
        1058   3.439e-11
        1058   3.423e-11
        1059   3.418e-11
        1059   3.424e-11
        1059   3.445e-11
        1060   3.474e-11
        1060   3.511e-11
        1061   3.556e-11
        1061   3.608e-11
        1061   3.671e-11
        1062   3.744e-11
        1062   3.826e-11
        1063   3.915e-11
        1063   4.008e-11
        1063   4.098e-11
        1064   4.181e-11
        1064   4.253e-11
        1065   4.315e-11
        1065   4.365e-11
        1065   4.405e-11
        1066   4.474e-11
        1067   4.537e-11
        1067   4.562e-11
        1068   4.578e-11
        1068   4.583e-11
        1069   4.577e-11
        1069   4.561e-11
        1069   4.533e-11
        1070   4.469e-11
        1071   4.412e-11
        1072   4.371e-11
        1073   4.337e-11
        1073   4.293e-11
        1074   4.229e-11
        1075   4.155e-11
        1075    4.12e-11
        1076   4.091e-11
        1076   4.071e-11
        1077    4.06e-11
        1077   4.061e-11
        1077   4.076e-11
        1078   4.103e-11
        1078   4.141e-11
        1079   4.189e-11
        1079   4.245e-11
        1079   4.307e-11
        1080   4.373e-11
        1081   4.506e-11
        1081   4.628e-11
        1082   4.731e-11
        1083    4.81e-11
        1084   4.867e-11
        1085   4.907e-11
        1085   4.932e-11
        1086   4.949e-11
        1087   4.958e-11
        1089   4.967e-11
        1090   4.966e-11
        1092   4.959e-11
        1093   4.946e-11
        1097   4.915e-11
        1100   4.877e-11
        1103   4.835e-11
        1106   4.791e-11
        1109   4.745e-11
        1113   4.697e-11
        1116   4.648e-11
        1119   4.598e-11
        1122   4.548e-11
        1125   4.499e-11
        1129   4.449e-11
        1132   4.398e-11
        1135   4.343e-11
        1138   4.287e-11
        1141   4.228e-11
        1145   4.167e-11
        1148   4.103e-11
        1151   4.036e-11
        1154   3.964e-11
        1157   3.887e-11
        1161   3.802e-11
        1164    3.71e-11
        1167   3.611e-11
        1169   3.559e-11
        1170   3.503e-11
        1172   3.442e-11
        1173   3.375e-11
        1175   3.304e-11
        1177   3.229e-11
        1178   3.151e-11
        1180   3.067e-11
        1181   2.975e-11
        1183   2.874e-11
        1185   2.764e-11
        1186   2.645e-11
        1188   2.518e-11
        1189   2.451e-11
        1189   2.382e-11
        1190   2.309e-11
        1191   2.233e-11
        1192   2.154e-11
        1193   2.072e-11
        1193   1.987e-11
        1194     1.9e-11
        1195   1.812e-11
        1196   1.721e-11
        1197   1.628e-11
        1197   1.534e-11
        1198   1.438e-11
        1199   1.341e-11
        1201   1.147e-11
        1201   1.051e-11
        1202   9.573e-12
        1203   8.656e-12
        1203   8.206e-12
        1204   7.769e-12
        1204   7.339e-12
        1205    6.92e-12
        1205   6.513e-12
        1205   6.118e-12
        1206   5.737e-12
        1206    5.37e-12
        1207   5.015e-12
        1207   4.675e-12
        1207    4.35e-12
        1208   4.041e-12
        1208   3.894e-12
        1208   3.749e-12
        1208   3.611e-12
        1209   3.474e-12
        1209   3.344e-12
        1209   3.216e-12
        1209   3.094e-12
        1209   2.974e-12
        1210   2.859e-12
        1210   2.747e-12
        1210    2.64e-12
        1210   2.536e-12
        1210   2.435e-12
        1211   2.338e-12
        1211   2.244e-12
        1211   2.155e-12
        1211   2.068e-12
        1211   1.985e-12
        1212   1.905e-12
        1212   1.828e-12
        1212   1.755e-12
        1212   1.684e-12
        1212   1.617e-12
        1213   1.552e-12
        1213    1.49e-12
        1213    1.43e-12
        1213   1.372e-12
        1213   1.316e-12
        1214   1.205e-12
        1214    1.15e-12
        1214   1.122e-12
        1214   1.108e-12
        1214   1.093e-12
        1214   1.077e-12
        1214   1.058e-12
        1214   1.037e-12
        1214   1.013e-12
        1214    9.82e-13
        1215   9.433e-13
        1215   9.012e-13
        1215   8.608e-13
        1215   8.165e-13
        1215   7.694e-13
        1215   7.213e-13
        1215   6.754e-13
        1215   6.042e-13
        1215   4.927e-13
        1215    4.02e-13
        1215    3.32e-13
        1215   2.896e-13
        1215   2.621e-13
        1215   2.412e-13
        1215   2.298e-13
        1215    2.22e-13
        1215   2.181e-13
        1215   2.163e-13
        1215   2.155e-13
        1215   2.152e-13
        1216   2.151e-13
        1216   2.151e-13
        1216   2.152e-13
        1216   2.152e-13
        1216   2.153e-13
        1216   2.156e-13
        1216   2.159e-13
        1216   2.168e-13
        1216   2.176e-13
        1216   2.187e-13
        1216   2.202e-13
        1216   2.228e-13
        1216   2.264e-13
        1216   2.309e-13
        1216   2.362e-13
        1216   2.426e-13
        1216   2.522e-13
        1216   2.635e-13
        1216    2.77e-13
        1216   2.921e-13
        1216   3.099e-13
        1216   3.354e-13
        1216   3.678e-13
        1216   4.067e-13
        1216   4.509e-13
        1216   4.995e-13
        1216   5.596e-13
        1216   6.106e-13
        1216     6.5e-13
        1217   6.809e-13
        1217    7.06e-13
        1217   7.274e-13
        1217   7.513e-13
        1217   7.754e-13
        1217   8.228e-13
        1217   8.675e-13
        1217   9.086e-13
        1217   9.511e-13
        1217   9.729e-13
        1217   9.914e-13
        1217   1.008e-12
        1217   1.022e-12
        1217   1.035e-12
        1217   1.047e-12
        1217   1.058e-12
        1217   1.068e-12
        1217   1.078e-12
        1217   1.087e-12
        1217   1.103e-12
        1217   1.118e-12
        1217   1.146e-12
        1217   1.201e-12
        1218    1.31e-12
        1218   1.421e-12
        1218   1.478e-12
        1219   1.537e-12
        1219   1.598e-12
        1219   1.661e-12
        1219   1.727e-12
        1219   1.795e-12
        1220   1.865e-12
        1220   1.938e-12
        1220   2.014e-12
        1220   2.093e-12
        1220   2.176e-12
        1221   2.263e-12
        1221   2.355e-12
        1221    2.45e-12
        1221   2.549e-12
        1221   2.652e-12
        1222   2.863e-12
        1222    3.08e-12
        1223     3.3e-12
        1223   3.525e-12
        1224   3.759e-12
        1224   3.882e-12
        1224    4.01e-12
        1224   4.144e-12
        1224   4.283e-12
        1225   4.426e-12
        1225   4.575e-12
        1225   4.881e-12
        1226   5.192e-12
        1226   5.501e-12
        1226   5.798e-12
        1227    6.08e-12
        1227   6.347e-12
        1228   6.603e-12
        1228   6.854e-12
        1228   7.108e-12
        1229   7.379e-12
        1229   7.521e-12
        1229    7.67e-12
        1229   7.825e-12
        1230   7.992e-12
        1230   8.164e-12
        1230   8.348e-12
        1230   8.544e-12
        1230   8.749e-12
        1231   8.964e-12
        1231   9.189e-12
        1231   9.665e-12
        1232   1.018e-11
        1232   1.072e-11
        1232    1.13e-11
        1233    1.19e-11
        1234   1.313e-11
        1234   1.435e-11
        1235   1.494e-11
        1235   1.552e-11
        1236   1.608e-11
        1236   1.663e-11
        1236   1.715e-11
        1237   1.765e-11
        1237   1.813e-11
        1238   1.859e-11
        1238   1.947e-11
        1239    2.03e-11
        1240   2.108e-11
        1241   2.182e-11
        1242    2.25e-11
        1242   2.314e-11
        1243   2.372e-11
        1244   2.426e-11
        1245   2.475e-11
        1246   2.522e-11
        1246   2.564e-11
        1247   2.605e-11
        1249   2.676e-11
        1250   2.735e-11
        1252   2.781e-11
        1254   2.821e-11
        1255   2.858e-11
        1257   2.889e-11
        1258   2.913e-11
        1260   2.931e-11
        1262   2.947e-11
        1265   2.973e-11
        1268   2.988e-11
        1271   2.995e-11
        1274   2.999e-11
        1278   2.997e-11
        1281   2.992e-11
        1284   2.984e-11
        1287   2.974e-11
        1291   2.963e-11
        1294   2.949e-11
        1294   2.949e-11
        1297   2.935e-11
        1300   2.921e-11
        1305   2.897e-11
        1310    2.87e-11
        1315   2.843e-11
        1320   2.813e-11
        1330   2.754e-11
        1340   2.699e-11
        1350   2.645e-11
        1360   2.586e-11
        1370   2.521e-11
        1380   2.457e-11
        1385   2.424e-11
        1390   2.393e-11
        1395   2.369e-11
        1400   2.351e-11
        1405   2.337e-11
        1410   2.322e-11
        1420   2.284e-11
        1430    2.24e-11
        1440   2.194e-11
        1460   2.104e-11
        1480   2.018e-11
        1500   1.937e-11
        1520   1.861e-11
        1540   1.788e-11
        1560    1.72e-11
        1580   1.655e-11
        1600   1.593e-11
        1620   1.534e-11
        1640   1.478e-11
        1660   1.425e-11
        1680   1.375e-11
        1700   1.327e-11
        1720   1.281e-11
        1740   1.238e-11
        1760   1.196e-11
        1780   1.156e-11
        1800   1.118e-11
        1820   1.082e-11
        1840   1.047e-11
        1860   1.014e-11
        1880   9.824e-12
        1900   9.519e-12
        1920   9.227e-12
        1940   8.947e-12
        1960   8.678e-12
        1980    8.42e-12
        2000   8.173e-12
        2020   7.935e-12
        2040   7.706e-12
        2060   7.486e-12
        2080   7.274e-12
        2100    7.07e-12
        2120   6.874e-12
        2140   6.685e-12
        2160   6.503e-12
        2180   6.328e-12
        2200   6.158e-12
        2220   5.995e-12
        2240   5.837e-12
        2260   5.685e-12
        2280   5.538e-12
        2300   5.396e-12
        2320   5.259e-12
        2340   5.127e-12
        2360   4.999e-12
        2380   4.875e-12
        2400   4.755e-12
        2420   4.639e-12
        2440   4.527e-12
        2460   4.418e-12
        2480   4.312e-12
        2500    4.21e-12
        2520   4.111e-12
        2540   4.015e-12
        2560   3.922e-12
        2580   3.832e-12
        2600   3.745e-12
        2620    3.66e-12
        2640   3.578e-12
        2660   3.498e-12
        2680    3.42e-12
        2700   3.345e-12
        2720   3.272e-12
        2740     3.2e-12
        2760   3.131e-12
        2780   3.064e-12
        2800   2.999e-12
        2820   2.935e-12
        2840   2.874e-12
        2860   2.813e-12
        2880   2.755e-12
        2900   2.698e-12
        2920   2.643e-12
        2940   2.589e-12
        2960   2.536e-12
        2980   2.485e-12
        3000   2.435e-12
        3020   2.387e-12
        3040    2.34e-12
        3060   2.294e-12
        3080   2.249e-12
        3100   2.205e-12
        3120   2.162e-12
        3140   2.121e-12
        3160    2.08e-12
        3180   2.041e-12
        3200   2.002e-12
        3220   1.964e-12
        3240   1.928e-12
        3260   1.892e-12
        3280   1.857e-12
        3300   1.823e-12
        3320   1.789e-12
        3340   1.757e-12
        3360   1.725e-12
        3380   1.694e-12
        3400   1.663e-12
        3420   1.634e-12
        3440   1.605e-12
        3460   1.576e-12
        3480   1.549e-12
        3500   1.522e-12
        3520   1.495e-12
        3540   1.469e-12
        3560   1.444e-12
        3580   1.419e-12
        3600   1.395e-12
        3620   1.371e-12
        3633   1.356e-12
        3640   1.348e-12
        3644   1.343e-12
        3647    1.34e-12
        3650   1.337e-12
        3660   1.325e-12
        3670   1.313e-12
        3676   1.306e-12
        3680   1.302e-12
        3680   1.302e-12
        3683   1.298e-12
        3684   1.297e-12
        3687   1.294e-12
        3688   1.293e-12
        3693   1.287e-12
        3698   1.281e-12
        3703   1.276e-12
        3704   1.275e-12
        3705   1.274e-12
        3707   1.271e-12
        3710   1.268e-12
        3712   1.266e-12
        3713   1.265e-12
        3716   1.262e-12
        3721   1.256e-12
        3722   1.256e-12
        3722   1.255e-12
        3723   1.254e-12
        3725   1.253e-12
        3728   1.249e-12
        3735   1.241e-12
        3739   1.239e-12
        3742   1.236e-12
        3746    1.23e-12
        3747   1.228e-12
        3749   1.224e-12
        3751   1.221e-12
        3753   1.222e-12
        3755   1.222e-12
        3759   1.222e-12
        3761    1.22e-12
        3763   1.218e-12
        3764   1.213e-12
        3766   1.209e-12
        3769   1.202e-12
        3770   1.197e-12
        3771   1.194e-12
        3772   1.193e-12
        3772   1.194e-12
        3773   1.196e-12
        3774   1.198e-12
        3775     1.2e-12
        3776   1.204e-12
        3779   1.209e-12
        3783    1.21e-12
        3784    1.21e-12
        3786   1.207e-12
        3787   1.204e-12
        3789   1.199e-12
        3790   1.192e-12
        3792   1.185e-12
        3793   1.176e-12
        3795   1.166e-12
        3797   1.152e-12
        3798   1.145e-12
        3798   1.143e-12
        3799   1.141e-12
        3799   1.143e-12
        3800   1.146e-12
        3801   1.152e-12
        3803   1.167e-12
        3805    1.18e-12
        3807   1.192e-12
        3809   1.201e-12
        3811   1.208e-12
        3813   1.211e-12
        3815   1.212e-12
        3817   1.211e-12
        3819   1.206e-12
        3821   1.197e-12
        3822   1.192e-12
        3823   1.186e-12
        3824   1.179e-12
        3825    1.17e-12
        3826   1.161e-12
        3827   1.152e-12
        3829   1.129e-12
        3831   1.105e-12
        3833   1.078e-12
        3834   1.065e-12
        3835   1.051e-12
        3836   1.044e-12
        3836   1.041e-12
        3836    1.04e-12
        3837   1.041e-12
        3837   1.044e-12
        3837   1.047e-12
        3838   1.051e-12
        3838   1.054e-12
        3838   1.062e-12
        3839   1.076e-12
        3842   1.106e-12
        3844   1.134e-12
        3846   1.159e-12
        3848   1.182e-12
        3849   1.192e-12
        3850   1.201e-12
        3851   1.209e-12
        3852   1.216e-12
        3854   1.222e-12
        3855   1.227e-12
        3857   1.235e-12
        3859   1.239e-12
        3861   1.241e-12
        3863   1.239e-12
        3865   1.232e-12
        3868   1.222e-12
        3869   1.216e-12
        3870   1.209e-12
        3871   1.201e-12
        3872   1.191e-12
        3873   1.179e-12
        3874   1.167e-12
        3876   1.141e-12
        3878    1.11e-12
        3881   1.075e-12
        3883   1.037e-12
        3884   1.016e-12
        3885   9.955e-13
        3886   9.732e-13
        3887   9.501e-13
        3888   9.227e-13
        3889   9.129e-13
        3889   9.036e-13
        3889   8.992e-13
        3890   8.953e-13
        3890   8.923e-13
        3890   8.912e-13
        3890   8.921e-13
        3891   8.949e-13
        3891   8.986e-13
        3891   9.028e-13
        3892   9.116e-13
        3892   9.307e-13
        3894   9.684e-13
        3896   1.004e-12
        3898   1.037e-12
        3900   1.068e-12
        3901   1.098e-12
        3902   1.113e-12
        3903   1.127e-12
        3904   1.139e-12
        3905   1.151e-12
        3907   1.175e-12
        3909   1.197e-12
        3911   1.216e-12
        3912   1.231e-12
        3914   1.244e-12
        3916   1.257e-12
        3918   1.267e-12
        3920   1.274e-12
        3921    1.28e-12
        3923   1.284e-12
        3925   1.287e-12
        3929   1.288e-12
        3932   1.284e-12
        3934    1.28e-12
        3936   1.274e-12
        3938   1.266e-12
        3940   1.256e-12
        3941   1.245e-12
        3943   1.231e-12
        3945   1.214e-12
        3947   1.194e-12
        3949   1.173e-12
        3950   1.152e-12
        3952   1.128e-12
        3954   1.101e-12
        3956   1.071e-12
        3958    1.04e-12
        3959   1.007e-12
        3961   9.714e-13
        3963   9.352e-13
        3965    8.96e-13
        3966    8.76e-13
        3967   8.548e-13
        3968   8.331e-13
        3968   8.101e-13
        3969    7.98e-13
        3969   7.851e-13
        3970   7.714e-13
        3970    7.57e-13
        3971   7.409e-13
        3971   7.269e-13
        3971   7.263e-13
        3971   7.263e-13
        3971   7.262e-13
        3971   7.268e-13
        3971   7.291e-13
        3971   7.326e-13
        3972   7.365e-13
        3972   7.441e-13
        3972   7.576e-13
        3973     7.7e-13
        3973   7.817e-13
        3974   8.033e-13
        3975   8.233e-13
        3975   8.413e-13
        3977   8.771e-13
        3979   9.096e-13
        3980   9.415e-13
        3982   9.706e-13
        3983   1.001e-12
        3985   1.027e-12
        3987   1.052e-12
        3988   1.077e-12
        3990   1.101e-12
        3991   1.122e-12
        3993   1.141e-12
        3996   1.178e-12
        3998   1.195e-12
        3999   1.211e-12
        4001   1.224e-12
        4003   1.236e-12
        4006   1.255e-12
        4009    1.27e-12
        4012   1.281e-12
        4015   1.289e-12
        4019   1.294e-12
        4022   1.298e-12
        4025     1.3e-12
        4031     1.3e-12
        4038   1.296e-12
        4044   1.287e-12
        4047    1.28e-12
        4051   1.271e-12
        4054   1.261e-12
        4057   1.248e-12
        4060   1.231e-12
        4063   1.212e-12
        4067   1.188e-12
        4070   1.162e-12
        4073   1.134e-12
        4076     1.1e-12
        4079   1.062e-12
        4081   1.042e-12
        4083   1.022e-12
        4084   9.994e-13
        4086   9.753e-13
        4087   9.494e-13
        4089   9.235e-13
        4091    8.97e-13
        4092   8.679e-13
        4094   8.377e-13
        4095   8.063e-13
        4097   7.728e-13
        4098   7.553e-13
        4099   7.367e-13
        4099   7.176e-13
        4100   6.967e-13
        4101   6.853e-13
        4101   6.724e-13
        4101    6.59e-13
        4102   6.517e-13
        4102   6.439e-13
        4102   6.354e-13
        4102   6.265e-13
        4102    6.24e-13
        4102   6.171e-13
        4102   6.158e-13
        4103   6.081e-13
        4103   6.051e-13
        4103   6.033e-13
        4103   6.024e-13
        4103   6.022e-13
        4103   6.023e-13
        4103   6.031e-13
        4103   6.049e-13
        4103   6.078e-13
        4103   6.154e-13
        4104    6.31e-13
        4104   6.455e-13
        4104   6.582e-13
        4105   6.693e-13
        4105   6.803e-13
        4105   6.903e-13
        4106   6.993e-13
        4107   7.167e-13
        4107   7.322e-13
        4108   7.477e-13
        4109   7.756e-13
        4111   8.029e-13
        4112   8.284e-13
        4113   8.526e-13
        4115   8.762e-13
        4116   8.977e-13
        4118   9.177e-13
        4119   9.384e-13
        4120   9.581e-13
        4122   9.764e-13
        4123   9.933e-13
        4124   1.009e-12
        4127   1.039e-12
        4130   1.067e-12
        4133    1.09e-12
        4136   1.111e-12
        4138    1.13e-12
        4141   1.146e-12
        4144   1.161e-12
        4147   1.173e-12
        4149   1.183e-12
        4152   1.191e-12
        4155   1.197e-12
        4158   1.202e-12
        4163   1.208e-12
        4169   1.211e-12
        4174   1.211e-12
        4180    1.21e-12
        4185   1.208e-12
        4191   1.206e-12
        4196   1.202e-12
        4202   1.199e-12
        4207   1.195e-12
        4213    1.19e-12
        4219   1.186e-12
        4224    1.18e-12
        4230   1.175e-12
        4235    1.17e-12
        4241   1.164e-12
        4246   1.157e-12
        4252    1.15e-12
        4257   1.142e-12
        4263   1.132e-12
        4268   1.122e-12
        4274   1.109e-12
        4279   1.093e-12
        4285   1.075e-12
        4290   1.054e-12
        4296    1.03e-12
        4299   1.016e-12
        4301   1.001e-12
        4304   9.847e-13
        4307   9.667e-13
        4310   9.471e-13
        4313   9.258e-13
        4315   9.021e-13
        4318   8.758e-13
        4321   8.472e-13
        4324   8.159e-13
        4326   7.817e-13
        4328   7.638e-13
        4329   7.455e-13
        4331    7.26e-13
        4332   7.056e-13
        4333   6.846e-13
        4335   6.621e-13
        4336   6.385e-13
        4337   6.125e-13
        4338   5.985e-13
        4339   5.829e-13
        4339   5.744e-13
        4340   5.645e-13
        4340    5.54e-13
        4340   5.421e-13
        4340    5.35e-13
        4341   5.278e-13
        4341   5.198e-13
        4341   5.154e-13
        4341   5.106e-13
        4341   5.056e-13
        4341   5.001e-13
        4341   4.945e-13
        4341   4.883e-13
        4341   4.814e-13
        4341   4.741e-13
        4342   4.665e-13
        4342   4.635e-13
        4342   4.612e-13
        4342   4.597e-13
        4342   4.591e-13
        4342   4.597e-13
        4342   4.612e-13
        4342   4.635e-13
        4342   4.663e-13
        4342   4.732e-13
        4342   4.801e-13
        4342   4.866e-13
        4342   4.926e-13
        4342    4.98e-13
        4342   5.033e-13
        4343   5.128e-13
        4343   5.211e-13
        4343   5.284e-13
        4343   5.352e-13
        4343   5.416e-13
        4343   5.526e-13
        4344   5.625e-13
        4344   5.716e-13
        4344   5.796e-13
        4345   5.871e-13
        4345   6.008e-13
        4346   6.132e-13
        4347    6.25e-13
        4348    6.47e-13
        4349   6.675e-13
        4351   6.868e-13
        4352   7.051e-13
        4353   7.225e-13
        4355   7.392e-13
        4356   7.548e-13
        4357     7.7e-13
        4360   7.987e-13
        4363   8.245e-13
        4365   8.476e-13
        4368   8.685e-13
        4370   8.869e-13
        4373    9.03e-13
        4376   9.175e-13
        4378   9.304e-13
        4381   9.417e-13
        4384    9.52e-13
        4386   9.607e-13
        4389   9.685e-13
        4391    9.75e-13
        4397   9.859e-13
        4402   9.944e-13
        4407   1.001e-12
        4412   1.004e-12
        4418   1.006e-12
        4423   1.007e-12
        4428   1.006e-12
        4433   1.005e-12
        4439   1.003e-12
        4444   9.999e-13
        4449   9.971e-13
        4454    9.94e-13
        4460   9.909e-13
        4465   9.875e-13
        4470   9.841e-13
        4475   9.805e-13
        4481    9.77e-13
        4486   9.733e-13
        4491   9.697e-13
        4496    9.66e-13
        4502   9.623e-13
        4507   9.587e-13
        4512    9.55e-13
        4517   9.513e-13
        4523   9.475e-13
        4528   9.438e-13
        4533   9.401e-13
        4538   9.364e-13
        4544   9.327e-13
        4549   9.291e-13
        4554   9.254e-13
        4559   9.217e-13
        4565   9.181e-13
        4570   9.144e-13
        4575   9.108e-13
        4580   9.071e-13
        4586   9.035e-13
        4591   8.999e-13
        4596   8.963e-13
        4601   8.927e-13
        4607   8.891e-13
        4612   8.856e-13
        4617    8.82e-13
        4622   8.785e-13
        4628   8.749e-13
        4633   8.714e-13
        4638   8.679e-13
        4643   8.643e-13
        4649   8.608e-13
        4654   8.573e-13
        4659   8.538e-13
        4664   8.503e-13
        4670   8.467e-13
        4675   8.432e-13
        4680   8.397e-13
        4685   8.361e-13
        4691   8.325e-13
        4696   8.289e-13
        4701   8.253e-13
        4706   8.216e-13
        4712   8.179e-13
        4717   8.141e-13
        4722   8.103e-13
        4727   8.064e-13
        4733   8.023e-13
        4738   7.982e-13
        4743    7.94e-13
        4748   7.895e-13
        4754    7.85e-13
        4759   7.801e-13
        4764    7.75e-13
        4769   7.694e-13
        4775   7.636e-13
        4780   7.574e-13
        4785   7.505e-13
        4790   7.429e-13
        4796   7.345e-13
        4801   7.249e-13
        4806   7.138e-13
        4811   7.016e-13
        4817   6.874e-13
        4822   6.708e-13
        4825   6.616e-13
        4827   6.514e-13
        4830   6.407e-13
        4832   6.287e-13
        4835   6.157e-13
        4838   6.017e-13
        4840   5.866e-13
        4843   5.702e-13
        4846   5.525e-13
        4848   5.334e-13
        4851    5.13e-13
        4853   4.906e-13
        4855   4.786e-13
        4856   4.657e-13
        4857   4.518e-13
        4858   4.443e-13
        4859   4.362e-13
        4859   4.272e-13
        4860   4.167e-13
        4860   4.108e-13
        4861    4.04e-13
        4861   3.963e-13
        4861    3.92e-13
        4861    3.87e-13
        4861   3.816e-13
        4862   3.755e-13
        4862   3.682e-13
        4862   3.641e-13
        4862   3.598e-13
        4862   3.548e-13
        4862   3.494e-13
        4862   3.453e-13
        4862   3.441e-13
        4862   3.384e-13
        4862   3.362e-13
        4862   3.316e-13
        4862   3.271e-13
        4862   3.235e-13
        4863   3.206e-13
        4863   3.188e-13
        4863   3.182e-13
        4863   3.188e-13
        4863   3.205e-13
        4863   3.233e-13
        4863    3.27e-13
        4863   3.315e-13
        4863    3.36e-13
        4863   3.451e-13
        4863   3.537e-13
        4863   3.613e-13
        4864   3.679e-13
        4864   3.739e-13
        4864   3.789e-13
        4864   3.834e-13
        4864   3.915e-13
        4865   3.981e-13
        4865   4.039e-13
        4865   4.093e-13
        4865    4.14e-13
        4866   4.225e-13
        4866   4.298e-13
        4867   4.364e-13
        4868   4.484e-13
        4869   4.591e-13
        4870    4.69e-13
        4872   4.871e-13
        4874   5.036e-13
        4876   5.187e-13
        4879   5.329e-13
        4881   5.459e-13
        4883   5.581e-13
        4885   5.694e-13
        4887   5.798e-13
        4889   5.894e-13
        4891   5.982e-13
        4893   6.061e-13
        4895   6.136e-13
        4900   6.265e-13
        4904    6.37e-13
        4908   6.457e-13
        4912   6.527e-13
        4916   6.583e-13
        4921   6.629e-13
        4925   6.667e-13
        4929   6.693e-13
        4938    6.73e-13
        4946   6.746e-13
        4954   6.746e-13
        4963   6.738e-13
        4971   6.721e-13
        4980   6.699e-13
        4988   6.673e-13
        4993   6.656e-13
        4997   6.644e-13
        5000   6.632e-13
        5010   6.593e-13
        5020   6.553e-13
        5040    6.47e-13
        5060   6.384e-13
        5080   6.297e-13
        5100   6.211e-13
        5120   6.126e-13
        5140   6.042e-13
        5160   5.959e-13
        5180   5.877e-13
        5200   5.797e-13
        5220   5.718e-13
        5240    5.64e-13
        5260   5.564e-13
        5280   5.489e-13
        5300   5.415e-13
        5320   5.342e-13
        5340   5.271e-13
        5360     5.2e-13
        5380   5.132e-13
        5400   5.064e-13
        5420   4.997e-13
        5440   4.931e-13
        5460   4.866e-13
        5480   4.802e-13
        5500    4.74e-13
        5520   4.678e-13
        5540   4.618e-13
        5560   4.558e-13
        5580   4.499e-13
        5600   4.442e-13
        5620   4.385e-13
        5640   4.329e-13
        5660   4.274e-13
        5680    4.22e-13
        5700   4.167e-13
        5720   4.114e-13
        5740   4.063e-13
        5760   4.012e-13
        5780   3.962e-13
        5800   3.913e-13
        5820   3.864e-13
        5840   3.816e-13
        5860    3.77e-13
        5880   3.723e-13
        5900   3.678e-13
        5920   3.633e-13
        5940   3.589e-13
        5960   3.545e-13
        5980   3.503e-13
        6000    3.46e-13
        6020   3.419e-13
        6040   3.378e-13
        6060   3.337e-13
        6080   3.298e-13
        6100   3.259e-13
        6120    3.22e-13
        6140   3.182e-13
        6160   3.144e-13
        6180   3.107e-13
        6200   3.071e-13
        6220   3.034e-13
        6240   2.999e-13
        6260   2.963e-13
        6280   2.929e-13
        6300   2.894e-13
        6320    2.86e-13
        6340   2.825e-13
        6360   2.791e-13
        6380   2.757e-13
        6400   2.722e-13
        6420   2.686e-13
        6440   2.647e-13
        6460   2.603e-13
        6470   2.578e-13
        6480   2.549e-13
        6490   2.517e-13
        6500   2.478e-13
        6505   2.455e-13
        6510   2.429e-13
        6515   2.399e-13
        6520   2.366e-13
        6525   2.326e-13
        6530   2.281e-13
        6535   2.228e-13
        6538   2.197e-13
        6540   2.166e-13
        6542   2.131e-13
        6545   2.093e-13
        6548   2.052e-13
        6550   2.008e-13
        6552   1.959e-13
        6555   1.905e-13
        6556   1.875e-13
        6558   1.843e-13
        6559   1.807e-13
        6559   1.787e-13
        6560   1.766e-13
        6561   1.741e-13
        6561   1.714e-13
        6562   1.681e-13
        6562   1.662e-13
        6562   1.639e-13
        6563   1.613e-13
        6563   1.581e-13
        6563   1.539e-13
        6564   1.481e-13
        6564   1.399e-13
        6564   1.384e-13
        6564   1.375e-13
        6564   1.321e-13
        6565   1.304e-13
        6565   1.384e-13
        6566   1.509e-13
        6566   1.581e-13
        6567   1.628e-13
        6567   1.663e-13
        6568   1.691e-13
        6568   1.715e-13
        6569   1.735e-13
        6570   1.771e-13
        6571   1.801e-13
        6572   1.828e-13
        6574   1.875e-13
        6576   1.916e-13
        6578   1.952e-13
        6580   1.986e-13
        6582   2.017e-13
        6584   2.045e-13
        6588   2.095e-13
        6592   2.138e-13
        6596   2.174e-13
        6600   2.205e-13
        6604    2.23e-13
        6608   2.251e-13
        6612   2.269e-13
        6616   2.283e-13
        6620   2.293e-13
        6628    2.31e-13
        6636    2.32e-13
        6644   2.325e-13
        6652   2.326e-13
        6660   2.325e-13
        6676   2.318e-13
        6692   2.306e-13
        6708   2.292e-13
        6724   2.275e-13
        6740   2.258e-13
        6756   2.241e-13
        6772   2.223e-13
        6788   2.205e-13
        6804   2.187e-13
        6820   2.169e-13
        6836   2.151e-13
        6852   2.133e-13
        6868   2.115e-13
        6884   2.098e-13
        6900    2.08e-13
        6916   2.063e-13
        6932   2.046e-13
        6948   2.029e-13
        6964   2.012e-13
        6980   1.995e-13
        6996   1.978e-13
        7012   1.962e-13
        7028   1.946e-13
        7044    1.93e-13
        7060   1.914e-13
        7076   1.898e-13
        7092   1.882e-13
        7108   1.867e-13
        7124   1.852e-13
        7140   1.836e-13
        7156   1.822e-13
        7172   1.807e-13
        7188   1.792e-13
        7204   1.777e-13
        7220   1.763e-13
        7236   1.749e-13
        7252   1.735e-13
        7268   1.721e-13
        7284   1.707e-13
        7300   1.693e-13
        7316    1.68e-13
        7332   1.666e-13
        7348   1.653e-13
        7364    1.64e-13
        7380   1.627e-13
        7396   1.614e-13
        7412   1.601e-13
        7428   1.589e-13
        7444   1.576e-13
        7460   1.564e-13
        7476   1.552e-13
        7492   1.539e-13
        7508   1.527e-13
        7524   1.515e-13
        7540   1.504e-13
        7556   1.492e-13
        7572    1.48e-13
        7588   1.469e-13
        7604   1.458e-13
        7620   1.446e-13
        7636   1.435e-13
        7652   1.424e-13
        7668   1.413e-13
        7684   1.403e-13
        7700   1.392e-13
        7716   1.381e-13
        7732   1.371e-13
        7748    1.36e-13
        7764    1.35e-13
        7780    1.34e-13
        7796    1.33e-13
        7812    1.32e-13
        7828    1.31e-13
        7844     1.3e-13
        7860    1.29e-13
        7876   1.281e-13
        7892   1.271e-13
        7908   1.262e-13
        7924   1.252e-13
        7940   1.243e-13
        7956   1.234e-13
        7972   1.225e-13
        7988   1.216e-13
        8004   1.207e-13
        8020   1.198e-13
        8036   1.189e-13
        8052   1.181e-13
        8068   1.172e-13
        8084   1.163e-13
        8100   1.155e-13
        8116   1.147e-13
        8132   1.138e-13
        8148    1.13e-13
        8164   1.122e-13
        8180   1.114e-13
        8185   1.111e-13
        8196   1.106e-13
        8206   1.101e-13
        8217   1.095e-13
        8227    1.09e-13
        8238   1.085e-13
        8248    1.08e-13
        8259   1.075e-13
        8269    1.07e-13
        8280   1.065e-13
        8290    1.06e-13
        8301   1.055e-13
        8311    1.05e-13
        8322   1.045e-13
        8332    1.04e-13
        8343   1.035e-13
        8353    1.03e-13
        8364   1.025e-13
        8374    1.02e-13
        8375    1.02e-13
        8385   1.015e-13
        8395   1.011e-13
        8413   1.003e-13
        8414   1.002e-13
        8416   1.002e-13
        8419       1e-13
        8425   9.978e-14
        8433   9.942e-14
        8436   9.925e-14
        8440   9.908e-14
        8448   9.874e-14
        8457   9.834e-14
        8463   9.807e-14
        8470    9.78e-14
        8482   9.726e-14
        8484   9.717e-14
        8495   9.673e-14
        8505   9.629e-14
        8515   9.586e-14
        8525   9.543e-14
        8536     9.5e-14
        8544   9.464e-14
        8546   9.457e-14
        8548    9.45e-14
        8551   9.436e-14
        8558   9.408e-14
        8572    9.35e-14
        8585   9.295e-14
        8597   9.246e-14
        8599   9.239e-14
        8601   9.232e-14
        8604   9.219e-14
        8611   9.192e-14
        8625   9.138e-14
        8639   9.084e-14
        8652   9.029e-14
        8665    8.98e-14
        8666   8.975e-14
        8667    8.97e-14
        8670   8.962e-14
        8675   8.944e-14
        8684   8.908e-14
        8704   8.837e-14
        8724   8.759e-14
        8733   8.721e-14
        8743   8.682e-14
        8753   8.645e-14
        8773   8.581e-14
        8792   8.516e-14
        8812   8.448e-14
        8832   8.374e-14
        8838    8.35e-14
        8851   8.295e-14
        8865    8.24e-14
        8879   8.207e-14
        8893   8.174e-14
        8907   8.139e-14
        8920     8.1e-14
        8934   8.051e-14
        8948       8e-14
        8962   7.949e-14
        8976   7.891e-14
        8989   7.826e-14
        9003   7.756e-14
        9017   7.688e-14
        9017   7.686e-14
        9017   7.684e-14
        9018   7.684e-14
        9020   7.682e-14
        9023    7.68e-14
        9029   7.677e-14
        9041   7.672e-14
        9053   7.663e-14
        9065   7.647e-14
        9078   7.626e-14
        9090   7.601e-14
        9102   7.571e-14
        9114   7.537e-14
        9126   7.498e-14
        9139   7.456e-14
        9151    7.41e-14
        9163   7.355e-14
        9175   7.295e-14
        9187   7.226e-14
        9199   7.148e-14
        9212   7.062e-14
        9216   7.028e-14
        9224   6.968e-14
        9228   6.939e-14
        9232   6.919e-14
        9235   6.921e-14
        9239   6.931e-14
        9243    6.94e-14
        9247   6.948e-14
        9255   6.963e-14
        9270   6.993e-14
        9286   7.006e-14
        9301   7.004e-14
        9317   6.994e-14
        9332   6.975e-14
        9348   6.949e-14
        9363   6.917e-14
        9378   6.878e-14
        9394   6.835e-14
        9409   6.786e-14
        9425   6.732e-14
        9440    6.67e-14
        9456   6.598e-14
        9471   6.516e-14
        9487   6.419e-14
        9502   6.299e-14
        9510   6.235e-14
        9518   6.163e-14
        9518   6.163e-14
        9525   6.084e-14
        9525   6.083e-14
        9533   5.999e-14
        9541   5.903e-14
        9545   5.851e-14
        9547   5.825e-14
        9548   5.812e-14
        9549   5.802e-14
        9550   5.808e-14
        9551   5.817e-14
        9551   5.826e-14
        9552   5.833e-14
        9553   5.842e-14
        9554   5.851e-14
        9555    5.86e-14
        9556   5.868e-14
        9557   5.876e-14
        9558   5.884e-14
        9559   5.892e-14
        9560     5.9e-14
        9561   5.907e-14
        9562   5.916e-14
        9563   5.923e-14
        9564   5.931e-14
        9565   5.938e-14
        9567   5.951e-14
        9571   5.976e-14
        9578    6.02e-14
        9586   6.058e-14
        9594    6.09e-14
        9602   6.118e-14
        9609   6.137e-14
        9625   6.163e-14
        9640   6.175e-14
        9656   6.176e-14
        9671   6.168e-14
        9687   6.152e-14
        9702   6.132e-14
        9717   6.109e-14
        9733   6.083e-14
        9748   6.054e-14
        9764   6.023e-14
        9779    5.99e-14
        9795   5.956e-14
        9810   5.921e-14
        9826   5.884e-14
        9841   5.846e-14
        9856   5.814e-14
        9872   5.772e-14
        9887   5.725e-14
        9903   5.673e-14
        9918   5.617e-14
        9934   5.555e-14
        9949   5.484e-14
        9964   5.401e-14
        9980   5.307e-14
        9991   5.228e-14
        9995   5.191e-14
       1e+04   5.154e-14
   1.001e+04   5.092e-14
   1.001e+04   5.028e-14
   1.002e+04   4.959e-14
   1.003e+04   4.879e-14
   1.003e+04   4.794e-14
   1.004e+04   4.698e-14
   1.004e+04   4.646e-14
   1.005e+04    4.59e-14
   1.005e+04   4.561e-14
   1.005e+04   4.535e-14
   1.005e+04   4.523e-14
   1.005e+04   4.515e-14
   1.005e+04   4.513e-14
   1.005e+04   4.516e-14
   1.005e+04   4.519e-14
   1.005e+04   4.519e-14
   1.005e+04   4.514e-14
   1.005e+04   4.509e-14
   1.005e+04   4.516e-14
   1.006e+04   4.528e-14
   1.006e+04   4.555e-14
   1.006e+04   4.611e-14
   1.007e+04   4.708e-14
   1.008e+04   4.787e-14
   1.009e+04   4.854e-14
   1.009e+04   4.904e-14
    1.01e+04   4.953e-14
   1.011e+04    4.99e-14
   1.012e+04   5.019e-14
   1.013e+04   5.063e-14
   1.015e+04   5.087e-14
   1.017e+04   5.099e-14
   1.018e+04     5.1e-14
    1.02e+04   5.093e-14
   1.023e+04   5.067e-14
   1.026e+04   5.027e-14
   1.029e+04   4.981e-14
   1.036e+04   4.881e-14
   1.042e+04   4.776e-14
   1.049e+04   4.662e-14
   1.055e+04   4.555e-14
   1.061e+04    4.45e-14
   1.068e+04   4.339e-14
   1.071e+04    4.28e-14
   1.074e+04   4.218e-14
   1.077e+04   4.148e-14
   1.079e+04   4.108e-14
   1.081e+04   4.065e-14
   1.082e+04   4.017e-14
   1.084e+04    3.96e-14
   1.085e+04   3.895e-14
   1.087e+04   3.817e-14
   1.088e+04   3.772e-14
   1.089e+04   3.722e-14
   1.089e+04   3.667e-14
    1.09e+04   3.605e-14
   1.091e+04   3.536e-14
   1.092e+04   3.458e-14
   1.092e+04   3.413e-14
   1.093e+04   3.366e-14
   1.093e+04   3.359e-14
   1.093e+04   3.309e-14
   1.093e+04   3.305e-14
   1.093e+04   3.274e-14
   1.093e+04   3.243e-14
   1.094e+04   3.207e-14
   1.094e+04   3.164e-14
   1.094e+04   3.141e-14
   1.094e+04   3.112e-14
   1.094e+04   3.073e-14
   1.094e+04    3.05e-14
   1.094e+04   3.033e-14
   1.094e+04   3.033e-14
   1.094e+04   3.049e-14
   1.094e+04   3.075e-14
   1.094e+04   3.096e-14
   1.094e+04   3.113e-14
   1.094e+04   3.128e-14
   1.094e+04   3.152e-14
   1.095e+04   3.194e-14
   1.095e+04   3.228e-14
   1.095e+04   3.259e-14
   1.095e+04   3.284e-14
   1.095e+04    3.31e-14
   1.096e+04   3.352e-14
   1.096e+04    3.39e-14
   1.097e+04   3.421e-14
   1.097e+04   3.477e-14
   1.098e+04   3.524e-14
   1.099e+04   3.564e-14
     1.1e+04   3.596e-14
   1.101e+04   3.623e-14
   1.101e+04   3.645e-14
   1.102e+04   3.662e-14
   1.104e+04   3.688e-14
   1.105e+04   3.702e-14
   1.107e+04   3.708e-14
   1.109e+04   3.708e-14
   1.112e+04   3.694e-14
   1.115e+04   3.671e-14
   1.118e+04   3.642e-14
   1.125e+04   3.575e-14
   1.131e+04   3.504e-14
   1.137e+04   3.433e-14
   1.144e+04   3.365e-14
    1.15e+04   3.295e-14
   1.157e+04   3.226e-14
   1.163e+04   3.159e-14
   1.169e+04   3.094e-14
   1.176e+04    3.03e-14
   1.182e+04   2.968e-14
   1.189e+04   2.908e-14
   1.195e+04   2.849e-14
   1.201e+04   2.792e-14
   1.208e+04   2.734e-14
   1.214e+04   2.678e-14
   1.221e+04   2.625e-14
   1.227e+04   2.572e-14
   1.233e+04    2.52e-14
    1.24e+04   2.469e-14
   1.246e+04   2.418e-14
   1.253e+04   2.366e-14
   1.259e+04    2.31e-14
   1.262e+04   2.279e-14
   1.265e+04   2.244e-14
   1.267e+04   2.225e-14
   1.269e+04   2.203e-14
    1.27e+04   2.178e-14
   1.272e+04    2.15e-14
   1.273e+04   2.117e-14
   1.275e+04   2.078e-14
   1.276e+04   2.056e-14
   1.277e+04   2.031e-14
   1.277e+04   2.003e-14
   1.278e+04   1.972e-14
   1.279e+04   1.936e-14
   1.279e+04   1.916e-14
    1.28e+04   1.895e-14
    1.28e+04    1.87e-14
   1.281e+04   1.841e-14
   1.281e+04   1.823e-14
   1.281e+04   1.804e-14
   1.281e+04   1.782e-14
   1.281e+04   1.756e-14
   1.282e+04    1.74e-14
   1.282e+04   1.723e-14
   1.282e+04   1.703e-14
   1.282e+04   1.682e-14
   1.282e+04   1.659e-14
   1.282e+04   1.649e-14
   1.282e+04   1.645e-14
   1.282e+04   1.652e-14
   1.282e+04   1.663e-14
   1.282e+04   1.651e-14
   1.282e+04   1.643e-14
   1.282e+04   1.643e-14
   1.282e+04   1.647e-14
   1.282e+04   1.657e-14
   1.282e+04   1.668e-14
   1.283e+04    1.69e-14
   1.283e+04   1.709e-14
   1.283e+04   1.726e-14
   1.283e+04   1.741e-14
   1.283e+04   1.755e-14
   1.283e+04   1.778e-14
   1.283e+04   1.797e-14
   1.284e+04   1.814e-14
   1.284e+04   1.841e-14
   1.284e+04   1.863e-14
   1.285e+04   1.882e-14
   1.286e+04   1.912e-14
   1.286e+04   1.936e-14
   1.287e+04   1.956e-14
   1.288e+04   1.973e-14
   1.289e+04   1.987e-14
    1.29e+04   1.999e-14
    1.29e+04   2.008e-14
   1.292e+04   2.023e-14
   1.294e+04   2.031e-14
   1.295e+04   2.036e-14
   1.297e+04   2.037e-14
     1.3e+04   2.033e-14
   1.303e+04   2.023e-14
   1.306e+04    2.01e-14
   1.313e+04    1.98e-14
   1.319e+04   1.947e-14
   1.326e+04   1.914e-14
   1.332e+04    1.88e-14
   1.338e+04   1.847e-14
   1.345e+04   1.813e-14
   1.351e+04   1.781e-14
   1.358e+04   1.749e-14
   1.364e+04   1.719e-14
    1.37e+04   1.688e-14
   1.377e+04    1.66e-14
   1.383e+04   1.634e-14
    1.39e+04   1.607e-14
   1.396e+04   1.582e-14
   1.402e+04   1.556e-14
   1.409e+04   1.532e-14
   1.415e+04   1.507e-14
   1.422e+04   1.484e-14
   1.428e+04    1.46e-14
   1.434e+04   1.437e-14
   1.441e+04   1.415e-14
   1.447e+04   1.393e-14
   1.454e+04   1.372e-14
    1.46e+04    1.35e-14
   1.466e+04   1.329e-14
   1.473e+04   1.306e-14
   1.479e+04   1.285e-14
   1.486e+04   1.263e-14
   1.492e+04   1.243e-14
   1.498e+04   1.222e-14
   1.501e+04   1.215e-14
   1.504e+04   1.205e-14
   1.505e+04   1.202e-14
   1.509e+04    1.19e-14
   1.514e+04   1.175e-14
   1.518e+04   1.162e-14
   1.519e+04    1.16e-14
    1.52e+04   1.157e-14
   1.521e+04   1.152e-14
   1.523e+04   1.149e-14
   1.525e+04   1.143e-14
   1.526e+04   1.138e-14
   1.526e+04   1.137e-14
    1.53e+04   1.126e-14
   1.535e+04   1.114e-14
   1.542e+04   1.094e-14
   1.543e+04   1.091e-14
   1.544e+04   1.087e-14
   1.547e+04    1.08e-14
   1.548e+04   1.076e-14
   1.552e+04   1.066e-14
   1.556e+04   1.056e-14
   1.557e+04   1.053e-14
   1.564e+04   1.036e-14
   1.571e+04   1.018e-14
   1.577e+04   1.001e-14
    1.58e+04   9.955e-15
   1.584e+04   9.847e-15
   1.589e+04    9.74e-15
   1.597e+04   9.532e-15
   1.601e+04   9.446e-15
   1.606e+04   9.327e-15
   1.611e+04    9.21e-15
   1.617e+04   9.098e-15
   1.622e+04   8.988e-15
   1.627e+04   8.876e-15
   1.632e+04   8.761e-15
   1.633e+04   8.735e-15
   1.637e+04   8.635e-15
   1.639e+04   8.575e-15
    1.64e+04   8.543e-15
   1.641e+04   8.512e-15
   1.642e+04   8.503e-15
   1.643e+04   8.494e-15
   1.644e+04   8.484e-15
   1.645e+04   8.472e-15
   1.647e+04   8.442e-15
   1.651e+04   8.373e-15
   1.655e+04   8.297e-15
   1.659e+04   8.217e-15
   1.667e+04   8.056e-15
    1.67e+04   8.009e-15
   1.672e+04   7.942e-15
   1.675e+04   7.864e-15
   1.675e+04   7.864e-15
   1.678e+04   7.771e-15
    1.68e+04   7.712e-15
    1.68e+04   7.681e-15
   1.681e+04   7.667e-15
   1.681e+04   7.653e-15
   1.681e+04   7.654e-15
   1.682e+04   7.656e-15
   1.682e+04   7.656e-15
   1.682e+04   7.658e-15
   1.683e+04   7.661e-15
   1.683e+04   7.661e-15
   1.683e+04   7.664e-15
   1.683e+04   7.665e-15
   1.684e+04   7.667e-15
   1.684e+04   7.668e-15
   1.684e+04   7.668e-15
   1.684e+04   7.668e-15
   1.685e+04   7.668e-15
   1.685e+04   7.668e-15
   1.685e+04   7.666e-15
   1.686e+04   7.664e-15
   1.686e+04   7.662e-15
   1.687e+04    7.66e-15
   1.687e+04    7.66e-15
   1.687e+04   7.658e-15
   1.687e+04   7.658e-15
   1.687e+04   7.654e-15
   1.688e+04   7.647e-15
   1.689e+04   7.631e-15
   1.692e+04   7.591e-15
   1.698e+04   7.499e-15
   1.704e+04     7.4e-15
    1.71e+04   7.299e-15
   1.716e+04   7.196e-15
   1.721e+04    7.09e-15
   1.727e+04    6.98e-15
   1.729e+04   6.941e-15
   1.733e+04   6.865e-15
   1.735e+04   6.827e-15
   1.737e+04   6.792e-15
   1.739e+04   6.767e-15
   1.741e+04   6.744e-15
   1.741e+04   6.744e-15
   1.741e+04   6.744e-15
   1.742e+04   6.724e-15
   1.744e+04   6.704e-15
   1.744e+04   6.704e-15
   1.748e+04   6.659e-15
   1.756e+04   6.565e-15
   1.763e+04   6.464e-15
   1.771e+04   6.359e-15
   1.779e+04   6.251e-15
   1.786e+04    6.14e-15
   1.794e+04   6.023e-15
   1.802e+04   5.897e-15
   1.805e+04   5.831e-15
   1.809e+04   5.761e-15
   1.813e+04   5.684e-15
   1.816e+04   5.628e-15
   1.817e+04   5.604e-15
   1.818e+04   5.581e-15
   1.819e+04   5.577e-15
    1.82e+04   5.574e-15
   1.823e+04   5.567e-15
   1.827e+04   5.546e-15
   1.832e+04   5.514e-15
   1.836e+04   5.475e-15
   1.841e+04   5.428e-15
   1.846e+04   5.376e-15
    1.85e+04   5.319e-15
   1.855e+04   5.251e-15
   1.857e+04   5.212e-15
   1.859e+04   5.167e-15
   1.862e+04   5.116e-15
   1.864e+04   5.053e-15
   1.866e+04   4.977e-15
   1.867e+04   4.933e-15
   1.868e+04   4.884e-15
    1.87e+04   4.825e-15
   1.871e+04   4.756e-15
   1.871e+04   4.717e-15
   1.872e+04   4.675e-15
   1.873e+04   4.626e-15
   1.873e+04   4.566e-15
   1.874e+04   4.492e-15
   1.874e+04   4.448e-15
   1.874e+04   4.397e-15
   1.875e+04   4.335e-15
   1.875e+04   4.299e-15
   1.875e+04   4.257e-15
   1.875e+04   4.257e-15
   1.875e+04   4.207e-15
   1.875e+04   4.151e-15
   1.875e+04    4.12e-15
   1.875e+04   4.083e-15
   1.875e+04   4.042e-15
   1.875e+04   3.992e-15
   1.875e+04   3.991e-15
   1.875e+04   3.945e-15
   1.875e+04   3.929e-15
   1.875e+04   3.901e-15
   1.876e+04   3.856e-15
   1.876e+04   3.825e-15
   1.876e+04   3.822e-15
   1.876e+04    3.81e-15
   1.876e+04    3.81e-15
   1.876e+04    3.81e-15
   1.876e+04   3.824e-15
   1.876e+04   3.866e-15
   1.876e+04   3.917e-15
   1.876e+04   3.963e-15
   1.876e+04   4.001e-15
   1.876e+04   4.035e-15
   1.876e+04    4.09e-15
   1.876e+04   4.136e-15
   1.876e+04   4.174e-15
   1.876e+04   4.208e-15
   1.877e+04   4.269e-15
   1.877e+04   4.318e-15
   1.877e+04   4.358e-15
   1.877e+04   4.393e-15
   1.878e+04    4.45e-15
   1.878e+04   4.497e-15
   1.878e+04   4.536e-15
   1.879e+04   4.569e-15
   1.879e+04   4.596e-15
    1.88e+04    4.64e-15
   1.881e+04   4.677e-15
   1.882e+04   4.733e-15
   1.884e+04   4.772e-15
   1.886e+04   4.799e-15
   1.887e+04   4.816e-15
   1.889e+04   4.827e-15
    1.89e+04   4.832e-15
   1.894e+04    4.83e-15
   1.897e+04   4.817e-15
     1.9e+04   4.798e-15
   1.906e+04   4.746e-15
   1.913e+04   4.683e-15
   1.919e+04   4.612e-15
   1.926e+04   4.532e-15
   1.929e+04   4.487e-15
   1.932e+04   4.441e-15
   1.935e+04   4.386e-15
   1.938e+04   4.329e-15
   1.942e+04   4.261e-15
   1.944e+04   4.202e-15
   1.945e+04   4.197e-15
   1.945e+04   4.193e-15
   1.945e+04   4.191e-15
   1.946e+04    4.19e-15
   1.947e+04   4.193e-15
   1.949e+04   4.202e-15
   1.952e+04   4.215e-15
   1.955e+04    4.22e-15
   1.958e+04    4.22e-15
   1.961e+04   4.212e-15
   1.967e+04   4.188e-15
   1.973e+04   4.154e-15
    1.98e+04   4.116e-15
   1.986e+04   4.073e-15
   1.992e+04   4.029e-15
   1.998e+04   3.984e-15
   2.004e+04   3.939e-15
    2.01e+04   3.894e-15
   2.017e+04   3.848e-15
   2.023e+04   3.803e-15
   2.029e+04   3.761e-15
   2.035e+04   3.717e-15
   2.041e+04   3.673e-15
   2.048e+04    3.63e-15
   2.054e+04   3.587e-15
    2.06e+04   3.545e-15
   2.066e+04   3.503e-15
   2.072e+04   3.462e-15
   2.079e+04   3.421e-15
   2.085e+04   3.381e-15
   2.091e+04   3.341e-15
   2.097e+04   3.302e-15
   2.103e+04   3.263e-15
    2.11e+04   3.223e-15
   2.116e+04   3.184e-15
   2.122e+04   3.144e-15
   2.128e+04   3.103e-15
   2.134e+04   3.059e-15
   2.141e+04   3.012e-15
   2.147e+04   2.957e-15
    2.15e+04   2.927e-15
   2.153e+04   2.892e-15
   2.156e+04   2.852e-15
   2.159e+04   2.804e-15
   2.161e+04   2.776e-15
   2.162e+04   2.744e-15
   2.164e+04   2.705e-15
   2.164e+04   2.686e-15
   2.165e+04   2.671e-15
   2.165e+04   2.654e-15
   2.166e+04   2.633e-15
   2.166e+04   2.619e-15
   2.166e+04   2.611e-15
   2.166e+04   2.606e-15
   2.166e+04    2.61e-15
   2.166e+04   2.617e-15
   2.166e+04   2.624e-15
   2.167e+04   2.629e-15
   2.167e+04   2.634e-15
   2.167e+04   2.639e-15
   2.167e+04   2.643e-15
   2.167e+04   2.646e-15
   2.167e+04   2.653e-15
   2.168e+04   2.665e-15
   2.169e+04   2.682e-15
   2.169e+04   2.696e-15
   2.171e+04   2.717e-15
   2.173e+04   2.734e-15
   2.175e+04   2.744e-15
   2.177e+04   2.752e-15
    2.18e+04    2.76e-15
   2.184e+04   2.762e-15
   2.187e+04   2.758e-15
   2.191e+04   2.751e-15
   2.194e+04   2.742e-15
   2.201e+04    2.72e-15
   2.208e+04   2.694e-15
   2.215e+04   2.666e-15
   2.222e+04   2.637e-15
   2.229e+04   2.608e-15
   2.236e+04   2.579e-15
   2.243e+04    2.55e-15
   2.251e+04   2.521e-15
   2.258e+04   2.492e-15
   2.265e+04   2.463e-15
   2.272e+04   2.435e-15
   2.279e+04   2.408e-15
   2.286e+04    2.38e-15
   2.293e+04   2.352e-15
     2.3e+04   2.324e-15
   2.307e+04   2.296e-15
   2.314e+04   2.269e-15
   2.321e+04   2.243e-15
   2.328e+04   2.216e-15
   2.335e+04    2.19e-15
   2.342e+04   2.164e-15
   2.349e+04   2.139e-15
   2.356e+04   2.114e-15
   2.363e+04   2.089e-15
    2.37e+04   2.065e-15
   2.377e+04   2.041e-15
   2.384e+04   2.018e-15
   2.392e+04   1.994e-15
   2.399e+04   1.972e-15
   2.406e+04   1.949e-15
   2.413e+04   1.927e-15
    2.42e+04   1.905e-15
   2.427e+04   1.883e-15
   2.434e+04   1.862e-15
   2.441e+04   1.841e-15
   2.448e+04    1.82e-15
   2.455e+04     1.8e-15
   2.462e+04    1.78e-15
   2.469e+04    1.76e-15
   2.476e+04    1.74e-15
   2.483e+04    1.72e-15
    2.49e+04   1.701e-15
   2.497e+04   1.682e-15
   2.504e+04   1.663e-15
   2.511e+04   1.645e-15
   2.518e+04   1.627e-15
   2.525e+04   1.609e-15
   2.533e+04   1.591e-15
    2.54e+04   1.573e-15
   2.547e+04   1.556e-15
   2.554e+04   1.538e-15
   2.561e+04   1.521e-15
   2.568e+04   1.503e-15
   2.575e+04   1.485e-15
   2.582e+04   1.466e-15
   2.589e+04   1.446e-15
   2.596e+04   1.425e-15
   2.603e+04   1.399e-15
   2.607e+04   1.384e-15
    2.61e+04   1.367e-15
   2.614e+04   1.347e-15
   2.615e+04   1.335e-15
   2.617e+04   1.321e-15
   2.619e+04   1.305e-15
   2.621e+04   1.286e-15
   2.622e+04   1.274e-15
   2.622e+04   1.261e-15
   2.622e+04    1.26e-15
   2.623e+04   1.245e-15
   2.623e+04   1.245e-15
   2.624e+04   1.236e-15
   2.624e+04   1.227e-15
   2.625e+04   1.217e-15
   2.625e+04   1.212e-15
   2.625e+04   1.208e-15
   2.625e+04   1.208e-15
   2.625e+04   1.205e-15
   2.625e+04   1.205e-15
   2.625e+04   1.206e-15
   2.625e+04   1.206e-15
   2.626e+04   1.209e-15
   2.626e+04   1.215e-15
   2.626e+04   1.215e-15
   2.626e+04   1.215e-15
   2.626e+04   1.223e-15
   2.626e+04   1.227e-15
   2.626e+04   1.229e-15
   2.626e+04   1.227e-15
   2.626e+04   1.223e-15
   2.626e+04   1.223e-15
   2.626e+04   1.223e-15
   2.626e+04   1.218e-15
   2.626e+04   1.214e-15
   2.626e+04   1.214e-15
   2.626e+04   1.208e-15
   2.626e+04   1.204e-15
   2.626e+04   1.203e-15
   2.627e+04   1.204e-15
   2.627e+04   1.207e-15
   2.627e+04    1.21e-15
   2.628e+04   1.219e-15
   2.628e+04   1.234e-15
   2.629e+04   1.246e-15
    2.63e+04   1.256e-15
   2.631e+04   1.265e-15
   2.632e+04   1.272e-15
   2.634e+04   1.282e-15
   2.635e+04    1.29e-15
   2.637e+04   1.296e-15
   2.639e+04     1.3e-15
   2.642e+04   1.306e-15
   2.646e+04   1.308e-15
   2.649e+04   1.308e-15
   2.656e+04   1.304e-15
   2.663e+04   1.296e-15
    2.67e+04   1.287e-15
   2.677e+04   1.276e-15
   2.683e+04   1.265e-15
    2.69e+04   1.253e-15
   2.697e+04   1.241e-15
   2.704e+04   1.229e-15
   2.711e+04   1.217e-15
   2.718e+04   1.206e-15
   2.725e+04   1.194e-15
   2.732e+04   1.182e-15
   2.739e+04   1.171e-15
   2.745e+04   1.159e-15
   2.752e+04   1.148e-15
   2.759e+04   1.137e-15
   2.766e+04   1.126e-15
   2.773e+04   1.115e-15
    2.78e+04   1.105e-15
   2.787e+04   1.094e-15
   2.794e+04   1.083e-15
   2.801e+04   1.073e-15
   2.807e+04   1.063e-15
   2.814e+04   1.052e-15
   2.821e+04   1.042e-15
   2.828e+04   1.032e-15
   2.835e+04   1.023e-15
   2.842e+04   1.013e-15
   2.849e+04   1.003e-15
   2.856e+04   9.937e-16
   2.863e+04   9.844e-16
   2.869e+04   9.751e-16
   2.876e+04   9.659e-16
   2.883e+04   9.569e-16
    2.89e+04   9.479e-16
   2.897e+04   9.391e-16
   2.904e+04   9.304e-16
   2.911e+04   9.217e-16
   2.918e+04   9.132e-16
   2.925e+04   9.048e-16
   2.931e+04   8.964e-16
   2.938e+04   8.882e-16
   2.945e+04     8.8e-16
   2.952e+04    8.72e-16
   2.959e+04    8.64e-16
   2.966e+04   8.562e-16
   2.973e+04   8.484e-16
    2.98e+04   8.407e-16
   2.987e+04   8.331e-16
   2.993e+04   8.256e-16
