         900   6.856e-14
         900   6.857e-14
       900.1   6.859e-14
       900.1   6.861e-14
       900.2   6.862e-14
       900.2   6.864e-14
       900.2   6.865e-14
       900.3   6.867e-14
       900.3   6.869e-14
       900.4    6.87e-14
       900.4   6.872e-14
       900.4   6.874e-14
       900.5   6.875e-14
       900.5   6.877e-14
       900.5   6.878e-14
       900.6    6.88e-14
       900.6   6.882e-14
       900.7   6.883e-14
       900.7   6.885e-14
       900.7   6.887e-14
       900.8   6.888e-14
       900.8    6.89e-14
       900.9   6.892e-14
       900.9   6.893e-14
       900.9   6.895e-14
         901   6.896e-14
         901   6.898e-14
       901.1     6.9e-14
       901.1   6.901e-14
       901.1   6.903e-14
       901.2   6.905e-14
       901.2   6.906e-14
       901.2   6.908e-14
       901.3   6.909e-14
       901.3   6.911e-14
       901.4   6.913e-14
       901.4   6.914e-14
       901.4   6.916e-14
       901.5   6.918e-14
       901.5   6.919e-14
       901.6   6.921e-14
       901.6   6.923e-14
       901.6   6.924e-14
       901.7   6.926e-14
       901.7   6.927e-14
       901.8   6.929e-14
       901.8   6.931e-14
       901.8   6.932e-14
       901.9   6.934e-14
       901.9   6.936e-14
         902   6.937e-14
         902   6.939e-14
         902    6.94e-14
       902.1   6.942e-14
       902.1   6.944e-14
       902.1   6.945e-14
       902.2   6.947e-14
       902.2   6.949e-14
       902.3    6.95e-14
       902.3   6.952e-14
       902.3   6.954e-14
       902.4   6.955e-14
       902.4   6.957e-14
       902.5   6.958e-14
       902.5    6.96e-14
       902.5   6.962e-14
       902.6   6.963e-14
       902.6   6.965e-14
       902.7   6.967e-14
       902.7   6.968e-14
       902.7    6.97e-14
       902.8   6.972e-14
       902.8   6.973e-14
       902.9   6.975e-14
       902.9   6.976e-14
       902.9   6.978e-14
         903    6.98e-14
         903   6.981e-14
         903   6.983e-14
       903.1   6.985e-14
       903.1   6.986e-14
       903.2   6.988e-14
       903.2    6.99e-14
       903.2   6.991e-14
       903.3   6.993e-14
       903.3   6.995e-14
       903.4   6.996e-14
       903.4   6.998e-14
       903.4   6.999e-14
       903.5   7.001e-14
       903.5   7.003e-14
       903.6   7.004e-14
       903.6   7.006e-14
       903.6   7.008e-14
       903.7   7.009e-14
       903.7   7.011e-14
       903.8   7.013e-14
       903.8   7.014e-14
       903.8   7.016e-14
       903.9   7.018e-14
       903.9   7.019e-14
       903.9   7.021e-14
         904   7.022e-14
         904   7.024e-14
       904.1   7.026e-14
       904.1   7.027e-14
       904.1   7.029e-14
       904.2   7.031e-14
       904.2   7.032e-14
       904.3   7.034e-14
       904.3   7.036e-14
       904.3   7.037e-14
       904.4   7.039e-14
       904.4   7.041e-14
       904.5   7.042e-14
       904.5   7.044e-14
       904.5   7.045e-14
       904.6   7.047e-14
       904.6   7.049e-14
       904.6    7.05e-14
       904.7   7.052e-14
       904.7   7.054e-14
       904.8   7.055e-14
       904.8   7.057e-14
       904.8   7.059e-14
       904.9    7.06e-14
       904.9   7.062e-14
         905   7.064e-14
         905   7.065e-14
       905.1   7.069e-14
       905.2   7.075e-14
       905.5   7.088e-14
       906.2   7.115e-14
       907.4   7.168e-14
         908   7.194e-14
         909   7.234e-14
       909.9   7.275e-14
       910.4     7.3e-14
       910.9   7.326e-14
       911.1   7.339e-14
       911.3   7.352e-14
       911.5   7.358e-14
       911.6   7.365e-14
       911.6   7.368e-14
       911.7   7.371e-14
       911.7   7.373e-14
       911.8   7.374e-14
       911.8   7.376e-14
       911.8   7.392e-14
       911.8   7.393e-14
       911.9   7.394e-14
       911.9   7.397e-14
         912   7.402e-14
       912.3   7.412e-14
       912.8   7.432e-14
       913.2   7.454e-14
       913.5   7.469e-14
       913.7   7.488e-14
       913.9   7.516e-14
       914.2   7.557e-14
       914.4   7.612e-14
       914.6   7.684e-14
       914.9   7.775e-14
       915.1   7.888e-14
       915.4   8.023e-14
       915.6    8.18e-14
       915.8   8.359e-14
       916.1   8.561e-14
       916.3   8.785e-14
       916.5   9.029e-14
       916.8   9.291e-14
         917    9.57e-14
       917.2   9.865e-14
       917.5   1.017e-13
       917.7   1.048e-13
         918   1.078e-13
       918.1   1.093e-13
       918.2   1.105e-13
       918.3   1.116e-13
       918.4   1.119e-13
       918.4   1.122e-13
       918.5   1.122e-13
       918.5   1.121e-13
       918.5   1.119e-13
       918.6   1.117e-13
       918.6   1.114e-13
       918.6   1.109e-13
       918.7   1.104e-13
       918.7   1.097e-13
       918.7   1.089e-13
       918.8   1.078e-13
       918.8   1.065e-13
       918.8    1.05e-13
       918.8   1.032e-13
       918.9   1.013e-13
       918.9   1.007e-13
       918.9   9.929e-14
       918.9   9.693e-14
         919   9.202e-14
         919   8.725e-14
       919.1   8.198e-14
       919.1   7.593e-14
       919.2   6.992e-14
       919.2   6.572e-14
       919.2    6.35e-14
       919.2   6.126e-14
       919.3   5.685e-14
       919.3    5.34e-14
       919.4   5.195e-14
       919.4   5.348e-14
       919.4   5.696e-14
       919.5   6.142e-14
       919.5   6.602e-14
       919.5   7.046e-14
       919.6   7.481e-14
       919.6   7.882e-14
       919.6   8.338e-14
       919.7   8.743e-14
       919.7   9.123e-14
       919.7   9.488e-14
       919.8   9.895e-14
       919.8   1.025e-13
       919.8   1.056e-13
       919.9   1.084e-13
       919.9   1.113e-13
       919.9   1.138e-13
         920   1.159e-13
         920   1.177e-13
         920    1.19e-13
       920.1   1.201e-13
       920.1   1.208e-13
       920.1   1.211e-13
       920.2   1.212e-13
       920.2    1.21e-13
       920.2   1.205e-13
       920.3   1.196e-13
       920.3   1.183e-13
       920.3   1.167e-13
       920.4   1.146e-13
       920.4   1.122e-13
       920.4   1.094e-13
       920.5   1.063e-13
       920.5   1.033e-13
       920.5   1.001e-13
       920.6   9.646e-14
       920.6   9.245e-14
       920.6   8.843e-14
       920.7   8.443e-14
       920.7    8.02e-14
       920.7   7.554e-14
       920.8   7.127e-14
       920.8   6.674e-14
       920.8   6.193e-14
       920.9   5.696e-14
       920.9   5.215e-14
       920.9   4.974e-14
       920.9   4.812e-14
         921   4.643e-14
         921   4.978e-14
       921.1   5.686e-14
       921.1   6.421e-14
       921.2   7.134e-14
       921.2   7.811e-14
       921.3   8.499e-14
       921.3   9.147e-14
       921.4   9.819e-14
       921.4   1.044e-13
       921.5   1.099e-13
       921.5   1.162e-13
       921.6    1.22e-13
       921.6   1.272e-13
       921.7   1.318e-13
       921.7   1.357e-13
       921.8   1.392e-13
       921.8   1.423e-13
       921.9   1.449e-13
       921.9   1.467e-13
         922    1.48e-13
         922   1.487e-13
       922.1   1.489e-13
       922.1   1.485e-13
       922.2   1.476e-13
       922.2   1.461e-13
       922.3   1.439e-13
       922.3    1.41e-13
       922.4   1.374e-13
       922.4   1.338e-13
       922.5   1.295e-13
       922.5   1.247e-13
       922.6   1.193e-13
       922.6   1.134e-13
       922.7   1.073e-13
       922.7   1.016e-13
       922.8   9.527e-14
       922.8   8.853e-14
       922.9    8.18e-14
       922.9   7.448e-14
         923   6.764e-14
         923   6.009e-14
       923.1    5.22e-14
       923.1   5.016e-14
       923.1   4.635e-14
       923.1   4.491e-14
       923.1   4.271e-14
       923.2   4.639e-14
       923.2    5.42e-14
       923.3   6.206e-14
       923.4   6.959e-14
       923.4   7.674e-14
       923.5   8.394e-14
       923.5    9.09e-14
       923.5   9.788e-14
       923.6   1.045e-13
       923.6   1.106e-13
       923.7   1.175e-13
       923.8   1.242e-13
       923.8   1.305e-13
       923.9   1.365e-13
       923.9   1.422e-13
         924   1.476e-13
         924   1.533e-13
         924   1.584e-13
       924.1   1.631e-13
       924.1   1.674e-13
       924.2   1.712e-13
       924.2   1.747e-13
       924.3    1.78e-13
       924.4   1.808e-13
       924.4   1.833e-13
       924.5   1.853e-13
       924.5   1.869e-13
       924.5   1.881e-13
       924.6   1.891e-13
       924.6   1.896e-13
       924.7   1.898e-13
       924.8   1.897e-13
       924.8   1.891e-13
       924.9   1.882e-13
       924.9   1.868e-13
         925    1.85e-13
         925   1.828e-13
         925   1.802e-13
       925.1   1.771e-13
       925.1   1.735e-13
       925.2   1.699e-13
       925.2   1.658e-13
       925.3   1.613e-13
       925.3   1.564e-13
       925.4   1.511e-13
       925.4   1.455e-13
       925.5     1.4e-13
       925.5   1.342e-13
       925.6   1.282e-13
       925.6   1.217e-13
       925.7   1.151e-13
       925.7   1.086e-13
       925.8    1.02e-13
       925.8   9.512e-14
       925.9   8.786e-14
       925.9   8.072e-14
         926   7.297e-14
         926   6.542e-14
       926.1    5.75e-14
       926.1   4.883e-14
       926.2    4.49e-14
       926.2   4.426e-14
       926.2   4.145e-14
       926.2   4.024e-14
       926.3   4.429e-14
       926.3   5.302e-14
       926.4   6.118e-14
       926.4   6.921e-14
       926.5   7.691e-14
       926.5   8.441e-14
       926.6   9.177e-14
       926.6   9.903e-14
       926.7   1.059e-13
       926.7   1.125e-13
       926.8   1.196e-13
       926.8   1.265e-13
       926.9   1.331e-13
       926.9   1.396e-13
         927   1.458e-13
         927   1.521e-13
       927.1   1.585e-13
       927.1   1.647e-13
       927.2   1.707e-13
       927.2   1.764e-13
       927.3   1.818e-13
       927.3   1.873e-13
       927.4   1.927e-13
       927.5   2.029e-13
       927.6   2.122e-13
       927.7   2.205e-13
       927.8   2.278e-13
       927.9   2.343e-13
         928   2.398e-13
       928.1   2.443e-13
       928.2    2.48e-13
       928.3   2.507e-13
       928.4   2.525e-13
       928.5   2.535e-13
       928.6   2.536e-13
       928.7   2.528e-13
       928.7   2.521e-13
       928.8    2.51e-13
       928.8   2.495e-13
       928.9   2.478e-13
         929   2.433e-13
       929.1   2.377e-13
       929.1   2.347e-13
       929.2   2.313e-13
       929.2   2.276e-13
       929.3   2.237e-13
       929.3   2.195e-13
       929.4   2.151e-13
       929.4   2.103e-13
       929.5   2.053e-13
       929.6   1.954e-13
       929.7    1.85e-13
       929.7   1.798e-13
       929.8   1.744e-13
       929.8   1.688e-13
       929.9   1.629e-13
       929.9   1.568e-13
         930   1.506e-13
         930   1.444e-13
       930.1   1.382e-13
       930.1   1.318e-13
       930.2   1.251e-13
       930.2   1.183e-13
       930.3   1.114e-13
       930.3   1.045e-13
       930.4   9.728e-14
       930.4   8.965e-14
       930.5   8.209e-14
       930.5   7.401e-14
       930.6    6.58e-14
       930.6   5.721e-14
       930.7   4.748e-14
       930.7   4.305e-14
       930.7   4.249e-14
       930.7   3.982e-14
       930.7   3.884e-14
       930.8   4.308e-14
       930.8   5.295e-14
       930.9   6.187e-14
       930.9   7.044e-14
         931   7.867e-14
         931   8.652e-14
       931.1   9.424e-14
       931.1   1.017e-13
       931.2   1.089e-13
       931.2   1.159e-13
       931.3   1.298e-13
       931.4   1.432e-13
       931.5   1.561e-13
       931.6    1.69e-13
       931.7   1.812e-13
       931.8    1.93e-13
       931.9   2.049e-13
         932   2.171e-13
       932.1   2.292e-13
       932.2   2.409e-13
       932.3   2.521e-13
       932.4    2.63e-13
       932.5   2.738e-13
       932.6   2.843e-13
       932.7    2.94e-13
       932.8    3.03e-13
       932.9   3.114e-13
         933   3.194e-13
       933.1   3.269e-13
       933.2   3.339e-13
       933.3   3.404e-13
       933.4   3.464e-13
       933.5   3.513e-13
       933.6   3.557e-13
       933.7   3.595e-13
       933.8   3.629e-13
       933.9   3.658e-13
         934   3.682e-13
       934.1   3.699e-13
       934.2   3.709e-13
       934.3   3.712e-13
       934.4   3.707e-13
       934.5   3.694e-13
       934.6   3.674e-13
       934.7   3.643e-13
       934.8   3.604e-13
       934.9   3.556e-13
         935     3.5e-13
       935.1   3.438e-13
       935.2   3.372e-13
       935.3     3.3e-13
       935.4   3.221e-13
       935.5   3.138e-13
       935.6   3.051e-13
       935.7   2.957e-13
       935.8   2.861e-13
         936   2.669e-13
       936.2    2.47e-13
       936.3   2.367e-13
       936.4   2.262e-13
       936.5   2.153e-13
       936.6    2.04e-13
       936.7   1.923e-13
       936.8   1.804e-13
       936.9    1.68e-13
         937   1.552e-13
       937.1   1.422e-13
       937.2   1.355e-13
       937.2   1.285e-13
       937.3   1.214e-13
       937.3   1.142e-13
       937.4   1.068e-13
       937.4   9.916e-14
       937.5    9.12e-14
       937.5   8.312e-14
       937.6   7.445e-14
       937.6   6.535e-14
       937.7   5.685e-14
       937.7   5.544e-14
       937.7   5.057e-14
       937.7   4.419e-14
       937.8   3.992e-14
       937.8   3.858e-14
       937.8   4.003e-14
       937.8   4.087e-14
       937.9   4.421e-14
       937.9   5.062e-14
       937.9   6.132e-14
         938    7.08e-14
         938   7.968e-14
       938.1   8.808e-14
       938.1   9.617e-14
       938.2    1.04e-13
       938.2   1.115e-13
       938.3   1.189e-13
       938.3   1.262e-13
       938.4   1.334e-13
       938.4   1.403e-13
       938.5   1.471e-13
       938.6   1.604e-13
       938.7   1.735e-13
       938.8   1.862e-13
       938.9   1.985e-13
         939   2.108e-13
       939.2   2.344e-13
       939.4   2.574e-13
       939.6   2.805e-13
       939.7   2.923e-13
       939.8   3.043e-13
       939.9    3.17e-13
         940   3.298e-13
       940.1   3.425e-13
       940.2   3.555e-13
       940.3   3.689e-13
       940.4   3.824e-13
       940.5   3.961e-13
       940.6   4.107e-13
       940.7   4.255e-13
       940.8   4.402e-13
       940.9   4.549e-13
         941   4.692e-13
       941.2   4.973e-13
       941.3    5.11e-13
       941.4   5.245e-13
       941.5   5.372e-13
       941.6   5.485e-13
       941.7   5.594e-13
       941.9   5.802e-13
       942.1   5.995e-13
       942.3   6.166e-13
       942.5   6.324e-13
       942.7   6.468e-13
       942.9   6.599e-13
       943.1   6.712e-13
       943.3   6.807e-13
       943.5   6.885e-13
       943.7   6.943e-13
       943.8   6.965e-13
       943.9   6.981e-13
         944   6.987e-13
       944.1   6.982e-13
       944.2    6.97e-13
       944.3    6.95e-13
       944.4   6.921e-13
       944.5   6.885e-13
       944.6    6.84e-13
       944.7   6.787e-13
       944.8   6.725e-13
       944.9    6.65e-13
         945   6.566e-13
       945.1   6.474e-13
       945.2   6.373e-13
       945.3   6.264e-13
       945.4   6.147e-13
       945.5   6.023e-13
       945.7   5.771e-13
       945.9   5.502e-13
       946.1   5.219e-13
       946.5   4.672e-13
       946.7   4.399e-13
       946.9   4.131e-13
         947   3.998e-13
       947.1   3.872e-13
       947.2    3.75e-13
       947.3   3.631e-13
       947.4   3.514e-13
       947.5   3.399e-13
       947.6   3.287e-13
       947.7   3.176e-13
       947.8   3.065e-13
         948   2.844e-13
       948.2   2.622e-13
       948.4   2.396e-13
       948.5    2.28e-13
       948.6   2.161e-13
       948.7   2.039e-13
       948.8   1.913e-13
       948.9   1.783e-13
         949    1.65e-13
       949.1   1.514e-13
       949.1   1.444e-13
       949.2   1.371e-13
       949.2   1.297e-13
       949.3   1.221e-13
       949.3   1.143e-13
       949.4   1.063e-13
       949.4   9.795e-14
       949.5   8.929e-14
       949.5   7.995e-14
       949.6   6.997e-14
       949.6   6.005e-14
       949.6   5.834e-14
       949.7   5.256e-14
       949.7   4.521e-14
       949.7   4.148e-14
       949.7   4.012e-14
       949.8   4.167e-14
       949.8   4.533e-14
       949.8   5.278e-14
       949.9   6.009e-14
       949.9   6.673e-14
       949.9   7.281e-14
       949.9   7.844e-14
         950     8.4e-14
         950   8.919e-14
         950   9.413e-14
       950.1   9.899e-14
       950.1   1.038e-13
       950.1   1.131e-13
       950.2    1.22e-13
       950.3   1.307e-13
       950.3   1.392e-13
       950.4   1.474e-13
       950.4   1.554e-13
       950.5   1.633e-13
       950.6   1.787e-13
       950.7   1.937e-13
       950.8   2.083e-13
       950.9   2.224e-13
         951   2.362e-13
       951.2   2.496e-13
       951.4   2.761e-13
       951.6   3.027e-13
       951.8   3.297e-13
       951.9   3.434e-13
       952.1   3.575e-13
       952.2   3.721e-13
       952.3   3.873e-13
       952.4    4.03e-13
       952.5   4.198e-13
       952.6   4.378e-13
       952.7   4.562e-13
       952.8   4.753e-13
         953   4.954e-13
       953.1   5.164e-13
       953.2   5.379e-13
       953.3   5.601e-13
       953.4   5.832e-13
       953.5   6.088e-13
       953.6   6.353e-13
       953.7    6.63e-13
       953.9   6.913e-13
         954   7.208e-13
       954.1   7.516e-13
       954.2   7.837e-13
       954.3   8.164e-13
       954.5   8.836e-13
       954.8   9.513e-13
         955   1.016e-12
       955.2    1.08e-12
       955.4   1.143e-12
       955.7     1.2e-12
       955.9   1.252e-12
       956.1   1.303e-12
       956.3   1.353e-12
       956.6     1.4e-12
       956.8   1.445e-12
         957   1.487e-12
       957.5   1.567e-12
       957.7   1.605e-12
       957.9    1.64e-12
       958.1   1.673e-12
       958.4   1.705e-12
       958.6   1.733e-12
       958.8   1.759e-12
         959   1.783e-12
       959.3   1.804e-12
       959.5   1.823e-12
       959.7   1.839e-12
         960   1.852e-12
       960.2   1.862e-12
       960.4   1.869e-12
       960.6   1.873e-12
       960.9   1.874e-12
       961.1   1.872e-12
       961.3   1.867e-12
       961.5   1.858e-12
       961.8   1.847e-12
         962   1.832e-12
       962.2   1.813e-12
       962.4   1.792e-12
       962.7   1.768e-12
       962.9    1.74e-12
       963.1    1.71e-12
       963.3   1.677e-12
       963.6   1.641e-12
       963.8   1.602e-12
         964   1.562e-12
       964.2   1.518e-12
       964.5   1.474e-12
       964.7   1.427e-12
       965.1   1.329e-12
       965.6   1.228e-12
         966   1.125e-12
       966.5   1.023e-12
       966.7   9.724e-13
       966.9   9.229e-13
       967.2   8.745e-13
       967.4   8.272e-13
       967.6   7.815e-13
       967.8   7.374e-13
       968.1   6.949e-13
       968.3   6.542e-13
       968.5   6.151e-13
       968.7   5.778e-13
         969   5.423e-13
       969.2   5.085e-13
       969.4   4.763e-13
       969.7   4.455e-13
       969.9   4.161e-13
       970.1   3.879e-13
       970.3   3.606e-13
       970.6   3.341e-13
       970.8   3.078e-13
         971   2.817e-13
       971.2    2.55e-13
       971.3   2.412e-13
       971.5   2.271e-13
       971.6   2.126e-13
       971.7   1.975e-13
       971.8   1.816e-13
       971.9   1.734e-13
       971.9   1.649e-13
         972   1.562e-13
         972   1.473e-13
       972.1   1.381e-13
       972.1   1.287e-13
       972.2   1.238e-13
       972.2   1.189e-13
       972.2   1.137e-13
       972.2   1.085e-13
       972.3   1.031e-13
       972.3   9.746e-14
       972.3   9.139e-14
       972.4   8.504e-14
       972.4   7.811e-14
       972.4   7.005e-14
       972.4   6.078e-14
       972.5   5.191e-14
       972.5   4.789e-14
       972.5   4.683e-14
       972.5   4.598e-14
       972.5   4.574e-14
       972.5   4.554e-14
       972.6    4.79e-14
       972.6   6.295e-14
       972.7   7.809e-14
       972.7   9.008e-14
       972.8   1.008e-13
       972.8   1.104e-13
       972.9   1.197e-13
       972.9   1.285e-13
         973    1.37e-13
         973   1.453e-13
       973.1   1.534e-13
       973.1   1.613e-13
       973.2   1.691e-13
       973.2   1.766e-13
       973.3   1.913e-13
       973.4   2.053e-13
       973.5   2.189e-13
       973.6    2.32e-13
       973.7   2.448e-13
       973.8   2.574e-13
       973.9   2.698e-13
       974.1   2.941e-13
       974.3   3.183e-13
       974.5   3.427e-13
       974.7   3.675e-13
       974.9   3.931e-13
       975.1   4.196e-13
       975.3   4.473e-13
       975.5   4.764e-13
       975.7    5.07e-13
       975.9   5.393e-13
       976.1   5.734e-13
       976.3   6.095e-13
       976.5   6.479e-13
       976.7   6.886e-13
       976.9   7.317e-13
       977.1   7.775e-13
       977.3   8.261e-13
       977.5   8.775e-13
       977.7   9.321e-13
       977.9   9.898e-13
       978.1   1.051e-12
       978.3   1.115e-12
       978.5   1.183e-12
       978.7   1.255e-12
       978.9    1.33e-12
       979.1   1.409e-12
       979.3   1.492e-12
       979.5   1.579e-12
       979.7    1.67e-12
       979.9   1.765e-12
       980.1   1.865e-12
       980.3   1.968e-12
       980.5   2.076e-12
       980.7   2.188e-12
       980.9   2.304e-12
       981.1   2.424e-12
       981.3   2.549e-12
       981.5   2.678e-12
       981.7   2.811e-12
       981.9   2.949e-12
       982.1   3.091e-12
       982.3   3.237e-12
       982.5   3.387e-12
       982.9   3.699e-12
       983.3   4.027e-12
       983.7   4.369e-12
       984.1   4.724e-12
       984.5   5.093e-12
       984.9   5.474e-12
       985.3   5.867e-12
       985.7    6.27e-12
       986.1   6.681e-12
       986.9   7.519e-12
       987.7   8.366e-12
       988.5   9.222e-12
       989.3   1.007e-11
       990.1   1.088e-11
       990.9   1.166e-11
       991.7   1.241e-11
       992.1   1.276e-11
       992.5    1.31e-11
       992.9   1.341e-11
       993.3    1.37e-11
       994.1   1.425e-11
       994.5    1.45e-11
       994.9   1.473e-11
       995.3   1.493e-11
       995.7   1.512e-11
       996.1   1.528e-11
       996.5   1.543e-11
       996.9   1.554e-11
       997.3   1.563e-11
       998.1   1.576e-11
       998.5    1.58e-11
       998.9    1.58e-11
       999.3   1.576e-11
       999.7   1.572e-11
        1000   1.568e-11
        1001   1.562e-11
        1001    1.55e-11
        1001   1.534e-11
        1002   1.518e-11
        1002   1.501e-11
        1003   1.483e-11
        1003   1.462e-11
        1003   1.438e-11
        1004   1.413e-11
        1004   1.386e-11
        1005   1.356e-11
        1005   1.294e-11
        1006    1.26e-11
        1006   1.225e-11
        1007   1.189e-11
        1007   1.151e-11
        1008   1.075e-11
        1009   9.944e-12
        1009   9.136e-12
        1010   8.312e-12
        1011   7.497e-12
        1011   7.091e-12
        1012    6.69e-12
        1012   6.299e-12
        1013   5.917e-12
        1013   5.539e-12
        1013   5.177e-12
        1014   4.822e-12
        1014    4.48e-12
        1015   4.154e-12
        1015   3.842e-12
        1015   3.688e-12
        1015    3.54e-12
        1016   3.397e-12
        1016   3.257e-12
        1016   3.123e-12
        1016   2.989e-12
        1016    2.86e-12
        1017   2.735e-12
        1017   2.613e-12
        1017   2.497e-12
        1017   2.383e-12
        1017   2.273e-12
        1018   2.169e-12
        1018   2.066e-12
        1018    1.97e-12
        1018   1.875e-12
        1018   1.784e-12
        1019   1.698e-12
        1019   1.614e-12
        1019   1.535e-12
        1019   1.458e-12
        1019   1.385e-12
        1020   1.315e-12
        1020   1.281e-12
        1020   1.247e-12
        1020   1.215e-12
        1020   1.185e-12
        1020   1.154e-12
        1020   1.123e-12
        1020   1.093e-12
        1020   1.065e-12
        1020   1.038e-12
        1021   1.011e-12
        1021   9.835e-13
        1021   9.573e-13
        1021   9.325e-13
        1021   9.089e-13
        1021   8.849e-13
        1021   8.605e-13
        1021   8.375e-13
        1021   8.157e-13
        1021    7.95e-13
        1022    7.74e-13
        1022   7.525e-13
        1022   7.323e-13
        1022   7.132e-13
        1022   6.951e-13
        1022   6.766e-13
        1022   6.576e-13
        1022   6.398e-13
        1022    6.23e-13
        1023   5.908e-13
        1023   5.738e-13
        1023    5.58e-13
        1023   5.431e-13
        1023   5.289e-13
        1023   5.143e-13
        1023    4.99e-13
        1023   4.847e-13
        1023   4.712e-13
        1024   4.447e-13
        1024   3.913e-13
        1024   3.359e-13
        1025   3.097e-13
        1025   2.813e-13
        1025   2.669e-13
        1025    2.52e-13
        1025   2.441e-13
        1025   2.362e-13
        1025    2.28e-13
        1025   2.192e-13
        1025   2.097e-13
        1025   1.998e-13
        1025   1.892e-13
        1025    1.78e-13
        1025   1.662e-13
        1025   1.539e-13
        1025   1.411e-13
        1026   1.279e-13
        1026   1.229e-13
        1026    1.14e-13
        1026   1.114e-13
        1026   9.958e-14
        1026   8.585e-14
        1026   6.405e-14
        1026   7.711e-14
        1026   9.329e-14
        1026   1.059e-13
        1026   1.175e-13
        1026   1.288e-13
        1026   1.399e-13
        1026   1.506e-13
        1026    1.61e-13
        1026   1.709e-13
        1026   1.805e-13
        1026   1.898e-13
        1026   1.987e-13
        1026   2.071e-13
        1026   2.152e-13
        1026   2.229e-13
        1026   2.302e-13
        1026   2.372e-13
        1026   2.439e-13
        1027   2.566e-13
        1027    2.69e-13
        1027   2.809e-13
        1027   2.924e-13
        1027   3.154e-13
        1027   3.371e-13
        1027   3.475e-13
        1027   3.583e-13
        1027   3.695e-13
        1027   3.814e-13
        1028   3.931e-13
        1028    4.03e-13
        1028   4.236e-13
        1028   4.458e-13
        1028    4.68e-13
        1028   5.142e-13
        1029   5.381e-13
        1029   5.616e-13
        1029    5.87e-13
        1029   6.127e-13
        1029   6.377e-13
        1029   6.648e-13
        1030   6.924e-13
        1030   7.203e-13
        1030   7.504e-13
        1030   7.814e-13
        1030    8.12e-13
        1030    8.45e-13
        1031   8.804e-13
        1031   9.188e-13
        1031   9.613e-13
        1031   1.007e-12
        1031   1.031e-12
        1031   1.055e-12
        1031   1.081e-12
        1031   1.108e-12
        1032   1.164e-12
        1032   1.217e-12
        1032   1.274e-12
        1032   1.334e-12
        1032   1.391e-12
        1032   1.451e-12
        1033   1.513e-12
        1033   1.637e-12
        1033   1.766e-12
        1034   1.901e-12
        1034   2.045e-12
        1034   2.121e-12
        1034   2.174e-12
        1034   2.226e-12
        1034   2.279e-12
        1035   2.325e-12
        1035    2.37e-12
        1035   2.392e-12
        1035   2.404e-12
        1035   2.415e-12
        1035   2.431e-12
        1035   2.449e-12
        1035   2.467e-12
        1035   2.485e-12
        1035   2.504e-12
        1035   2.522e-12
        1035   2.541e-12
        1035    2.56e-12
        1035   2.579e-12
        1035   2.599e-12
        1035   2.618e-12
        1035   2.638e-12
        1036   2.683e-12
        1036    2.73e-12
        1036   2.829e-12
        1036   2.881e-12
        1036   2.935e-12
        1036   2.994e-12
        1036   3.056e-12
        1036   3.189e-12
        1036   3.259e-12
        1036   3.333e-12
        1037   3.414e-12
        1037   3.501e-12
        1037   3.594e-12
        1037   3.691e-12
        1037   3.794e-12
        1037     3.9e-12
        1037   4.112e-12
        1037   4.221e-12
        1037   4.335e-12
        1037   4.456e-12
        1037   4.581e-12
        1038     4.7e-12
        1038   4.804e-12
        1038   5.023e-12
        1038   5.258e-12
        1038   5.487e-12
        1038    5.96e-12
        1039    6.45e-12
        1039    6.71e-12
        1039   6.947e-12
        1039   7.162e-12
        1039   7.385e-12
        1040   7.585e-12
        1040   7.758e-12
        1040   8.111e-12
        1040   8.465e-12
        1041   8.846e-12
        1041   9.246e-12
        1041   9.643e-12
        1042   1.002e-11
        1042   1.037e-11
        1042   1.068e-11
        1043   1.099e-11
        1043   1.161e-11
        1044   1.226e-11
        1045   1.292e-11
        1045   1.362e-11
        1046   1.437e-11
        1046   1.474e-11
        1047    1.51e-11
        1047   1.541e-11
        1047   1.566e-11
        1048    1.59e-11
        1048   1.612e-11
        1048   1.636e-11
        1049   1.664e-11
        1049   1.694e-11
        1049   1.725e-11
        1050   1.756e-11
        1050   1.784e-11
        1050   1.805e-11
        1051   1.822e-11
        1051   1.833e-11
        1051   1.842e-11
        1052   1.855e-11
        1053   1.865e-11
        1053    1.87e-11
        1054   1.871e-11
        1055   1.874e-11
        1055   1.881e-11
        1055   1.884e-11
        1056   1.885e-11
        1056   1.883e-11
        1056   1.876e-11
        1057   1.865e-11
        1057   1.852e-11
        1057   1.838e-11
        1058   1.826e-11
        1058   1.818e-11
        1058   1.814e-11
        1059   1.815e-11
        1059   1.821e-11
        1059   1.832e-11
        1060   1.848e-11
        1060   1.867e-11
        1060   1.889e-11
        1061   1.916e-11
        1061   1.946e-11
        1061   1.981e-11
        1062    2.02e-11
        1062   2.063e-11
        1062   2.112e-11
        1063   2.163e-11
        1063   2.216e-11
        1063   2.268e-11
        1064   2.317e-11
        1064   2.364e-11
        1064   2.404e-11
        1065   2.438e-11
        1065   2.468e-11
        1065   2.494e-11
        1066   2.517e-11
        1066    2.56e-11
        1067   2.599e-11
        1067   2.616e-11
        1068   2.629e-11
        1068   2.638e-11
        1068   2.639e-11
        1069   2.635e-11
        1069   2.626e-11
        1069   2.612e-11
        1070   2.596e-11
        1070   2.558e-11
        1071   2.524e-11
        1072   2.499e-11
        1072    2.48e-11
        1073    2.46e-11
        1074   2.433e-11
        1074   2.395e-11
        1075   2.352e-11
        1075   2.331e-11
        1076   2.312e-11
        1076   2.297e-11
        1076   2.285e-11
        1076   2.279e-11
        1077   2.278e-11
        1077   2.283e-11
        1077   2.293e-11
        1078    2.31e-11
        1078   2.332e-11
        1078    2.36e-11
        1079   2.392e-11
        1079   2.427e-11
        1079   2.466e-11
        1080   2.548e-11
        1081   2.631e-11
        1081    2.71e-11
        1082   2.779e-11
        1083   2.836e-11
        1083   2.882e-11
        1084   2.917e-11
        1085   2.943e-11
        1085   2.962e-11
        1086   2.976e-11
        1087   2.986e-11
        1088   2.999e-11
        1089   3.005e-11
        1091   3.008e-11
        1092   3.007e-11
        1095   2.997e-11
        1097   2.983e-11
        1100   2.965e-11
        1102   2.944e-11
        1105   2.922e-11
        1108   2.899e-11
        1110   2.875e-11
        1113    2.85e-11
        1116   2.824e-11
        1118   2.798e-11
        1121   2.771e-11
        1123   2.745e-11
        1126   2.718e-11
        1129   2.692e-11
        1131   2.664e-11
        1134   2.635e-11
        1137   2.604e-11
        1139   2.572e-11
        1142   2.538e-11
        1144   2.504e-11
        1147   2.468e-11
        1150    2.43e-11
        1152    2.39e-11
        1155   2.348e-11
        1158   2.302e-11
        1160   2.252e-11
        1163   2.199e-11
        1165   2.142e-11
        1168   2.082e-11
        1171   2.017e-11
        1173   1.941e-11
        1176   1.857e-11
        1177   1.812e-11
        1179   1.767e-11
        1180   1.719e-11
        1181   1.667e-11
        1182   1.612e-11
        1184   1.553e-11
        1185   1.491e-11
        1186   1.426e-11
        1188   1.359e-11
        1189   1.288e-11
        1190   1.214e-11
        1192   1.137e-11
        1193   1.056e-11
        1194    9.74e-12
        1196   8.906e-12
        1197   8.064e-12
        1198   7.219e-12
        1200   6.381e-12
        1200   5.971e-12
        1201   5.569e-12
        1202   5.178e-12
        1202   4.797e-12
        1203   4.426e-12
        1203   4.069e-12
        1204   3.727e-12
        1204   3.561e-12
        1205     3.4e-12
        1205   3.243e-12
        1205   3.091e-12
        1206   2.943e-12
        1206     2.8e-12
        1206   2.661e-12
        1207   2.527e-12
        1207   2.398e-12
        1207   2.273e-12
        1208   2.154e-12
        1208   2.039e-12
        1208    1.93e-12
        1209   1.826e-12
        1209   1.727e-12
        1209   1.633e-12
        1210   1.543e-12
        1210   1.457e-12
        1210   1.375e-12
        1211   1.298e-12
        1211   1.224e-12
        1211   1.154e-12
        1212   1.087e-12
        1212   1.024e-12
        1212   9.642e-13
        1213   9.075e-13
        1213   8.534e-13
        1213   8.009e-13
        1214   7.493e-13
        1214   7.234e-13
        1214    6.97e-13
        1214   6.836e-13
        1214   6.699e-13
        1214   6.555e-13
        1214   6.473e-13
        1214   6.375e-13
        1214   6.267e-13
        1214   6.149e-13
        1214   6.003e-13
        1214   5.825e-13
        1215    5.61e-13
        1215   5.378e-13
        1215   5.161e-13
        1215   4.933e-13
        1215   4.694e-13
        1215    4.45e-13
        1215   4.212e-13
        1215   3.999e-13
        1215   3.756e-13
        1215   3.429e-13
        1215   3.018e-13
        1215   2.639e-13
        1215   2.302e-13
        1215   2.039e-13
        1215   1.871e-13
        1215    1.74e-13
        1215   1.639e-13
        1215   1.576e-13
        1215    1.53e-13
        1215   1.499e-13
        1215   1.485e-13
        1215   1.477e-13
        1215   1.473e-13
        1215   1.473e-13
        1215   1.471e-13
        1216    1.47e-13
        1216   1.471e-13
        1216   1.472e-13
        1216   1.473e-13
        1216   1.474e-13
        1216   1.476e-13
        1216    1.48e-13
        1216   1.486e-13
        1216   1.496e-13
        1216   1.512e-13
        1216   1.541e-13
        1216   1.578e-13
        1216   1.625e-13
        1216   1.695e-13
        1216    1.79e-13
        1216   1.902e-13
        1216   2.036e-13
        1216   2.228e-13
        1216   2.484e-13
        1216   2.775e-13
        1216   3.084e-13
        1216   3.422e-13
        1216   3.696e-13
        1217   3.905e-13
        1217   4.084e-13
        1217   4.252e-13
        1217   4.447e-13
        1217   4.642e-13
        1217   4.839e-13
        1217   5.028e-13
        1217   5.209e-13
        1217   5.386e-13
        1217    5.57e-13
        1217   5.757e-13
        1217   5.921e-13
        1217   6.061e-13
        1217    6.18e-13
        1217   6.279e-13
        1217   6.367e-13
        1217   6.454e-13
        1217   6.595e-13
        1217   6.713e-13
        1217   6.823e-13
        1217   7.036e-13
        1218   7.448e-13
        1218   7.851e-13
        1218   8.252e-13
        1218   8.661e-13
        1219   9.077e-13
        1219   9.507e-13
        1219   9.947e-13
        1219   1.041e-12
        1220   1.088e-12
        1220   1.137e-12
        1220   1.189e-12
        1221   1.243e-12
        1221     1.3e-12
        1221    1.36e-12
        1221   1.423e-12
        1222   1.488e-12
        1222   1.555e-12
        1222    1.69e-12
        1223   1.827e-12
        1223   1.897e-12
        1223   1.969e-12
        1224   2.043e-12
        1224   2.122e-12
        1224   2.204e-12
        1224   2.291e-12
        1225   2.382e-12
        1225   2.476e-12
        1225   2.667e-12
        1226   2.858e-12
        1227   3.039e-12
        1227   3.207e-12
        1228   3.366e-12
        1228   3.522e-12
        1229   3.687e-12
        1229   3.776e-12
        1229   3.866e-12
        1229   3.969e-12
        1230   4.077e-12
        1230   4.192e-12
        1230   4.318e-12
        1230   4.451e-12
        1231   4.595e-12
        1231   4.746e-12
        1231   4.908e-12
        1231   5.075e-12
        1232   5.253e-12
        1232   5.439e-12
        1232   5.631e-12
        1233   6.033e-12
        1233   6.453e-12
        1234   6.881e-12
        1234   7.311e-12
        1235   7.735e-12
        1235   8.152e-12
        1236   8.555e-12
        1236   8.947e-12
        1237   9.322e-12
        1238   9.686e-12
        1238   1.004e-11
        1239   1.071e-11
        1240   1.135e-11
        1241   1.195e-11
        1242   1.252e-11
        1243   1.303e-11
        1244    1.35e-11
        1245   1.394e-11
        1246   1.435e-11
        1247   1.473e-11
        1248   1.508e-11
        1250   1.538e-11
        1251   1.566e-11
        1252    1.59e-11
        1253   1.611e-11
        1255   1.652e-11
        1256    1.67e-11
        1257   1.686e-11
        1258     1.7e-11
        1259   1.712e-11
        1261   1.732e-11
        1263   1.751e-11
        1265   1.767e-11
        1267   1.778e-11
        1269   1.785e-11
        1271   1.791e-11
        1276     1.8e-11
        1280   1.803e-11
        1284   1.801e-11
        1288   1.797e-11
        1292   1.791e-11
        1293   1.789e-11
        1297   1.781e-11
        1300   1.774e-11
        1305   1.762e-11
        1310   1.746e-11
        1315   1.731e-11
        1320   1.713e-11
        1330   1.679e-11
        1340   1.646e-11
        1350   1.615e-11
        1360   1.578e-11
        1370   1.536e-11
        1380   1.494e-11
        1385   1.472e-11
        1390   1.452e-11
        1395   1.438e-11
        1400   1.429e-11
        1405   1.423e-11
        1410   1.416e-11
        1420   1.395e-11
        1430   1.368e-11
        1440    1.34e-11
        1460   1.284e-11
        1480   1.231e-11
        1500    1.18e-11
        1520   1.133e-11
        1540   1.087e-11
        1560   1.045e-11
        1580   1.004e-11
        1600   9.661e-12
        1620   9.297e-12
        1640   8.951e-12
        1660   8.623e-12
        1680   8.312e-12
        1700   8.016e-12
        1720   7.734e-12
        1740   7.465e-12
        1760   7.208e-12
        1780   6.964e-12
        1800    6.73e-12
        1820   6.507e-12
        1840   6.293e-12
        1860   6.089e-12
        1880   5.895e-12
        1900   5.708e-12
        1920   5.529e-12
        1940   5.358e-12
        1960   5.194e-12
        1980   5.036e-12
        2000   4.885e-12
        2020    4.74e-12
        2040     4.6e-12
        2060   4.466e-12
        2080   4.337e-12
        2100   4.214e-12
        2120   4.094e-12
        2140    3.98e-12
        2160   3.869e-12
        2180   3.763e-12
        2200    3.66e-12
        2220   3.561e-12
        2240   3.466e-12
        2260   3.374e-12
        2280   3.285e-12
        2300   3.199e-12
        2320   3.116e-12
        2340   3.036e-12
        2360   2.959e-12
        2380   2.884e-12
        2400   2.812e-12
        2420   2.742e-12
        2440   2.674e-12
        2460   2.609e-12
        2480   2.546e-12
        2500   2.484e-12
        2520   2.425e-12
        2540   2.367e-12
        2560   2.311e-12
        2580   2.257e-12
        2600   2.205e-12
        2620   2.154e-12
        2640   2.105e-12
        2660   2.057e-12
        2680    2.01e-12
        2700   1.965e-12
        2720   1.922e-12
        2740   1.879e-12
        2760   1.838e-12
        2780   1.798e-12
        2800   1.759e-12
        2820   1.721e-12
        2840   1.684e-12
        2860   1.648e-12
        2880   1.613e-12
        2900   1.579e-12
        2920   1.546e-12
        2940   1.514e-12
        2960   1.483e-12
        2980   1.453e-12
        3000   1.423e-12
        3020   1.394e-12
        3040   1.366e-12
        3060   1.339e-12
        3080   1.312e-12
        3100   1.286e-12
        3120   1.261e-12
        3140   1.236e-12
        3160   1.212e-12
        3180   1.189e-12
        3200   1.166e-12
        3220   1.144e-12
        3240   1.122e-12
        3260   1.101e-12
        3280    1.08e-12
        3300    1.06e-12
        3320    1.04e-12
        3340   1.021e-12
        3360   1.002e-12
        3380   9.839e-13
        3400   9.659e-13
        3420   9.484e-13
        3440   9.313e-13
        3460   9.146e-13
        3480   8.983e-13
        3500   8.823e-13
        3520   8.667e-13
        3540   8.515e-13
        3560   8.366e-13
        3580    8.22e-13
        3600   8.078e-13
        3620   7.938e-13
        3633    7.85e-13
        3640   7.801e-13
        3644   7.772e-13
        3647   7.754e-13
        3650   7.735e-13
        3660   7.666e-13
        3670   7.599e-13
        3676   7.557e-13
        3680   7.532e-13
        3680   7.531e-13
        3683    7.51e-13
        3684   7.505e-13
        3687   7.484e-13
        3688   7.479e-13
        3693   7.447e-13
        3698    7.41e-13
        3703   7.381e-13
        3704   7.374e-13
        3705   7.366e-13
        3707   7.352e-13
        3710   7.333e-13
        3712   7.324e-13
        3713   7.314e-13
        3716   7.295e-13
        3721   7.262e-13
        3722    7.26e-13
        3722   7.256e-13
        3723    7.25e-13
        3725    7.24e-13
        3728   7.218e-13
        3735   7.173e-13
        3742   7.133e-13
        3747   7.096e-13
        3749    7.08e-13
        3751   7.066e-13
        3755   7.055e-13
        3759   7.038e-13
        3761   7.025e-13
        3763   7.016e-13
        3766    6.98e-13
        3769   6.951e-13
        3770   6.936e-13
        3772   6.925e-13
        3773   6.926e-13
        3774    6.93e-13
        3776   6.934e-13
        3777   6.938e-13
        3778    6.94e-13
        3781   6.939e-13
        3784   6.928e-13
        3786   6.908e-13
        3789   6.876e-13
        3792   6.836e-13
        3794   6.785e-13
        3795   6.771e-13
        3797   6.731e-13
        3798   6.712e-13
        3799     6.7e-13
        3800   6.709e-13
        3801   6.724e-13
        3802   6.741e-13
        3803   6.758e-13
        3804   6.774e-13
        3806   6.803e-13
        3808   6.828e-13
        3810   6.844e-13
        3812   6.856e-13
        3814   6.856e-13
        3816   6.852e-13
        3818    6.84e-13
        3820   6.815e-13
        3821   6.781e-13
        3823    6.74e-13
        3825   6.687e-13
        3827   6.625e-13
        3829   6.554e-13
        3830   6.529e-13
        3831   6.475e-13
        3833   6.391e-13
        3835   6.321e-13
        3836    6.29e-13
        3836   6.276e-13
        3836   6.268e-13
        3837   6.276e-13
        3837   6.289e-13
        3838   6.304e-13
        3838    6.32e-13
        3839   6.337e-13
        3839   6.355e-13
        3839   6.372e-13
        3840    6.39e-13
        3840   6.408e-13
        3841   6.443e-13
        3843   6.513e-13
        3846   6.637e-13
        3848   6.691e-13
        3849    6.74e-13
        3851   6.781e-13
        3852   6.817e-13
        3854   6.845e-13
        3856   6.865e-13
        3857   6.877e-13
        3859    6.88e-13
        3861    6.88e-13
        3862   6.874e-13
        3864   6.856e-13
        3866   6.828e-13
        3867    6.79e-13
        3869   6.752e-13
        3870   6.705e-13
        3872   6.646e-13
        3874   6.573e-13
        3875   6.487e-13
        3877   6.408e-13
        3879   6.312e-13
        3880   6.205e-13
        3882   6.095e-13
        3884   5.974e-13
        3885   5.852e-13
        3887   5.719e-13
        3888   5.652e-13
        3889   5.586e-13
        3889   5.556e-13
        3889   5.527e-13
        3890   5.505e-13
        3890   5.496e-13
        3891   5.503e-13
        3891   5.525e-13
        3891   5.551e-13
        3892   5.581e-13
        3893   5.644e-13
        3894   5.773e-13
        3896   5.899e-13
        3898   6.021e-13
        3899   6.132e-13
        3901   6.239e-13
        3904   6.439e-13
        3906    6.53e-13
        3907   6.617e-13
        3909   6.693e-13
        3911    6.76e-13
        3912   6.814e-13
        3914   6.866e-13
        3916   6.915e-13
        3917   6.957e-13
        3919   6.986e-13
        3920    7.01e-13
        3922   7.027e-13
        3924   7.041e-13
        3927   7.051e-13
        3930    7.04e-13
        3933   7.006e-13
        3937   6.945e-13
        3940   6.854e-13
        3942   6.802e-13
        3943    6.74e-13
        3945   6.666e-13
        3947   6.579e-13
        3950   6.392e-13
        3951   6.292e-13
        3953   6.186e-13
        3955   6.063e-13
        3956   5.925e-13
        3958   5.801e-13
        3960   5.661e-13
        3961   5.512e-13
        3963    5.36e-13
        3965   5.198e-13
        3966   5.037e-13
        3968   4.869e-13
        3968   4.859e-13
        3969   4.769e-13
        3969   4.664e-13
        3970   4.551e-13
        3971    4.49e-13
        3971   4.458e-13
        3971   4.446e-13
        3971    4.44e-13
        3971   4.445e-13
        3971   4.457e-13
        3972   4.472e-13
        3972   4.488e-13
        3972   4.504e-13
        3972   4.518e-13
        3972   4.533e-13
        3972   4.547e-13
        3972   4.561e-13
        3972   4.575e-13
        3972   4.588e-13
        3972   4.601e-13
        3973   4.615e-13
        3973   4.628e-13
        3973   4.642e-13
        3973   4.655e-13
        3973    4.68e-13
        3974    4.73e-13
        3974   4.825e-13
        3975   4.914e-13
        3977   5.086e-13
        3979   5.247e-13
        3980   5.394e-13
        3982   5.545e-13
        3984   5.687e-13
        3986   5.812e-13
        3987   5.949e-13
        3989   6.073e-13
        3991   6.184e-13
        3993   6.285e-13
        3994   6.379e-13
        3996   6.486e-13
        3998   6.579e-13
        3999    6.66e-13
        4001    6.73e-13
        4005   6.853e-13
        4008   6.951e-13
        4011   7.024e-13
        4015   7.074e-13
        4018    7.11e-13
        4022   7.134e-13
        4025   7.149e-13
        4029   7.154e-13
        4036   7.139e-13
        4039   7.119e-13
        4042    7.09e-13
        4046    7.05e-13
        4049   6.998e-13
        4053   6.931e-13
        4056   6.851e-13
        4060   6.755e-13
        4063   6.635e-13
        4067   6.488e-13
        4070   6.329e-13
        4073   6.158e-13
        4075   6.067e-13
        4077   5.968e-13
        4079    5.86e-13
        4080   5.747e-13
        4082   5.632e-13
        4084   5.512e-13
        4086   5.385e-13
        4087   5.244e-13
        4089   5.103e-13
        4091   4.962e-13
        4092   4.808e-13
        4094   4.648e-13
        4096   4.479e-13
        4097   4.391e-13
        4098   4.302e-13
        4098   4.201e-13
        4099   4.102e-13
        4100   3.989e-13
        4101   3.863e-13
        4102   3.722e-13
        4103   3.615e-13
        4103   3.609e-13
        4103   3.612e-13
        4103   3.609e-13
        4103   3.614e-13
        4103   3.632e-13
        4104   3.657e-13
        4104   3.683e-13
        4104   3.739e-13
        4105   3.844e-13
        4105   3.942e-13
        4106   4.026e-13
        4107   4.105e-13
        4108   4.252e-13
        4109   4.382e-13
        4111   4.508e-13
        4112   4.623e-13
        4113   4.738e-13
        4116   4.949e-13
        4119   5.144e-13
        4121   5.332e-13
        4124   5.495e-13
        4127   5.646e-13
        4129   5.791e-13
        4132   5.916e-13
        4135   6.026e-13
        4137   6.137e-13
        4140   6.236e-13
        4142    6.33e-13
        4145    6.41e-13
        4148   6.476e-13
        4150   6.532e-13
        4153   6.579e-13
        4158   6.655e-13
        4164   6.702e-13
        4169   6.729e-13
        4174   6.744e-13
        4180    6.75e-13
        4185   6.747e-13
        4190   6.739e-13
        4195   6.727e-13
        4201   6.711e-13
        4206   6.693e-13
        4211   6.672e-13
        4217   6.649e-13
        4222   6.624e-13
        4227   6.596e-13
        4232   6.566e-13
        4238   6.532e-13
        4243   6.496e-13
        4248   6.457e-13
        4254   6.411e-13
        4259   6.358e-13
        4264   6.298e-13
        4270   6.228e-13
        4275   6.145e-13
        4280   6.045e-13
        4285   5.928e-13
        4291   5.796e-13
        4296   5.651e-13
        4299   5.571e-13
        4301   5.483e-13
        4304   5.388e-13
        4307   5.287e-13
        4309   5.179e-13
        4312   5.066e-13
        4315   4.946e-13
        4317   4.815e-13
        4320   4.672e-13
        4323   4.522e-13
        4325    4.36e-13
        4328   4.185e-13
        4330   4.003e-13
        4332   3.904e-13
        4333   3.805e-13
        4334     3.7e-13
        4336   3.586e-13
        4337    3.46e-13
        4338   3.392e-13
        4338   3.319e-13
        4339   3.234e-13
        4339   3.189e-13
        4340   3.136e-13
        4340   3.109e-13
        4340    3.08e-13
        4340   3.049e-13
        4340   3.015e-13
        4341   2.984e-13
        4341   2.946e-13
        4341   2.908e-13
        4341   2.861e-13
        4341   2.842e-13
        4341    2.81e-13
        4341   2.799e-13
        4341   2.749e-13
        4341   2.723e-13
        4342   2.699e-13
        4342   2.681e-13
        4342   2.677e-13
        4342   2.675e-13
        4342   2.677e-13
        4342   2.681e-13
        4342   2.688e-13
        4342   2.698e-13
        4342   2.722e-13
        4342   2.774e-13
        4342    2.82e-13
        4342   2.859e-13
        4342   2.896e-13
        4343   2.928e-13
        4343   2.958e-13
        4343    3.01e-13
        4343   3.062e-13
        4343   3.107e-13
        4344   3.148e-13
        4344   3.223e-13
        4345   3.288e-13
        4345   3.348e-13
        4346     3.4e-13
        4346   3.452e-13
        4347   3.548e-13
        4348   3.633e-13
        4350   3.715e-13
        4351    3.79e-13
        4352   3.863e-13
        4354   4.004e-13
        4356   4.131e-13
        4358   4.256e-13
        4360   4.372e-13
        4362   4.479e-13
        4364   4.579e-13
        4366   4.673e-13
        4369    4.76e-13
        4371   4.839e-13
        4373   4.912e-13
        4375   4.981e-13
        4379   5.107e-13
        4383   5.215e-13
        4387   5.304e-13
        4392   5.377e-13
        4396   5.444e-13
        4400   5.499e-13
        4404   5.545e-13
        4409   5.581e-13
        4413   5.608e-13
        4417   5.625e-13
        4421   5.637e-13
        4430   5.645e-13
        4438   5.639e-13
        4447   5.623e-13
        4455   5.601e-13
        4463   5.576e-13
        4472   5.548e-13
        4480   5.518e-13
        4489   5.487e-13
        4497   5.455e-13
        4506   5.423e-13
        4514   5.391e-13
        4522   5.358e-13
        4531   5.325e-13
        4539   5.292e-13
        4548   5.259e-13
        4556   5.226e-13
        4565   5.193e-13
        4573    5.16e-13
        4582   5.127e-13
        4590   5.094e-13
        4598   5.062e-13
        4607   5.029e-13
        4615   4.997e-13
        4624   4.964e-13
        4632   4.932e-13
        4641   4.899e-13
        4649   4.867e-13
        4657   4.835e-13
        4666   4.802e-13
        4674   4.769e-13
        4683   4.736e-13
        4691   4.702e-13
        4700   4.667e-13
        4708   4.632e-13
        4717   4.595e-13
        4725   4.557e-13
        4733   4.516e-13
        4742   4.473e-13
        4750   4.428e-13
        4759   4.379e-13
        4767   4.324e-13
        4776   4.263e-13
        4784   4.192e-13
        4792    4.11e-13
        4801   4.011e-13
        4805   3.955e-13
        4809   3.893e-13
        4814   3.825e-13
        4818   3.753e-13
        4822   3.671e-13
        4826   3.581e-13
        4830    3.48e-13
        4835   3.369e-13
        4839   3.245e-13
        4841   3.178e-13
        4843   3.108e-13
        4845   3.034e-13
        4847   2.956e-13
        4849   2.874e-13
        4852   2.787e-13
        4854   2.693e-13
        4855   2.643e-13
        4856   2.591e-13
        4857   2.533e-13
        4858   2.469e-13
        4858   2.433e-13
        4859   2.395e-13
        4859   2.353e-13
        4860   2.303e-13
        4860   2.277e-13
        4861   2.247e-13
        4861   2.213e-13
        4861   2.177e-13
        4861   2.133e-13
        4861   2.108e-13
        4862   2.083e-13
        4862   2.056e-13
        4862   2.023e-13
        4862   1.988e-13
        4862   1.965e-13
        4862    1.95e-13
        4862    1.92e-13
        4862   1.896e-13
        4862   1.875e-13
        4862   1.857e-13
        4863   1.844e-13
        4863   1.837e-13
        4863   1.835e-13
        4863   1.837e-13
        4863   1.844e-13
        4863   1.857e-13
        4863   1.875e-13
        4863   1.896e-13
        4863   1.919e-13
        4863   1.964e-13
        4863   2.007e-13
        4864   2.045e-13
        4864   2.079e-13
        4864   2.108e-13
        4864   2.137e-13
        4864   2.162e-13
        4864   2.185e-13
        4865   2.206e-13
        4865   2.226e-13
        4865   2.245e-13
        4865   2.279e-13
        4865   2.308e-13
        4866   2.337e-13
        4866   2.386e-13
        4867   2.428e-13
        4868   2.468e-13
        4869   2.537e-13
        4870   2.599e-13
        4871   2.654e-13
        4873   2.706e-13
        4875   2.803e-13
        4878   2.891e-13
        4880   2.973e-13
        4883   3.048e-13
        4885   3.118e-13
        4888   3.183e-13
        4890   3.242e-13
        4893   3.297e-13
        4895   3.348e-13
        4898   3.394e-13
        4900   3.437e-13
        4905   3.511e-13
        4910   3.571e-13
        4915   3.621e-13
        4920   3.663e-13
        4925   3.697e-13
        4930   3.724e-13
        4935   3.745e-13
        4940    3.76e-13
        4945   3.771e-13
        4955   3.782e-13
        4965   3.784e-13
        4975   3.778e-13
        4985   3.766e-13
        4990   3.759e-13
        4995   3.751e-13
        5000   3.743e-13
        5010   3.725e-13
        5020   3.704e-13
        5040   3.659e-13
        5060   3.612e-13
        5080   3.564e-13
        5100   3.516e-13
        5120   3.468e-13
        5140    3.42e-13
        5160   3.373e-13
        5180   3.327e-13
        5200   3.281e-13
        5220   3.236e-13
        5240   3.192e-13
        5260   3.149e-13
        5280   3.106e-13
        5300   3.064e-13
        5320   3.023e-13
        5340   2.982e-13
        5360   2.942e-13
        5380   2.903e-13
        5400   2.864e-13
        5420   2.826e-13
        5440   2.789e-13
        5460   2.752e-13
        5480   2.716e-13
        5500    2.68e-13
        5520   2.645e-13
        5540   2.611e-13
        5560   2.577e-13
        5580   2.543e-13
        5600   2.511e-13
        5620   2.478e-13
        5640   2.447e-13
        5660   2.415e-13
        5680   2.385e-13
        5700   2.354e-13
        5720   2.325e-13
        5740   2.295e-13
        5760   2.266e-13
        5780   2.238e-13
        5800    2.21e-13
        5820   2.182e-13
        5840   2.155e-13
        5860   2.129e-13
        5880   2.102e-13
        5900   2.076e-13
        5920   2.051e-13
        5940   2.026e-13
        5960   2.001e-13
        5980   1.977e-13
        6000   1.953e-13
        6020   1.929e-13
        6040   1.906e-13
        6060   1.883e-13
        6080   1.861e-13
        6100   1.838e-13
        6120   1.816e-13
        6140   1.795e-13
        6160   1.773e-13
        6180   1.752e-13
        6200   1.731e-13
        6220   1.711e-13
        6240    1.69e-13
        6260    1.67e-13
        6280    1.65e-13
        6300    1.63e-13
        6320    1.61e-13
        6340    1.59e-13
        6360    1.57e-13
        6380    1.55e-13
        6400   1.529e-13
        6420   1.507e-13
        6440   1.483e-13
        6460   1.455e-13
        6470   1.439e-13
        6480    1.42e-13
        6490   1.399e-13
        6500   1.373e-13
        6505   1.359e-13
        6510   1.342e-13
        6515   1.324e-13
        6520   1.303e-13
        6525    1.28e-13
        6530   1.253e-13
        6535   1.223e-13
        6540   1.189e-13
        6542   1.169e-13
        6545   1.149e-13
        6548   1.128e-13
        6550   1.104e-13
        6552   1.079e-13
        6555    1.05e-13
        6556   1.034e-13
        6558   1.016e-13
        6559   9.961e-14
        6559   9.848e-14
        6560   9.723e-14
        6561   9.583e-14
        6561   9.424e-14
        6562   9.234e-14
        6562   9.125e-14
        6562   9.001e-14
        6563   8.854e-14
        6563   8.683e-14
        6563   8.465e-14
        6564   8.187e-14
        6564   7.815e-14
        6564   7.751e-14
        6564   7.707e-14
        6564   7.456e-14
        6565   7.368e-14
        6565   7.748e-14
        6566   8.316e-14
        6566   8.681e-14
        6567   8.936e-14
        6567   9.132e-14
        6568   9.293e-14
        6568   9.431e-14
        6569   9.551e-14
        6569   9.659e-14
        6570   9.757e-14
        6571   9.928e-14
        6572   1.008e-13
        6573   1.021e-13
        6575   1.045e-13
        6577   1.065e-13
        6579   1.083e-13
        6581     1.1e-13
        6583   1.116e-13
        6587   1.144e-13
        6591   1.168e-13
        6595   1.189e-13
        6599   1.207e-13
        6603   1.223e-13
        6607   1.237e-13
        6611   1.248e-13
        6615   1.258e-13
        6623   1.273e-13
        6631   1.284e-13
        6639   1.291e-13
        6647   1.296e-13
        6655   1.298e-13
        6671   1.298e-13
        6687   1.295e-13
        6703   1.288e-13
        6719    1.28e-13
        6735   1.272e-13
        6751   1.263e-13
        6767   1.253e-13
        6783   1.243e-13
        6799   1.233e-13
        6815   1.223e-13
        6831   1.213e-13
        6847   1.203e-13
        6863   1.193e-13
        6879   1.183e-13
        6895   1.174e-13
        6911   1.164e-13
        6927   1.154e-13
        6943   1.144e-13
        6959   1.135e-13
        6975   1.126e-13
        6991   1.116e-13
        7007   1.107e-13
        7023   1.098e-13
        7039   1.089e-13
        7055    1.08e-13
        7071   1.071e-13
        7087   1.062e-13
        7103   1.053e-13
        7119   1.044e-13
        7135   1.036e-13
        7151   1.027e-13
        7167   1.019e-13
        7183   1.011e-13
        7199   1.002e-13
        7215   9.941e-14
        7231   9.861e-14
        7247   9.781e-14
        7263   9.702e-14
        7279   9.623e-14
        7295   9.546e-14
        7311   9.469e-14
        7327   9.393e-14
        7343   9.318e-14
        7359   9.244e-14
        7375    9.17e-14
        7391   9.097e-14
        7407   9.025e-14
        7423   8.953e-14
        7439   8.882e-14
        7455   8.812e-14
        7471   8.743e-14
        7487   8.674e-14
        7503   8.606e-14
        7519   8.539e-14
        7535   8.472e-14
        7551   8.406e-14
        7567    8.34e-14
        7583   8.275e-14
        7599   8.211e-14
        7615   8.148e-14
        7631   8.085e-14
        7647   8.022e-14
        7663   7.961e-14
        7679     7.9e-14
        7695   7.839e-14
        7711   7.779e-14
        7727    7.72e-14
        7743   7.661e-14
        7759   7.603e-14
        7775   7.545e-14
        7791   7.488e-14
        7807   7.431e-14
        7823   7.375e-14
        7839   7.319e-14
        7855   7.264e-14
        7871    7.21e-14
        7887   7.156e-14
        7903   7.102e-14
        7919   7.049e-14
        7935   6.997e-14
        7951   6.945e-14
        7967   6.893e-14
        7983   6.842e-14
        7999   6.792e-14
        8015   6.742e-14
        8031   6.692e-14
        8047   6.643e-14
        8063   6.594e-14
        8079   6.546e-14
        8095   6.498e-14
        8111   6.451e-14
        8127   6.404e-14
        8143   6.357e-14
        8159   6.311e-14
        8175   6.265e-14
        8175   6.264e-14
        8191    6.22e-14
        8206   6.177e-14
        8222   6.133e-14
        8237    6.09e-14
        8253   6.047e-14
        8268   6.005e-14
        8284   5.963e-14
        8299   5.921e-14
        8315    5.88e-14
        8330   5.839e-14
        8346   5.798e-14
        8361   5.758e-14
        8377   5.718e-14
        8390   5.684e-14
        8392   5.678e-14
        8395   5.672e-14
        8399   5.661e-14
        8402   5.655e-14
        8409   5.637e-14
        8416   5.619e-14
        8419   5.611e-14
        8430   5.584e-14
        8440   5.558e-14
        8451   5.532e-14
        8453   5.526e-14
        8461   5.506e-14
        8470   5.486e-14
        8486   5.446e-14
        8500   5.413e-14
        8502   5.407e-14
        8505   5.401e-14
        8510   5.389e-14
        8520   5.366e-14
        8532   5.338e-14
        8540   5.319e-14
        8548     5.3e-14
        8564   5.262e-14
        8580   5.225e-14
        8592   5.198e-14
        8596   5.188e-14
        8601   5.178e-14
        8610   5.157e-14
        8628   5.117e-14
        8646   5.076e-14
        8662   5.042e-14
        8665   5.036e-14
        8667    5.03e-14
        8673   5.018e-14
        8684   4.994e-14
        8696    4.97e-14
        8707   4.946e-14
        8718   4.921e-14
        8730   4.896e-14
        8741   4.872e-14
        8752   4.849e-14
        8753   4.848e-14
        8753   4.847e-14
        8754   4.846e-14
        8755   4.843e-14
        8758   4.837e-14
        8764   4.825e-14
        8776   4.802e-14
        8788   4.779e-14
        8800   4.756e-14
        8811   4.732e-14
        8823   4.708e-14
        8835   4.684e-14
        8847   4.659e-14
        8852   4.648e-14
        8859   4.635e-14
        8865   4.622e-14
        8878     4.6e-14
        8891   4.579e-14
        8904   4.557e-14
        8917   4.534e-14
        8930    4.51e-14
        8943   4.482e-14
        8956   4.457e-14
        8969    4.43e-14
        8982   4.403e-14
        8995   4.374e-14
        8999   4.366e-14
        9008   4.344e-14
        9017   4.324e-14
        9027   4.314e-14
        9036   4.304e-14
        9055   4.284e-14
        9074    4.26e-14
        9092   4.233e-14
        9111   4.204e-14
        9130   4.171e-14
        9149   4.135e-14
        9168   4.096e-14
        9186   4.052e-14
        9205   4.002e-14
        9216    3.97e-14
        9224   3.948e-14
        9232    3.93e-14
        9239   3.927e-14
        9247   3.926e-14
        9262    3.92e-14
        9278   3.916e-14
        9293   3.908e-14
        9309   3.897e-14
        9324   3.884e-14
        9340   3.867e-14
        9355   3.848e-14
        9371   3.826e-14
        9386   3.803e-14
        9402   3.777e-14
        9417    3.75e-14
        9433    3.72e-14
        9448   3.686e-14
        9464   3.649e-14
        9479   3.607e-14
        9495    3.56e-14
        9510   3.506e-14
        9526   3.444e-14
        9533   3.412e-14
        9541   3.376e-14
        9545   3.358e-14
        9547    3.35e-14
        9549   3.342e-14
        9550   3.345e-14
        9552   3.348e-14
        9554   3.351e-14
        9556   3.355e-14
        9558    3.36e-14
        9560   3.364e-14
        9562   3.368e-14
        9564   3.372e-14
        9564   3.372e-14
        9567   3.379e-14
        9575   3.393e-14
        9590   3.413e-14
        9605   3.427e-14
        9620   3.434e-14
        9635   3.435e-14
        9651   3.433e-14
        9666   3.427e-14
        9681   3.418e-14
        9696   3.406e-14
        9711   3.394e-14
        9726    3.38e-14
        9741   3.365e-14
        9756   3.348e-14
        9771   3.331e-14
        9786   3.313e-14
        9802   3.294e-14
        9817   3.274e-14
        9832   3.253e-14
        9847   3.235e-14
        9862   3.216e-14
        9877   3.191e-14
        9892   3.163e-14
        9907   3.134e-14
        9922   3.102e-14
        9937   3.068e-14
        9953   3.028e-14
        9968   2.985e-14
        9983   2.935e-14
        9996   2.886e-14
        9998   2.878e-14
       1e+04   2.869e-14
   1.001e+04    2.84e-14
   1.001e+04   2.809e-14
   1.002e+04   2.777e-14
   1.003e+04   2.741e-14
   1.003e+04   2.704e-14
   1.004e+04   2.663e-14
   1.004e+04   2.642e-14
   1.005e+04   2.621e-14
   1.005e+04   2.611e-14
   1.005e+04   2.603e-14
   1.005e+04   2.598e-14
   1.005e+04     2.6e-14
   1.005e+04   2.601e-14
   1.005e+04   2.601e-14
   1.005e+04   2.599e-14
   1.005e+04   2.595e-14
   1.006e+04   2.598e-14
   1.006e+04   2.605e-14
   1.006e+04   2.623e-14
   1.007e+04   2.658e-14
   1.008e+04    2.69e-14
   1.009e+04   2.717e-14
   1.009e+04   2.739e-14
    1.01e+04   2.759e-14
   1.011e+04   2.774e-14
   1.012e+04   2.788e-14
   1.013e+04   2.808e-14
   1.015e+04   2.819e-14
   1.017e+04   2.826e-14
   1.018e+04   2.827e-14
    1.02e+04   2.824e-14
   1.023e+04   2.812e-14
   1.026e+04   2.792e-14
   1.029e+04   2.769e-14
   1.036e+04   2.715e-14
   1.042e+04   2.659e-14
   1.049e+04   2.594e-14
   1.055e+04   2.534e-14
   1.061e+04   2.475e-14
   1.068e+04   2.411e-14
   1.071e+04   2.376e-14
   1.074e+04   2.338e-14
   1.077e+04   2.296e-14
   1.079e+04   2.273e-14
   1.081e+04   2.247e-14
   1.082e+04   2.218e-14
   1.084e+04   2.185e-14
   1.085e+04   2.147e-14
   1.087e+04   2.105e-14
   1.089e+04   2.054e-14
   1.089e+04   2.026e-14
    1.09e+04   1.995e-14
   1.091e+04    1.96e-14
   1.092e+04   1.921e-14
   1.092e+04   1.899e-14
   1.093e+04   1.875e-14
   1.093e+04   1.872e-14
   1.093e+04   1.849e-14
   1.093e+04   1.847e-14
   1.093e+04   1.818e-14
   1.094e+04   1.801e-14
   1.094e+04   1.782e-14
   1.094e+04   1.771e-14
   1.094e+04   1.759e-14
   1.094e+04   1.741e-14
   1.094e+04   1.732e-14
   1.094e+04   1.726e-14
   1.094e+04   1.726e-14
   1.094e+04   1.731e-14
   1.094e+04   1.742e-14
   1.094e+04   1.751e-14
   1.094e+04   1.765e-14
   1.094e+04   1.776e-14
   1.095e+04   1.794e-14
   1.095e+04   1.809e-14
   1.095e+04   1.835e-14
   1.096e+04   1.857e-14
   1.096e+04   1.875e-14
   1.096e+04   1.891e-14
   1.097e+04    1.92e-14
   1.098e+04   1.944e-14
   1.099e+04   1.964e-14
     1.1e+04    1.98e-14
     1.1e+04   1.995e-14
   1.102e+04   2.017e-14
   1.104e+04   2.033e-14
   1.105e+04   2.043e-14
   1.107e+04   2.049e-14
   1.108e+04   2.051e-14
    1.11e+04    2.05e-14
   1.112e+04   2.048e-14
   1.115e+04   2.038e-14
   1.118e+04   2.024e-14
   1.124e+04    1.99e-14
   1.131e+04   1.952e-14
   1.137e+04   1.913e-14
   1.144e+04   1.874e-14
    1.15e+04   1.838e-14
   1.156e+04     1.8e-14
   1.163e+04   1.762e-14
   1.169e+04   1.726e-14
   1.176e+04    1.69e-14
   1.182e+04   1.656e-14
   1.188e+04   1.622e-14
   1.195e+04   1.589e-14
   1.201e+04   1.557e-14
   1.208e+04   1.524e-14
   1.214e+04   1.493e-14
    1.22e+04   1.463e-14
   1.227e+04   1.433e-14
   1.233e+04   1.403e-14
    1.24e+04   1.374e-14
   1.246e+04   1.345e-14
   1.252e+04   1.315e-14
   1.259e+04   1.281e-14
   1.262e+04   1.263e-14
   1.265e+04   1.242e-14
   1.267e+04    1.23e-14
   1.268e+04   1.216e-14
    1.27e+04   1.202e-14
   1.272e+04   1.185e-14
   1.273e+04   1.166e-14
   1.275e+04   1.144e-14
   1.276e+04   1.119e-14
   1.277e+04   1.104e-14
   1.278e+04   1.088e-14
   1.279e+04   1.069e-14
   1.279e+04   1.059e-14
    1.28e+04   1.047e-14
    1.28e+04   1.035e-14
    1.28e+04    1.02e-14
   1.281e+04   1.002e-14
   1.281e+04    9.92e-15
   1.281e+04   9.805e-15
   1.281e+04   9.673e-15
   1.282e+04   9.516e-15
   1.282e+04   9.438e-15
   1.282e+04   9.355e-15
   1.282e+04   9.316e-15
   1.282e+04   9.288e-15
   1.282e+04   9.288e-15
   1.282e+04   9.274e-15
   1.282e+04   9.274e-15
   1.282e+04   9.303e-15
   1.282e+04   9.387e-15
   1.282e+04   9.456e-15
   1.282e+04   9.385e-15
   1.282e+04   9.298e-15
   1.282e+04   9.298e-15
   1.282e+04   9.267e-15
   1.282e+04   9.278e-15
   1.282e+04   9.303e-15
   1.283e+04   9.374e-15
   1.283e+04    9.53e-15
   1.283e+04   9.664e-15
   1.283e+04   9.782e-15
   1.283e+04   9.881e-15
   1.284e+04    9.97e-15
   1.284e+04   1.012e-14
   1.284e+04   1.024e-14
   1.285e+04   1.034e-14
   1.285e+04   1.043e-14
   1.286e+04   1.057e-14
   1.287e+04   1.069e-14
   1.288e+04   1.079e-14
   1.288e+04   1.088e-14
   1.289e+04   1.095e-14
   1.291e+04   1.106e-14
   1.292e+04   1.114e-14
   1.294e+04    1.12e-14
   1.296e+04   1.123e-14
   1.297e+04   1.124e-14
   1.299e+04   1.125e-14
   1.302e+04   1.122e-14
   1.305e+04   1.117e-14
   1.308e+04   1.111e-14
   1.315e+04   1.095e-14
   1.321e+04   1.077e-14
   1.328e+04   1.059e-14
   1.334e+04    1.04e-14
    1.34e+04   1.022e-14
   1.347e+04   1.004e-14
   1.353e+04   9.859e-15
    1.36e+04   9.684e-15
   1.366e+04   9.517e-15
   1.372e+04   9.349e-15
   1.379e+04   9.197e-15
   1.385e+04   9.048e-15
   1.392e+04   8.902e-15
   1.398e+04   8.759e-15
   1.404e+04   8.619e-15
   1.411e+04   8.482e-15
   1.417e+04   8.347e-15
   1.424e+04   8.215e-15
    1.43e+04   8.086e-15
   1.436e+04   7.959e-15
   1.443e+04   7.835e-15
   1.449e+04   7.713e-15
   1.456e+04   7.593e-15
   1.462e+04   7.476e-15
   1.468e+04   7.352e-15
   1.475e+04   7.229e-15
   1.481e+04   7.109e-15
   1.488e+04   6.991e-15
   1.494e+04   6.876e-15
     1.5e+04   6.763e-15
   1.505e+04   6.686e-15
   1.507e+04   6.652e-15
   1.509e+04   6.618e-15
   1.512e+04   6.567e-15
   1.512e+04   6.561e-15
   1.513e+04    6.55e-15
   1.513e+04   6.549e-15
   1.514e+04   6.532e-15
   1.516e+04   6.498e-15
    1.52e+04   6.435e-15
   1.526e+04   6.323e-15
   1.532e+04   6.234e-15
   1.533e+04   6.214e-15
   1.535e+04   6.194e-15
   1.537e+04   6.155e-15
    1.54e+04   6.111e-15
   1.541e+04   6.091e-15
   1.542e+04   6.078e-15
   1.544e+04   6.044e-15
   1.549e+04   5.979e-15
   1.556e+04   5.869e-15
   1.556e+04   5.863e-15
   1.563e+04   5.761e-15
   1.571e+04   5.662e-15
   1.578e+04   5.564e-15
   1.581e+04   5.522e-15
   1.585e+04   5.469e-15
   1.589e+04   5.416e-15
   1.596e+04   5.313e-15
   1.597e+04   5.303e-15
   1.604e+04   5.212e-15
   1.611e+04   5.122e-15
   1.619e+04   5.035e-15
   1.626e+04   4.949e-15
   1.633e+04   4.862e-15
   1.639e+04   4.786e-15
    1.64e+04   4.769e-15
   1.641e+04   4.752e-15
   1.644e+04    4.73e-15
   1.646e+04   4.707e-15
   1.651e+04   4.657e-15
   1.661e+04   4.548e-15
   1.666e+04   4.494e-15
   1.671e+04   4.438e-15
   1.676e+04   4.375e-15
   1.681e+04   4.302e-15
   1.681e+04   4.298e-15
   1.681e+04   4.294e-15
   1.682e+04   4.291e-15
   1.683e+04   4.287e-15
   1.685e+04   4.277e-15
    1.69e+04   4.244e-15
   1.694e+04   4.204e-15
   1.699e+04   4.161e-15
   1.708e+04   4.073e-15
   1.717e+04   3.984e-15
   1.727e+04   3.894e-15
   1.735e+04   3.812e-15
   1.736e+04   3.804e-15
   1.737e+04   3.796e-15
   1.738e+04   3.782e-15
   1.742e+04   3.756e-15
   1.745e+04   3.731e-15
   1.752e+04   3.681e-15
   1.759e+04    3.63e-15
   1.765e+04   3.578e-15
   1.772e+04   3.526e-15
   1.779e+04   3.473e-15
   1.785e+04   3.419e-15
   1.792e+04   3.364e-15
   1.799e+04   3.305e-15
   1.805e+04   3.246e-15
   1.806e+04   3.238e-15
   1.812e+04   3.184e-15
   1.815e+04   3.156e-15
   1.816e+04   3.142e-15
   1.818e+04    3.13e-15
   1.819e+04   3.123e-15
   1.821e+04   3.117e-15
   1.821e+04   3.117e-15
   1.822e+04   3.111e-15
   1.822e+04   3.111e-15
   1.824e+04   3.104e-15
   1.824e+04   3.104e-15
   1.825e+04   3.098e-15
   1.828e+04   3.084e-15
   1.834e+04   3.053e-15
    1.84e+04   3.017e-15
   1.845e+04   2.977e-15
   1.851e+04   2.932e-15
   1.854e+04   2.905e-15
   1.857e+04   2.874e-15
   1.857e+04   2.874e-15
    1.86e+04   2.839e-15
   1.863e+04   2.797e-15
   1.866e+04   2.744e-15
   1.867e+04   2.713e-15
   1.868e+04   2.677e-15
   1.868e+04   2.677e-15
    1.87e+04   2.635e-15
   1.871e+04    2.61e-15
   1.871e+04   2.582e-15
   1.872e+04    2.55e-15
   1.873e+04   2.512e-15
   1.873e+04   2.512e-15
   1.873e+04   2.489e-15
   1.874e+04   2.462e-15
   1.874e+04   2.432e-15
   1.874e+04   2.432e-15
   1.874e+04   2.396e-15
   1.874e+04   2.396e-15
   1.874e+04   2.396e-15
   1.874e+04   2.375e-15
   1.875e+04   2.352e-15
   1.875e+04   2.325e-15
   1.875e+04   2.294e-15
   1.875e+04   2.294e-15
   1.875e+04   2.276e-15
   1.875e+04   2.257e-15
   1.875e+04   2.235e-15
   1.875e+04   2.209e-15
   1.875e+04   2.209e-15
   1.875e+04   2.176e-15
   1.875e+04   2.173e-15
   1.875e+04   2.154e-15
   1.876e+04   2.136e-15
   1.876e+04   2.122e-15
   1.876e+04   2.117e-15
   1.876e+04   2.122e-15
   1.876e+04   2.135e-15
   1.876e+04   2.153e-15
   1.876e+04   2.172e-15
   1.876e+04   2.203e-15
   1.876e+04   2.227e-15
   1.876e+04   2.247e-15
   1.876e+04   2.265e-15
   1.876e+04   2.281e-15
   1.876e+04    2.31e-15
   1.877e+04   2.334e-15
   1.877e+04   2.355e-15
   1.877e+04    2.39e-15
   1.877e+04   2.419e-15
   1.878e+04   2.443e-15
   1.878e+04   2.464e-15
   1.878e+04   2.482e-15
   1.879e+04   2.511e-15
    1.88e+04   2.534e-15
    1.88e+04   2.554e-15
   1.882e+04   2.584e-15
   1.883e+04   2.607e-15
   1.884e+04   2.624e-15
   1.886e+04   2.636e-15
   1.888e+04   2.653e-15
   1.891e+04    2.66e-15
   1.894e+04   2.662e-15
   1.896e+04   2.658e-15
   1.902e+04   2.643e-15
   1.907e+04    2.62e-15
   1.912e+04   2.593e-15
   1.918e+04   2.562e-15
   1.923e+04   2.529e-15
   1.929e+04   2.492e-15
   1.934e+04   2.451e-15
   1.939e+04   2.407e-15
   1.944e+04   2.365e-15
   1.945e+04   2.361e-15
   1.945e+04   2.358e-15
   1.946e+04   2.354e-15
   1.948e+04   2.352e-15
    1.95e+04   2.352e-15
   1.955e+04   2.349e-15
   1.959e+04   2.343e-15
   1.963e+04   2.334e-15
   1.971e+04    2.31e-15
    1.98e+04   2.281e-15
   1.988e+04   2.249e-15
   1.996e+04   2.216e-15
   2.005e+04   2.182e-15
   2.013e+04   2.149e-15
   2.021e+04   2.114e-15
    2.03e+04   2.083e-15
   2.038e+04    2.05e-15
   2.046e+04   2.017e-15
   2.055e+04   1.985e-15
   2.063e+04   1.954e-15
   2.071e+04   1.922e-15
    2.08e+04   1.892e-15
   2.088e+04   1.862e-15
   2.097e+04   1.831e-15
   2.105e+04   1.802e-15
   2.113e+04   1.771e-15
   2.122e+04   1.741e-15
    2.13e+04   1.709e-15
   2.138e+04   1.674e-15
   2.142e+04   1.655e-15
   2.147e+04   1.635e-15
   2.151e+04   1.611e-15
   2.155e+04   1.585e-15
   2.157e+04    1.57e-15
   2.159e+04   1.554e-15
   2.161e+04   1.542e-15
   2.161e+04   1.535e-15
   2.162e+04   1.529e-15
   2.163e+04   1.514e-15
   2.163e+04   1.514e-15
   2.164e+04   1.505e-15
   2.165e+04   1.495e-15
   2.165e+04   1.484e-15
   2.166e+04   1.469e-15
   2.166e+04   1.469e-15
   2.166e+04   1.469e-15
   2.166e+04   1.469e-15
   2.166e+04   1.469e-15
   2.166e+04   1.471e-15
   2.166e+04   1.475e-15
   2.167e+04   1.481e-15
   2.168e+04    1.49e-15
   2.168e+04   1.496e-15
    2.17e+04   1.505e-15
   2.172e+04   1.512e-15
   2.173e+04   1.517e-15
   2.176e+04   1.523e-15
    2.18e+04   1.526e-15
   2.183e+04   1.526e-15
   2.186e+04   1.525e-15
   2.192e+04   1.518e-15
   2.199e+04   1.508e-15
   2.205e+04   1.496e-15
   2.212e+04   1.483e-15
   2.218e+04   1.469e-15
   2.224e+04   1.455e-15
   2.231e+04   1.441e-15
   2.237e+04   1.426e-15
   2.244e+04   1.412e-15
    2.25e+04   1.397e-15
   2.256e+04   1.383e-15
   2.263e+04   1.368e-15
   2.269e+04   1.354e-15
   2.276e+04    1.34e-15
   2.282e+04   1.327e-15
   2.288e+04   1.313e-15
   2.295e+04   1.298e-15
   2.301e+04   1.284e-15
   2.308e+04    1.27e-15
   2.314e+04   1.257e-15
    2.32e+04   1.244e-15
   2.327e+04    1.23e-15
   2.333e+04   1.217e-15
    2.34e+04   1.204e-15
   2.346e+04   1.191e-15
   2.352e+04   1.179e-15
   2.359e+04   1.166e-15
   2.365e+04   1.154e-15
   2.372e+04   1.142e-15
   2.378e+04    1.13e-15
   2.384e+04   1.118e-15
   2.391e+04   1.106e-15
   2.397e+04   1.094e-15
   2.404e+04   1.083e-15
    2.41e+04   1.072e-15
   2.416e+04   1.061e-15
   2.423e+04    1.05e-15
   2.429e+04   1.039e-15
   2.436e+04   1.028e-15
   2.442e+04   1.018e-15
   2.448e+04   1.007e-15
   2.455e+04    9.97e-16
   2.461e+04   9.868e-16
   2.468e+04   9.768e-16
   2.474e+04   9.668e-16
    2.48e+04   9.563e-16
   2.487e+04   9.466e-16
   2.493e+04    9.37e-16
     2.5e+04   9.275e-16
   2.506e+04   9.181e-16
   2.512e+04   9.088e-16
   2.519e+04   8.995e-16
   2.525e+04   8.904e-16
   2.532e+04   8.813e-16
   2.538e+04   8.723e-16
   2.544e+04   8.633e-16
   2.551e+04   8.543e-16
   2.557e+04   8.453e-16
   2.564e+04   8.362e-16
    2.57e+04   8.269e-16
   2.576e+04   8.174e-16
   2.583e+04   8.074e-16
   2.589e+04   7.967e-16
   2.596e+04   7.851e-16
   2.602e+04   7.718e-16
   2.605e+04   7.642e-16
   2.608e+04   7.557e-16
   2.612e+04   7.461e-16
   2.615e+04   7.346e-16
   2.616e+04   7.282e-16
   2.618e+04   7.207e-16
    2.62e+04   7.123e-16
   2.621e+04   7.023e-16
   2.623e+04   6.904e-16
   2.623e+04   6.889e-16
   2.624e+04    6.83e-16
   2.624e+04   6.804e-16
   2.624e+04   6.777e-16
   2.625e+04    6.76e-16
   2.625e+04   6.755e-16
   2.625e+04   6.759e-16
   2.625e+04   6.759e-16
   2.625e+04   6.773e-16
   2.626e+04   6.802e-16
   2.626e+04   6.802e-16
   2.626e+04   6.851e-16
   2.626e+04    6.89e-16
   2.626e+04   6.894e-16
   2.626e+04   6.894e-16
   2.626e+04   6.894e-16
   2.626e+04   6.889e-16
   2.626e+04   6.874e-16
   2.626e+04   6.858e-16
   2.626e+04   6.822e-16
   2.626e+04   6.773e-16
   2.627e+04   6.748e-16
   2.627e+04   6.739e-16
   2.627e+04   6.739e-16
   2.627e+04    6.75e-16
   2.628e+04   6.774e-16
   2.628e+04   6.797e-16
   2.629e+04   6.845e-16
   2.631e+04   6.931e-16
   2.632e+04   6.998e-16
   2.634e+04   7.047e-16
   2.635e+04   7.087e-16
   2.637e+04   7.115e-16
   2.639e+04   7.139e-16
   2.642e+04   7.171e-16
   2.645e+04   7.189e-16
   2.648e+04   7.196e-16
   2.651e+04   7.194e-16
   2.658e+04   7.174e-16
   2.664e+04   7.138e-16
   2.671e+04   7.093e-16
   2.677e+04   7.042e-16
   2.683e+04   6.987e-16
    2.69e+04    6.93e-16
   2.696e+04   6.872e-16
   2.703e+04   6.812e-16
   2.709e+04   6.752e-16
   2.715e+04   6.692e-16
   2.722e+04   6.633e-16
   2.728e+04   6.573e-16
   2.735e+04   6.514e-16
   2.741e+04   6.455e-16
   2.747e+04   6.397e-16
   2.754e+04   6.339e-16
    2.76e+04   6.282e-16
   2.767e+04   6.226e-16
   2.773e+04    6.17e-16
   2.779e+04   6.117e-16
   2.786e+04   6.062e-16
   2.792e+04   6.008e-16
   2.799e+04   5.954e-16
   2.805e+04     5.9e-16
   2.811e+04   5.847e-16
   2.818e+04   5.795e-16
   2.824e+04   5.744e-16
   2.831e+04   5.693e-16
   2.837e+04   5.642e-16
   2.843e+04   5.592e-16
    2.85e+04   5.543e-16
   2.856e+04   5.494e-16
   2.863e+04   5.446e-16
   2.869e+04   5.398e-16
   2.875e+04   5.351e-16
   2.882e+04   5.304e-16
   2.888e+04   5.258e-16
   2.895e+04   5.212e-16
   2.901e+04   5.167e-16
   2.907e+04   5.123e-16
   2.914e+04   5.078e-16
    2.92e+04   5.035e-16
   2.927e+04   4.991e-16
   2.933e+04   4.949e-16
   2.939e+04   4.906e-16
   2.946e+04   4.864e-16
   2.952e+04   4.823e-16
   2.959e+04   4.782e-16
   2.965e+04   4.741e-16
   2.971e+04   4.701e-16
   2.978e+04   4.661e-16
   2.984e+04   4.622e-16
   2.991e+04   4.583e-16
   2.997e+04   4.545e-16
