         900   8.959e-14
         900   8.961e-14
       900.1   8.963e-14
       900.1   8.965e-14
       900.2   8.967e-14
       900.2   8.969e-14
       900.2   8.971e-14
       900.3   8.973e-14
       900.3   8.975e-14
       900.4   8.977e-14
       900.4   8.979e-14
       900.4   8.981e-14
       900.5   8.983e-14
       900.5   8.985e-14
       900.5   8.987e-14
       900.6   8.989e-14
       900.6   8.991e-14
       900.7   8.993e-14
       900.7   8.995e-14
       900.7   8.997e-14
       900.8   8.999e-14
       900.8   9.001e-14
       900.9   9.003e-14
       900.9   9.005e-14
       900.9   9.007e-14
         901   9.009e-14
         901   9.011e-14
       901.1   9.013e-14
       901.1   9.015e-14
       901.1   9.017e-14
       901.2   9.019e-14
       901.2   9.021e-14
       901.2   9.023e-14
       901.3   9.025e-14
       901.3   9.027e-14
       901.4   9.029e-14
       901.4   9.031e-14
       901.4   9.033e-14
       901.5   9.035e-14
       901.5   9.037e-14
       901.6   9.039e-14
       901.6   9.041e-14
       901.6   9.043e-14
       901.7   9.045e-14
       901.7   9.047e-14
       901.8   9.049e-14
       901.8   9.051e-14
       901.8   9.053e-14
       901.9   9.055e-14
       901.9   9.057e-14
         902   9.059e-14
         902   9.062e-14
         902   9.064e-14
       902.1   9.066e-14
       902.1   9.068e-14
       902.1    9.07e-14
       902.2   9.072e-14
       902.2   9.074e-14
       902.3   9.076e-14
       902.3   9.078e-14
       902.3    9.08e-14
       902.4   9.082e-14
       902.4   9.084e-14
       902.5   9.086e-14
       902.5   9.088e-14
       902.5    9.09e-14
       902.6   9.092e-14
       902.6   9.094e-14
       902.7   9.096e-14
       902.7   9.098e-14
       902.7     9.1e-14
       902.8   9.102e-14
       902.8   9.104e-14
       902.9   9.106e-14
       902.9   9.108e-14
       902.9    9.11e-14
         903   9.112e-14
         903   9.114e-14
         903   9.116e-14
       903.1   9.118e-14
       903.1    9.12e-14
       903.2   9.122e-14
       903.2   9.124e-14
       903.2   9.126e-14
       903.3   9.128e-14
       903.3    9.13e-14
       903.4   9.132e-14
       903.4   9.134e-14
       903.4   9.136e-14
       903.5   9.138e-14
       903.5    9.14e-14
       903.6   9.142e-14
       903.6   9.144e-14
       903.6   9.146e-14
       903.7   9.148e-14
       903.7    9.15e-14
       903.8   9.152e-14
       903.8   9.154e-14
       903.8   9.156e-14
       903.9   9.158e-14
       903.9    9.16e-14
       903.9   9.162e-14
         904   9.164e-14
         904   9.167e-14
       904.1   9.169e-14
       904.1   9.171e-14
       904.1   9.173e-14
       904.2   9.175e-14
       904.2   9.177e-14
       904.3   9.179e-14
       904.3   9.181e-14
       904.3   9.183e-14
       904.4   9.185e-14
       904.4   9.187e-14
       904.5   9.189e-14
       904.5   9.191e-14
       904.5   9.193e-14
       904.6   9.195e-14
       904.6   9.197e-14
       904.6   9.199e-14
       904.7   9.201e-14
       904.7   9.203e-14
       904.8   9.205e-14
       904.8   9.207e-14
       904.8   9.209e-14
       904.9   9.211e-14
       904.9   9.213e-14
         905   9.215e-14
         905   9.217e-14
       905.1   9.221e-14
       905.2   9.229e-14
       905.5   9.246e-14
       906.2   9.278e-14
       907.4   9.343e-14
         908   9.375e-14
         909   9.425e-14
       909.9   9.475e-14
       910.4    9.51e-14
       910.9   9.545e-14
       911.1   9.562e-14
       911.3    9.58e-14
       911.5   9.589e-14
       911.6   9.598e-14
       911.6   9.602e-14
       911.7   9.606e-14
       911.7   9.609e-14
       911.8   9.611e-14
       911.8   9.613e-14
       911.8   9.619e-14
       911.8    9.62e-14
       911.9   9.622e-14
       911.9   9.625e-14
         912   9.631e-14
       912.3   9.643e-14
       912.8   9.668e-14
       913.2   9.695e-14
       913.5   9.713e-14
       913.7   9.732e-14
       913.9   9.762e-14
       914.2   9.804e-14
       914.4   9.861e-14
       914.6   9.937e-14
       914.9   1.003e-13
       915.1   1.015e-13
       915.4    1.03e-13
       915.6   1.047e-13
       915.8   1.066e-13
       916.1   1.088e-13
       916.3   1.113e-13
       916.5   1.141e-13
       916.8    1.17e-13
         917   1.202e-13
       917.2   1.236e-13
       917.5   1.271e-13
       917.7   1.307e-13
         918   1.342e-13
       918.1   1.359e-13
       918.2   1.373e-13
       918.3   1.385e-13
       918.4    1.39e-13
       918.4   1.392e-13
       918.5   1.392e-13
       918.5    1.39e-13
       918.5   1.388e-13
       918.6   1.385e-13
       918.6   1.382e-13
       918.6   1.377e-13
       918.7   1.371e-13
       918.7   1.362e-13
       918.7   1.352e-13
       918.8    1.34e-13
       918.8   1.325e-13
       918.8   1.307e-13
       918.8   1.286e-13
       918.9   1.265e-13
       918.9   1.258e-13
       918.9   1.242e-13
       918.9   1.216e-13
         919    1.16e-13
         919   1.105e-13
       919.1   1.045e-13
       919.1   9.756e-14
       919.2   9.066e-14
       919.2    8.58e-14
       919.2   8.325e-14
       919.2   8.071e-14
       919.3   7.556e-14
       919.3   7.167e-14
       919.4   6.998e-14
       919.4   7.197e-14
       919.4   7.582e-14
       919.5   8.091e-14
       919.5   8.618e-14
       919.5   9.137e-14
       919.6   9.643e-14
       919.6   1.012e-13
       919.6   1.064e-13
       919.7    1.11e-13
       919.7   1.155e-13
       919.7   1.198e-13
       919.8   1.244e-13
       919.8   1.284e-13
       919.8   1.319e-13
       919.9   1.352e-13
       919.9   1.385e-13
       919.9   1.414e-13
         920   1.439e-13
         920   1.459e-13
         920   1.475e-13
       920.1   1.487e-13
       920.1   1.495e-13
       920.1   1.499e-13
       920.2   1.499e-13
       920.2   1.496e-13
       920.2    1.49e-13
       920.3    1.48e-13
       920.3   1.465e-13
       920.3   1.445e-13
       920.4   1.421e-13
       920.4   1.392e-13
       920.4   1.358e-13
       920.5   1.321e-13
       920.5   1.287e-13
       920.5   1.249e-13
       920.6   1.206e-13
       920.6    1.16e-13
       920.6   1.112e-13
       920.7   1.065e-13
       920.7   1.015e-13
       920.7   9.625e-14
       920.8   9.103e-14
       920.8   8.581e-14
       920.8   8.012e-14
       920.9   7.432e-14
       920.9   6.872e-14
       920.9   6.586e-14
       920.9   6.399e-14
         921   6.194e-14
         921   6.591e-14
       921.1   7.421e-14
       921.1    8.28e-14
       921.2    9.12e-14
       921.2   9.925e-14
       921.3   1.073e-13
       921.3    1.15e-13
       921.4    1.23e-13
       921.4   1.303e-13
       921.5   1.368e-13
       921.5   1.445e-13
       921.6   1.515e-13
       921.6   1.577e-13
       921.7   1.631e-13
       921.7   1.679e-13
       921.8   1.721e-13
       921.8   1.759e-13
       921.9   1.789e-13
       921.9   1.812e-13
         922   1.826e-13
         922   1.834e-13
       922.1   1.836e-13
       922.1   1.832e-13
       922.2   1.821e-13
       922.2   1.803e-13
       922.3   1.776e-13
       922.3    1.74e-13
       922.4   1.696e-13
       922.4   1.651e-13
       922.5   1.599e-13
       922.5   1.541e-13
       922.6   1.476e-13
       922.6   1.405e-13
       922.7    1.33e-13
       922.7   1.262e-13
       922.8   1.187e-13
       922.8   1.106e-13
       922.9   1.027e-13
       922.9   9.406e-14
         923   8.596e-14
         923   7.704e-14
       923.1   6.776e-14
       923.1   6.537e-14
       923.1   6.087e-14
       923.1   5.913e-14
       923.1   5.649e-14
       923.2   6.091e-14
       923.2   7.013e-14
       923.3   7.935e-14
       923.4   8.826e-14
       923.4   9.675e-14
       923.5   1.052e-13
       923.5   1.135e-13
       923.5   1.217e-13
       923.6   1.297e-13
       923.6   1.374e-13
       923.7   1.456e-13
       923.8   1.537e-13
       923.8   1.614e-13
       923.9   1.687e-13
       923.9   1.757e-13
         924   1.824e-13
         924   1.894e-13
         924   1.958e-13
       924.1   2.015e-13
       924.1   2.067e-13
       924.2   2.114e-13
       924.2   2.159e-13
       924.3     2.2e-13
       924.4   2.236e-13
       924.4   2.267e-13
       924.5   2.291e-13
       924.5   2.312e-13
       924.5   2.328e-13
       924.6   2.339e-13
       924.6   2.346e-13
       924.7   2.348e-13
       924.8   2.346e-13
       924.8   2.339e-13
       924.9   2.327e-13
       924.9   2.309e-13
         925   2.286e-13
         925   2.258e-13
         925   2.224e-13
       925.1   2.185e-13
       925.1    2.14e-13
       925.2   2.095e-13
       925.2   2.045e-13
       925.3   1.988e-13
       925.3   1.928e-13
       925.4   1.862e-13
       925.4   1.793e-13
       925.5   1.725e-13
       925.5   1.653e-13
       925.6    1.58e-13
       925.6   1.502e-13
       925.7   1.422e-13
       925.7   1.341e-13
       925.8   1.263e-13
       925.8    1.18e-13
       925.9   1.093e-13
       925.9   1.009e-13
         926   9.173e-14
         926   8.284e-14
       926.1   7.347e-14
       926.1   6.325e-14
       926.2   5.855e-14
       926.2   5.779e-14
       926.2   5.435e-14
       926.2   5.284e-14
       926.3   5.783e-14
       926.3   6.818e-14
       926.4   7.781e-14
       926.4   8.729e-14
       926.5   9.639e-14
       926.5   1.052e-13
       926.6   1.139e-13
       926.6   1.227e-13
       926.7    1.31e-13
       926.7   1.389e-13
       926.8   1.476e-13
       926.8    1.56e-13
       926.9   1.641e-13
       926.9   1.719e-13
         927   1.797e-13
         927   1.874e-13
       927.1   1.955e-13
       927.1   2.031e-13
       927.2   2.106e-13
       927.2   2.177e-13
       927.3   2.244e-13
       927.3   2.313e-13
       927.4   2.381e-13
       927.5   2.511e-13
       927.6    2.63e-13
       927.7   2.736e-13
       927.8    2.83e-13
       927.9   2.913e-13
         928   2.983e-13
       928.1   3.041e-13
       928.2   3.088e-13
       928.3   3.122e-13
       928.4   3.145e-13
       928.5   3.157e-13
       928.6   3.158e-13
       928.7   3.147e-13
       928.7   3.137e-13
       928.8   3.123e-13
       928.8   3.104e-13
       928.9   3.081e-13
         929   3.023e-13
       929.1   2.952e-13
       929.1   2.913e-13
       929.2    2.87e-13
       929.2   2.823e-13
       929.3   2.773e-13
       929.3    2.72e-13
       929.4   2.664e-13
       929.4   2.604e-13
       929.5   2.541e-13
       929.6   2.415e-13
       929.7   2.282e-13
       929.7   2.216e-13
       929.8   2.149e-13
       929.8   2.078e-13
       929.9   2.005e-13
       929.9   1.929e-13
         930   1.852e-13
         930   1.775e-13
       930.1   1.698e-13
       930.1    1.62e-13
       930.2    1.54e-13
       930.2   1.457e-13
       930.3   1.373e-13
       930.3   1.289e-13
       930.4   1.202e-13
       930.4   1.111e-13
       930.5   1.022e-13
       930.5   9.263e-14
       930.6   8.296e-14
       930.6   7.283e-14
       930.7   6.132e-14
       930.7   5.598e-14
       930.7   5.526e-14
       930.7   5.203e-14
       930.7   5.062e-14
       930.8   5.602e-14
       930.8    6.78e-14
       930.9   7.831e-14
       930.9   8.841e-14
         931   9.813e-14
         931   1.074e-13
       931.1   1.166e-13
       931.1   1.255e-13
       931.2   1.343e-13
       931.2   1.428e-13
       931.3   1.596e-13
       931.4   1.759e-13
       931.5    1.92e-13
       931.6   2.079e-13
       931.7   2.232e-13
       931.8   2.382e-13
       931.9   2.534e-13
         932   2.687e-13
       932.1    2.84e-13
       932.2   2.988e-13
       932.3   3.131e-13
       932.4    3.27e-13
       932.5   3.408e-13
       932.6   3.543e-13
       932.7   3.668e-13
       932.8   3.785e-13
       932.9   3.895e-13
         933   3.997e-13
       933.1   4.096e-13
       933.2   4.187e-13
       933.3   4.271e-13
       933.4   4.348e-13
       933.5   4.413e-13
       933.6    4.47e-13
       933.7   4.521e-13
       933.8   4.566e-13
       933.9   4.604e-13
         934   4.635e-13
       934.1   4.658e-13
       934.2   4.671e-13
       934.3   4.674e-13
       934.4   4.668e-13
       934.5    4.65e-13
       934.6   4.623e-13
       934.7   4.583e-13
       934.8   4.532e-13
       934.9   4.469e-13
         935   4.396e-13
       935.1   4.315e-13
       935.2   4.228e-13
       935.3   4.133e-13
       935.4    4.03e-13
       935.5   3.923e-13
       935.6   3.812e-13
       935.7   3.692e-13
       935.8    3.57e-13
         936   3.322e-13
       936.2   3.065e-13
       936.3   2.934e-13
       936.4   2.799e-13
       936.5   2.661e-13
       936.6   2.517e-13
       936.7    2.37e-13
       936.8   2.219e-13
       936.9   2.064e-13
         937   1.906e-13
       937.1   1.745e-13
       937.2   1.663e-13
       937.2   1.578e-13
       937.3   1.492e-13
       937.3   1.404e-13
       937.4   1.315e-13
       937.4   1.223e-13
       937.5   1.128e-13
       937.5   1.032e-13
       937.6   9.292e-14
       937.6   8.221e-14
       937.7   7.218e-14
       937.7   7.053e-14
       937.7   6.481e-14
       937.7   5.703e-14
       937.8   5.207e-14
       937.8   4.981e-14
       937.8   5.261e-14
       937.8   5.348e-14
       937.9   5.702e-14
       937.9   6.495e-14
       937.9   7.747e-14
         938   8.865e-14
         938   9.917e-14
       938.1   1.091e-13
       938.1   1.188e-13
       938.2   1.282e-13
       938.2   1.371e-13
       938.3   1.461e-13
       938.3   1.549e-13
       938.4   1.636e-13
       938.4   1.721e-13
       938.5   1.804e-13
       938.6   1.969e-13
       938.7   2.131e-13
       938.8    2.29e-13
       938.9   2.446e-13
         939     2.6e-13
       939.2     2.9e-13
       939.4   3.194e-13
       939.6   3.491e-13
       939.7   3.643e-13
       939.8   3.798e-13
       939.9   3.959e-13
         940   4.121e-13
       940.1   4.284e-13
       940.2   4.452e-13
       940.3   4.626e-13
       940.4   4.803e-13
       940.5   4.984e-13
       940.6   5.173e-13
       940.7   5.365e-13
       940.8   5.556e-13
       940.9   5.746e-13
         941   5.933e-13
       941.2   6.299e-13
       941.3   6.478e-13
       941.4   6.653e-13
       941.5   6.817e-13
       941.6   6.963e-13
       941.7   7.103e-13
       941.9    7.37e-13
       942.1   7.618e-13
       942.3   7.841e-13
       942.5   8.046e-13
       942.7   8.234e-13
       942.9   8.404e-13
       943.1   8.551e-13
       943.3   8.676e-13
       943.5   8.777e-13
       943.7   8.854e-13
       943.8   8.885e-13
       943.9   8.906e-13
         944   8.915e-13
       944.1   8.909e-13
       944.2   8.894e-13
       944.3   8.869e-13
       944.4   8.834e-13
       944.5   8.789e-13
       944.6   8.732e-13
       944.7   8.665e-13
       944.8   8.585e-13
       944.9   8.488e-13
         945    8.38e-13
       945.1    8.26e-13
       945.2   8.129e-13
       945.3   7.986e-13
       945.4   7.834e-13
       945.5   7.674e-13
       945.7   7.341e-13
       945.9   6.986e-13
       946.1    6.62e-13
       946.5   5.903e-13
       946.7   5.549e-13
       946.9     5.2e-13
         947   5.028e-13
       947.1   4.863e-13
       947.2   4.703e-13
       947.3   4.548e-13
       947.4   4.395e-13
       947.5   4.247e-13
       947.6   4.101e-13
       947.7   3.958e-13
       947.8   3.815e-13
         948    3.53e-13
       948.2   3.245e-13
       948.4   2.957e-13
       948.5    2.81e-13
       948.6   2.659e-13
       948.7   2.506e-13
       948.8   2.348e-13
       948.9   2.186e-13
         949   2.021e-13
       949.1   1.853e-13
       949.1   1.767e-13
       949.2   1.679e-13
       949.2   1.589e-13
       949.3   1.497e-13
       949.3   1.403e-13
       949.4   1.307e-13
       949.4   1.207e-13
       949.5   1.104e-13
       949.5   9.941e-14
       949.6    8.76e-14
       949.6   7.586e-14
       949.6    7.38e-14
       949.7   6.735e-14
       949.7    5.84e-14
       949.7   5.357e-14
       949.7   5.119e-14
       949.8   5.366e-14
       949.8   5.848e-14
       949.8   6.749e-14
       949.9   7.594e-14
       949.9   8.397e-14
       949.9   9.104e-14
       949.9   9.774e-14
         950   1.044e-13
         950   1.104e-13
         950   1.163e-13
       950.1   1.221e-13
       950.1   1.278e-13
       950.1   1.389e-13
       950.2   1.496e-13
       950.3   1.602e-13
       950.3   1.704e-13
       950.4   1.803e-13
       950.4   1.902e-13
       950.5   1.998e-13
       950.6   2.189e-13
       950.7   2.376e-13
       950.8   2.559e-13
       950.9   2.737e-13
         951    2.91e-13
       951.2   3.081e-13
       951.4   3.419e-13
       951.6   3.759e-13
       951.8   4.106e-13
       951.9   4.282e-13
       952.1   4.465e-13
       952.2   4.654e-13
       952.3   4.851e-13
       952.4   5.057e-13
       952.5   5.275e-13
       952.6   5.508e-13
       952.7   5.747e-13
       952.8   5.994e-13
         953   6.254e-13
       953.1   6.524e-13
       953.2   6.803e-13
       953.3   7.093e-13
       953.4   7.395e-13
       953.5   7.728e-13
       953.6   8.073e-13
       953.7   8.437e-13
       953.9   8.809e-13
         954   9.192e-13
       954.1   9.596e-13
       954.2   1.001e-12
       954.3   1.043e-12
       954.5    1.13e-12
       954.8   1.217e-12
         955   1.299e-12
       955.2   1.379e-12
       955.4   1.458e-12
       955.7    1.53e-12
       955.9   1.596e-12
       956.1    1.66e-12
       956.3   1.721e-12
       956.6   1.781e-12
       956.8   1.837e-12
         957   1.891e-12
       957.5   1.991e-12
       957.7   2.038e-12
       957.9   2.083e-12
       958.1   2.124e-12
       958.4   2.163e-12
       958.6   2.198e-12
       958.8   2.231e-12
         959   2.261e-12
       959.3   2.287e-12
       959.5   2.311e-12
       959.7    2.33e-12
         960   2.346e-12
       960.2   2.359e-12
       960.4   2.368e-12
       960.6   2.373e-12
       960.9   2.374e-12
       961.1   2.371e-12
       961.3   2.365e-12
       961.5   2.354e-12
       961.8   2.339e-12
         962   2.321e-12
       962.2   2.297e-12
       962.4   2.271e-12
       962.7   2.241e-12
       962.9   2.206e-12
       963.1   2.169e-12
       963.3   2.127e-12
       963.6   2.082e-12
       963.8   2.034e-12
         964   1.982e-12
       964.2   1.928e-12
       964.5   1.872e-12
       964.7   1.813e-12
       965.1    1.69e-12
       965.6   1.562e-12
         966    1.43e-12
       966.5     1.3e-12
       966.7   1.236e-12
       966.9   1.172e-12
       967.2    1.11e-12
       967.4   1.049e-12
       967.6   9.906e-13
       967.8   9.337e-13
       968.1   8.788e-13
       968.3   8.261e-13
       968.5   7.756e-13
       968.7   7.274e-13
         969   6.817e-13
       969.2   6.378e-13
       969.4   5.962e-13
       969.7   5.565e-13
       969.9   5.185e-13
       970.1   4.823e-13
       970.3   4.472e-13
       970.6   4.133e-13
       970.8   3.797e-13
         971   3.465e-13
       971.2   3.127e-13
       971.3   2.954e-13
       971.5   2.777e-13
       971.6   2.597e-13
       971.7   2.408e-13
       971.8   2.213e-13
       971.9   2.113e-13
       971.9   2.009e-13
         972   1.904e-13
         972   1.796e-13
       972.1   1.686e-13
       972.1   1.574e-13
       972.2   1.515e-13
       972.2   1.456e-13
       972.2   1.395e-13
       972.2   1.333e-13
       972.3   1.269e-13
       972.3   1.201e-13
       972.3   1.131e-13
       972.4   1.056e-13
       972.4   9.755e-14
       972.4   8.817e-14
       972.4   7.691e-14
       972.5   6.598e-14
       972.5   6.119e-14
       972.5   5.937e-14
       972.5   5.786e-14
       972.5   5.755e-14
       972.5   5.725e-14
       972.6   6.109e-14
       972.6   7.944e-14
       972.7   9.737e-14
       972.7   1.115e-13
       972.8   1.241e-13
       972.8   1.355e-13
       972.9   1.466e-13
       972.9    1.57e-13
         973   1.672e-13
         973   1.771e-13
       973.1   1.869e-13
       973.1   1.965e-13
       973.2   2.059e-13
       973.2   2.151e-13
       973.3   2.331e-13
       973.4   2.504e-13
       973.5   2.672e-13
       973.6   2.836e-13
       973.7   2.997e-13
       973.8   3.154e-13
       973.9    3.31e-13
       974.1   3.618e-13
       974.3   3.925e-13
       974.5   4.236e-13
       974.7   4.553e-13
       974.9   4.881e-13
       975.1   5.221e-13
       975.3   5.577e-13
       975.5   5.951e-13
       975.7   6.345e-13
       975.9    6.76e-13
       976.1     7.2e-13
       976.3   7.666e-13
       976.5    8.16e-13
       976.7   8.684e-13
       976.9   9.239e-13
       977.1   9.827e-13
       977.3   1.045e-12
       977.5   1.111e-12
       977.7   1.181e-12
       977.9   1.254e-12
       978.1   1.332e-12
       978.3   1.414e-12
       978.5     1.5e-12
       978.7   1.591e-12
       978.9   1.686e-12
       979.1   1.786e-12
       979.3    1.89e-12
       979.5   1.999e-12
       979.7   2.113e-12
       979.9   2.231e-12
       980.1   2.355e-12
       980.3   2.483e-12
       980.5   2.616e-12
       980.7   2.754e-12
       980.9   2.897e-12
       981.1   3.045e-12
       981.3   3.198e-12
       981.5   3.355e-12
       981.7   3.518e-12
       981.9   3.685e-12
       982.1   3.858e-12
       982.3   4.034e-12
       982.5   4.216e-12
       982.9   4.591e-12
       983.3   4.984e-12
       983.7   5.391e-12
       984.1   5.813e-12
       984.5   6.249e-12
       984.9   6.697e-12
       985.3   7.158e-12
       985.7   7.628e-12
       986.1   8.106e-12
       986.9   9.071e-12
       987.7   1.004e-11
       988.5   1.102e-11
       989.3   1.197e-11
       990.1   1.288e-11
       990.9   1.375e-11
       991.7   1.458e-11
       992.1   1.497e-11
       992.5   1.534e-11
       992.9   1.568e-11
       993.3   1.599e-11
       994.1   1.659e-11
       994.5   1.687e-11
       994.9   1.712e-11
       995.3   1.734e-11
       995.7   1.754e-11
       996.1   1.771e-11
       996.5   1.787e-11
       996.9   1.799e-11
       997.3   1.808e-11
       998.1   1.822e-11
       998.5   1.827e-11
       998.9   1.827e-11
       999.3   1.823e-11
       999.7   1.818e-11
        1000   1.813e-11
        1001   1.806e-11
        1001   1.793e-11
        1001   1.776e-11
        1002   1.758e-11
        1002    1.74e-11
        1003    1.72e-11
        1003   1.697e-11
        1003   1.671e-11
        1004   1.644e-11
        1004   1.614e-11
        1005   1.582e-11
        1005   1.513e-11
        1006   1.476e-11
        1006   1.438e-11
        1007   1.397e-11
        1007   1.355e-11
        1008   1.271e-11
        1009    1.18e-11
        1009   1.088e-11
        1010   9.951e-12
        1011   9.014e-12
        1011   8.549e-12
        1012   8.088e-12
        1012   7.635e-12
        1013   7.187e-12
        1013   6.746e-12
        1013   6.321e-12
        1014   5.906e-12
        1014   5.501e-12
        1015   5.112e-12
        1015   4.739e-12
        1015   4.556e-12
        1015   4.379e-12
        1016   4.206e-12
        1016   4.039e-12
        1016   3.876e-12
        1016   3.715e-12
        1016   3.558e-12
        1017   3.406e-12
        1017   3.257e-12
        1017   3.116e-12
        1017   2.976e-12
        1017   2.842e-12
        1018   2.713e-12
        1018   2.587e-12
        1018   2.468e-12
        1018    2.35e-12
        1018   2.238e-12
        1019   2.131e-12
        1019   2.026e-12
        1019   1.928e-12
        1019   1.831e-12
        1019   1.739e-12
        1020   1.651e-12
        1020   1.608e-12
        1020   1.566e-12
        1020   1.526e-12
        1020   1.487e-12
        1020   1.448e-12
        1020   1.409e-12
        1020   1.371e-12
        1020   1.335e-12
        1020   1.301e-12
        1021   1.266e-12
        1021   1.231e-12
        1021   1.198e-12
        1021   1.166e-12
        1021   1.136e-12
        1021   1.106e-12
        1021   1.075e-12
        1021   1.045e-12
        1021   1.018e-12
        1021   9.912e-13
        1022   9.643e-13
        1022   9.369e-13
        1022    9.11e-13
        1022   8.866e-13
        1022   8.634e-13
        1022   8.397e-13
        1022   8.155e-13
        1022   7.929e-13
        1022   7.714e-13
        1023   7.301e-13
        1023   7.084e-13
        1023   6.883e-13
        1023   6.693e-13
        1023   6.512e-13
        1023   6.326e-13
        1023   6.131e-13
        1023    5.95e-13
        1023   5.778e-13
        1024   5.441e-13
        1024   4.763e-13
        1024   4.073e-13
        1025   3.746e-13
        1025   3.394e-13
        1025   3.217e-13
        1025   3.033e-13
        1025   2.938e-13
        1025   2.843e-13
        1025   2.742e-13
        1025   2.636e-13
        1025   2.522e-13
        1025   2.403e-13
        1025   2.277e-13
        1025   2.146e-13
        1025   2.007e-13
        1025   1.862e-13
        1025   1.713e-13
        1026    1.56e-13
        1026     1.5e-13
        1026   1.398e-13
        1026   1.369e-13
        1026   1.231e-13
        1026   1.069e-13
        1026   7.928e-14
        1026   9.688e-14
        1026   1.154e-13
        1026   1.304e-13
        1026   1.439e-13
        1026    1.57e-13
        1026   1.698e-13
        1026   1.823e-13
        1026   1.945e-13
        1026   2.062e-13
        1026   2.176e-13
        1026   2.286e-13
        1026   2.391e-13
        1026   2.491e-13
        1026   2.588e-13
        1026   2.681e-13
        1026   2.769e-13
        1026   2.854e-13
        1026   2.935e-13
        1027   3.089e-13
        1027   3.241e-13
        1027   3.386e-13
        1027   3.528e-13
        1027   3.813e-13
        1027   4.083e-13
        1027   4.213e-13
        1027   4.348e-13
        1027   4.489e-13
        1027   4.637e-13
        1028   4.783e-13
        1028   4.908e-13
        1028   5.168e-13
        1028   5.447e-13
        1028   5.727e-13
        1028    6.31e-13
        1029   6.614e-13
        1029   6.914e-13
        1029   7.238e-13
        1029   7.563e-13
        1029   7.881e-13
        1029   8.224e-13
        1030   8.576e-13
        1030   8.935e-13
        1030   9.318e-13
        1030   9.712e-13
        1030    1.01e-12
        1030   1.052e-12
        1031   1.097e-12
        1031   1.146e-12
        1031     1.2e-12
        1031   1.258e-12
        1031   1.287e-12
        1031   1.318e-12
        1031    1.35e-12
        1031   1.385e-12
        1032   1.456e-12
        1032   1.522e-12
        1032   1.594e-12
        1032   1.668e-12
        1032   1.741e-12
        1032   1.816e-12
        1033   1.893e-12
        1033   2.048e-12
        1033   2.208e-12
        1034   2.374e-12
        1034   2.551e-12
        1034   2.643e-12
        1034   2.709e-12
        1034   2.773e-12
        1034   2.836e-12
        1035   2.894e-12
        1035   2.949e-12
        1035   2.976e-12
        1035    2.99e-12
        1035   3.005e-12
        1035   3.023e-12
        1035   3.045e-12
        1035   3.067e-12
        1035   3.089e-12
        1035   3.112e-12
        1035   3.134e-12
        1035   3.157e-12
        1035    3.18e-12
        1035   3.204e-12
        1035   3.227e-12
        1035   3.251e-12
        1035   3.276e-12
        1036    3.33e-12
        1036   3.387e-12
        1036   3.506e-12
        1036   3.569e-12
        1036   3.635e-12
        1036   3.705e-12
        1036    3.78e-12
        1036   3.939e-12
        1036   4.023e-12
        1036   4.112e-12
        1037   4.208e-12
        1037   4.313e-12
        1037   4.423e-12
        1037   4.539e-12
        1037   4.662e-12
        1037   4.787e-12
        1037   5.039e-12
        1037   5.167e-12
        1037   5.302e-12
        1037   5.444e-12
        1037   5.588e-12
        1038   5.726e-12
        1038   5.851e-12
        1038   6.111e-12
        1038   6.382e-12
        1038   6.649e-12
        1038     7.2e-12
        1039   7.763e-12
        1039    8.06e-12
        1039    8.33e-12
        1039   8.579e-12
        1039   8.832e-12
        1040    9.06e-12
        1040   9.257e-12
        1040   9.657e-12
        1040   1.006e-11
        1041   1.049e-11
        1041   1.093e-11
        1041   1.138e-11
        1042   1.179e-11
        1042   1.218e-11
        1042   1.253e-11
        1043   1.287e-11
        1043   1.356e-11
        1044   1.427e-11
        1045   1.499e-11
        1045   1.574e-11
        1046   1.655e-11
        1046   1.695e-11
        1047   1.732e-11
        1047   1.765e-11
        1047   1.793e-11
        1048   1.817e-11
        1048   1.841e-11
        1048   1.867e-11
        1049   1.896e-11
        1049   1.927e-11
        1049   1.961e-11
        1050   1.993e-11
        1050   2.021e-11
        1050   2.044e-11
        1051   2.061e-11
        1051   2.073e-11
        1051   2.082e-11
        1052   2.095e-11
        1053   2.106e-11
        1053   2.111e-11
        1054   2.112e-11
        1055   2.115e-11
        1055   2.122e-11
        1055   2.125e-11
        1056   2.126e-11
        1056   2.123e-11
        1056   2.115e-11
        1057   2.104e-11
        1057    2.09e-11
        1057   2.076e-11
        1058   2.063e-11
        1058   2.055e-11
        1058    2.05e-11
        1059   2.051e-11
        1059   2.057e-11
        1059   2.069e-11
        1060   2.085e-11
        1060   2.105e-11
        1060   2.128e-11
        1061   2.155e-11
        1061   2.186e-11
        1061   2.222e-11
        1062   2.263e-11
        1062   2.308e-11
        1062   2.357e-11
        1063    2.41e-11
        1063   2.463e-11
        1063   2.516e-11
        1064   2.566e-11
        1064   2.612e-11
        1064   2.653e-11
        1065   2.688e-11
        1065   2.719e-11
        1065   2.744e-11
        1066   2.767e-11
        1066    2.81e-11
        1067   2.849e-11
        1067   2.865e-11
        1068   2.878e-11
        1068   2.886e-11
        1068   2.888e-11
        1069   2.884e-11
        1069   2.875e-11
        1069    2.86e-11
        1070   2.843e-11
        1070   2.805e-11
        1071   2.771e-11
        1072   2.745e-11
        1072   2.725e-11
        1073   2.705e-11
        1074   2.677e-11
        1074   2.638e-11
        1075   2.595e-11
        1075   2.574e-11
        1076   2.554e-11
        1076   2.538e-11
        1076   2.527e-11
        1076    2.52e-11
        1077   2.519e-11
        1077   2.523e-11
        1077   2.534e-11
        1078   2.551e-11
        1078   2.573e-11
        1078   2.601e-11
        1079   2.632e-11
        1079   2.668e-11
        1079   2.706e-11
        1080   2.788e-11
        1081   2.871e-11
        1081   2.948e-11
        1082   3.016e-11
        1083   3.072e-11
        1083   3.117e-11
        1084    3.15e-11
        1085   3.175e-11
        1085   3.194e-11
        1086   3.207e-11
        1087   3.216e-11
        1088   3.227e-11
        1089   3.233e-11
        1091   3.234e-11
        1092   3.232e-11
        1095    3.22e-11
        1097   3.203e-11
        1100   3.184e-11
        1102   3.162e-11
        1105   3.138e-11
        1108   3.113e-11
        1110   3.087e-11
        1113   3.061e-11
        1116   3.033e-11
        1118   3.005e-11
        1121   2.977e-11
        1123   2.949e-11
        1126   2.921e-11
        1129   2.893e-11
        1131   2.865e-11
        1134   2.834e-11
        1137   2.802e-11
        1139   2.768e-11
        1142   2.733e-11
        1144   2.698e-11
        1147   2.661e-11
        1150   2.622e-11
        1152   2.581e-11
        1155   2.537e-11
        1158    2.49e-11
        1160   2.439e-11
        1163   2.385e-11
        1165   2.328e-11
        1168   2.267e-11
        1171     2.2e-11
        1173   2.122e-11
        1176   2.037e-11
        1177   1.992e-11
        1179   1.945e-11
        1180   1.896e-11
        1181   1.843e-11
        1182   1.786e-11
        1184   1.726e-11
        1185   1.661e-11
        1186   1.594e-11
        1188   1.524e-11
        1189    1.45e-11
        1190   1.372e-11
        1192    1.29e-11
        1193   1.204e-11
        1194   1.116e-11
        1196   1.025e-11
        1197   9.334e-12
        1198   8.404e-12
        1200   7.473e-12
        1200   7.014e-12
        1201   6.562e-12
        1202   6.118e-12
        1202   5.683e-12
        1203   5.261e-12
        1203    4.85e-12
        1204   4.452e-12
        1204   4.259e-12
        1205   4.072e-12
        1205   3.888e-12
        1205    3.71e-12
        1206   3.535e-12
        1206   3.367e-12
        1206   3.202e-12
        1207   3.043e-12
        1207   2.889e-12
        1207   2.739e-12
        1208   2.596e-12
        1208   2.459e-12
        1208   2.327e-12
        1209   2.202e-12
        1209   2.082e-12
        1209   1.967e-12
        1210   1.857e-12
        1210   1.752e-12
        1210   1.652e-12
        1211   1.557e-12
        1211   1.465e-12
        1211   1.379e-12
        1212   1.298e-12
        1212    1.22e-12
        1212   1.147e-12
        1213   1.077e-12
        1213   1.011e-12
        1213   9.467e-13
        1214   8.835e-13
        1214   8.519e-13
        1214   8.199e-13
        1214   8.036e-13
        1214    7.87e-13
        1214   7.696e-13
        1214   7.599e-13
        1214   7.486e-13
        1214   7.361e-13
        1214   7.224e-13
        1214    7.06e-13
        1214    6.86e-13
        1215   6.618e-13
        1215   6.355e-13
        1215   6.103e-13
        1215    5.84e-13
        1215   5.566e-13
        1215   5.282e-13
        1215   5.002e-13
        1215   4.754e-13
        1215   4.461e-13
        1215   4.076e-13
        1215   3.614e-13
        1215   3.172e-13
        1215   2.779e-13
        1215    2.47e-13
        1215   2.266e-13
        1215   2.106e-13
        1215   1.978e-13
        1215   1.896e-13
        1215   1.834e-13
        1215   1.792e-13
        1215    1.77e-13
        1215   1.756e-13
        1215   1.749e-13
        1215   1.749e-13
        1215   1.746e-13
        1216   1.743e-13
        1216   1.744e-13
        1216   1.745e-13
        1216   1.747e-13
        1216   1.749e-13
        1216   1.753e-13
        1216   1.759e-13
        1216    1.77e-13
        1216   1.785e-13
        1216   1.809e-13
        1216   1.849e-13
        1216     1.9e-13
        1216   1.961e-13
        1216   2.052e-13
        1216   2.168e-13
        1216   2.304e-13
        1216   2.469e-13
        1216    2.69e-13
        1216   2.998e-13
        1216    3.33e-13
        1216   3.691e-13
        1216   4.069e-13
        1216   4.389e-13
        1217   4.643e-13
        1217   4.848e-13
        1217   5.055e-13
        1217   5.281e-13
        1217   5.505e-13
        1217   5.732e-13
        1217   5.953e-13
        1217   6.159e-13
        1217   6.365e-13
        1217   6.575e-13
        1217    6.78e-13
        1217   6.967e-13
        1217   7.125e-13
        1217   7.258e-13
        1217   7.372e-13
        1217   7.473e-13
        1217   7.572e-13
        1217   7.739e-13
        1217   7.881e-13
        1217   8.013e-13
        1217   8.271e-13
        1218   8.771e-13
        1218   9.262e-13
        1218   9.752e-13
        1218   1.025e-12
        1219   1.076e-12
        1219   1.128e-12
        1219   1.182e-12
        1219   1.238e-12
        1220   1.295e-12
        1220   1.356e-12
        1220   1.419e-12
        1221   1.486e-12
        1221   1.556e-12
        1221    1.63e-12
        1221   1.707e-12
        1222   1.785e-12
        1222   1.866e-12
        1222   2.029e-12
        1223   2.193e-12
        1223   2.277e-12
        1223   2.364e-12
        1224   2.455e-12
        1224   2.549e-12
        1224   2.649e-12
        1224   2.753e-12
        1225   2.861e-12
        1225   2.972e-12
        1225   3.197e-12
        1226   3.419e-12
        1227   3.629e-12
        1227   3.824e-12
        1228   4.009e-12
        1228   4.191e-12
        1229   4.384e-12
        1229   4.487e-12
        1229   4.593e-12
        1229   4.711e-12
        1230   4.837e-12
        1230   4.969e-12
        1230   5.115e-12
        1230   5.268e-12
        1231   5.433e-12
        1231   5.604e-12
        1231   5.788e-12
        1231   5.979e-12
        1232   6.178e-12
        1232   6.386e-12
        1232   6.602e-12
        1233   7.048e-12
        1233   7.513e-12
        1234   7.981e-12
        1234    8.45e-12
        1235   8.911e-12
        1235   9.361e-12
        1236   9.796e-12
        1236   1.021e-11
        1237   1.062e-11
        1238     1.1e-11
        1238   1.138e-11
        1239   1.209e-11
        1240   1.275e-11
        1241   1.338e-11
        1242   1.395e-11
        1243   1.448e-11
        1244   1.496e-11
        1245   1.541e-11
        1246   1.582e-11
        1247    1.62e-11
        1248   1.654e-11
        1250   1.685e-11
        1251   1.712e-11
        1252   1.735e-11
        1253   1.756e-11
        1255   1.795e-11
        1256   1.813e-11
        1257   1.829e-11
        1258   1.842e-11
        1259   1.854e-11
        1261   1.873e-11
        1263    1.89e-11
        1265   1.904e-11
        1267   1.914e-11
        1269   1.921e-11
        1271   1.925e-11
        1276   1.932e-11
        1280   1.933e-11
        1284   1.929e-11
        1288   1.923e-11
        1292   1.915e-11
        1293   1.913e-11
        1297   1.904e-11
        1300   1.895e-11
        1305   1.881e-11
        1310   1.863e-11
        1315   1.846e-11
        1320   1.827e-11
        1330   1.789e-11
        1340   1.753e-11
        1350   1.719e-11
        1360   1.679e-11
        1370   1.634e-11
        1380    1.59e-11
        1385   1.567e-11
        1390   1.546e-11
        1395   1.531e-11
        1400    1.52e-11
        1405   1.512e-11
        1410   1.504e-11
        1420   1.481e-11
        1430   1.452e-11
        1440   1.421e-11
        1460   1.361e-11
        1480   1.304e-11
        1500    1.25e-11
        1520   1.199e-11
        1540    1.15e-11
        1560   1.105e-11
        1580   1.061e-11
        1600    1.02e-11
        1620   9.816e-12
        1640   9.446e-12
        1660   9.096e-12
        1680   8.763e-12
        1700   8.447e-12
        1720   8.146e-12
        1740   7.859e-12
        1760   7.586e-12
        1780   7.325e-12
        1800   7.076e-12
        1820   6.838e-12
        1840   6.611e-12
        1860   6.394e-12
        1880   6.187e-12
        1900   5.988e-12
        1920   5.798e-12
        1940   5.616e-12
        1960   5.442e-12
        1980   5.275e-12
        2000   5.114e-12
        2020    4.96e-12
        2040   4.812e-12
        2060    4.67e-12
        2080   4.534e-12
        2100   4.403e-12
        2120   4.277e-12
        2140   4.155e-12
        2160   4.038e-12
        2180   3.926e-12
        2200   3.817e-12
        2220   3.713e-12
        2240   3.612e-12
        2260   3.515e-12
        2280   3.421e-12
        2300   3.331e-12
        2320   3.243e-12
        2340   3.159e-12
        2360   3.077e-12
        2380   2.999e-12
        2400   2.923e-12
        2420   2.849e-12
        2440   2.778e-12
        2460   2.709e-12
        2480   2.642e-12
        2500   2.578e-12
        2520   2.515e-12
        2540   2.455e-12
        2560   2.396e-12
        2580    2.34e-12
        2600   2.285e-12
        2620   2.231e-12
        2640    2.18e-12
        2660   2.129e-12
        2680   2.081e-12
        2700   2.033e-12
        2720   1.988e-12
        2740   1.943e-12
        2760     1.9e-12
        2780   1.858e-12
        2800   1.817e-12
        2820   1.777e-12
        2840   1.739e-12
        2860   1.701e-12
        2880   1.665e-12
        2900    1.63e-12
        2920   1.595e-12
        2940   1.562e-12
        2960   1.529e-12
        2980   1.497e-12
        3000   1.467e-12
        3020   1.437e-12
        3040   1.407e-12
        3060   1.379e-12
        3080   1.351e-12
        3100   1.324e-12
        3120   1.298e-12
        3140   1.272e-12
        3160   1.247e-12
        3180   1.223e-12
        3200   1.199e-12
        3220   1.176e-12
        3240   1.153e-12
        3260   1.131e-12
        3280   1.109e-12
        3300   1.088e-12
        3320   1.068e-12
        3340   1.048e-12
        3360   1.028e-12
        3380   1.009e-12
        3400   9.908e-13
        3420   9.727e-13
        3440   9.549e-13
        3460   9.376e-13
        3480   9.207e-13
        3500   9.042e-13
        3520    8.88e-13
        3540   8.722e-13
        3560   8.568e-13
        3580   8.417e-13
        3600   8.269e-13
        3620   8.125e-13
        3633   8.034e-13
        3640   7.983e-13
        3644   7.953e-13
        3647   7.934e-13
        3650   7.914e-13
        3660   7.844e-13
        3670   7.774e-13
        3676   7.731e-13
        3680   7.705e-13
        3680   7.704e-13
        3683   7.682e-13
        3684   7.677e-13
        3687   7.656e-13
        3688    7.65e-13
        3693   7.617e-13
        3698   7.579e-13
        3703   7.549e-13
        3704   7.541e-13
        3705   7.534e-13
        3707   7.519e-13
        3710     7.5e-13
        3712   7.489e-13
        3713   7.479e-13
        3716    7.46e-13
        3721   7.426e-13
        3722   7.423e-13
        3722    7.42e-13
        3723   7.414e-13
        3725   7.402e-13
        3728    7.38e-13
        3735   7.333e-13
        3742   7.291e-13
        3747   7.254e-13
        3749   7.238e-13
        3751   7.224e-13
        3755   7.211e-13
        3759   7.192e-13
        3761   7.179e-13
        3763    7.17e-13
        3766   7.134e-13
        3769   7.106e-13
        3770   7.092e-13
        3772    7.08e-13
        3773   7.081e-13
        3774   7.083e-13
        3776   7.086e-13
        3777   7.088e-13
        3778   7.089e-13
        3781   7.086e-13
        3784   7.074e-13
        3786   7.054e-13
        3789   7.023e-13
        3792   6.984e-13
        3794   6.937e-13
        3795   6.923e-13
        3797   6.885e-13
        3798   6.868e-13
        3799   6.856e-13
        3800   6.863e-13
        3801   6.876e-13
        3802   6.891e-13
        3803   6.906e-13
        3804    6.92e-13
        3806   6.946e-13
        3808   6.966e-13
        3810   6.982e-13
        3812   6.989e-13
        3814    6.99e-13
        3816   6.984e-13
        3818   6.972e-13
        3820   6.948e-13
        3821   6.915e-13
        3823   6.875e-13
        3825   6.825e-13
        3827   6.767e-13
        3829   6.701e-13
        3830   6.676e-13
        3831   6.626e-13
        3833   6.547e-13
        3835   6.481e-13
        3836   6.452e-13
        3836   6.439e-13
        3836   6.432e-13
        3837   6.439e-13
        3837   6.451e-13
        3838   6.464e-13
        3838   6.479e-13
        3839   6.495e-13
        3839   6.511e-13
        3839   6.527e-13
        3840   6.544e-13
        3840   6.561e-13
        3841   6.593e-13
        3843   6.658e-13
        3846   6.771e-13
        3848   6.822e-13
        3849   6.866e-13
        3851   6.904e-13
        3852   6.937e-13
        3854   6.962e-13
        3856    6.98e-13
        3857   6.989e-13
        3859   6.992e-13
        3861   6.991e-13
        3862   6.983e-13
        3864   6.966e-13
        3866   6.938e-13
        3867   6.902e-13
        3869   6.865e-13
        3870   6.819e-13
        3872   6.762e-13
        3874   6.692e-13
        3875    6.61e-13
        3877   6.535e-13
        3879   6.442e-13
        3880    6.34e-13
        3882   6.234e-13
        3884   6.119e-13
        3885   6.002e-13
        3887   5.873e-13
        3888    5.81e-13
        3889   5.747e-13
        3889   5.718e-13
        3889   5.692e-13
        3890   5.671e-13
        3890   5.662e-13
        3891   5.669e-13
        3891   5.689e-13
        3891   5.713e-13
        3892   5.742e-13
        3893   5.802e-13
        3894   5.925e-13
        3896   6.045e-13
        3898   6.163e-13
        3899   6.268e-13
        3901   6.371e-13
        3904   6.561e-13
        3906   6.646e-13
        3907    6.73e-13
        3909   6.801e-13
        3911   6.864e-13
        3912   6.915e-13
        3914   6.964e-13
        3916    7.01e-13
        3917   7.049e-13
        3919   7.076e-13
        3920   7.098e-13
        3922   7.114e-13
        3924   7.126e-13
        3927   7.135e-13
        3930   7.123e-13
        3933   7.088e-13
        3937   7.027e-13
        3940   6.938e-13
        3942   6.887e-13
        3943   6.826e-13
        3945   6.755e-13
        3947    6.67e-13
        3950   6.487e-13
        3951    6.39e-13
        3953   6.286e-13
        3955   6.167e-13
        3956   6.031e-13
        3958    5.91e-13
        3960   5.772e-13
        3961   5.627e-13
        3963   5.477e-13
        3965   5.319e-13
        3966    5.16e-13
        3968   4.994e-13
        3968   4.984e-13
        3969   4.894e-13
        3969   4.792e-13
        3970   4.682e-13
        3971   4.623e-13
        3971   4.593e-13
        3971   4.581e-13
        3971   4.575e-13
        3971    4.58e-13
        3971   4.592e-13
        3972   4.606e-13
        3972   4.621e-13
        3972   4.636e-13
        3972    4.65e-13
        3972   4.665e-13
        3972   4.678e-13
        3972   4.691e-13
        3972   4.705e-13
        3972   4.717e-13
        3972    4.73e-13
        3973   4.744e-13
        3973   4.757e-13
        3973    4.77e-13
        3973   4.782e-13
        3973   4.807e-13
        3974   4.856e-13
        3974   4.949e-13
        3975   5.037e-13
        3977   5.207e-13
        3979   5.365e-13
        3980   5.508e-13
        3982   5.657e-13
        3984   5.794e-13
        3986   5.917e-13
        3987   6.051e-13
        3989   6.172e-13
        3991   6.279e-13
        3993   6.377e-13
        3994    6.47e-13
        3996   6.573e-13
        3998   6.662e-13
        3999    6.74e-13
        4001   6.807e-13
        4005   6.927e-13
        4008   7.022e-13
        4011   7.092e-13
        4015    7.14e-13
        4018   7.175e-13
        4022   7.198e-13
        4025   7.211e-13
        4029   7.216e-13
        4036   7.199e-13
        4039   7.179e-13
        4042   7.149e-13
        4046   7.109e-13
        4049   7.057e-13
        4053   6.991e-13
        4056   6.911e-13
        4060   6.816e-13
        4063   6.697e-13
        4067   6.552e-13
        4070   6.394e-13
        4073   6.225e-13
        4075   6.136e-13
        4077   6.039e-13
        4079   5.932e-13
        4080   5.821e-13
        4082   5.708e-13
        4084   5.589e-13
        4086   5.464e-13
        4087   5.324e-13
        4089   5.184e-13
        4091   5.044e-13
        4092   4.891e-13
        4094   4.731e-13
        4096   4.564e-13
        4097   4.475e-13
        4098   4.386e-13
        4098   4.283e-13
        4099   4.184e-13
        4100   4.071e-13
        4101   3.944e-13
        4102   3.806e-13
        4103   3.709e-13
        4103   3.704e-13
        4103   3.708e-13
        4103   3.704e-13
        4103   3.706e-13
        4103   3.722e-13
        4104   3.744e-13
        4104   3.769e-13
        4104   3.822e-13
        4105   3.926e-13
        4105   4.022e-13
        4106   4.108e-13
        4107   4.186e-13
        4108   4.335e-13
        4109   4.465e-13
        4111   4.589e-13
        4112   4.706e-13
        4113   4.819e-13
        4116   5.028e-13
        4119   5.221e-13
        4121   5.406e-13
        4124   5.566e-13
        4127   5.715e-13
        4129   5.857e-13
        4132   5.978e-13
        4135   6.087e-13
        4137   6.194e-13
        4140   6.294e-13
        4142   6.386e-13
        4145   6.464e-13
        4148   6.529e-13
        4150   6.583e-13
        4153    6.63e-13
        4158   6.704e-13
        4164    6.75e-13
        4169   6.777e-13
        4174   6.791e-13
        4180   6.796e-13
        4185   6.793e-13
        4190   6.784e-13
        4195   6.772e-13
        4201   6.756e-13
        4206   6.737e-13
        4211   6.716e-13
        4217   6.693e-13
        4222   6.667e-13
        4227   6.639e-13
        4232   6.608e-13
        4238   6.575e-13
        4243   6.538e-13
        4248   6.498e-13
        4254   6.452e-13
        4259   6.399e-13
        4264   6.339e-13
        4270   6.268e-13
        4275   6.185e-13
        4280   6.086e-13
        4285   5.969e-13
        4291   5.839e-13
        4296   5.694e-13
        4299   5.615e-13
        4301   5.528e-13
        4304   5.434e-13
        4307   5.333e-13
        4309   5.226e-13
        4312   5.114e-13
        4315   4.995e-13
        4317   4.864e-13
        4320   4.723e-13
        4323   4.574e-13
        4325   4.413e-13
        4328   4.239e-13
        4330   4.058e-13
        4332   3.959e-13
        4333   3.859e-13
        4334   3.754e-13
        4336    3.64e-13
        4337   3.511e-13
        4338   3.442e-13
        4338   3.366e-13
        4339    3.28e-13
        4339   3.234e-13
        4340   3.181e-13
        4340   3.154e-13
        4340   3.125e-13
        4340   3.093e-13
        4340   3.059e-13
        4341   3.029e-13
        4341   2.993e-13
        4341   2.954e-13
        4341    2.91e-13
        4341   2.891e-13
        4341   2.861e-13
        4341    2.85e-13
        4341   2.801e-13
        4341   2.777e-13
        4342   2.754e-13
        4342   2.736e-13
        4342   2.732e-13
        4342   2.729e-13
        4342   2.732e-13
        4342   2.736e-13
        4342   2.743e-13
        4342   2.752e-13
        4342   2.775e-13
        4342   2.825e-13
        4342   2.869e-13
        4342   2.908e-13
        4342   2.943e-13
        4343   2.974e-13
        4343   3.003e-13
        4343   3.056e-13
        4343   3.107e-13
        4343   3.152e-13
        4344   3.193e-13
        4344   3.269e-13
        4345   3.336e-13
        4345   3.396e-13
        4346   3.451e-13
        4346   3.504e-13
        4347     3.6e-13
        4348   3.687e-13
        4350   3.769e-13
        4351   3.843e-13
        4352   3.916e-13
        4354   4.057e-13
        4356   4.184e-13
        4358   4.308e-13
        4360   4.423e-13
        4362   4.528e-13
        4364   4.627e-13
        4366   4.719e-13
        4369   4.806e-13
        4371   4.883e-13
        4373   4.955e-13
        4375   5.024e-13
        4379   5.148e-13
        4383   5.254e-13
        4387   5.342e-13
        4392   5.414e-13
        4396    5.48e-13
        4400   5.534e-13
        4404   5.578e-13
        4409   5.615e-13
        4413    5.64e-13
        4417   5.657e-13
        4421   5.669e-13
        4430   5.677e-13
        4438    5.67e-13
        4447   5.654e-13
        4455   5.632e-13
        4463   5.606e-13
        4472   5.578e-13
        4480   5.547e-13
        4489   5.516e-13
        4497   5.484e-13
        4506   5.451e-13
        4514   5.418e-13
        4522   5.385e-13
        4531   5.352e-13
        4539   5.319e-13
        4548   5.285e-13
        4556   5.252e-13
        4565   5.219e-13
        4573   5.185e-13
        4582   5.152e-13
        4590   5.119e-13
        4598   5.086e-13
        4607   5.053e-13
        4615   5.021e-13
        4624   4.988e-13
        4632   4.955e-13
        4641   4.923e-13
        4649    4.89e-13
        4657   4.857e-13
        4666   4.824e-13
        4674   4.791e-13
        4683   4.757e-13
        4691   4.723e-13
        4700   4.689e-13
        4708   4.653e-13
        4717   4.616e-13
        4725   4.577e-13
        4733   4.537e-13
        4742   4.494e-13
        4750   4.448e-13
        4759   4.399e-13
        4767   4.344e-13
        4776   4.282e-13
        4784   4.212e-13
        4792    4.13e-13
        4801   4.032e-13
        4805   3.976e-13
        4809   3.914e-13
        4814   3.847e-13
        4818   3.775e-13
        4822   3.694e-13
        4826   3.605e-13
        4830   3.505e-13
        4835   3.394e-13
        4839   3.271e-13
        4841   3.204e-13
        4843   3.135e-13
        4845   3.062e-13
        4847   2.983e-13
        4849   2.902e-13
        4852   2.815e-13
        4854    2.72e-13
        4855    2.67e-13
        4856   2.616e-13
        4857   2.557e-13
        4858   2.491e-13
        4858   2.455e-13
        4859   2.416e-13
        4859   2.372e-13
        4860   2.321e-13
        4860   2.294e-13
        4861   2.263e-13
        4861   2.229e-13
        4861   2.192e-13
        4861   2.149e-13
        4861   2.124e-13
        4862   2.099e-13
        4862   2.072e-13
        4862   2.041e-13
        4862   2.008e-13
        4862   1.986e-13
        4862   1.973e-13
        4862   1.944e-13
        4862   1.922e-13
        4862   1.903e-13
        4862   1.887e-13
        4863   1.876e-13
        4863    1.87e-13
        4863   1.868e-13
        4863    1.87e-13
        4863   1.876e-13
        4863   1.887e-13
        4863   1.903e-13
        4863   1.922e-13
        4863   1.943e-13
        4863   1.985e-13
        4863   2.025e-13
        4864   2.062e-13
        4864   2.095e-13
        4864   2.124e-13
        4864   2.152e-13
        4864   2.178e-13
        4864   2.201e-13
        4865   2.222e-13
        4865   2.242e-13
        4865   2.261e-13
        4865   2.296e-13
        4865   2.326e-13
        4866   2.356e-13
        4866   2.406e-13
        4867    2.45e-13
        4868   2.491e-13
        4869   2.562e-13
        4870   2.624e-13
        4871    2.68e-13
        4873   2.733e-13
        4875    2.83e-13
        4878   2.917e-13
        4880   2.999e-13
        4883   3.074e-13
        4885   3.143e-13
        4888   3.207e-13
        4890   3.266e-13
        4893    3.32e-13
        4895    3.37e-13
        4898   3.416e-13
        4900   3.458e-13
        4905    3.53e-13
        4910    3.59e-13
        4915    3.64e-13
        4920   3.681e-13
        4925   3.714e-13
        4930   3.741e-13
        4935   3.761e-13
        4940   3.776e-13
        4945   3.786e-13
        4955   3.798e-13
        4965   3.799e-13
        4975   3.792e-13
        4985    3.78e-13
        4990   3.773e-13
        4995   3.765e-13
        5000   3.757e-13
        5010   3.738e-13
        5020   3.717e-13
        5040   3.672e-13
        5060   3.624e-13
        5080   3.576e-13
        5100   3.527e-13
        5120   3.479e-13
        5140   3.431e-13
        5160   3.383e-13
        5180   3.337e-13
        5200   3.291e-13
        5220   3.246e-13
        5240   3.201e-13
        5260   3.157e-13
        5280   3.114e-13
        5300   3.072e-13
        5320   3.031e-13
        5340    2.99e-13
        5360   2.949e-13
        5380    2.91e-13
        5400   2.871e-13
        5420   2.833e-13
        5440   2.795e-13
        5460   2.758e-13
        5480   2.722e-13
        5500   2.686e-13
        5520   2.651e-13
        5540   2.616e-13
        5560   2.582e-13
        5580   2.548e-13
        5600   2.515e-13
        5620   2.483e-13
        5640   2.451e-13
        5660    2.42e-13
        5680   2.389e-13
        5700   2.358e-13
        5720   2.328e-13
        5740   2.299e-13
        5760    2.27e-13
        5780   2.241e-13
        5800   2.213e-13
        5820   2.185e-13
        5840   2.158e-13
        5860   2.131e-13
        5880   2.105e-13
        5900   2.079e-13
        5920   2.053e-13
        5940   2.028e-13
        5960   2.003e-13
        5980   1.979e-13
        6000   1.955e-13
        6020   1.931e-13
        6040   1.908e-13
        6060   1.885e-13
        6080   1.862e-13
        6100    1.84e-13
        6120   1.818e-13
        6140   1.796e-13
        6160   1.774e-13
        6180   1.753e-13
        6200   1.732e-13
        6220   1.711e-13
        6240   1.691e-13
        6260   1.671e-13
        6280   1.651e-13
        6300   1.631e-13
        6320   1.611e-13
        6340   1.591e-13
        6360   1.571e-13
        6380   1.551e-13
        6400    1.53e-13
        6420   1.508e-13
        6440   1.484e-13
        6460   1.456e-13
        6470   1.439e-13
        6480   1.421e-13
        6490     1.4e-13
        6500   1.374e-13
        6505    1.36e-13
        6510   1.343e-13
        6515   1.325e-13
        6520   1.305e-13
        6525   1.281e-13
        6530   1.255e-13
        6535   1.225e-13
        6540   1.191e-13
        6542   1.172e-13
        6545   1.152e-13
        6548    1.13e-13
        6550   1.107e-13
        6552   1.081e-13
        6555   1.052e-13
        6556   1.036e-13
        6558   1.018e-13
        6559   9.969e-14
        6559   9.853e-14
        6560   9.724e-14
        6561   9.581e-14
        6561   9.418e-14
        6562   9.225e-14
        6562   9.116e-14
        6562   8.991e-14
        6563   8.846e-14
        6563   8.677e-14
        6563   8.467e-14
        6564   8.204e-14
        6564   7.859e-14
        6564   7.799e-14
        6564   7.759e-14
        6564   7.522e-14
        6565   7.437e-14
        6565   7.796e-14
        6566   8.325e-14
        6566   8.674e-14
        6567   8.927e-14
        6567   9.123e-14
        6568   9.285e-14
        6568   9.425e-14
        6569   9.548e-14
        6569   9.659e-14
        6570    9.76e-14
        6571   9.937e-14
        6572   1.009e-13
        6573   1.023e-13
        6575   1.047e-13
        6577   1.067e-13
        6579   1.086e-13
        6581   1.103e-13
        6583   1.118e-13
        6587   1.146e-13
        6591    1.17e-13
        6595   1.191e-13
        6599   1.209e-13
        6603   1.224e-13
        6607   1.238e-13
        6611   1.249e-13
        6615   1.259e-13
        6623   1.274e-13
        6631   1.284e-13
        6639   1.291e-13
        6647   1.296e-13
        6655   1.298e-13
        6671   1.298e-13
        6687   1.294e-13
        6703   1.288e-13
        6719    1.28e-13
        6735   1.271e-13
        6751   1.262e-13
        6767   1.252e-13
        6783   1.242e-13
        6799   1.232e-13
        6815   1.222e-13
        6831   1.212e-13
        6847   1.202e-13
        6863   1.192e-13
        6879   1.182e-13
        6895   1.173e-13
        6911   1.163e-13
        6927   1.153e-13
        6943   1.143e-13
        6959   1.134e-13
        6975   1.124e-13
        6991   1.115e-13
        7007   1.106e-13
        7023   1.097e-13
        7039   1.087e-13
        7055   1.078e-13
        7071   1.069e-13
        7087   1.061e-13
        7103   1.052e-13
        7119   1.043e-13
        7135   1.034e-13
        7151   1.026e-13
        7167   1.018e-13
        7183   1.009e-13
        7199   1.001e-13
        7215   9.928e-14
        7231   9.847e-14
        7247   9.767e-14
        7263   9.688e-14
        7279   9.609e-14
        7295   9.532e-14
        7311   9.455e-14
        7327   9.379e-14
        7343   9.303e-14
        7359   9.229e-14
        7375   9.155e-14
        7391   9.082e-14
        7407    9.01e-14
        7423   8.938e-14
        7439   8.867e-14
        7455   8.797e-14
        7471   8.727e-14
        7487   8.658e-14
        7503    8.59e-14
        7519   8.523e-14
        7535   8.456e-14
        7551    8.39e-14
        7567   8.324e-14
        7583   8.259e-14
        7599   8.195e-14
        7615   8.131e-14
        7631   8.068e-14
        7647   8.006e-14
        7663   7.944e-14
        7679   7.883e-14
        7695   7.822e-14
        7711   7.762e-14
        7727   7.703e-14
        7743   7.644e-14
        7759   7.586e-14
        7775   7.528e-14
        7791   7.471e-14
        7807   7.414e-14
        7823   7.358e-14
        7839   7.302e-14
        7855   7.247e-14
        7871   7.193e-14
        7887   7.139e-14
        7903   7.085e-14
        7919   7.032e-14
        7935    6.98e-14
        7951   6.927e-14
        7967   6.876e-14
        7983   6.825e-14
        7999   6.774e-14
        8015   6.724e-14
        8031   6.675e-14
        8047   6.625e-14
        8063   6.577e-14
        8079   6.528e-14
        8095    6.48e-14
        8111   6.433e-14
        8127   6.386e-14
        8143   6.339e-14
        8159   6.293e-14
        8175   6.248e-14
        8175   6.246e-14
        8191   6.202e-14
        8206   6.159e-14
        8222   6.116e-14
        8237   6.072e-14
        8253    6.03e-14
        8268   5.987e-14
        8284   5.945e-14
        8299   5.903e-14
        8315   5.862e-14
        8330   5.821e-14
        8346    5.78e-14
        8361    5.74e-14
        8377     5.7e-14
        8390   5.666e-14
        8392   5.661e-14
        8395   5.655e-14
        8399   5.643e-14
        8402   5.637e-14
        8409    5.62e-14
        8416   5.602e-14
        8419   5.593e-14
        8430   5.567e-14
        8440   5.541e-14
        8451   5.514e-14
        8453   5.509e-14
        8461   5.488e-14
        8470   5.468e-14
        8486   5.429e-14
        8500   5.395e-14
        8502    5.39e-14
        8505   5.384e-14
        8510   5.372e-14
        8520   5.348e-14
        8532    5.32e-14
        8540   5.301e-14
        8548   5.283e-14
        8564   5.245e-14
        8580   5.207e-14
        8592   5.181e-14
        8596   5.171e-14
        8601    5.16e-14
        8610    5.14e-14
        8628   5.099e-14
        8646   5.059e-14
        8662   5.025e-14
        8665   5.019e-14
        8667   5.013e-14
        8673   5.001e-14
        8684   4.977e-14
        8696   4.953e-14
        8707   4.929e-14
        8718   4.904e-14
        8730   4.879e-14
        8741   4.855e-14
        8752   4.831e-14
        8753   4.831e-14
        8753    4.83e-14
        8754   4.828e-14
        8755   4.825e-14
        8758    4.82e-14
        8764   4.808e-14
        8776   4.785e-14
        8788   4.762e-14
        8800   4.738e-14
        8811   4.715e-14
        8823   4.691e-14
        8835   4.666e-14
        8847   4.642e-14
        8852   4.631e-14
        8859   4.618e-14
        8865   4.605e-14
        8878   4.583e-14
        8891   4.561e-14
        8904   4.539e-14
        8917   4.517e-14
        8930   4.492e-14
        8943   4.464e-14
        8956   4.439e-14
        8969   4.413e-14
        8982   4.386e-14
        8995   4.357e-14
        8999   4.349e-14
        9008   4.329e-14
        9017   4.309e-14
        9027   4.298e-14
        9036   4.287e-14
        9055   4.266e-14
        9074   4.241e-14
        9092   4.214e-14
        9111   4.185e-14
        9130   4.152e-14
        9149   4.117e-14
        9168   4.078e-14
        9186   4.035e-14
        9205   3.987e-14
        9216   3.957e-14
        9224   3.936e-14
        9232   3.918e-14
        9239   3.915e-14
        9247   3.911e-14
        9262   3.904e-14
        9278   3.899e-14
        9293    3.89e-14
        9309   3.878e-14
        9324   3.864e-14
        9340   3.847e-14
        9355   3.827e-14
        9371   3.806e-14
        9386   3.782e-14
        9402   3.757e-14
        9417    3.73e-14
        9433     3.7e-14
        9448   3.667e-14
        9464   3.631e-14
        9479   3.591e-14
        9495   3.545e-14
        9510   3.493e-14
        9526   3.434e-14
        9533   3.403e-14
        9541   3.369e-14
        9545   3.352e-14
        9547   3.344e-14
        9549   3.337e-14
        9550    3.34e-14
        9552   3.342e-14
        9554   3.345e-14
        9556   3.349e-14
        9558   3.352e-14
        9560   3.356e-14
        9562    3.36e-14
        9564   3.363e-14
        9564   3.363e-14
        9567    3.37e-14
        9575   3.382e-14
        9590     3.4e-14
        9605   3.412e-14
        9620   3.417e-14
        9635   3.417e-14
        9651   3.414e-14
        9666   3.407e-14
        9681   3.398e-14
        9696   3.386e-14
        9711   3.373e-14
        9726   3.359e-14
        9741   3.344e-14
        9756   3.327e-14
        9771    3.31e-14
        9786   3.292e-14
        9802   3.273e-14
        9817   3.253e-14
        9832   3.232e-14
        9847   3.213e-14
        9862   3.195e-14
        9877    3.17e-14
        9892   3.143e-14
        9907   3.114e-14
        9922   3.083e-14
        9937   3.049e-14
        9953   3.011e-14
        9968   2.968e-14
        9983    2.92e-14
        9996   2.872e-14
        9998   2.864e-14
       1e+04   2.856e-14
   1.001e+04   2.827e-14
   1.001e+04   2.798e-14
   1.002e+04   2.766e-14
   1.003e+04   2.732e-14
   1.003e+04   2.696e-14
   1.004e+04   2.656e-14
   1.004e+04   2.636e-14
   1.005e+04   2.616e-14
   1.005e+04   2.607e-14
   1.005e+04   2.599e-14
   1.005e+04   2.595e-14
   1.005e+04   2.597e-14
   1.005e+04   2.598e-14
   1.005e+04   2.598e-14
   1.005e+04   2.596e-14
   1.005e+04   2.593e-14
   1.006e+04   2.594e-14
   1.006e+04     2.6e-14
   1.006e+04   2.617e-14
   1.007e+04    2.65e-14
   1.008e+04    2.68e-14
   1.009e+04   2.707e-14
   1.009e+04   2.727e-14
    1.01e+04   2.747e-14
   1.011e+04   2.761e-14
   1.012e+04   2.774e-14
   1.013e+04   2.792e-14
   1.015e+04   2.802e-14
   1.017e+04   2.808e-14
   1.018e+04   2.809e-14
    1.02e+04   2.805e-14
   1.023e+04   2.793e-14
   1.026e+04   2.773e-14
   1.029e+04   2.749e-14
   1.036e+04   2.696e-14
   1.042e+04    2.64e-14
   1.049e+04   2.576e-14
   1.055e+04   2.516e-14
   1.061e+04   2.457e-14
   1.068e+04   2.393e-14
   1.071e+04   2.359e-14
   1.074e+04   2.321e-14
   1.077e+04    2.28e-14
   1.079e+04   2.256e-14
   1.081e+04   2.231e-14
   1.082e+04   2.202e-14
   1.084e+04    2.17e-14
   1.085e+04   2.133e-14
   1.087e+04   2.091e-14
   1.089e+04   2.041e-14
   1.089e+04   2.014e-14
    1.09e+04   1.983e-14
   1.091e+04   1.949e-14
   1.092e+04    1.91e-14
   1.092e+04   1.889e-14
   1.093e+04   1.865e-14
   1.093e+04   1.862e-14
   1.093e+04   1.839e-14
   1.093e+04   1.837e-14
   1.093e+04   1.808e-14
   1.094e+04   1.793e-14
   1.094e+04   1.774e-14
   1.094e+04   1.763e-14
   1.094e+04   1.751e-14
   1.094e+04   1.734e-14
   1.094e+04   1.725e-14
   1.094e+04   1.719e-14
   1.094e+04   1.719e-14
   1.094e+04   1.725e-14
   1.094e+04   1.735e-14
   1.094e+04   1.743e-14
   1.094e+04   1.757e-14
   1.094e+04   1.768e-14
   1.095e+04   1.786e-14
   1.095e+04     1.8e-14
   1.095e+04   1.826e-14
   1.096e+04   1.847e-14
   1.096e+04   1.865e-14
   1.096e+04   1.881e-14
   1.097e+04   1.909e-14
   1.098e+04   1.932e-14
   1.099e+04   1.952e-14
     1.1e+04   1.968e-14
     1.1e+04   1.982e-14
   1.102e+04   2.004e-14
   1.104e+04   2.019e-14
   1.105e+04   2.029e-14
   1.107e+04   2.034e-14
   1.108e+04   2.036e-14
    1.11e+04   2.035e-14
   1.112e+04   2.032e-14
   1.115e+04   2.023e-14
   1.118e+04   2.009e-14
   1.124e+04   1.975e-14
   1.131e+04   1.937e-14
   1.137e+04   1.898e-14
   1.144e+04    1.86e-14
    1.15e+04   1.824e-14
   1.156e+04   1.786e-14
   1.163e+04   1.748e-14
   1.169e+04   1.712e-14
   1.176e+04   1.677e-14
   1.182e+04   1.642e-14
   1.188e+04   1.609e-14
   1.195e+04   1.576e-14
   1.201e+04   1.544e-14
   1.208e+04   1.511e-14
   1.214e+04   1.481e-14
    1.22e+04    1.45e-14
   1.227e+04   1.421e-14
   1.233e+04   1.392e-14
    1.24e+04   1.363e-14
   1.246e+04   1.334e-14
   1.252e+04   1.303e-14
   1.259e+04   1.271e-14
   1.262e+04   1.252e-14
   1.265e+04   1.231e-14
   1.267e+04   1.219e-14
   1.268e+04   1.206e-14
    1.27e+04   1.192e-14
   1.272e+04   1.175e-14
   1.273e+04   1.157e-14
   1.275e+04   1.135e-14
   1.276e+04    1.11e-14
   1.277e+04   1.095e-14
   1.278e+04   1.079e-14
   1.279e+04    1.06e-14
   1.279e+04   1.049e-14
    1.28e+04   1.038e-14
    1.28e+04   1.025e-14
    1.28e+04    1.01e-14
   1.281e+04   9.924e-15
   1.281e+04   9.822e-15
   1.281e+04   9.709e-15
   1.281e+04   9.579e-15
   1.282e+04   9.429e-15
   1.282e+04   9.357e-15
   1.282e+04   9.282e-15
   1.282e+04   9.249e-15
   1.282e+04   9.227e-15
   1.282e+04   9.226e-15
   1.282e+04    9.22e-15
   1.282e+04    9.22e-15
   1.282e+04   9.254e-15
   1.282e+04    9.34e-15
   1.282e+04   9.406e-15
   1.282e+04   9.338e-15
   1.282e+04    9.25e-15
   1.282e+04   9.249e-15
   1.282e+04   9.212e-15
   1.282e+04   9.216e-15
   1.282e+04   9.236e-15
   1.283e+04   9.298e-15
   1.283e+04   9.442e-15
   1.283e+04    9.57e-15
   1.283e+04   9.684e-15
   1.283e+04   9.783e-15
   1.284e+04   9.872e-15
   1.284e+04   1.002e-14
   1.284e+04   1.014e-14
   1.285e+04   1.024e-14
   1.285e+04   1.033e-14
   1.286e+04   1.048e-14
   1.287e+04   1.061e-14
   1.288e+04    1.07e-14
   1.288e+04   1.079e-14
   1.289e+04   1.086e-14
   1.291e+04   1.097e-14
   1.292e+04   1.105e-14
   1.294e+04    1.11e-14
   1.296e+04   1.113e-14
   1.297e+04   1.115e-14
   1.299e+04   1.115e-14
   1.302e+04   1.113e-14
   1.305e+04   1.108e-14
   1.308e+04   1.101e-14
   1.315e+04   1.085e-14
   1.321e+04   1.068e-14
   1.328e+04    1.05e-14
   1.334e+04   1.031e-14
    1.34e+04   1.013e-14
   1.347e+04   9.949e-15
   1.353e+04   9.771e-15
    1.36e+04   9.597e-15
   1.366e+04   9.431e-15
   1.372e+04   9.266e-15
   1.379e+04   9.113e-15
   1.385e+04   8.965e-15
   1.392e+04    8.82e-15
   1.398e+04   8.678e-15
   1.404e+04   8.538e-15
   1.411e+04   8.402e-15
   1.417e+04   8.268e-15
   1.424e+04   8.136e-15
    1.43e+04   8.008e-15
   1.436e+04   7.882e-15
   1.443e+04   7.758e-15
   1.449e+04   7.637e-15
   1.456e+04   7.518e-15
   1.462e+04   7.401e-15
   1.468e+04   7.278e-15
   1.475e+04   7.156e-15
   1.481e+04   7.037e-15
   1.488e+04    6.92e-15
   1.494e+04   6.806e-15
     1.5e+04   6.694e-15
   1.505e+04   6.618e-15
   1.507e+04   6.584e-15
   1.509e+04    6.55e-15
   1.512e+04     6.5e-15
   1.512e+04   6.494e-15
   1.513e+04   6.483e-15
   1.513e+04   6.482e-15
   1.514e+04   6.465e-15
   1.516e+04   6.431e-15
    1.52e+04   6.369e-15
   1.526e+04   6.258e-15
   1.532e+04    6.17e-15
   1.533e+04    6.15e-15
   1.535e+04    6.13e-15
   1.537e+04   6.092e-15
    1.54e+04   6.048e-15
   1.541e+04   6.028e-15
   1.542e+04   6.015e-15
   1.544e+04   5.982e-15
   1.549e+04   5.917e-15
   1.556e+04   5.808e-15
   1.556e+04   5.803e-15
   1.563e+04   5.701e-15
   1.571e+04   5.603e-15
   1.578e+04   5.506e-15
   1.581e+04   5.464e-15
   1.585e+04   5.411e-15
   1.589e+04   5.359e-15
   1.596e+04   5.257e-15
   1.597e+04   5.248e-15
   1.604e+04   5.157e-15
   1.611e+04   5.068e-15
   1.619e+04   4.982e-15
   1.626e+04   4.897e-15
   1.633e+04   4.811e-15
   1.639e+04   4.736e-15
    1.64e+04   4.719e-15
   1.641e+04   4.702e-15
   1.644e+04    4.68e-15
   1.646e+04   4.657e-15
   1.651e+04   4.607e-15
   1.661e+04     4.5e-15
   1.666e+04   4.446e-15
   1.671e+04    4.39e-15
   1.676e+04   4.328e-15
   1.681e+04   4.259e-15
   1.681e+04   4.255e-15
   1.681e+04   4.251e-15
   1.682e+04   4.248e-15
   1.683e+04   4.243e-15
   1.685e+04   4.232e-15
    1.69e+04   4.199e-15
   1.694e+04   4.159e-15
   1.699e+04   4.116e-15
   1.708e+04   4.029e-15
   1.717e+04   3.942e-15
   1.727e+04   3.853e-15
   1.735e+04   3.772e-15
   1.736e+04   3.764e-15
   1.737e+04   3.757e-15
   1.738e+04   3.742e-15
   1.742e+04   3.717e-15
   1.745e+04   3.692e-15
   1.752e+04   3.642e-15
   1.759e+04   3.591e-15
   1.765e+04   3.539e-15
   1.772e+04   3.487e-15
   1.779e+04   3.435e-15
   1.785e+04   3.382e-15
   1.792e+04   3.327e-15
   1.799e+04    3.27e-15
   1.805e+04   3.212e-15
   1.806e+04   3.203e-15
   1.812e+04   3.151e-15
   1.815e+04   3.124e-15
   1.816e+04   3.111e-15
   1.818e+04   3.098e-15
   1.819e+04   3.091e-15
   1.821e+04   3.085e-15
   1.821e+04   3.085e-15
   1.822e+04   3.079e-15
   1.822e+04   3.079e-15
   1.824e+04   3.072e-15
   1.824e+04   3.072e-15
   1.825e+04   3.065e-15
   1.828e+04   3.051e-15
   1.834e+04   3.019e-15
    1.84e+04   2.984e-15
   1.845e+04   2.945e-15
   1.851e+04   2.899e-15
   1.854e+04   2.872e-15
   1.857e+04   2.842e-15
   1.857e+04   2.842e-15
    1.86e+04   2.807e-15
   1.863e+04   2.766e-15
   1.866e+04   2.713e-15
   1.867e+04   2.682e-15
   1.868e+04   2.647e-15
   1.868e+04   2.647e-15
    1.87e+04   2.604e-15
   1.871e+04   2.578e-15
   1.871e+04    2.55e-15
   1.872e+04   2.518e-15
   1.873e+04   2.479e-15
   1.873e+04   2.479e-15
   1.873e+04   2.455e-15
   1.874e+04   2.429e-15
   1.874e+04   2.398e-15
   1.874e+04   2.398e-15
   1.874e+04   2.363e-15
   1.874e+04   2.363e-15
   1.874e+04   2.363e-15
   1.874e+04   2.342e-15
   1.875e+04    2.32e-15
   1.875e+04   2.294e-15
   1.875e+04   2.265e-15
   1.875e+04   2.265e-15
   1.875e+04   2.248e-15
   1.875e+04    2.23e-15
   1.875e+04    2.21e-15
   1.875e+04   2.186e-15
   1.875e+04   2.186e-15
   1.875e+04   2.155e-15
   1.875e+04   2.153e-15
   1.875e+04   2.135e-15
   1.876e+04   2.118e-15
   1.876e+04   2.105e-15
   1.876e+04     2.1e-15
   1.876e+04   2.105e-15
   1.876e+04   2.118e-15
   1.876e+04   2.134e-15
   1.876e+04   2.151e-15
   1.876e+04    2.18e-15
   1.876e+04   2.202e-15
   1.876e+04   2.221e-15
   1.876e+04   2.237e-15
   1.876e+04   2.252e-15
   1.876e+04   2.279e-15
   1.877e+04   2.303e-15
   1.877e+04   2.323e-15
   1.877e+04   2.357e-15
   1.877e+04   2.386e-15
   1.878e+04    2.41e-15
   1.878e+04   2.431e-15
   1.878e+04    2.45e-15
   1.879e+04   2.479e-15
    1.88e+04   2.503e-15
    1.88e+04   2.523e-15
   1.882e+04   2.554e-15
   1.883e+04   2.577e-15
   1.884e+04   2.594e-15
   1.886e+04   2.606e-15
   1.888e+04   2.623e-15
   1.891e+04    2.63e-15
   1.894e+04   2.631e-15
   1.896e+04   2.628e-15
   1.902e+04   2.614e-15
   1.907e+04    2.59e-15
   1.912e+04   2.564e-15
   1.918e+04   2.533e-15
   1.923e+04   2.501e-15
   1.929e+04   2.464e-15
   1.934e+04   2.425e-15
   1.939e+04   2.381e-15
   1.944e+04   2.341e-15
   1.945e+04   2.338e-15
   1.945e+04   2.335e-15
   1.946e+04   2.331e-15
   1.948e+04   2.329e-15
    1.95e+04   2.328e-15
   1.955e+04   2.324e-15
   1.959e+04   2.318e-15
   1.963e+04   2.308e-15
   1.971e+04   2.284e-15
    1.98e+04   2.255e-15
   1.988e+04   2.223e-15
   1.996e+04    2.19e-15
   2.005e+04   2.157e-15
   2.013e+04   2.123e-15
   2.021e+04    2.09e-15
    2.03e+04   2.059e-15
   2.038e+04   2.026e-15
   2.046e+04   1.994e-15
   2.055e+04   1.962e-15
   2.063e+04   1.931e-15
   2.071e+04     1.9e-15
    2.08e+04   1.869e-15
   2.088e+04   1.839e-15
   2.097e+04    1.81e-15
   2.105e+04    1.78e-15
   2.113e+04    1.75e-15
   2.122e+04    1.72e-15
    2.13e+04   1.688e-15
   2.138e+04   1.654e-15
   2.142e+04   1.636e-15
   2.147e+04   1.615e-15
   2.151e+04   1.593e-15
   2.155e+04   1.567e-15
   2.157e+04   1.552e-15
   2.159e+04   1.536e-15
   2.161e+04   1.525e-15
   2.161e+04   1.518e-15
   2.162e+04   1.512e-15
   2.163e+04   1.497e-15
   2.163e+04   1.497e-15
   2.164e+04   1.489e-15
   2.165e+04   1.479e-15
   2.165e+04   1.468e-15
   2.166e+04   1.455e-15
   2.166e+04   1.454e-15
   2.166e+04   1.454e-15
   2.166e+04   1.454e-15
   2.166e+04   1.454e-15
   2.166e+04   1.456e-15
   2.166e+04   1.459e-15
   2.167e+04   1.465e-15
   2.168e+04   1.474e-15
   2.168e+04   1.479e-15
    2.17e+04   1.488e-15
   2.172e+04   1.494e-15
   2.173e+04   1.499e-15
   2.176e+04   1.505e-15
    2.18e+04   1.508e-15
   2.183e+04   1.508e-15
   2.186e+04   1.507e-15
   2.192e+04     1.5e-15
   2.199e+04    1.49e-15
   2.205e+04   1.478e-15
   2.212e+04   1.465e-15
   2.218e+04   1.451e-15
   2.224e+04   1.437e-15
   2.231e+04   1.423e-15
   2.237e+04   1.409e-15
   2.244e+04   1.394e-15
    2.25e+04    1.38e-15
   2.256e+04   1.366e-15
   2.263e+04   1.352e-15
   2.269e+04   1.338e-15
   2.276e+04   1.324e-15
   2.282e+04    1.31e-15
   2.288e+04   1.296e-15
   2.295e+04   1.282e-15
   2.301e+04   1.268e-15
   2.308e+04   1.255e-15
   2.314e+04   1.241e-15
    2.32e+04   1.228e-15
   2.327e+04   1.215e-15
   2.333e+04   1.202e-15
    2.34e+04   1.189e-15
   2.346e+04   1.176e-15
   2.352e+04   1.164e-15
   2.359e+04   1.151e-15
   2.365e+04   1.139e-15
   2.372e+04   1.127e-15
   2.378e+04   1.115e-15
   2.384e+04   1.104e-15
   2.391e+04   1.092e-15
   2.397e+04   1.081e-15
   2.404e+04   1.069e-15
    2.41e+04   1.058e-15
   2.416e+04   1.047e-15
   2.423e+04   1.036e-15
   2.429e+04   1.026e-15
   2.436e+04   1.015e-15
   2.442e+04   1.005e-15
   2.448e+04   9.944e-16
   2.455e+04   9.842e-16
   2.461e+04   9.742e-16
   2.468e+04   9.643e-16
   2.474e+04   9.544e-16
    2.48e+04    9.44e-16
   2.487e+04   9.344e-16
   2.493e+04   9.249e-16
     2.5e+04   9.155e-16
   2.506e+04   9.062e-16
   2.512e+04    8.97e-16
   2.519e+04   8.879e-16
   2.525e+04   8.789e-16
   2.532e+04   8.699e-16
   2.538e+04    8.61e-16
   2.544e+04   8.521e-16
   2.551e+04   8.432e-16
   2.557e+04   8.343e-16
   2.564e+04   8.253e-16
    2.57e+04   8.162e-16
   2.576e+04   8.068e-16
   2.583e+04   7.969e-16
   2.589e+04   7.863e-16
   2.596e+04   7.749e-16
   2.602e+04   7.617e-16
   2.605e+04   7.542e-16
   2.608e+04   7.457e-16
   2.612e+04   7.361e-16
   2.615e+04   7.246e-16
   2.616e+04   7.182e-16
   2.618e+04   7.107e-16
    2.62e+04   7.024e-16
   2.621e+04   6.924e-16
   2.623e+04   6.809e-16
   2.623e+04   6.795e-16
   2.624e+04   6.741e-16
   2.624e+04   6.717e-16
   2.624e+04   6.694e-16
   2.625e+04    6.68e-16
   2.625e+04   6.677e-16
   2.625e+04   6.683e-16
   2.625e+04   6.683e-16
   2.625e+04   6.698e-16
   2.626e+04   6.727e-16
   2.626e+04   6.728e-16
   2.626e+04   6.776e-16
   2.626e+04    6.81e-16
   2.626e+04   6.815e-16
   2.626e+04   6.815e-16
   2.626e+04   6.815e-16
   2.626e+04   6.809e-16
   2.626e+04   6.796e-16
   2.626e+04   6.781e-16
   2.626e+04   6.748e-16
   2.626e+04   6.699e-16
   2.627e+04   6.673e-16
   2.627e+04   6.662e-16
   2.627e+04   6.659e-16
   2.627e+04   6.666e-16
   2.628e+04   6.686e-16
   2.628e+04   6.707e-16
   2.629e+04   6.751e-16
   2.631e+04   6.834e-16
   2.632e+04     6.9e-16
   2.634e+04   6.949e-16
   2.635e+04   6.989e-16
   2.637e+04   7.018e-16
   2.639e+04   7.042e-16
   2.642e+04   7.075e-16
   2.645e+04   7.092e-16
   2.648e+04     7.1e-16
   2.651e+04   7.099e-16
   2.658e+04   7.079e-16
   2.664e+04   7.043e-16
   2.671e+04   6.999e-16
   2.677e+04   6.949e-16
   2.683e+04   6.895e-16
    2.69e+04   6.839e-16
   2.696e+04   6.781e-16
   2.703e+04   6.722e-16
   2.709e+04   6.663e-16
   2.715e+04   6.604e-16
   2.722e+04   6.545e-16
   2.728e+04   6.486e-16
   2.735e+04   6.428e-16
   2.741e+04    6.37e-16
   2.747e+04   6.312e-16
   2.754e+04   6.255e-16
    2.76e+04   6.199e-16
   2.767e+04   6.143e-16
   2.773e+04   6.088e-16
   2.779e+04   6.035e-16
   2.786e+04   5.981e-16
   2.792e+04   5.927e-16
   2.799e+04   5.874e-16
   2.805e+04   5.821e-16
   2.811e+04   5.769e-16
   2.818e+04   5.718e-16
   2.824e+04   5.667e-16
   2.831e+04   5.616e-16
   2.837e+04   5.567e-16
   2.843e+04   5.517e-16
    2.85e+04   5.469e-16
   2.856e+04    5.42e-16
   2.863e+04   5.373e-16
   2.869e+04   5.325e-16
   2.875e+04   5.279e-16
   2.882e+04   5.233e-16
   2.888e+04   5.187e-16
   2.895e+04   5.142e-16
   2.901e+04   5.097e-16
   2.907e+04   5.053e-16
   2.914e+04    5.01e-16
    2.92e+04   4.966e-16
   2.927e+04   4.924e-16
   2.933e+04   4.881e-16
   2.939e+04    4.84e-16
   2.946e+04   4.798e-16
   2.952e+04   4.757e-16
   2.959e+04   4.717e-16
   2.965e+04   4.677e-16
   2.971e+04   4.637e-16
   2.978e+04   4.598e-16
   2.984e+04   4.559e-16
   2.991e+04   4.521e-16
   2.997e+04   4.483e-16
