         900   3.794e-13
         900   3.794e-13
       900.1   3.795e-13
       900.1   3.795e-13
       900.2   3.796e-13
       900.2   3.797e-13
       900.2   3.797e-13
       900.3   3.798e-13
       900.3   3.798e-13
       900.4   3.799e-13
       900.4     3.8e-13
       900.4     3.8e-13
       900.5   3.801e-13
       900.5   3.801e-13
       900.5   3.802e-13
       900.6   3.803e-13
       900.6   3.803e-13
       900.7   3.804e-13
       900.7   3.804e-13
       900.7   3.805e-13
       900.8   3.806e-13
       900.8   3.806e-13
       900.9   3.807e-13
       900.9   3.807e-13
       900.9   3.808e-13
         901   3.809e-13
         901   3.809e-13
       901.1    3.81e-13
       901.1    3.81e-13
       901.1   3.811e-13
       901.2   3.812e-13
       901.2   3.812e-13
       901.2   3.813e-13
       901.3   3.813e-13
       901.3   3.814e-13
       901.4   3.815e-13
       901.4   3.815e-13
       901.4   3.816e-13
       901.5   3.816e-13
       901.5   3.817e-13
       901.6   3.818e-13
       901.6   3.818e-13
       901.6   3.819e-13
       901.7   3.819e-13
       901.7    3.82e-13
       901.8   3.821e-13
       901.8   3.821e-13
       901.8   3.822e-13
       901.9   3.822e-13
       901.9   3.823e-13
         902   3.824e-13
         902   3.824e-13
         902   3.825e-13
       902.1   3.825e-13
       902.1   3.826e-13
       902.1   3.827e-13
       902.2   3.827e-13
       902.2   3.828e-13
       902.3   3.828e-13
       902.3   3.829e-13
       902.3    3.83e-13
       902.4    3.83e-13
       902.4   3.831e-13
       902.5   3.831e-13
       902.5   3.832e-13
       902.5   3.833e-13
       902.6   3.833e-13
       902.6   3.834e-13
       902.7   3.834e-13
       902.7   3.835e-13
       902.7   3.836e-13
       902.8   3.836e-13
       902.8   3.837e-13
       902.9   3.837e-13
       902.9   3.838e-13
       902.9   3.839e-13
         903   3.839e-13
         903    3.84e-13
         903    3.84e-13
       903.1   3.841e-13
       903.1   3.842e-13
       903.2   3.842e-13
       903.2   3.843e-13
       903.2   3.843e-13
       903.3   3.844e-13
       903.3   3.845e-13
       903.4   3.845e-13
       903.4   3.846e-13
       903.4   3.846e-13
       903.5   3.847e-13
       903.5   3.848e-13
       903.6   3.848e-13
       903.6   3.849e-13
       903.6   3.849e-13
       903.7    3.85e-13
       903.7   3.851e-13
       903.8   3.851e-13
       903.8   3.852e-13
       903.8   3.852e-13
       903.9   3.853e-13
       903.9   3.854e-13
       903.9   3.854e-13
         904   3.855e-13
         904   3.855e-13
       904.1   3.856e-13
       904.1   3.857e-13
       904.1   3.857e-13
       904.2   3.858e-13
       904.2   3.858e-13
       904.3   3.859e-13
       904.3    3.86e-13
       904.3    3.86e-13
       904.4   3.861e-13
       904.4   3.861e-13
       904.5   3.862e-13
       904.5   3.863e-13
       904.5   3.863e-13
       904.6   3.864e-13
       904.6   3.865e-13
       904.6   3.865e-13
       904.7   3.866e-13
       904.7   3.866e-13
       904.8   3.867e-13
       904.8   3.868e-13
       904.8   3.868e-13
       904.9   3.869e-13
       904.9   3.869e-13
         905    3.87e-13
         905   3.871e-13
       905.1   3.872e-13
       905.2   3.874e-13
       905.5   3.879e-13
       906.2   3.889e-13
       907.4   3.908e-13
         908   3.917e-13
       909.9   3.947e-13
       911.8   3.987e-13
       912.8   4.001e-13
       913.2   4.008e-13
       913.7   4.016e-13
       914.2   4.028e-13
       914.4   4.037e-13
       914.6   4.047e-13
       914.9   4.062e-13
       915.1   4.078e-13
       915.4   4.102e-13
       915.6   4.127e-13
       915.8   4.159e-13
       916.1   4.198e-13
       916.3   4.243e-13
       916.5   4.294e-13
       916.8   4.352e-13
         917   4.416e-13
       917.2   4.486e-13
       917.5   4.561e-13
       917.7   4.639e-13
         918   4.717e-13
       918.1   4.753e-13
       918.2   4.783e-13
       918.3   4.806e-13
       918.4   4.814e-13
       918.4   4.818e-13
       918.5   4.815e-13
       918.5   4.809e-13
       918.5   4.804e-13
       918.6   4.795e-13
       918.6   4.786e-13
       918.6   4.772e-13
       918.7   4.757e-13
       918.7   4.738e-13
       918.7   4.718e-13
       918.8   4.692e-13
       918.8   4.659e-13
       918.8   4.619e-13
       918.8   4.571e-13
       918.9   4.529e-13
       918.9   4.517e-13
       918.9   4.486e-13
       918.9   4.436e-13
         919   4.329e-13
         919   4.213e-13
       919.1   4.094e-13
       919.1   3.962e-13
       919.2   3.825e-13
       919.2   3.677e-13
       919.3   3.537e-13
       919.3     3.5e-13
       919.3   3.467e-13
       919.3   3.451e-13
       919.4   3.439e-13
       919.4    3.51e-13
       919.5   3.649e-13
       919.5   3.812e-13
       919.6   3.974e-13
       919.6    4.13e-13
       919.7   4.274e-13
       919.7   4.422e-13
       919.8   4.564e-13
       919.8    4.68e-13
       919.9   4.777e-13
       919.9   4.885e-13
         920   4.967e-13
         920   5.026e-13
       920.1   5.066e-13
       920.1   5.087e-13
       920.2   5.086e-13
       920.2   5.069e-13
       920.3   5.031e-13
       920.3   4.972e-13
       920.4   4.896e-13
       920.4    4.79e-13
       920.5   4.657e-13
       920.5   4.527e-13
       920.6   4.387e-13
       920.6   4.225e-13
       920.7   4.044e-13
       920.7   3.869e-13
       920.8   3.684e-13
       920.8   3.496e-13
       920.9   3.302e-13
       920.9   3.118e-13
       920.9   3.081e-13
       920.9   3.021e-13
         921   3.007e-13
         921   2.994e-13
         921   3.085e-13
       921.1   3.266e-13
       921.1    3.47e-13
       921.2   3.673e-13
       921.3   4.073e-13
       921.3   4.279e-13
       921.4   4.484e-13
       921.4    4.67e-13
       921.5   4.846e-13
       921.5   5.048e-13
       921.6   5.228e-13
       921.6   5.379e-13
       921.7   5.519e-13
       921.7   5.648e-13
       921.8   5.759e-13
       921.8   5.853e-13
       921.9   5.928e-13
       921.9   5.982e-13
         922   6.014e-13
         922   6.028e-13
       922.1   6.025e-13
       922.1    6.01e-13
       922.2   5.979e-13
       922.2   5.924e-13
       922.3   5.849e-13
       922.3   5.748e-13
       922.4   5.624e-13
       922.4   5.487e-13
       922.5   5.335e-13
       922.5   5.178e-13
       922.6   5.004e-13
       922.6   4.808e-13
       922.7   4.602e-13
       922.7   4.401e-13
       922.8   4.197e-13
       922.8   3.984e-13
       922.9   3.771e-13
       922.9   3.555e-13
         923   3.342e-13
         923   3.289e-13
         923   3.118e-13
         923   3.091e-13
       923.1   2.894e-13
       923.1   2.726e-13
       923.1   2.645e-13
       923.2   2.732e-13
       923.2   2.905e-13
       923.3   3.096e-13
       923.3   3.293e-13
       923.4   3.682e-13
       923.5    4.07e-13
       923.7   4.864e-13
       923.8   5.278e-13
       923.9   5.648e-13
       923.9   6.028e-13
         924   6.213e-13
         924   6.384e-13
       924.1   6.545e-13
       924.1   6.692e-13
       924.2   6.828e-13
       924.2   6.949e-13
       924.2   7.072e-13
       924.3   7.191e-13
       924.3   7.298e-13
       924.4    7.39e-13
       924.4    7.47e-13
       924.5   7.537e-13
       924.5   7.592e-13
       924.5   7.635e-13
       924.6   7.664e-13
       924.6   7.683e-13
       924.7   7.691e-13
       924.7   7.686e-13
       924.8   7.669e-13
       924.8   7.641e-13
       924.9     7.6e-13
       924.9   7.544e-13
       924.9   7.475e-13
         925    7.39e-13
         925   7.291e-13
       925.1   7.177e-13
       925.1    7.05e-13
       925.2   6.915e-13
       925.2   6.786e-13
       925.3   6.646e-13
       925.3   6.496e-13
       925.3   6.333e-13
       925.4   6.156e-13
       925.4   5.969e-13
       925.5   5.591e-13
       925.6   5.401e-13
       925.6   5.213e-13
       925.6   5.021e-13
       925.7   4.822e-13
       925.8   4.415e-13
       925.9   4.007e-13
         926   3.598e-13
         926   3.249e-13
         926   3.194e-13
       926.1   3.017e-13
       926.1   2.897e-13
       926.1   2.776e-13
       926.2   2.656e-13
       926.2   2.542e-13
       926.2   2.461e-13
       926.2   2.422e-13
       926.3   2.543e-13
       926.3   2.781e-13
       926.4   3.019e-13
       926.4   3.258e-13
       926.5   3.495e-13
       926.5   3.732e-13
       926.6    3.97e-13
       926.6   4.207e-13
       926.7   4.444e-13
       926.7   4.686e-13
       926.8   4.929e-13
       926.8   5.163e-13
       926.9   5.398e-13
       926.9   5.642e-13
         927   6.136e-13
       927.1   6.388e-13
       927.1    6.63e-13
       927.2   6.869e-13
       927.2   7.099e-13
       927.3   7.321e-13
       927.3   7.557e-13
       927.4   7.803e-13
       927.5   8.264e-13
       927.5   8.478e-13
       927.6    8.68e-13
       927.6   8.868e-13
       927.7   9.046e-13
       927.8   9.391e-13
       927.9   9.696e-13
         928   9.953e-13
       928.1   1.016e-12
       928.2   1.033e-12
       928.3   1.045e-12
       928.4   1.053e-12
       928.5   1.057e-12
       928.6   1.056e-12
       928.7   1.051e-12
       928.7   1.046e-12
       928.8    1.04e-12
       928.8   1.033e-12
       928.9   1.024e-12
       928.9   1.014e-12
         929   1.002e-12
       929.1   9.748e-13
       929.1   9.602e-13
       929.2   9.444e-13
       929.2   9.274e-13
       929.3   9.092e-13
       929.3    8.91e-13
       929.4   8.721e-13
       929.4   8.519e-13
       929.5   8.305e-13
       929.6   7.862e-13
       929.7   7.399e-13
       929.8   6.935e-13
       929.9   6.464e-13
         930   5.982e-13
       930.1   5.499e-13
       930.2   5.021e-13
       930.3   4.543e-13
       930.4   4.058e-13
       930.5   3.568e-13
       930.5   3.322e-13
       930.6   3.069e-13
       930.6   2.812e-13
       930.7   2.551e-13
       930.7   2.434e-13
       930.7   2.416e-13
       930.7   2.331e-13
       930.7     2.3e-13
       930.8   2.435e-13
       930.8   2.703e-13
       930.9   2.962e-13
       930.9   3.212e-13
         931   3.467e-13
         931    3.71e-13
       931.1   4.213e-13
       931.2     4.7e-13
       931.3   5.191e-13
       931.4   5.673e-13
       931.5   6.185e-13
       931.6     6.7e-13
       931.7   7.207e-13
       931.8   7.716e-13
       931.9   8.255e-13
         932   8.788e-13
       932.1   9.307e-13
       932.3   1.035e-12
       932.5    1.14e-12
       932.6   1.191e-12
       932.7    1.24e-12
       932.8   1.286e-12
       932.9    1.33e-12
         933   1.371e-12
       933.1    1.41e-12
       933.2   1.446e-12
       933.3   1.479e-12
       933.4    1.51e-12
       933.5   1.536e-12
       933.6    1.56e-12
       933.7   1.581e-12
       933.8   1.599e-12
       933.9   1.615e-12
         934   1.629e-12
       934.1   1.639e-12
       934.2   1.644e-12
       934.3   1.645e-12
       934.4   1.642e-12
       934.5   1.634e-12
       934.6   1.623e-12
       934.7   1.606e-12
       934.8   1.586e-12
       934.9   1.561e-12
         935   1.531e-12
       935.1   1.498e-12
       935.2   1.461e-12
       935.3   1.422e-12
       935.4   1.379e-12
       935.5   1.336e-12
       935.7   1.249e-12
       935.9   1.155e-12
       936.1   1.057e-12
       936.3   9.599e-13
       936.5    8.61e-13
       936.7   7.603e-13
       936.9   6.592e-13
       937.1   5.585e-13
       937.2   5.083e-13
       937.3    4.58e-13
       937.4   4.328e-13
       937.4   4.076e-13
       937.5   3.821e-13
       937.5   3.562e-13
       937.6   3.295e-13
       937.6    3.03e-13
       937.7   2.743e-13
       937.7   2.435e-13
       937.8     2.4e-13
       937.8   2.268e-13
       937.8   2.255e-13
       937.8   2.242e-13
       937.9   2.401e-13
       937.9   2.707e-13
         938       3e-13
         938   3.269e-13
       938.1   3.539e-13
       938.1     3.8e-13
       938.2   4.062e-13
       938.3   4.573e-13
       938.4   5.078e-13
       938.5   5.582e-13
       938.6   6.092e-13
       938.7   6.613e-13
       938.9    7.66e-13
       939.1   8.719e-13
       939.3   9.773e-13
       939.4   1.031e-12
       939.5   1.087e-12
       939.6   1.143e-12
       939.7   1.201e-12
       939.8   1.259e-12
       939.9   1.319e-12
         940    1.38e-12
       940.1   1.441e-12
       940.2   1.506e-12
       940.3   1.577e-12
       940.4   1.649e-12
       940.6   1.796e-12
       940.8   1.947e-12
         941   2.094e-12
       941.2   2.237e-12
       941.3   2.306e-12
       941.4   2.375e-12
       941.5   2.441e-12
       941.6   2.497e-12
       941.7   2.551e-12
       941.8   2.604e-12
       941.9   2.655e-12
       942.1   2.752e-12
       942.3   2.841e-12
       942.5   2.923e-12
       942.7   2.999e-12
       942.9   3.067e-12
       943.1   3.125e-12
       943.3   3.175e-12
       943.5   3.217e-12
       943.7   3.249e-12
       943.8   3.262e-12
       943.9   3.271e-12
         944   3.279e-12
       944.1   3.279e-12
       944.2   3.277e-12
       944.3   3.271e-12
       944.4   3.261e-12
       944.5   3.248e-12
       944.6   3.231e-12
       944.7    3.21e-12
       944.8   3.185e-12
       944.9   3.151e-12
         945    3.11e-12
       945.1   3.067e-12
       945.2   3.017e-12
       945.3   2.963e-12
       945.4   2.905e-12
       945.5   2.843e-12
       945.6   2.778e-12
       945.8    2.64e-12
         946   2.491e-12
       946.2   2.341e-12
       946.4   2.196e-12
       946.6   2.052e-12
       946.8   1.913e-12
         947   1.777e-12
       947.1    1.71e-12
       947.2   1.645e-12
       947.3   1.581e-12
       947.4   1.518e-12
       947.5   1.458e-12
       947.6   1.401e-12
       947.7   1.345e-12
       947.8    1.29e-12
         948   1.181e-12
       948.2   1.074e-12
       948.4   9.683e-13
       948.6   8.637e-13
         949   6.546e-13
         949   6.494e-13
       949.2   5.486e-13
       949.3   4.979e-13
       949.3   4.724e-13
       949.4   4.475e-13
       949.4   4.216e-13
       949.5   3.948e-13
       949.5   3.676e-13
       949.5   3.395e-13
       949.6   3.105e-13
       949.6   2.772e-13
       949.7   2.409e-13
       949.7   2.247e-13
       949.8   2.413e-13
       949.8   2.777e-13
       949.9   3.104e-13
       949.9   3.398e-13
         950   3.684e-13
         950   3.961e-13
       950.1    4.23e-13
       950.1   4.488e-13
       950.2   4.739e-13
       950.2   4.996e-13
       950.3    5.51e-13
       950.5   6.535e-13
       950.7   7.578e-13
       951.1   9.665e-13
       951.3   1.072e-12
       951.5   1.181e-12
       951.7   1.292e-12
       951.9   1.407e-12
         952   1.467e-12
       952.1   1.529e-12
       952.2   1.595e-12
       952.3   1.664e-12
       952.4   1.735e-12
       952.5   1.808e-12
       952.6   1.885e-12
       952.7   1.964e-12
       952.8   2.043e-12
       952.9   2.125e-12
         953   2.214e-12
       953.1   2.306e-12
       953.2   2.402e-12
       953.3   2.501e-12
       953.4   2.602e-12
       953.5   2.713e-12
       953.6   2.831e-12
       953.6   2.951e-12
       953.8   3.201e-12
         954    3.46e-12
       954.2   3.729e-12
       954.4   4.001e-12
       954.6   4.276e-12
       954.8   4.529e-12
         955   4.759e-12
       955.2   4.985e-12
       955.4   5.204e-12
       955.6   5.411e-12
       955.8   5.602e-12
         956   5.786e-12
       956.4   6.138e-12
       956.8   6.461e-12
       957.2   6.758e-12
       957.6   7.028e-12
       957.9   7.273e-12
       958.3    7.49e-12
       958.7   7.678e-12
       959.1   7.836e-12
       959.5   7.964e-12
       959.9   8.058e-12
       960.3   8.119e-12
       960.7   8.146e-12
       961.1   8.136e-12
       961.5   8.091e-12
       961.9    8.01e-12
       962.2   7.892e-12
       962.4   7.822e-12
       962.6   7.738e-12
       962.8    7.65e-12
         963   7.548e-12
       963.4   7.322e-12
       963.8   7.063e-12
       964.2   6.773e-12
       964.6   6.455e-12
         965   6.114e-12
       965.4   5.751e-12
       965.8   5.374e-12
       966.1   4.987e-12
       966.5   4.596e-12
       966.9   4.206e-12
       967.3   3.821e-12
       967.5   3.632e-12
       967.7   3.447e-12
       967.9   3.266e-12
       968.1    3.09e-12
       968.3   2.918e-12
       968.5   2.752e-12
       968.7   2.591e-12
       968.9   2.435e-12
       969.1   2.286e-12
       969.3   2.143e-12
       969.5   2.005e-12
       969.7   1.873e-12
       969.9   1.746e-12
       970.1   1.625e-12
       970.3   1.508e-12
       970.4   1.396e-12
       970.6   1.288e-12
       970.8   1.182e-12
         971   1.079e-12
       971.2   9.773e-13
       971.4   8.752e-13
       971.6   7.731e-13
       971.7   7.213e-13
       971.8   6.697e-13
       971.9   6.172e-13
         972   5.907e-13
         972   5.643e-13
       972.1   5.383e-13
       972.1   5.117e-13
       972.2   4.851e-13
       972.2   4.579e-13
       972.3   4.292e-13
       972.3   3.993e-13
       972.4   3.682e-13
       972.4   3.331e-13
       972.4     2.9e-13
       972.5   2.818e-13
       972.5    2.54e-13
       972.5   2.485e-13
       972.5   2.371e-13
       972.6   2.541e-13
       972.6   3.007e-13
       972.7   3.432e-13
       972.7   3.775e-13
       972.8   4.094e-13
       972.8   4.399e-13
       972.9   4.688e-13
       972.9   4.964e-13
         973   5.238e-13
       973.1   5.785e-13
       973.2    6.33e-13
       973.3   6.874e-13
       973.4    7.41e-13
       973.6   8.479e-13
       973.8   9.544e-13
         974   1.061e-12
       974.2   1.169e-12
       974.4    1.28e-12
       974.6   1.394e-12
       974.8   1.513e-12
         975   1.637e-12
       975.2   1.767e-12
       975.4   1.904e-12
       975.6   2.048e-12
       975.8     2.2e-12
         976    2.36e-12
       976.2   2.529e-12
       976.4   2.707e-12
       976.6   2.895e-12
       976.8   3.092e-12
         977     3.3e-12
       977.2   3.517e-12
       977.4   3.745e-12
       977.6   3.984e-12
       977.8   4.233e-12
         978   4.493e-12
       978.2   4.764e-12
       978.4   5.045e-12
       978.6   5.337e-12
       978.8    5.64e-12
         979   5.953e-12
       979.2   6.276e-12
       979.4   6.609e-12
       979.6   6.953e-12
       979.8   7.307e-12
         980    7.67e-12
       980.2   8.045e-12
       980.4   8.427e-12
       980.6   8.818e-12
         981   9.627e-12
       981.4   1.047e-11
       981.8   1.134e-11
       982.2   1.223e-11
       982.6   1.315e-11
         983   1.408e-11
       983.4   1.504e-11
       984.2   1.697e-11
         985   1.891e-11
       985.8   2.084e-11
       986.6   2.272e-11
       987.4   2.453e-11
       988.2   2.626e-11
         989   2.788e-11
       989.8   2.937e-11
       990.6   3.073e-11
       991.4   3.196e-11
       992.2   3.304e-11
         993   3.397e-11
       993.8   3.475e-11
       994.6   3.539e-11
       995.4   3.588e-11
       996.2   3.622e-11
         997   3.642e-11
       997.8   3.648e-11
       998.6    3.64e-11
       999.4   3.619e-11
        1000   3.585e-11
        1001   3.537e-11
        1002   3.478e-11
        1003   3.405e-11
        1003   3.321e-11
        1004   3.226e-11
        1005   3.119e-11
        1006   3.002e-11
        1007   2.875e-11
        1007   2.738e-11
        1008   2.594e-11
        1009   2.442e-11
        1010   2.284e-11
        1011   2.121e-11
        1011   1.955e-11
        1012   1.787e-11
        1013    1.62e-11
        1014   1.455e-11
        1014   1.374e-11
        1015   1.294e-11
        1015   1.215e-11
        1015   1.139e-11
        1016   1.064e-11
        1016   9.915e-12
        1017    9.21e-12
        1017    8.53e-12
        1017   7.876e-12
        1018    7.25e-12
        1018   6.948e-12
        1018   6.654e-12
        1018   6.367e-12
        1019   6.086e-12
        1019   5.814e-12
        1019    5.55e-12
        1019   5.293e-12
        1019   5.044e-12
        1020   4.803e-12
        1020   4.569e-12
        1020   4.344e-12
        1020   4.127e-12
        1020   3.918e-12
        1021   3.717e-12
        1021   3.524e-12
        1021   3.338e-12
        1021    3.16e-12
        1021   2.988e-12
        1022   2.824e-12
        1022   2.667e-12
        1022   2.516e-12
        1022   2.373e-12
        1022   2.235e-12
        1023   2.103e-12
        1023   1.976e-12
        1023   1.854e-12
        1023   1.737e-12
        1023   1.624e-12
        1024   1.514e-12
        1024   1.407e-12
        1024   1.302e-12
        1024   1.197e-12
        1024   1.093e-12
        1025   9.882e-13
        1025   8.823e-13
        1025   8.285e-13
        1025    7.73e-13
        1025   7.183e-13
        1025   6.621e-13
        1025   6.051e-13
        1025   5.761e-13
        1025    5.46e-13
        1025   5.153e-13
        1025   4.817e-13
        1026   4.425e-13
        1026   3.956e-13
        1026   3.329e-13
        1026   3.132e-13
        1026   2.975e-13
        1026   2.906e-13
        1026   2.856e-13
        1026   2.976e-13
        1026   3.533e-13
        1026    4.12e-13
        1026   4.558e-13
        1026   4.929e-13
        1026   5.262e-13
        1026   5.574e-13
        1026   5.868e-13
        1026   6.157e-13
        1026    6.73e-13
        1026   7.295e-13
        1026   7.857e-13
        1027   8.408e-13
        1027   8.958e-13
        1027   1.004e-12
        1027    1.11e-12
        1027   1.321e-12
        1028   1.429e-12
        1028   1.538e-12
        1028    1.65e-12
        1028   1.766e-12
        1028   1.886e-12
        1029   2.011e-12
        1029   2.141e-12
        1029   2.276e-12
        1029   2.416e-12
        1029   2.564e-12
        1030   2.718e-12
        1030   2.878e-12
        1030   3.046e-12
        1030   3.221e-12
        1030   3.403e-12
        1031   3.592e-12
        1031    3.79e-12
        1031   3.995e-12
        1031   4.207e-12
        1031   4.428e-12
        1032   4.656e-12
        1032   4.894e-12
        1032   5.139e-12
        1032   5.391e-12
        1032   5.651e-12
        1033   5.919e-12
        1033   6.195e-12
        1033   6.477e-12
        1033    6.77e-12
        1033   7.064e-12
        1034   7.372e-12
        1034   8.004e-12
        1034   8.663e-12
        1035   9.347e-12
        1035   1.006e-11
        1036   1.079e-11
        1036   1.153e-11
        1036    1.23e-11
        1037   1.309e-11
        1037   1.389e-11
        1038   1.553e-11
        1039    1.72e-11
        1040   1.888e-11
        1040   2.056e-11
        1041   2.223e-11
        1042   2.387e-11
        1043   2.547e-11
        1044   2.703e-11
        1044   2.853e-11
        1045   2.997e-11
        1046   3.134e-11
        1047   3.265e-11
        1048   3.389e-11
        1048   3.506e-11
        1049   3.616e-11
        1050    3.72e-11
        1051   3.817e-11
        1052   3.908e-11
        1052   3.993e-11
        1053   4.073e-11
        1054   4.146e-11
        1055   4.215e-11
        1056   4.278e-11
        1057   4.391e-11
        1059   4.489e-11
        1060   4.573e-11
        1062   4.644e-11
        1064   4.703e-11
        1065   4.754e-11
        1067   4.795e-11
        1068    4.83e-11
        1070   4.857e-11
        1072   4.879e-11
        1075   4.909e-11
        1078   4.924e-11
        1081   4.927e-11
        1084   4.921e-11
        1088   4.908e-11
        1091   4.889e-11
        1094   4.865e-11
        1097   4.837e-11
        1100   4.806e-11
        1104   4.772e-11
        1107   4.737e-11
        1110   4.699e-11
        1113   4.661e-11
        1116    4.62e-11
        1120   4.579e-11
        1123   4.536e-11
        1126   4.492e-11
        1129   4.448e-11
        1132   4.402e-11
        1136   4.354e-11
        1139   4.306e-11
        1142   4.256e-11
        1145   4.204e-11
        1148    4.15e-11
        1152   4.093e-11
        1155   4.033e-11
        1158    3.97e-11
        1161   3.902e-11
        1164   3.828e-11
        1168   3.746e-11
        1171   3.655e-11
        1174   3.552e-11
        1176   3.496e-11
        1177   3.434e-11
        1179   3.368e-11
        1180   3.296e-11
        1182   3.218e-11
        1184   3.132e-11
        1185   3.038e-11
        1187   2.935e-11
        1188   2.821e-11
        1190   2.697e-11
        1191   2.631e-11
        1192   2.561e-11
        1192   2.487e-11
        1193   2.411e-11
        1194   2.331e-11
        1195   2.247e-11
        1196   2.159e-11
        1196   2.069e-11
        1197   1.975e-11
        1198   1.878e-11
        1199   1.779e-11
        1200   1.677e-11
        1200   1.573e-11
        1201   1.468e-11
        1203   1.256e-11
        1204   1.151e-11
        1204   1.047e-11
        1205   9.457e-12
        1206   8.961e-12
        1206   8.475e-12
        1206   7.998e-12
        1207   7.533e-12
        1207   7.081e-12
        1208   6.642e-12
        1208   6.218e-12
        1208    5.81e-12
        1209   5.416e-12
        1209   5.038e-12
        1210   4.676e-12
        1210   4.331e-12
        1210   4.005e-12
        1211   3.846e-12
        1211   3.695e-12
        1211   3.544e-12
        1211   3.401e-12
        1211   3.258e-12
        1212   3.123e-12
        1212   2.988e-12
        1212    2.86e-12
        1212   2.733e-12
        1212   2.611e-12
        1213   2.489e-12
        1213   2.371e-12
        1213   2.256e-12
        1213   2.029e-12
        1214   1.804e-12
        1214    1.69e-12
        1214   1.575e-12
        1214   1.457e-12
        1215   1.396e-12
        1215   1.333e-12
        1215   1.271e-12
        1215   1.206e-12
        1215   1.139e-12
        1215   1.071e-12
        1215   1.036e-12
        1215   1.001e-12
        1215   9.634e-13
        1215    9.25e-13
        1215    8.86e-13
        1215   8.429e-13
        1215   7.916e-13
        1215   7.224e-13
        1216     6.3e-13
        1216    5.42e-13
        1216   5.113e-13
        1216   5.107e-13
        1216   5.114e-13
        1216   5.382e-13
        1216   6.317e-13
        1216   7.221e-13
        1216   7.943e-13
        1216    8.43e-13
        1216   8.866e-13
        1216    9.26e-13
        1216   9.645e-13
        1216   1.002e-12
        1216   1.038e-12
        1216   1.108e-12
        1216   1.176e-12
        1217   1.241e-12
        1217   1.306e-12
        1217   1.369e-12
        1217   1.492e-12
        1217    1.61e-12
        1217   1.726e-12
        1218   1.841e-12
        1218   2.068e-12
        1218   2.298e-12
        1219   2.535e-12
        1219   2.657e-12
        1219   2.782e-12
        1219    2.91e-12
        1220   3.041e-12
        1220   3.176e-12
        1220   3.315e-12
        1220   3.458e-12
        1220   3.604e-12
        1221   3.754e-12
        1221   3.909e-12
        1221   4.067e-12
        1221   4.396e-12
        1222   4.741e-12
        1222   5.104e-12
        1223   5.481e-12
        1223   5.873e-12
        1223   6.278e-12
        1224   6.697e-12
        1224    7.13e-12
        1225   7.574e-12
        1225   8.031e-12
        1225   8.493e-12
        1226   9.443e-12
        1227   1.041e-11
        1228    1.14e-11
        1229   1.338e-11
        1230   1.435e-11
        1231   1.531e-11
        1232   1.624e-11
        1233   1.714e-11
        1233     1.8e-11
        1234   1.883e-11
        1235   1.962e-11
        1236   2.037e-11
        1237   2.109e-11
        1237   2.176e-11
        1238   2.238e-11
        1239   2.297e-11
        1240   2.353e-11
        1241   2.404e-11
        1241   2.452e-11
        1242   2.496e-11
        1243   2.538e-11
        1244   2.575e-11
        1245   2.645e-11
        1247   2.704e-11
        1249   2.754e-11
        1250   2.797e-11
        1252   2.833e-11
        1253   2.863e-11
        1255   2.888e-11
        1257   2.909e-11
        1258   2.926e-11
        1260    2.94e-11
        1263   2.959e-11
        1266    2.97e-11
        1269   2.974e-11
        1273   2.973e-11
        1276   2.968e-11
        1279    2.96e-11
        1282   2.949e-11
        1285   2.936e-11
        1289   2.922e-11
        1292   2.906e-11
        1295    2.89e-11
        1296   2.882e-11
        1298   2.872e-11
        1300   2.862e-11
        1305   2.833e-11
        1310   2.803e-11
        1315   2.773e-11
        1320   2.743e-11
        1330   2.682e-11
        1350   2.561e-11
        1370   2.445e-11
        1390   2.333e-11
        1410   2.228e-11
        1430   2.128e-11
        1450   2.034e-11
        1470   1.946e-11
        1490   1.862e-11
        1510   1.783e-11
        1530   1.708e-11
        1550   1.637e-11
        1570    1.57e-11
        1590   1.506e-11
        1610   1.446e-11
        1630   1.389e-11
        1650   1.335e-11
        1670   1.284e-11
        1690   1.235e-11
        1710   1.189e-11
        1730   1.145e-11
        1750   1.103e-11
        1770   1.063e-11
        1790   1.025e-11
        1810   9.884e-12
        1830   9.537e-12
        1850   9.207e-12
        1870   8.891e-12
        1890    8.59e-12
        1910   8.301e-12
        1930   8.026e-12
        1950   7.762e-12
        1970    7.51e-12
        1990   7.268e-12
        2010   7.037e-12
        2030   6.814e-12
        2050   6.601e-12
        2070   6.397e-12
        2090   6.201e-12
        2110   6.013e-12
        2130   5.832e-12
        2150   5.658e-12
        2170   5.491e-12
        2190    5.33e-12
        2210   5.175e-12
        2230   5.026e-12
        2250   4.883e-12
        2270   4.745e-12
        2290   4.612e-12
        2310   4.484e-12
        2330    4.36e-12
        2350   4.241e-12
        2370   4.126e-12
        2390   4.015e-12
        2410   3.908e-12
        2430   3.804e-12
        2450   3.704e-12
        2470   3.608e-12
        2490   3.514e-12
        2510   3.424e-12
        2530   3.337e-12
        2550   3.253e-12
        2570   3.171e-12
        2590   3.092e-12
        2610   3.015e-12
        2630   2.941e-12
        2650    2.87e-12
        2670     2.8e-12
        2690   2.733e-12
        2710   2.668e-12
        2730   2.604e-12
        2750   2.543e-12
        2770   2.483e-12
        2790   2.426e-12
        2810    2.37e-12
        2830   2.315e-12
        2850   2.263e-12
        2870   2.211e-12
        2890   2.162e-12
        2910   2.113e-12
        2930   2.066e-12
        2950   2.021e-12
        2970   1.976e-12
        2990   1.933e-12
        3010   1.891e-12
        3030   1.851e-12
        3050   1.811e-12
        3070   1.773e-12
        3090   1.735e-12
        3110   1.699e-12
        3130   1.663e-12
        3150   1.629e-12
        3170   1.595e-12
        3190   1.562e-12
        3210    1.53e-12
        3230   1.499e-12
        3250   1.469e-12
        3270   1.439e-12
        3290   1.411e-12
        3310   1.383e-12
        3330   1.355e-12
        3350   1.329e-12
        3370   1.303e-12
        3390   1.277e-12
        3410   1.253e-12
        3430   1.229e-12
        3450   1.205e-12
        3470   1.182e-12
        3490    1.16e-12
        3510   1.138e-12
        3530   1.117e-12
        3550   1.096e-12
        3570   1.076e-12
        3590   1.056e-12
        3610   1.036e-12
        3613   1.034e-12
        3630   1.017e-12
        3644   1.004e-12
        3647   1.001e-12
        3650   9.987e-13
        3660   9.894e-13
        3670   9.801e-13
        3676   9.744e-13
        3680    9.71e-13
        3680   9.709e-13
        3683    9.68e-13
        3684   9.674e-13
        3687   9.645e-13
        3688   9.637e-13
        3693   9.595e-13
        3698   9.544e-13
        3703   9.504e-13
        3704   9.495e-13
        3705   9.485e-13
        3707   9.465e-13
        3710    9.44e-13
        3712   9.426e-13
        3713   9.413e-13
        3716   9.387e-13
        3721   9.342e-13
        3722   9.339e-13
        3722   9.334e-13
        3723   9.326e-13
        3725   9.311e-13
        3728    9.28e-13
        3735    9.22e-13
        3742   9.163e-13
        3747   9.116e-13
        3749   9.097e-13
        3751    9.08e-13
        3755   9.057e-13
        3759   9.028e-13
        3761    9.01e-13
        3766   8.957e-13
        3769   8.928e-13
        3772     8.9e-13
        3774   8.893e-13
        3777   8.888e-13
        3782   8.863e-13
        3785   8.842e-13
        3788   8.812e-13
        3790    8.78e-13
        3793   8.735e-13
        3798   8.649e-13
        3798   8.642e-13
        3799   8.634e-13
        3800   8.638e-13
        3801   8.649e-13
        3804   8.674e-13
        3806   8.694e-13
        3809   8.703e-13
        3811   8.709e-13
        3814   8.702e-13
        3816   8.687e-13
        3819   8.659e-13
        3821   8.618e-13
        3824   8.566e-13
        3826   8.502e-13
        3829   8.427e-13
        3831   8.344e-13
        3831   8.338e-13
        3834   8.247e-13
        3835   8.201e-13
        3836   8.183e-13
        3836   8.169e-13
        3837    8.18e-13
        3838   8.195e-13
        3838   8.214e-13
        3839   8.235e-13
        3840   8.279e-13
        3843   8.364e-13
        3846   8.438e-13
        3848   8.501e-13
        3851   8.553e-13
        3854   8.587e-13
        3856   8.603e-13
        3859   8.605e-13
        3862   8.595e-13
        3864    8.56e-13
        3867    8.51e-13
        3870   8.446e-13
        3872   8.359e-13
        3875   8.243e-13
        3876   8.181e-13
        3877   8.114e-13
        3879   8.039e-13
        3880   7.961e-13
        3883   7.789e-13
        3885   7.603e-13
        3886   7.561e-13
        3887   7.482e-13
        3888   7.406e-13
        3889   7.372e-13
        3889   7.339e-13
        3890   7.314e-13
        3890   7.304e-13
        3891   7.312e-13
        3891   7.334e-13
        3892   7.363e-13
        3892   7.396e-13
        3893   7.468e-13
        3895   7.617e-13
        3897   7.752e-13
        3899   7.884e-13
        3902   8.005e-13
        3904    8.12e-13
        3906   8.218e-13
        3908   8.313e-13
        3910   8.389e-13
        3912   8.451e-13
        3914   8.504e-13
        3916   8.553e-13
        3918   8.587e-13
        3920   8.609e-13
        3924   8.632e-13
        3929   8.625e-13
        3931   8.606e-13
        3933   8.584e-13
        3935   8.549e-13
        3937   8.502e-13
        3939   8.444e-13
        3941   8.378e-13
        3943   8.303e-13
        3945    8.21e-13
        3947   8.098e-13
        3949   7.976e-13
        3951   7.852e-13
        3953   7.713e-13
        3956    7.55e-13
        3958   7.376e-13
        3960     7.2e-13
        3962   7.002e-13
        3964   6.794e-13
        3966    6.57e-13
        3968   6.332e-13
        3969   6.215e-13
        3970   6.074e-13
        3971   6.001e-13
        3971   5.964e-13
        3971   5.947e-13
        3971    5.94e-13
        3971   5.946e-13
        3971   5.961e-13
        3972   5.979e-13
        3972   5.997e-13
        3972   6.015e-13
        3972   6.033e-13
        3972   6.049e-13
        3972   6.066e-13
        3972   6.082e-13
        3973   6.099e-13
        3973   6.117e-13
        3973   6.133e-13
        3973   6.149e-13
        3973   6.165e-13
        3973   6.182e-13
        3973   6.199e-13
        3974   6.231e-13
        3974   6.294e-13
        3975   6.416e-13
        3977   6.536e-13
        3978   6.647e-13
        3980   6.854e-13
        3982   7.058e-13
        3984   7.242e-13
        3987   7.408e-13
        3989   7.575e-13
        3991   7.715e-13
        3993    7.84e-13
        3996   7.968e-13
        3998   8.083e-13
        4000   8.176e-13
        4002   8.253e-13
        4005   8.326e-13
        4007   8.387e-13
        4009   8.441e-13
        4011   8.479e-13
        4016   8.536e-13
        4020   8.569e-13
        4025   8.585e-13
        4029   8.584e-13
        4034   8.568e-13
        4038   8.539e-13
        4043   8.496e-13
        4047   8.434e-13
        4052   8.348e-13
        4056   8.239e-13
        4058   8.176e-13
        4061   8.101e-13
        4063   8.021e-13
        4065   7.922e-13
        4067   7.819e-13
        4070   7.707e-13
        4072   7.592e-13
        4074   7.475e-13
        4076   7.347e-13
        4078   7.203e-13
        4081   7.047e-13
        4083   6.885e-13
        4085   6.712e-13
        4087   6.515e-13
        4090   6.313e-13
        4092   6.096e-13
        4094   5.858e-13
        4095   5.736e-13
        4096     5.6e-13
        4097   5.532e-13
        4098   5.462e-13
        4098   5.389e-13
        4099   5.309e-13
        4099    5.23e-13
        4100   5.149e-13
        4100    5.06e-13
        4101    4.97e-13
        4101   4.928e-13
        4102   4.857e-13
        4102    4.79e-13
        4102   4.765e-13
        4102   4.747e-13
        4103   4.746e-13
        4103   4.755e-13
        4103   4.745e-13
        4103   4.746e-13
        4104   4.761e-13
        4104   4.784e-13
        4104   4.848e-13
        4105   4.916e-13
        4105   5.051e-13
        4106   5.177e-13
        4107    5.29e-13
        4108   5.403e-13
        4109   5.505e-13
        4110   5.602e-13
        4111   5.697e-13
        4112   5.782e-13
        4112   5.866e-13
        4113   5.951e-13
        4114   6.033e-13
        4116   6.182e-13
        4118   6.317e-13
        4119   6.458e-13
        4121   6.583e-13
        4123   6.696e-13
        4125   6.803e-13
        4128   7.006e-13
        4131   7.174e-13
        4135   7.317e-13
        4138   7.462e-13
        4142   7.589e-13
        4145   7.692e-13
        4149    7.77e-13
        4152   7.834e-13
        4156   7.886e-13
        4159   7.925e-13
        4163   7.953e-13
        4166   7.971e-13
        4173   7.987e-13
        4180   7.989e-13
        4187   7.977e-13
        4194   7.955e-13
        4201   7.927e-13
        4208   7.895e-13
        4215   7.858e-13
        4221   7.818e-13
        4228   7.773e-13
        4235   7.724e-13
        4242    7.67e-13
        4249   7.609e-13
        4256    7.54e-13
        4263   7.455e-13
        4270   7.358e-13
        4277   7.237e-13
        4284   7.086e-13
        4291   6.905e-13
        4294   6.805e-13
        4298   6.698e-13
        4301    6.58e-13
        4304   6.449e-13
        4308   6.301e-13
        4311   6.145e-13
        4315   5.978e-13
        4318   5.788e-13
        4322   5.577e-13
        4324   5.466e-13
        4325   5.346e-13
        4327   5.219e-13
        4329   5.087e-13
        4330   4.947e-13
        4332   4.793e-13
        4333   4.716e-13
        4334   4.638e-13
        4335   4.549e-13
        4336   4.457e-13
        4337   4.358e-13
        4337    4.25e-13
        4338   4.194e-13
        4338   4.135e-13
        4339   4.068e-13
        4339   4.001e-13
        4340    3.93e-13
        4340   3.851e-13
        4340   3.848e-13
        4340   3.763e-13
        4340   3.762e-13
        4341    3.72e-13
        4341   3.675e-13
        4341   3.625e-13
        4341   3.563e-13
        4341   3.528e-13
        4341    3.49e-13
        4342   3.473e-13
        4342   3.458e-13
        4342   3.447e-13
        4342   3.447e-13
        4342   3.444e-13
        4342   3.447e-13
        4342   3.456e-13
        4342   3.469e-13
        4342   3.485e-13
        4342   3.502e-13
        4342   3.537e-13
        4342   3.598e-13
        4342   3.648e-13
        4343   3.694e-13
        4343   3.735e-13
        4343   3.813e-13
        4344   3.883e-13
        4344   3.952e-13
        4344   4.013e-13
        4345   4.074e-13
        4346   4.181e-13
        4346   4.279e-13
        4347   4.371e-13
        4348   4.453e-13
        4349   4.532e-13
        4350   4.671e-13
        4352   4.803e-13
        4354   4.926e-13
        4355   5.038e-13
        4357   5.145e-13
        4358   5.247e-13
        4360   5.341e-13
        4362   5.427e-13
        4363   5.512e-13
        4366   5.665e-13
        4370   5.798e-13
        4373   5.914e-13
        4376   6.021e-13
        4379   6.117e-13
        4382   6.201e-13
        4386   6.273e-13
        4389   6.335e-13
        4392   6.389e-13
        4395   6.439e-13
        4402   6.518e-13
        4408   6.572e-13
        4414   6.605e-13
        4421   6.619e-13
        4427   6.622e-13
        4434   6.615e-13
        4440   6.602e-13
        4446   6.584e-13
        4453   6.563e-13
        4459   6.539e-13
        4466   6.513e-13
        4472   6.486e-13
        4478   6.458e-13
        4485   6.429e-13
        4491     6.4e-13
        4498    6.37e-13
        4504    6.34e-13
        4510    6.31e-13
        4517    6.28e-13
        4523    6.25e-13
        4530   6.219e-13
        4536   6.189e-13
        4542   6.159e-13
        4549   6.129e-13
        4555   6.098e-13
        4562   6.068e-13
        4568   6.038e-13
        4574   6.008e-13
        4581   5.978e-13
        4587   5.948e-13
        4594   5.919e-13
        4600   5.889e-13
        4606    5.86e-13
        4613    5.83e-13
        4619   5.801e-13
        4626   5.771e-13
        4632   5.742e-13
        4638   5.713e-13
        4645   5.684e-13
        4651   5.655e-13
        4658   5.626e-13
        4664   5.596e-13
        4670   5.567e-13
        4677   5.537e-13
        4683   5.508e-13
        4690   5.478e-13
        4696   5.447e-13
        4702   5.416e-13
        4709   5.385e-13
        4715   5.353e-13
        4722    5.32e-13
        4728   5.286e-13
        4734   5.251e-13
        4741   5.215e-13
        4747   5.177e-13
        4754   5.137e-13
        4760   5.095e-13
        4766    5.05e-13
        4773   5.001e-13
        4779   4.946e-13
        4786   4.886e-13
        4792   4.819e-13
        4798   4.741e-13
        4805   4.653e-13
        4811   4.553e-13
        4818   4.437e-13
        4821   4.373e-13
        4824   4.303e-13
        4827   4.226e-13
        4830   4.142e-13
        4834   4.052e-13
        4837   3.953e-13
        4840   3.845e-13
        4843   3.729e-13
        4846     3.6e-13
        4848    3.53e-13
        4850   3.457e-13
        4851   3.378e-13
        4853   3.293e-13
        4854   3.203e-13
        4855   3.154e-13
        4856   3.101e-13
        4857   3.044e-13
        4858   2.982e-13
        4858   2.912e-13
        4859   2.875e-13
        4859   2.836e-13
        4860   2.793e-13
        4860   2.745e-13
        4860   2.696e-13
        4861   2.639e-13
        4861   2.609e-13
        4861   2.575e-13
        4861    2.54e-13
        4862   2.503e-13
        4862   2.464e-13
        4862   2.425e-13
        4862   2.395e-13
        4862   2.372e-13
        4862   2.354e-13
        4863   2.347e-13
        4863   2.346e-13
        4863   2.346e-13
        4863   2.353e-13
        4863    2.37e-13
        4863   2.393e-13
        4863   2.444e-13
        4864   2.493e-13
        4864    2.54e-13
        4864   2.583e-13
        4864   2.622e-13
        4865   2.658e-13
        4865   2.692e-13
        4865   2.752e-13
        4866   2.806e-13
        4866   2.856e-13
        4867   2.901e-13
        4868   2.983e-13
        4869   3.054e-13
        4870   3.118e-13
        4871   3.175e-13
        4872   3.229e-13
        4873    3.28e-13
        4875   3.372e-13
        4877   3.455e-13
        4879   3.533e-13
        4881   3.604e-13
        4883    3.67e-13
        4885   3.731e-13
        4887   3.788e-13
        4891    3.89e-13
        4895   3.976e-13
        4899    4.05e-13
        4903   4.114e-13
        4907   4.168e-13
        4911   4.213e-13
        4916   4.251e-13
        4920   4.284e-13
        4924   4.311e-13
        4932   4.351e-13
        4940   4.374e-13
        4948   4.385e-13
        4956   4.388e-13
        4964   4.384e-13
        4972   4.375e-13
        4980   4.363e-13
        4988   4.348e-13
        4993   4.339e-13
        4996   4.331e-13
        5000   4.323e-13
        5010     4.3e-13
        5020   4.274e-13
        5040    4.22e-13
        5060   4.163e-13
        5080   4.106e-13
        5100   4.049e-13
        5120   3.992e-13
        5140   3.936e-13
        5160   3.881e-13
        5180   3.827e-13
        5200   3.773e-13
        5220   3.721e-13
        5240   3.669e-13
        5260   3.618e-13
        5280   3.568e-13
        5300   3.519e-13
        5320    3.47e-13
        5340   3.422e-13
        5360   3.376e-13
        5380    3.33e-13
        5400   3.285e-13
        5420    3.24e-13
        5440   3.196e-13
        5460   3.153e-13
        5480   3.111e-13
        5500   3.069e-13
        5520   3.029e-13
        5540   2.988e-13
        5560   2.949e-13
        5580    2.91e-13
        5600   2.872e-13
        5620   2.834e-13
        5640   2.797e-13
        5660    2.76e-13
        5680   2.725e-13
        5700   2.689e-13
        5720   2.655e-13
        5740    2.62e-13
        5760   2.587e-13
        5780   2.554e-13
        5800   2.521e-13
        5820   2.489e-13
        5840   2.457e-13
        5860   2.426e-13
        5880   2.396e-13
        5900   2.366e-13
        5920   2.336e-13
        5940   2.307e-13
        5960   2.279e-13
        5980    2.25e-13
        6000   2.222e-13
        6020   2.195e-13
        6040   2.168e-13
        6060   2.142e-13
        6080   2.115e-13
        6100    2.09e-13
        6120   2.064e-13
        6140   2.039e-13
        6160   2.014e-13
        6180    1.99e-13
        6200   1.966e-13
        6220   1.942e-13
        6240   1.918e-13
        6260   1.895e-13
        6280   1.872e-13
        6300   1.849e-13
        6320   1.827e-13
        6340   1.804e-13
        6360   1.781e-13
        6380   1.758e-13
        6400   1.735e-13
        6420    1.71e-13
        6440   1.684e-13
        6460   1.654e-13
        6470   1.636e-13
        6480   1.617e-13
        6490   1.594e-13
        6500   1.568e-13
        6505   1.552e-13
        6510   1.535e-13
        6515   1.515e-13
        6520   1.494e-13
        6525   1.469e-13
        6530    1.44e-13
        6535   1.407e-13
        6540    1.37e-13
        6542   1.348e-13
        6545   1.325e-13
        6548     1.3e-13
        6550   1.272e-13
        6552   1.241e-13
        6554   1.224e-13
        6555   1.206e-13
        6556   1.186e-13
        6558   1.163e-13
        6559   1.137e-13
        6559   1.123e-13
        6560   1.107e-13
        6561   1.091e-13
        6561   1.072e-13
        6562   1.051e-13
        6562    1.04e-13
        6562   1.027e-13
        6563   1.013e-13
        6563   9.975e-14
        6563   9.794e-14
        6564   9.588e-14
        6564   9.331e-14
        6564    9.29e-14
        6564   9.262e-14
        6564   9.091e-14
        6565   9.029e-14
        6565   9.286e-14
        6566   9.678e-14
        6566   9.969e-14
        6567   1.021e-13
        6567    1.04e-13
        6568   1.057e-13
        6568   1.073e-13
        6569   1.087e-13
        6569   1.099e-13
        6570   1.123e-13
        6571   1.143e-13
        6572   1.162e-13
        6573   1.178e-13
        6575   1.206e-13
        6577   1.231e-13
        6579   1.253e-13
        6581   1.272e-13
        6583    1.29e-13
        6585   1.306e-13
        6589   1.335e-13
        6593   1.359e-13
        6597   1.379e-13
        6601   1.397e-13
        6605   1.412e-13
        6609   1.424e-13
        6613   1.434e-13
        6617   1.443e-13
        6625   1.456e-13
        6633   1.464e-13
        6641    1.47e-13
        6649   1.472e-13
        6665   1.472e-13
        6681   1.468e-13
        6697    1.46e-13
        6713   1.451e-13
        6729   1.441e-13
        6745    1.43e-13
        6761   1.419e-13
        6777   1.407e-13
        6793   1.395e-13
        6809   1.384e-13
        6825   1.372e-13
        6841   1.361e-13
        6857   1.349e-13
        6873   1.338e-13
        6889   1.326e-13
        6905   1.315e-13
        6921   1.304e-13
        6937   1.293e-13
        6953   1.282e-13
        6969   1.271e-13
        6985    1.26e-13
        7001   1.249e-13
        7017   1.239e-13
        7033   1.228e-13
        7049   1.218e-13
        7065   1.208e-13
        7081   1.198e-13
        7097   1.187e-13
        7113   1.177e-13
        7129   1.168e-13
        7145   1.158e-13
        7161   1.148e-13
        7177   1.139e-13
        7193   1.129e-13
        7209    1.12e-13
        7225    1.11e-13
        7241   1.101e-13
        7257   1.092e-13
        7273   1.083e-13
        7289   1.074e-13
        7305   1.066e-13
        7321   1.057e-13
        7337   1.048e-13
        7353    1.04e-13
        7369   1.031e-13
        7385   1.023e-13
        7401   1.015e-13
        7417   1.006e-13
        7433   9.983e-14
        7449   9.902e-14
        7465   9.823e-14
        7481   9.744e-14
        7497   9.666e-14
        7513   9.589e-14
        7529   9.512e-14
        7545   9.437e-14
        7561   9.362e-14
        7577   9.288e-14
        7593   9.214e-14
        7609   9.142e-14
        7625    9.07e-14
        7641   8.998e-14
        7657   8.928e-14
        7673   8.858e-14
        7689   8.789e-14
        7705    8.72e-14
        7721   8.652e-14
        7737   8.585e-14
        7753   8.519e-14
        7769   8.453e-14
        7785   8.388e-14
        7801   8.323e-14
        7817   8.259e-14
        7833   8.196e-14
        7849   8.133e-14
        7865   8.071e-14
        7881   8.009e-14
        7897   7.948e-14
        7913   7.888e-14
        7929   7.828e-14
        7945   7.769e-14
        7961    7.71e-14
        7977   7.652e-14
        7993   7.594e-14
        8009   7.537e-14
        8025   7.481e-14
        8041   7.425e-14
        8057   7.369e-14
        8073   7.314e-14
        8089    7.26e-14
        8105   7.206e-14
        8121   7.152e-14
        8137   7.099e-14
        8153   7.047e-14
        8169   6.995e-14
        8185   6.944e-14
        8196   6.908e-14
        8201   6.893e-14
        8206   6.877e-14
        8216   6.845e-14
        8226   6.813e-14
        8236   6.782e-14
        8246    6.75e-14
        8256   6.719e-14
        8266   6.688e-14
        8276   6.657e-14
        8286   6.626e-14
        8296   6.596e-14
        8307   6.565e-14
        8317   6.535e-14
        8327   6.505e-14
        8337   6.475e-14
        8347   6.446e-14
        8357   6.416e-14
        8367   6.387e-14
        8377   6.358e-14
        8379   6.351e-14
        8387   6.329e-14
        8395   6.306e-14
        8405   6.276e-14
        8410   6.261e-14
        8416   6.247e-14
        8426   6.217e-14
        8433   6.197e-14
        8437   6.187e-14
        8440   6.177e-14
        8447   6.157e-14
        8454   6.139e-14
        8462   6.117e-14
        8470   6.096e-14
        8485   6.053e-14
        8497   6.021e-14
        8501   6.011e-14
        8505       6e-14
        8513   5.979e-14
        8529   5.936e-14
        8541   5.903e-14
        8545   5.894e-14
        8548   5.886e-14
        8554   5.869e-14
        8567   5.835e-14
        8580   5.802e-14
        8584   5.791e-14
        8592    5.77e-14
        8601   5.748e-14
        8618   5.706e-14
        8634   5.663e-14
        8635   5.662e-14
        8651   5.621e-14
        8667   5.581e-14
        8684   5.542e-14
        8700   5.504e-14
        8716   5.465e-14
        8732   5.425e-14
        8744   5.397e-14
        8748   5.386e-14
        8753   5.375e-14
        8762   5.355e-14
        8780   5.314e-14
        8798   5.274e-14
        8816   5.233e-14
        8835   5.191e-14
        8840   5.179e-14
        8853    5.15e-14
        8865   5.122e-14
        8878   5.097e-14
        8890   5.072e-14
        8903   5.047e-14
        8916   5.022e-14
        8928   4.995e-14
        8941   4.966e-14
        8953   4.938e-14
        8966   4.911e-14
        8978   4.882e-14
        8991   4.853e-14
        9003   4.823e-14
        9015   4.797e-14
        9016   4.794e-14
        9017   4.792e-14
        9020   4.787e-14
        9025   4.779e-14
        9036   4.764e-14
        9047   4.748e-14
        9057   4.732e-14
        9068   4.716e-14
        9078   4.698e-14
        9089    4.68e-14
        9099   4.661e-14
        9110   4.642e-14
        9121   4.622e-14
        9131   4.601e-14
        9142   4.579e-14
        9152   4.557e-14
        9163   4.533e-14
        9174   4.509e-14
        9184   4.484e-14
        9195   4.457e-14
        9205   4.429e-14
        9216     4.4e-14
        9222   4.385e-14
        9227   4.373e-14
        9232   4.361e-14
        9236   4.357e-14
        9241   4.353e-14
        9251   4.342e-14
        9271   4.328e-14
        9291   4.311e-14
        9310    4.29e-14
        9330   4.266e-14
        9350   4.238e-14
        9370   4.207e-14
        9389   4.173e-14
        9409   4.137e-14
        9429   4.098e-14
        9449   4.054e-14
        9468   4.007e-14
        9488   3.952e-14
        9508   3.889e-14
        9528   3.817e-14
        9546   3.743e-14
        9547   3.739e-14
        9549   3.734e-14
        9551   3.735e-14
        9554   3.736e-14
        9559   3.744e-14
        9570   3.757e-14
        9581   3.767e-14
        9592   3.775e-14
        9603   3.779e-14
        9614    3.78e-14
        9624   3.779e-14
        9635   3.775e-14
        9646    3.77e-14
        9657   3.763e-14
        9668   3.755e-14
        9679   3.746e-14
        9689   3.735e-14
        9700   3.725e-14
        9711   3.713e-14
        9722   3.701e-14
        9733   3.689e-14
        9744   3.675e-14
        9754   3.662e-14
        9765   3.648e-14
        9776   3.633e-14
        9787   3.619e-14
        9798   3.604e-14
        9809   3.588e-14
        9819   3.572e-14
        9830   3.556e-14
        9841    3.54e-14
        9852   3.528e-14
        9863   3.511e-14
        9874   3.492e-14
        9885   3.472e-14
        9895   3.451e-14
        9906   3.429e-14
        9917   3.406e-14
        9928   3.383e-14
        9939   3.357e-14
        9950   3.329e-14
        9960   3.298e-14
        9971   3.267e-14
        9982   3.232e-14
        9986   3.218e-14
        9993   3.191e-14
       1e+04   3.164e-14
   1.001e+04   3.105e-14
   1.003e+04   3.039e-14
   1.003e+04   3.003e-14
   1.004e+04   2.964e-14
   1.004e+04   2.945e-14
   1.005e+04   2.927e-14
   1.005e+04    2.92e-14
   1.005e+04   2.913e-14
   1.005e+04   2.913e-14
   1.005e+04   2.913e-14
   1.005e+04   2.914e-14
   1.005e+04   2.914e-14
   1.005e+04   2.912e-14
   1.005e+04   2.908e-14
   1.006e+04   2.907e-14
   1.006e+04    2.91e-14
   1.006e+04   2.917e-14
   1.006e+04   2.931e-14
   1.007e+04    2.96e-14
   1.008e+04   2.987e-14
   1.009e+04   3.009e-14
    1.01e+04   3.028e-14
    1.01e+04   3.044e-14
   1.011e+04   3.057e-14
   1.012e+04   3.067e-14
   1.014e+04   3.081e-14
   1.015e+04   3.088e-14
   1.017e+04    3.09e-14
   1.018e+04   3.087e-14
    1.02e+04   3.081e-14
   1.023e+04   3.063e-14
   1.026e+04   3.039e-14
    1.03e+04   3.011e-14
   1.036e+04   2.951e-14
   1.042e+04   2.887e-14
   1.049e+04   2.817e-14
   1.055e+04   2.751e-14
   1.062e+04   2.686e-14
   1.068e+04   2.616e-14
   1.071e+04   2.579e-14
   1.074e+04   2.539e-14
   1.078e+04   2.494e-14
   1.079e+04   2.469e-14
   1.081e+04   2.442e-14
   1.082e+04   2.412e-14
   1.084e+04   2.378e-14
   1.086e+04   2.339e-14
   1.087e+04   2.294e-14
   1.088e+04   2.269e-14
   1.089e+04   2.241e-14
    1.09e+04   2.211e-14
    1.09e+04   2.177e-14
   1.091e+04   2.139e-14
   1.092e+04   2.095e-14
   1.092e+04   2.071e-14
   1.093e+04   2.045e-14
   1.093e+04   2.027e-14
   1.093e+04   2.016e-14
   1.093e+04   2.006e-14
   1.094e+04   1.983e-14
   1.094e+04    1.97e-14
   1.094e+04   1.954e-14
   1.094e+04   1.935e-14
   1.094e+04    1.92e-14
   1.094e+04   1.915e-14
   1.094e+04   1.915e-14
   1.094e+04   1.919e-14
   1.094e+04   1.927e-14
   1.094e+04   1.936e-14
   1.094e+04   1.949e-14
   1.094e+04   1.959e-14
   1.095e+04   1.977e-14
   1.095e+04   1.991e-14
   1.095e+04   2.016e-14
   1.096e+04   2.038e-14
   1.096e+04   2.057e-14
   1.096e+04   2.074e-14
   1.097e+04    2.09e-14
   1.098e+04   2.117e-14
   1.098e+04    2.14e-14
   1.099e+04   2.158e-14
     1.1e+04   2.173e-14
   1.101e+04   2.186e-14
   1.102e+04   2.206e-14
   1.104e+04   2.218e-14
   1.106e+04   2.226e-14
   1.107e+04   2.229e-14
   1.109e+04   2.229e-14
   1.112e+04   2.222e-14
   1.115e+04   2.209e-14
   1.118e+04   2.192e-14
   1.125e+04   2.153e-14
   1.131e+04   2.111e-14
   1.138e+04   2.068e-14
   1.144e+04   2.025e-14
    1.15e+04   1.985e-14
   1.157e+04   1.943e-14
   1.163e+04   1.902e-14
    1.17e+04   1.862e-14
   1.176e+04   1.824e-14
   1.182e+04   1.786e-14
   1.189e+04   1.749e-14
   1.195e+04   1.713e-14
   1.202e+04   1.678e-14
   1.208e+04   1.642e-14
   1.214e+04   1.609e-14
   1.221e+04   1.576e-14
   1.227e+04   1.543e-14
   1.234e+04   1.512e-14
    1.24e+04    1.48e-14
   1.246e+04   1.448e-14
   1.253e+04   1.416e-14
   1.259e+04    1.38e-14
   1.262e+04    1.36e-14
   1.266e+04   1.337e-14
   1.267e+04   1.324e-14
   1.269e+04    1.31e-14
    1.27e+04   1.295e-14
   1.272e+04   1.276e-14
   1.274e+04   1.255e-14
   1.275e+04   1.231e-14
   1.276e+04   1.217e-14
   1.277e+04   1.201e-14
   1.278e+04   1.184e-14
   1.278e+04   1.164e-14
   1.279e+04    1.14e-14
    1.28e+04   1.126e-14
    1.28e+04   1.112e-14
    1.28e+04   1.095e-14
   1.281e+04   1.076e-14
   1.281e+04   1.066e-14
   1.281e+04   1.055e-14
   1.281e+04   1.043e-14
   1.282e+04   1.031e-14
   1.282e+04   1.025e-14
   1.282e+04   1.021e-14
   1.282e+04   1.019e-14
   1.282e+04   1.019e-14
   1.282e+04   1.019e-14
   1.282e+04   1.021e-14
   1.282e+04   1.021e-14
   1.282e+04   1.027e-14
   1.282e+04   1.035e-14
   1.282e+04   1.041e-14
   1.282e+04   1.035e-14
   1.282e+04   1.026e-14
   1.282e+04   1.026e-14
   1.282e+04    1.02e-14
   1.282e+04   1.018e-14
   1.282e+04   1.018e-14
   1.283e+04   1.021e-14
   1.283e+04   1.025e-14
   1.283e+04   1.036e-14
   1.283e+04   1.057e-14
   1.284e+04   1.075e-14
   1.284e+04    1.09e-14
   1.284e+04   1.103e-14
   1.285e+04   1.115e-14
   1.285e+04   1.125e-14
   1.286e+04   1.142e-14
   1.287e+04   1.156e-14
   1.288e+04   1.167e-14
   1.288e+04   1.176e-14
   1.289e+04   1.184e-14
    1.29e+04    1.19e-14
   1.292e+04     1.2e-14
   1.293e+04   1.207e-14
   1.295e+04   1.211e-14
   1.296e+04   1.213e-14
     1.3e+04   1.212e-14
   1.303e+04   1.208e-14
   1.306e+04   1.201e-14
   1.312e+04   1.185e-14
   1.319e+04   1.165e-14
   1.325e+04   1.146e-14
   1.332e+04   1.126e-14
   1.338e+04   1.105e-14
   1.344e+04   1.086e-14
   1.351e+04   1.066e-14
   1.357e+04   1.047e-14
   1.364e+04   1.028e-14
    1.37e+04    1.01e-14
   1.376e+04   9.928e-15
   1.383e+04   9.763e-15
   1.389e+04   9.601e-15
   1.396e+04   9.442e-15
   1.402e+04   9.287e-15
   1.408e+04   9.135e-15
   1.415e+04   8.986e-15
   1.421e+04    8.84e-15
   1.428e+04   8.697e-15
   1.434e+04   8.557e-15
    1.44e+04    8.42e-15
   1.447e+04   8.285e-15
   1.453e+04   8.153e-15
    1.46e+04   8.024e-15
   1.466e+04   7.892e-15
   1.472e+04   7.759e-15
   1.479e+04   7.629e-15
   1.485e+04   7.501e-15
   1.492e+04   7.376e-15
   1.498e+04   7.253e-15
     1.5e+04   7.214e-15
   1.504e+04   7.147e-15
   1.504e+04   7.133e-15
   1.509e+04   7.054e-15
   1.514e+04   6.963e-15
   1.518e+04   6.887e-15
   1.519e+04   6.872e-15
    1.52e+04   6.858e-15
   1.521e+04   6.829e-15
   1.523e+04   6.806e-15
   1.525e+04   6.772e-15
   1.526e+04   6.743e-15
   1.526e+04   6.738e-15
    1.53e+04    6.67e-15
   1.535e+04   6.599e-15
   1.542e+04   6.482e-15
   1.543e+04    6.46e-15
   1.544e+04   6.438e-15
   1.547e+04   6.395e-15
   1.548e+04   6.371e-15
   1.552e+04    6.31e-15
   1.556e+04    6.25e-15
   1.557e+04   6.236e-15
   1.564e+04   6.131e-15
   1.571e+04   6.027e-15
   1.577e+04   5.926e-15
    1.58e+04   5.892e-15
   1.584e+04   5.828e-15
   1.589e+04   5.764e-15
   1.597e+04    5.64e-15
   1.601e+04   5.588e-15
   1.606e+04   5.518e-15
   1.611e+04   5.449e-15
   1.617e+04   5.381e-15
   1.622e+04   5.315e-15
   1.627e+04   5.248e-15
   1.632e+04   5.182e-15
   1.633e+04   5.167e-15
   1.637e+04   5.114e-15
   1.641e+04   5.058e-15
   1.645e+04   5.016e-15
   1.649e+04   4.972e-15
   1.657e+04   4.878e-15
   1.665e+04   4.785e-15
   1.666e+04   4.782e-15
   1.669e+04   4.735e-15
   1.673e+04   4.688e-15
   1.673e+04   4.688e-15
   1.677e+04   4.635e-15
   1.679e+04   4.606e-15
    1.68e+04   4.591e-15
   1.681e+04   4.577e-15
   1.682e+04    4.57e-15
   1.683e+04   4.564e-15
   1.683e+04   4.564e-15
   1.684e+04   4.558e-15
   1.685e+04   4.551e-15
   1.685e+04   4.551e-15
   1.686e+04   4.544e-15
   1.687e+04   4.536e-15
   1.688e+04   4.528e-15
   1.688e+04   4.528e-15
   1.689e+04   4.519e-15
   1.689e+04   4.519e-15
    1.69e+04    4.51e-15
   1.692e+04   4.492e-15
   1.696e+04   4.453e-15
   1.704e+04   4.374e-15
   1.711e+04   4.295e-15
   1.719e+04   4.215e-15
   1.727e+04   4.136e-15
   1.733e+04   4.076e-15
   1.735e+04   4.057e-15
   1.737e+04   4.038e-15
   1.741e+04   4.003e-15
   1.748e+04   3.938e-15
   1.756e+04   3.874e-15
   1.764e+04   3.809e-15
   1.772e+04   3.743e-15
    1.78e+04   3.678e-15
   1.787e+04   3.612e-15
   1.795e+04   3.545e-15
   1.803e+04   3.473e-15
   1.803e+04   3.468e-15
   1.811e+04   3.401e-15
   1.814e+04   3.367e-15
   1.816e+04    3.35e-15
   1.818e+04   3.334e-15
    1.82e+04   3.324e-15
   1.822e+04   3.314e-15
   1.822e+04   3.314e-15
   1.822e+04   3.314e-15
   1.823e+04   3.304e-15
   1.825e+04   3.294e-15
   1.825e+04   3.294e-15
   1.829e+04   3.272e-15
   1.836e+04   3.227e-15
   1.843e+04   3.175e-15
   1.851e+04   3.116e-15
   1.854e+04   3.081e-15
   1.858e+04   3.039e-15
    1.86e+04   3.015e-15
   1.862e+04   2.989e-15
   1.863e+04   2.958e-15
   1.865e+04   2.921e-15
   1.865e+04   2.921e-15
   1.867e+04   2.878e-15
   1.868e+04   2.855e-15
   1.869e+04   2.828e-15
    1.87e+04   2.796e-15
   1.871e+04    2.76e-15
   1.872e+04   2.717e-15
   1.872e+04   2.693e-15
   1.872e+04   2.668e-15
   1.873e+04   2.639e-15
   1.873e+04   2.607e-15
   1.874e+04    2.57e-15
   1.874e+04   2.528e-15
   1.874e+04   2.505e-15
   1.875e+04    2.48e-15
   1.875e+04   2.453e-15
   1.875e+04   2.422e-15
   1.875e+04   2.421e-15
   1.875e+04   2.403e-15
   1.875e+04   2.381e-15
   1.875e+04   2.353e-15
   1.876e+04   2.329e-15
   1.876e+04   2.329e-15
   1.876e+04   2.326e-15
   1.876e+04   2.324e-15
   1.876e+04   2.329e-15
   1.876e+04    2.34e-15
   1.876e+04   2.355e-15
   1.876e+04    2.38e-15
   1.876e+04   2.398e-15
   1.876e+04   2.414e-15
   1.876e+04    2.44e-15
   1.876e+04   2.463e-15
   1.877e+04   2.483e-15
   1.877e+04   2.502e-15
   1.877e+04   2.537e-15
   1.878e+04   2.567e-15
   1.878e+04   2.593e-15
   1.878e+04   2.615e-15
   1.879e+04   2.637e-15
    1.88e+04   2.671e-15
    1.88e+04   2.699e-15
   1.881e+04   2.723e-15
   1.882e+04   2.743e-15
   1.883e+04   2.759e-15
   1.884e+04   2.782e-15
   1.886e+04   2.798e-15
   1.888e+04    2.81e-15
   1.889e+04   2.818e-15
   1.891e+04   2.822e-15
   1.894e+04   2.822e-15
   1.897e+04   2.817e-15
     1.9e+04   2.807e-15
   1.907e+04   2.778e-15
   1.913e+04   2.743e-15
    1.92e+04   2.704e-15
   1.926e+04   2.661e-15
   1.932e+04   2.614e-15
   1.933e+04   2.612e-15
   1.939e+04   2.562e-15
   1.942e+04   2.535e-15
   1.944e+04   2.524e-15
   1.945e+04   2.514e-15
   1.947e+04   2.508e-15
   1.948e+04   2.504e-15
    1.95e+04   2.502e-15
    1.95e+04   2.502e-15
   1.951e+04   2.499e-15
   1.951e+04   2.499e-15
   1.953e+04   2.497e-15
   1.956e+04   2.492e-15
   1.962e+04   2.475e-15
   1.968e+04   2.455e-15
   1.975e+04   2.432e-15
   1.981e+04   2.407e-15
   1.987e+04   2.381e-15
   1.993e+04   2.354e-15
       2e+04   2.327e-15
   2.006e+04     2.3e-15
   2.012e+04   2.273e-15
   2.018e+04   2.246e-15
   2.025e+04    2.22e-15
   2.031e+04   2.195e-15
   2.037e+04   2.169e-15
   2.043e+04   2.143e-15
    2.05e+04   2.117e-15
   2.056e+04   2.091e-15
   2.062e+04   2.066e-15
   2.068e+04   2.041e-15
   2.075e+04   2.017e-15
   2.081e+04   1.993e-15
   2.087e+04   1.969e-15
   2.093e+04   1.945e-15
   2.099e+04   1.921e-15
   2.106e+04   1.898e-15
   2.112e+04   1.874e-15
   2.118e+04    1.85e-15
   2.124e+04   1.825e-15
   2.131e+04     1.8e-15
   2.137e+04   1.773e-15
   2.143e+04   1.744e-15
   2.149e+04   1.711e-15
   2.152e+04   1.692e-15
   2.156e+04   1.671e-15
   2.159e+04   1.647e-15
    2.16e+04   1.634e-15
   2.162e+04    1.62e-15
   2.162e+04    1.62e-15
   2.163e+04   1.604e-15
   2.164e+04     1.6e-15
   2.164e+04   1.593e-15
   2.165e+04   1.585e-15
   2.166e+04   1.576e-15
   2.166e+04   1.566e-15
   2.166e+04   1.566e-15
   2.166e+04   1.566e-15
   2.166e+04   1.566e-15
   2.166e+04   1.566e-15
   2.166e+04   1.567e-15
   2.166e+04   1.569e-15
   2.167e+04   1.575e-15
   2.168e+04   1.582e-15
   2.168e+04   1.587e-15
    2.17e+04   1.594e-15
   2.172e+04     1.6e-15
   2.173e+04   1.604e-15
   2.176e+04   1.609e-15
    2.18e+04   1.611e-15
   2.183e+04   1.611e-15
   2.186e+04   1.609e-15
   2.192e+04     1.6e-15
   2.199e+04   1.589e-15
   2.205e+04   1.576e-15
   2.212e+04   1.562e-15
   2.218e+04   1.547e-15
   2.224e+04   1.532e-15
   2.231e+04   1.517e-15
   2.237e+04   1.501e-15
   2.244e+04   1.486e-15
    2.25e+04    1.47e-15
   2.256e+04   1.455e-15
   2.263e+04   1.439e-15
   2.269e+04   1.424e-15
   2.276e+04   1.409e-15
   2.282e+04   1.395e-15
   2.288e+04    1.38e-15
   2.295e+04   1.365e-15
   2.301e+04    1.35e-15
   2.308e+04   1.335e-15
   2.314e+04   1.321e-15
    2.32e+04   1.307e-15
   2.327e+04   1.293e-15
   2.333e+04   1.279e-15
    2.34e+04   1.265e-15
   2.346e+04   1.251e-15
   2.352e+04   1.238e-15
   2.359e+04   1.225e-15
   2.365e+04   1.212e-15
   2.372e+04   1.199e-15
   2.378e+04   1.186e-15
   2.384e+04   1.174e-15
   2.391e+04   1.161e-15
   2.397e+04   1.149e-15
   2.404e+04   1.137e-15
    2.41e+04   1.125e-15
   2.416e+04   1.113e-15
   2.423e+04   1.102e-15
   2.429e+04    1.09e-15
   2.436e+04   1.079e-15
   2.442e+04   1.068e-15
   2.448e+04   1.057e-15
   2.455e+04   1.046e-15
   2.461e+04   1.035e-15
   2.468e+04   1.025e-15
   2.474e+04   1.014e-15
    2.48e+04   1.003e-15
   2.487e+04   9.928e-16
   2.493e+04   9.826e-16
     2.5e+04   9.726e-16
   2.506e+04   9.627e-16
   2.512e+04   9.528e-16
   2.519e+04   9.431e-16
   2.525e+04   9.335e-16
   2.532e+04   9.239e-16
   2.538e+04   9.144e-16
   2.544e+04   9.049e-16
   2.551e+04   8.955e-16
   2.557e+04    8.86e-16
   2.564e+04   8.764e-16
    2.57e+04   8.667e-16
   2.576e+04   8.567e-16
   2.583e+04   8.462e-16
   2.589e+04    8.35e-16
   2.596e+04   8.229e-16
   2.602e+04   8.087e-16
   2.605e+04   8.006e-16
   2.608e+04   7.912e-16
   2.612e+04   7.806e-16
   2.615e+04   7.682e-16
   2.616e+04    7.61e-16
   2.618e+04   7.532e-16
    2.62e+04   7.445e-16
   2.621e+04   7.346e-16
   2.623e+04   7.242e-16
   2.623e+04    7.23e-16
   2.624e+04   7.188e-16
   2.624e+04   7.173e-16
   2.624e+04   7.162e-16
   2.625e+04   7.161e-16
   2.625e+04   7.167e-16
   2.625e+04   7.179e-16
   2.625e+04   7.179e-16
   2.625e+04   7.198e-16
   2.626e+04    7.23e-16
   2.626e+04    7.23e-16
   2.626e+04   7.269e-16
   2.626e+04   7.296e-16
   2.626e+04   7.298e-16
   2.626e+04   7.298e-16
   2.626e+04   7.298e-16
   2.626e+04   7.293e-16
   2.626e+04   7.273e-16
   2.626e+04   7.247e-16
   2.626e+04     7.2e-16
   2.627e+04   7.172e-16
   2.627e+04    7.15e-16
   2.627e+04   7.141e-16
   2.627e+04   7.134e-16
   2.628e+04   7.139e-16
   2.628e+04   7.149e-16
   2.629e+04   7.181e-16
   2.631e+04    7.25e-16
   2.632e+04    7.31e-16
   2.634e+04   7.362e-16
   2.635e+04   7.405e-16
   2.637e+04   7.438e-16
    2.64e+04   7.487e-16
   2.643e+04   7.516e-16
   2.647e+04   7.532e-16
    2.65e+04   7.535e-16
   2.653e+04   7.531e-16
   2.659e+04   7.504e-16
   2.666e+04   7.463e-16
   2.672e+04   7.414e-16
   2.679e+04   7.359e-16
   2.685e+04     7.3e-16
   2.691e+04   7.239e-16
   2.698e+04   7.176e-16
   2.704e+04   7.113e-16
   2.711e+04    7.05e-16
   2.717e+04   6.986e-16
   2.723e+04   6.923e-16
    2.73e+04   6.861e-16
   2.736e+04   6.798e-16
   2.743e+04   6.737e-16
   2.749e+04   6.676e-16
   2.755e+04   6.615e-16
   2.762e+04   6.555e-16
   2.768e+04   6.495e-16
   2.775e+04   6.438e-16
   2.781e+04   6.381e-16
   2.787e+04   6.323e-16
   2.794e+04   6.266e-16
     2.8e+04   6.209e-16
   2.807e+04   6.153e-16
   2.813e+04   6.098e-16
   2.819e+04   6.043e-16
   2.826e+04   5.989e-16
   2.832e+04   5.936e-16
   2.839e+04   5.883e-16
   2.845e+04    5.83e-16
   2.851e+04   5.779e-16
   2.858e+04   5.727e-16
   2.864e+04   5.677e-16
   2.871e+04   5.627e-16
   2.877e+04   5.577e-16
   2.883e+04   5.528e-16
    2.89e+04    5.48e-16
   2.896e+04   5.432e-16
   2.903e+04   5.385e-16
   2.909e+04   5.338e-16
   2.915e+04   5.291e-16
   2.922e+04   5.246e-16
   2.928e+04     5.2e-16
   2.935e+04   5.155e-16
   2.941e+04   5.111e-16
   2.947e+04   5.067e-16
   2.954e+04   5.024e-16
    2.96e+04   4.981e-16
   2.967e+04   4.938e-16
   2.973e+04   4.896e-16
   2.979e+04   4.854e-16
   2.986e+04   4.813e-16
   2.992e+04   4.772e-16
   2.999e+04   4.732e-16
