         900   4.868e-12
         905   4.919e-12
       908.2   4.951e-12
         910   4.969e-12
       911.8   4.999e-12
       912.7   5.007e-12
       913.6   5.016e-12
       914.1   5.024e-12
       914.5   5.036e-12
         915   5.056e-12
       915.4   5.089e-12
       915.7    5.11e-12
       915.9   5.138e-12
       916.1    5.17e-12
       916.3   5.209e-12
       916.6   5.251e-12
       916.8   5.302e-12
         917   5.356e-12
       917.3   5.419e-12
       917.7   5.553e-12
       917.9   5.622e-12
         918   5.653e-12
       918.2   5.682e-12
       918.3   5.704e-12
       918.4   5.717e-12
       918.4   5.719e-12
       918.5   5.714e-12
       918.6   5.703e-12
       918.6   5.694e-12
       918.6   5.684e-12
       918.6   5.672e-12
       918.7   5.657e-12
       918.7    5.64e-12
       918.7   5.621e-12
       918.8   5.597e-12
       918.8    5.57e-12
       918.8   5.533e-12
       918.8   5.495e-12
       918.9   5.456e-12
       918.9   5.418e-12
       918.9   5.375e-12
         919    5.33e-12
         919   5.272e-12
         919   5.215e-12
         919   5.154e-12
         919   5.141e-12
       919.1   5.097e-12
       919.1   5.034e-12
       919.1   4.914e-12
       919.2   4.791e-12
       919.2   4.682e-12
       919.3   4.606e-12
       919.3   4.535e-12
       919.3   4.482e-12
       919.4   4.463e-12
       919.4   4.497e-12
       919.4   4.552e-12
       919.4   4.631e-12
       919.5   4.715e-12
       919.5   4.887e-12
       919.6    5.05e-12
       919.6   5.213e-12
       919.7   5.369e-12
       919.7   5.444e-12
       919.8   5.516e-12
       919.8   5.579e-12
       919.8   5.635e-12
       919.8   5.684e-12
       919.9   5.742e-12
       919.9   5.799e-12
       919.9   5.844e-12
         920   5.883e-12
         920   5.914e-12
         920   5.938e-12
         920   5.959e-12
       920.1   5.972e-12
       920.1    5.98e-12
       920.1   5.979e-12
       920.2   5.973e-12
       920.2   5.962e-12
       920.2   5.943e-12
       920.2   5.918e-12
       920.3   5.883e-12
       920.3   5.846e-12
       920.3   5.804e-12
       920.4   5.753e-12
       920.4   5.694e-12
       920.4   5.621e-12
       920.5   5.541e-12
       920.5   5.394e-12
       920.5   5.315e-12
       920.6   5.229e-12
       920.6   5.136e-12
       920.6   5.031e-12
       920.7   4.838e-12
       920.7   4.634e-12
       920.8   4.427e-12
       920.9   4.165e-12
       920.9   4.023e-12
       920.9   4.012e-12
         921   3.933e-12
         921    4.03e-12
       921.1   4.207e-12
       921.1   4.405e-12
       921.2   4.606e-12
       921.3   4.996e-12
       921.4   5.414e-12
       921.4   5.597e-12
       921.5   5.772e-12
       921.5   5.981e-12
       921.6    6.16e-12
       921.6   6.312e-12
       921.7   6.453e-12
       921.7   6.586e-12
       921.8   6.698e-12
       921.8   6.794e-12
       921.9   6.871e-12
       921.9   6.923e-12
         922   6.954e-12
         922   6.962e-12
       922.1   6.953e-12
       922.1   6.937e-12
       922.2   6.902e-12
       922.2   6.845e-12
       922.3   6.762e-12
       922.3   6.654e-12
       922.4    6.52e-12
       922.4   6.374e-12
       922.5   6.205e-12
       922.5   6.043e-12
       922.6   5.868e-12
       922.6   5.664e-12
       922.7   5.442e-12
       922.7   5.243e-12
       922.8   5.035e-12
       922.8   4.803e-12
       922.9   4.539e-12
       922.9   4.374e-12
       922.9   4.237e-12
         923   4.091e-12
         923   3.935e-12
         923   3.787e-12
       923.1   3.641e-12
       923.1    3.51e-12
       923.1   3.453e-12
       923.2   3.522e-12
       923.2   3.645e-12
       923.3   3.792e-12
       923.3   3.943e-12
       923.4    4.25e-12
       923.5   4.881e-12
       923.6   5.209e-12
       923.6   5.368e-12
       923.6   5.524e-12
       923.7   5.693e-12
       923.7   5.878e-12
       923.7   6.045e-12
       923.8   6.207e-12
       923.8   6.513e-12
       923.9    6.85e-12
         924   7.171e-12
         924   7.324e-12
         924   7.466e-12
       924.1   7.602e-12
       924.1   7.729e-12
       924.2   7.959e-12
       924.2   8.176e-12
       924.3   8.378e-12
       924.4   8.469e-12
       924.4   8.547e-12
       924.4   8.615e-12
       924.5   8.676e-12
       924.5   8.726e-12
       924.5   8.769e-12
       924.6   8.826e-12
       924.7   8.852e-12
       924.7   8.842e-12
       924.8     8.8e-12
       924.8   8.765e-12
       924.9   8.722e-12
       924.9   8.668e-12
       924.9   8.604e-12
         925   8.529e-12
         925   8.444e-12
         925   8.349e-12
       925.1   8.243e-12
       925.1   8.125e-12
       925.1   7.997e-12
       925.2   7.761e-12
       925.3   7.498e-12
       925.3   7.212e-12
       925.4   6.892e-12
       925.5   6.556e-12
       925.6   6.225e-12
       925.6   6.066e-12
       925.6   5.906e-12
       925.7    5.74e-12
       925.7   5.574e-12
       925.7   5.402e-12
       925.8   5.234e-12
       925.8   4.906e-12
       925.9   4.557e-12
         926   4.243e-12
         926   4.165e-12
         926   3.919e-12
         926    3.88e-12
       926.1   3.739e-12
       926.1   3.597e-12
       926.1   3.451e-12
       926.2   3.303e-12
       926.2   3.169e-12
       926.2   3.112e-12
       926.3    3.17e-12
       926.3   3.304e-12
       926.3    3.45e-12
       926.3     3.6e-12
       926.4   3.883e-12
       926.5   4.171e-12
       926.5   4.312e-12
       926.5   4.449e-12
       926.6   4.599e-12
       926.6   4.759e-12
       926.6   5.056e-12
       926.7   5.356e-12
       926.8   5.674e-12
       926.8   5.982e-12
       926.9   6.275e-12
         927   6.608e-12
         927    6.95e-12
       927.1   7.299e-12
       927.1   7.636e-12
       927.2   7.964e-12
       927.3   8.283e-12
       927.3    8.44e-12
       927.3   8.604e-12
       927.3   8.791e-12
       927.4   8.972e-12
       927.4   9.145e-12
       927.4   9.313e-12
       927.5   9.639e-12
       927.6   9.947e-12
       927.6   1.023e-11
       927.7   1.049e-11
       927.7   1.076e-11
       927.8   1.102e-11
       927.9   1.125e-11
       927.9   1.146e-11
         928   1.166e-11
         928   1.182e-11
       928.1   1.197e-11
       928.2    1.21e-11
       928.2   1.221e-11
       928.3   1.229e-11
       928.3   1.236e-11
       928.4   1.241e-11
       928.5   1.244e-11
       928.5   1.244e-11
       928.6   1.242e-11
       928.6   1.238e-11
       928.7   1.232e-11
       928.8   1.223e-11
       928.8   1.212e-11
       928.9   1.198e-11
       928.9   1.181e-11
         929   1.161e-11
       929.1    1.14e-11
       929.1   1.116e-11
       929.2   1.092e-11
       929.2   1.065e-11
       929.3   1.037e-11
       929.4   1.009e-11
       929.4   9.794e-12
       929.5   9.482e-12
       929.5   9.157e-12
       929.6   8.826e-12
       929.7   8.486e-12
       929.8   7.835e-12
       929.9   7.179e-12
         930   6.838e-12
         930   6.504e-12
       930.1    6.19e-12
       930.1   5.886e-12
       930.2    5.58e-12
       930.3   5.273e-12
       930.4   4.664e-12
       930.5   4.057e-12
       930.6   3.759e-12
       930.6   3.607e-12
       930.6   3.455e-12
       930.7   3.297e-12
       930.7   3.126e-12
       930.7   3.067e-12
       930.7   2.983e-12
       930.7   2.905e-12
       930.8   3.068e-12
       930.8   3.352e-12
       930.9    3.61e-12
       930.9   3.861e-12
         931   4.364e-12
       931.1   4.872e-12
       931.2   5.384e-12
       931.3   5.903e-12
       931.4   6.154e-12
       931.4    6.42e-12
       931.5   6.707e-12
       931.5   6.997e-12
       931.6    7.29e-12
       931.6   7.581e-12
       931.7   7.873e-12
       931.7   8.168e-12
       931.8   8.464e-12
       931.8    8.78e-12
       931.9   9.103e-12
       931.9   9.427e-12
         932   9.751e-12
         932   1.008e-11
       932.1   1.072e-11
       932.3   1.207e-11
       932.5   1.346e-11
       932.6   1.415e-11
       932.7    1.48e-11
       932.8   1.543e-11
       932.9   1.603e-11
         933   1.659e-11
       933.1   1.712e-11
       933.2    1.76e-11
       933.3   1.806e-11
       933.4   1.847e-11
       933.5   1.883e-11
       933.6   1.915e-11
       933.7   1.943e-11
       933.8   1.968e-11
       933.9    1.99e-11
         934   2.008e-11
       934.1   2.021e-11
       934.2   2.028e-11
       934.3   2.029e-11
       934.4   2.024e-11
       934.5   2.014e-11
       934.6   1.997e-11
       934.7   1.976e-11
       934.8   1.947e-11
       934.9   1.913e-11
         935   1.872e-11
       935.1   1.826e-11
       935.2   1.776e-11
       935.3   1.721e-11
       935.4   1.661e-11
       935.5   1.603e-11
       935.6   1.544e-11
       935.7   1.483e-11
       935.8    1.42e-11
       935.9   1.357e-11
         936   1.292e-11
       936.1   1.227e-11
       936.2   1.162e-11
       936.4   1.037e-11
       936.6   9.144e-12
       936.7   8.537e-12
       936.8   7.943e-12
       936.9   7.367e-12
         937   6.797e-12
       937.1   6.246e-12
       937.2   5.717e-12
       937.3    5.19e-12
       937.4    4.68e-12
       937.5   4.417e-12
       937.5   4.153e-12
       937.6   3.884e-12
       937.6   3.624e-12
       937.7    3.34e-12
       937.7   3.008e-12
       937.8   2.964e-12
       937.8   2.791e-12
       937.8   2.774e-12
       937.8    2.76e-12
       937.9   2.965e-12
       937.9   3.306e-12
         938   3.595e-12
         938    3.86e-12
       938.1   4.129e-12
       938.1   4.394e-12
       938.2   4.918e-12
       938.3   5.438e-12
       938.4   5.971e-12
       938.5   6.236e-12
       938.5   6.511e-12
       938.6   6.795e-12
       938.6   7.083e-12
       938.7   7.374e-12
       938.7   7.665e-12
       938.8   7.961e-12
       938.8   8.262e-12
       938.9   8.566e-12
         939   9.195e-12
       939.1   9.838e-12
       939.2   1.049e-11
       939.3   1.114e-11
       939.4   1.184e-11
       939.5   1.256e-11
       939.6    1.33e-11
       939.7   1.407e-11
       939.8   1.485e-11
       939.9   1.566e-11
         940   1.648e-11
       940.1    1.73e-11
       940.1   1.773e-11
       940.2   1.819e-11
       940.2   1.868e-11
       940.3   1.917e-11
       940.3   1.965e-11
       940.4   2.063e-11
       940.6   2.263e-11
       940.8    2.46e-11
         941   2.651e-11
       941.2   2.833e-11
       941.3   2.921e-11
       941.4   3.005e-11
       941.5   3.083e-11
       941.6   3.151e-11
       941.7   3.217e-11
       941.8   3.282e-11
       941.9   3.343e-11
       942.1   3.459e-11
       942.3   3.564e-11
       942.5   3.661e-11
       942.7   3.748e-11
       942.9   3.824e-11
       943.1   3.889e-11
       943.3   3.944e-11
       943.5   3.988e-11
       943.7   4.022e-11
       943.9   4.043e-11
       944.1   4.046e-11
       944.3   4.033e-11
       944.5   4.002e-11
       944.6   3.982e-11
       944.7   3.955e-11
       944.8   3.922e-11
       944.9   3.877e-11
         945   3.828e-11
       945.1   3.773e-11
       945.2   3.711e-11
       945.3   3.645e-11
       945.4   3.572e-11
       945.5   3.495e-11
       945.6   3.415e-11
       945.7    3.33e-11
       945.8    3.24e-11
       945.9   3.146e-11
       946.1   2.953e-11
       946.3   2.763e-11
       946.5   2.571e-11
       946.7   2.386e-11
       946.9   2.206e-11
       947.1   2.027e-11
       947.2    1.94e-11
       947.3   1.854e-11
       947.4   1.769e-11
       947.5    1.69e-11
       947.6   1.614e-11
       947.7   1.539e-11
       947.8   1.465e-11
       947.9   1.393e-11
         948   1.322e-11
       948.1   1.252e-11
       948.2   1.184e-11
       948.3   1.117e-11
       948.4   1.052e-11
       948.5   9.882e-12
       948.6   9.255e-12
       948.7   8.641e-12
       948.8   8.044e-12
       948.9   7.458e-12
         949   6.888e-12
       949.1   6.334e-12
       949.2   5.791e-12
       949.3   5.258e-12
       949.4   4.738e-12
       949.5    4.46e-12
       949.5   4.177e-12
       949.6   3.893e-12
       949.6   3.604e-12
       949.7   3.256e-12
       949.7   3.181e-12
       949.7   2.901e-12
       949.7   2.828e-12
       949.7   2.641e-12
       949.8   2.902e-12
       949.8   3.333e-12
       949.9   3.663e-12
       949.9   3.947e-12
         950   4.234e-12
         950   4.521e-12
       950.1   4.794e-12
       950.1   5.056e-12
       950.2   5.319e-12
       950.3   5.857e-12
       950.4   6.404e-12
       950.5   6.964e-12
       950.6   7.542e-12
       950.7   8.134e-12
       950.8    8.74e-12
       950.9   9.361e-12
         951   9.998e-12
       951.1   1.065e-11
       951.2   1.131e-11
       951.3   1.199e-11
       951.4   1.269e-11
       951.5   1.341e-11
       951.6   1.415e-11
       951.7    1.49e-11
       951.8   1.567e-11
       951.9   1.645e-11
         952   1.726e-11
       952.1   1.812e-11
       952.2   1.904e-11
       952.3   1.998e-11
       952.4   2.094e-11
       952.5   2.194e-11
       952.6   2.297e-11
       952.7   2.402e-11
       952.8   2.507e-11
       952.9   2.614e-11
         953   2.734e-11
       953.1   2.857e-11
       953.2   2.983e-11
       953.3   3.112e-11
       953.4   3.243e-11
       953.5   3.385e-11
       953.6   3.531e-11
       953.8   3.828e-11
       954.2   4.427e-11
       954.4   4.725e-11
       954.6   5.017e-11
       954.7   5.157e-11
       954.8   5.285e-11
       954.9   5.402e-11
         955   5.517e-11
       955.1   5.629e-11
       955.2   5.739e-11
       955.3   5.846e-11
       955.4    5.95e-11
       955.5   6.052e-11
       955.7   6.238e-11
       955.9   6.411e-11
       956.1   6.577e-11
       956.3   6.734e-11
       956.5   6.884e-11
       956.7   7.024e-11
       956.9   7.156e-11
       957.3   7.398e-11
       957.7   7.613e-11
       958.1   7.801e-11
       958.5   7.964e-11
       958.9   8.098e-11
       959.3   8.208e-11
       959.7   8.291e-11
       960.1   8.348e-11
       960.5   8.377e-11
       960.9    8.38e-11
       961.3   8.353e-11
       961.7   8.299e-11
       962.1   8.215e-11
       962.5   8.103e-11
       962.9   7.959e-11
       963.3   7.786e-11
       963.7   7.579e-11
       964.1   7.343e-11
       964.5   7.076e-11
       964.9   6.781e-11
       965.3   6.458e-11
       965.7   6.109e-11
       966.1   5.739e-11
       966.5    5.35e-11
       966.9   4.946e-11
       967.3   4.534e-11
       967.7   4.118e-11
       968.1   3.703e-11
       968.5   3.296e-11
       968.7   3.097e-11
       968.9   2.901e-11
       969.1   2.711e-11
       969.3   2.525e-11
       969.5   2.344e-11
       969.7   2.169e-11
       969.9   2.001e-11
       970.1    1.84e-11
       970.3   1.685e-11
       970.5   1.537e-11
       970.6   1.466e-11
       970.7   1.396e-11
       970.8   1.328e-11
       970.9   1.262e-11
         971   1.197e-11
       971.1   1.133e-11
       971.2   1.071e-11
       971.3    1.01e-11
       971.4   9.497e-12
       971.5   8.909e-12
       971.6   8.331e-12
       971.8   7.202e-12
       971.9   6.648e-12
         972   6.101e-12
       972.1   5.563e-12
       972.1   5.298e-12
       972.2    5.03e-12
       972.2   4.747e-12
       972.3   4.448e-12
       972.3   4.141e-12
       972.4   3.812e-12
       972.4   3.377e-12
       972.4   3.322e-12
       972.5   2.845e-12
       972.5   2.801e-12
       972.5   2.533e-12
       972.6   2.847e-12
       972.6   3.441e-12
       972.7   3.859e-12
       972.7   4.183e-12
       972.8    4.49e-12
       972.8    4.79e-12
       972.9    5.07e-12
       972.9   5.337e-12
         973   5.875e-12
       973.2   6.978e-12
       973.4    8.11e-12
       973.5   8.691e-12
       973.6   9.276e-12
       973.7    9.88e-12
       973.8   1.049e-11
       973.9   1.112e-11
         974   1.175e-11
       974.1    1.24e-11
       974.2   1.307e-11
       974.3   1.376e-11
       974.4   1.446e-11
       974.5   1.518e-11
       974.6   1.592e-11
       974.7   1.668e-11
       974.8   1.746e-11
       974.9   1.825e-11
         975   1.907e-11
       975.1    1.99e-11
       975.3   2.163e-11
       975.5   2.344e-11
       975.7   2.533e-11
       975.9    2.73e-11
       976.1   2.933e-11
       976.3   3.145e-11
       976.5   3.363e-11
       976.7   3.588e-11
       976.9   3.818e-11
       977.1   4.055e-11
       977.3   4.297e-11
       977.5   4.544e-11
       977.9   5.053e-11
       978.3   5.576e-11
       978.7   6.112e-11
       979.5   7.206e-11
       980.3   8.303e-11
       980.7   8.849e-11
       981.1   9.384e-11
       981.5   9.914e-11
       981.9   1.043e-10
       982.3   1.093e-10
       982.7   1.142e-10
       983.1   1.189e-10
       983.5   1.235e-10
       983.9   1.278e-10
       984.3    1.32e-10
       984.7    1.36e-10
       985.1   1.398e-10
       985.5   1.434e-10
       985.9   1.468e-10
       986.3     1.5e-10
       986.7    1.53e-10
       987.5   1.586e-10
       988.3   1.635e-10
       989.1   1.678e-10
       989.9   1.715e-10
       990.7   1.747e-10
       991.5   1.774e-10
       992.3   1.796e-10
       993.1   1.814e-10
       993.9   1.828e-10
       994.7   1.839e-10
       995.5   1.846e-10
       996.3    1.85e-10
       997.1   1.851e-10
       997.9   1.849e-10
       998.7   1.844e-10
       999.5   1.837e-10
        1000   1.826e-10
        1001   1.813e-10
        1002   1.798e-10
        1003   1.779e-10
        1004   1.758e-10
        1004   1.733e-10
        1005   1.705e-10
        1006   1.674e-10
        1007   1.639e-10
        1008   1.601e-10
        1008   1.558e-10
        1009   1.511e-10
        1010    1.46e-10
        1011   1.404e-10
        1012   1.343e-10
        1012   1.277e-10
        1013   1.206e-10
        1014   1.131e-10
        1015   1.051e-10
        1016   9.668e-11
        1016   8.793e-11
        1017   7.894e-11
        1018   6.984e-11
        1019   6.076e-11
        1019   5.628e-11
        1020   5.186e-11
        1020   4.753e-11
        1020   4.332e-11
        1021   3.925e-11
        1021   3.729e-11
        1021   3.534e-11
        1021   3.344e-11
        1022   3.159e-11
        1022   2.978e-11
        1022   2.803e-11
        1022   2.632e-11
        1022   2.468e-11
        1023   2.308e-11
        1023   2.154e-11
        1023   2.005e-11
        1023   1.862e-11
        1023   1.725e-11
        1024   1.592e-11
        1024   1.465e-11
        1024   1.343e-11
        1024   1.225e-11
        1024   1.111e-11
        1025       1e-11
        1025   8.919e-12
        1025   7.854e-12
        1025   6.802e-12
        1025   6.281e-12
        1025   6.024e-12
        1025   5.761e-12
        1025   5.497e-12
        1025   5.207e-12
        1025   4.903e-12
        1026   4.551e-12
        1026   4.433e-12
        1026   4.121e-12
        1026   4.042e-12
        1026   3.432e-12
        1026   2.747e-12
        1026   2.476e-12
        1026   2.738e-12
        1026   3.431e-12
        1026   4.044e-12
        1026   4.437e-12
        1026   4.757e-12
        1026   5.033e-12
        1026   5.293e-12
        1026   5.535e-12
        1026    5.76e-12
        1026   5.982e-12
        1026   6.427e-12
        1026   7.326e-12
        1027   8.231e-12
        1027   9.149e-12
        1027   1.008e-11
        1027   1.103e-11
        1027   1.201e-11
        1027     1.3e-11
        1028   1.403e-11
        1028    1.51e-11
        1028   1.619e-11
        1028   1.733e-11
        1028    1.85e-11
        1028   1.971e-11
        1029   2.096e-11
        1029   2.225e-11
        1029   2.358e-11
        1029   2.495e-11
        1029   2.636e-11
        1029    2.78e-11
        1030   2.928e-11
        1030    3.08e-11
        1030   3.393e-11
        1030   3.717e-11
        1031   4.052e-11
        1031   4.398e-11
        1032   4.752e-11
        1032   5.114e-11
        1032   5.481e-11
        1033   6.225e-11
        1034   6.975e-11
        1034   7.722e-11
        1035   8.456e-11
        1036   9.169e-11
        1036   9.855e-11
        1037   1.051e-10
        1038   1.113e-10
        1038   1.172e-10
        1039   1.227e-10
        1040   1.278e-10
        1040   1.325e-10
        1041   1.369e-10
        1042   1.409e-10
        1042   1.446e-10
        1043    1.48e-10
        1044   1.512e-10
        1044    1.54e-10
        1045   1.566e-10
        1046    1.59e-10
        1047   1.612e-10
        1048   1.649e-10
        1049    1.68e-10
        1051   1.705e-10
        1052   1.726e-10
        1053   1.743e-10
        1055   1.757e-10
        1056   1.767e-10
        1057   1.776e-10
        1060   1.787e-10
        1063   1.792e-10
        1066   1.793e-10
        1068   1.791e-10
        1071   1.786e-10
        1074    1.78e-10
        1077   1.772e-10
        1079   1.763e-10
        1082   1.754e-10
        1085   1.744e-10
        1087   1.733e-10
        1090   1.722e-10
        1093    1.71e-10
        1096   1.699e-10
        1098   1.687e-10
        1101   1.675e-10
        1104   1.663e-10
        1106   1.651e-10
        1109   1.638e-10
        1112   1.626e-10
        1115   1.614e-10
        1117   1.602e-10
        1120    1.59e-10
        1123   1.577e-10
        1126   1.565e-10
        1128   1.553e-10
        1131   1.541e-10
        1134   1.528e-10
        1136   1.516e-10
        1139   1.504e-10
        1142   1.491e-10
        1145   1.479e-10
        1147   1.467e-10
        1150   1.454e-10
        1153   1.441e-10
        1156   1.428e-10
        1158   1.415e-10
        1161   1.402e-10
        1164   1.388e-10
        1166   1.373e-10
        1169   1.358e-10
        1172   1.342e-10
        1175   1.325e-10
        1177   1.307e-10
        1180   1.286e-10
        1183   1.263e-10
        1186   1.236e-10
        1187    1.22e-10
        1188   1.204e-10
        1190   1.185e-10
        1191   1.165e-10
        1192   1.142e-10
        1194   1.116e-10
        1195   1.087e-10
        1196   1.053e-10
        1197   1.035e-10
        1198   1.016e-10
        1199   9.945e-11
        1199    9.72e-11
        1200   9.479e-11
        1201   9.221e-11
        1201   8.944e-11
        1202   8.649e-11
        1203   8.333e-11
        1203   7.996e-11
        1204   7.641e-11
        1205   7.264e-11
        1205   6.868e-11
        1206   6.451e-11
        1207   6.017e-11
        1207   5.569e-11
        1208    5.11e-11
        1209   4.645e-11
        1209   4.177e-11
        1210   3.712e-11
        1211   3.256e-11
        1211   3.033e-11
        1211   2.815e-11
        1212   2.601e-11
        1212   2.394e-11
        1212   2.193e-11
        1213   1.999e-11
        1213   1.812e-11
        1214   1.631e-11
        1214   1.455e-11
        1214   1.283e-11
        1215   1.114e-11
        1215   1.029e-11
        1215   9.428e-12
        1215   8.556e-12
        1215   8.116e-12
        1215   7.657e-12
        1215   7.416e-12
        1215   7.178e-12
        1215    6.92e-12
        1215   6.626e-12
        1215   6.307e-12
        1215    5.81e-12
        1216   5.168e-12
        1216   4.219e-12
        1216    3.35e-12
        1216   3.189e-12
        1216   3.154e-12
        1216   3.043e-12
        1216       3e-12
        1216   3.154e-12
        1216   3.929e-12
        1216    5.07e-12
        1216   5.858e-12
        1216   6.398e-12
        1216   6.756e-12
        1216   7.077e-12
        1216   7.364e-12
        1216   7.646e-12
        1216   8.184e-12
        1216   8.704e-12
        1216   9.214e-12
        1217   1.022e-11
        1217   1.222e-11
        1217   1.423e-11
        1218   1.525e-11
        1218   1.628e-11
        1218   1.733e-11
        1218    1.84e-11
        1218   1.949e-11
        1219   2.061e-11
        1219   2.175e-11
        1219   2.409e-11
        1220   2.651e-11
        1220   2.899e-11
        1220   3.154e-11
        1221   3.414e-11
        1221   3.676e-11
        1222   4.206e-11
        1223   4.734e-11
        1224   5.252e-11
        1224   5.504e-11
        1224   5.753e-11
        1225   5.994e-11
        1225   6.229e-11
        1226   6.459e-11
        1226   6.679e-11
        1226   6.892e-11
        1227   7.097e-11
        1228   7.484e-11
        1228   7.838e-11
        1229   8.163e-11
        1230   8.457e-11
        1231   8.724e-11
        1232   8.964e-11
        1232   9.178e-11
        1233   9.371e-11
        1234   9.544e-11
        1235   9.698e-11
        1236   9.834e-11
        1236   9.956e-11
        1237   1.007e-10
        1238   1.016e-10
        1240   1.033e-10
        1241   1.045e-10
        1243   1.055e-10
        1244   1.062e-10
        1246   1.068e-10
        1248   1.072e-10
        1251   1.077e-10
        1254   1.078e-10
        1257   1.076e-10
        1260   1.073e-10
        1264   1.069e-10
        1267   1.064e-10
        1270   1.058e-10
        1273   1.052e-10
        1276   1.045e-10
        1280   1.038e-10
        1283   1.031e-10
        1286   1.024e-10
        1289   1.016e-10
        1292   1.009e-10
        1296   1.002e-10
        1298    9.97e-11
        1299   9.943e-11
        1300   9.916e-11
        1302   9.858e-11
        1305     9.8e-11
        1308   9.743e-11
        1310   9.685e-11
        1312   9.628e-11
        1315   9.571e-11
        1318   9.515e-11
        1320   9.458e-11
        1325   9.347e-11
        1335   9.127e-11
        1355   8.704e-11
        1375   8.304e-11
        1395   7.925e-11
        1415   7.568e-11
        1435   7.231e-11
        1455   6.913e-11
        1475   6.612e-11
        1495   6.328e-11
        1515    6.06e-11
        1535   5.806e-11
        1555   5.566e-11
        1575   5.339e-11
        1595   5.123e-11
        1615   4.918e-11
        1635   4.724e-11
        1655    4.54e-11
        1675   4.364e-11
        1695   4.198e-11
        1715    4.04e-11
        1735   3.889e-11
        1755   3.745e-11
        1775   3.608e-11
        1795   3.478e-11
        1815   3.353e-11
        1835   3.235e-11
        1855   3.121e-11
        1875   3.013e-11
        1895   2.909e-11
        1915    2.81e-11
        1935   2.716e-11
        1955   2.625e-11
        1975   2.538e-11
        1995   2.455e-11
        2015   2.376e-11
        2035   2.299e-11
        2055   2.226e-11
        2075   2.156e-11
        2095   2.089e-11
        2115   2.024e-11
        2135   1.962e-11
        2155   1.902e-11
        2175   1.845e-11
        2195   1.789e-11
        2215   1.736e-11
        2235   1.685e-11
        2255   1.636e-11
        2275   1.588e-11
        2295   1.543e-11
        2315   1.499e-11
        2335   1.457e-11
        2355   1.416e-11
        2375   1.376e-11
        2395   1.338e-11
        2415   1.302e-11
        2435   1.266e-11
        2455   1.232e-11
        2475   1.199e-11
        2495   1.167e-11
        2515   1.136e-11
        2535   1.107e-11
        2555   1.078e-11
        2575    1.05e-11
        2595   1.023e-11
        2615    9.97e-12
        2635   9.718e-12
        2655   9.474e-12
        2675   9.238e-12
        2695   9.009e-12
        2715   8.788e-12
        2735   8.573e-12
        2755   8.365e-12
        2775   8.163e-12
        2795   7.967e-12
        2815   7.778e-12
        2835   7.594e-12
        2855   7.415e-12
        2875   7.242e-12
        2895   7.074e-12
        2915   6.911e-12
        2935   6.753e-12
        2955   6.599e-12
        2975    6.45e-12
        2995   6.304e-12
        3015   6.164e-12
        3035   6.027e-12
        3055   5.894e-12
        3075   5.764e-12
        3095   5.638e-12
        3115   5.516e-12
        3135   5.397e-12
        3155   5.281e-12
        3175   5.168e-12
        3195   5.059e-12
        3215   4.952e-12
        3235   4.848e-12
        3255   4.747e-12
        3275   4.649e-12
        3295   4.553e-12
        3315   4.459e-12
        3335   4.368e-12
        3355    4.28e-12
        3375   4.193e-12
        3395   4.109e-12
        3415   4.027e-12
        3435   3.947e-12
        3455   3.869e-12
        3475   3.793e-12
        3495   3.719e-12
        3515   3.647e-12
        3535   3.576e-12
        3555   3.507e-12
        3575    3.44e-12
        3595   3.374e-12
        3615    3.31e-12
        3623   3.285e-12
        3635   3.247e-12
        3644   3.219e-12
        3647    3.21e-12
        3650   3.201e-12
        3660    3.17e-12
        3670    3.14e-12
        3676   3.121e-12
        3680    3.11e-12
        3680   3.109e-12
        3683     3.1e-12
        3684   3.098e-12
        3687   3.088e-12
        3688   3.086e-12
        3693   3.071e-12
        3698   3.055e-12
        3703   3.042e-12
        3704   3.038e-12
        3705   3.035e-12
        3707   3.029e-12
        3710    3.02e-12
        3712   3.016e-12
        3713   3.012e-12
        3716   3.003e-12
        3721   2.989e-12
        3722   2.987e-12
        3722   2.986e-12
        3723   2.983e-12
        3725   2.978e-12
        3728   2.969e-12
        3735   2.949e-12
        3742   2.931e-12
        3747   2.914e-12
        3749   2.907e-12
        3751   2.901e-12
        3755   2.896e-12
        3759   2.888e-12
        3761   2.883e-12
        3763   2.879e-12
        3766   2.863e-12
        3769    2.85e-12
        3770   2.844e-12
        3772   2.839e-12
        3773   2.839e-12
        3774   2.841e-12
        3776   2.842e-12
        3777   2.843e-12
        3778   2.844e-12
        3781   2.843e-12
        3784   2.838e-12
        3786    2.83e-12
        3789   2.816e-12
        3792   2.798e-12
        3794   2.777e-12
        3795   2.771e-12
        3797   2.754e-12
        3798   2.746e-12
        3799   2.741e-12
        3800   2.744e-12
        3801   2.749e-12
        3802   2.756e-12
        3804   2.769e-12
        3806    2.78e-12
        3808    2.79e-12
        3810   2.796e-12
        3812     2.8e-12
        3814     2.8e-12
        3816   2.798e-12
        3818   2.793e-12
        3820   2.783e-12
        3821    2.77e-12
        3823   2.753e-12
        3825   2.732e-12
        3827   2.707e-12
        3829   2.678e-12
        3831   2.645e-12
        3834   2.599e-12
        3835   2.576e-12
        3836   2.567e-12
        3836   2.563e-12
        3836    2.56e-12
        3837   2.562e-12
        3837   2.566e-12
        3837    2.57e-12
        3838   2.574e-12
        3838   2.579e-12
        3839   2.589e-12
        3840   2.612e-12
        3843   2.655e-12
        3845   2.692e-12
        3848   2.724e-12
        3851    2.75e-12
        3853   2.768e-12
        3856    2.78e-12
        3859   2.783e-12
        3861   2.782e-12
        3864   2.774e-12
        3867   2.757e-12
        3869   2.735e-12
        3872   2.704e-12
        3875   2.661e-12
        3876   2.637e-12
        3877   2.613e-12
        3878   2.583e-12
        3880   2.551e-12
        3881   2.518e-12
        3882   2.483e-12
        3884   2.444e-12
        3885   2.404e-12
        3885   2.396e-12
        3886   2.361e-12
        3887   2.357e-12
        3888   2.316e-12
        3888   2.297e-12
        3889   2.279e-12
        3890   2.265e-12
        3890    2.26e-12
        3890   2.258e-12
        3890   2.259e-12
        3891   2.263e-12
        3891   2.269e-12
        3891   2.276e-12
        3892   2.292e-12
        3893   2.329e-12
        3896   2.403e-12
        3898    2.47e-12
        3900   2.528e-12
        3902   2.556e-12
        3903   2.583e-12
        3904   2.605e-12
        3905   2.626e-12
        3908   2.667e-12
        3910   2.699e-12
        3913   2.723e-12
        3915   2.743e-12
        3917   2.759e-12
        3920   2.769e-12
        3922   2.774e-12
        3925   2.777e-12
        3927   2.777e-12
        3930   2.773e-12
        3932   2.766e-12
        3934   2.756e-12
        3937   2.741e-12
        3939   2.723e-12
        3942   2.699e-12
        3944    2.67e-12
        3946   2.633e-12
        3949    2.59e-12
        3951   2.546e-12
        3954   2.493e-12
        3956   2.428e-12
        3957   2.396e-12
        3959   2.363e-12
        3960   2.325e-12
        3961   2.284e-12
        3962   2.242e-12
        3963   2.198e-12
        3965   2.149e-12
        3966   2.103e-12
        3967   2.049e-12
        3968   1.993e-12
        3969   1.935e-12
        3970   1.901e-12
        3971   1.874e-12
        3971   1.859e-12
        3971   1.853e-12
        3971    1.85e-12
        3971   1.853e-12
        3971   1.859e-12
        3972   1.865e-12
        3972   1.872e-12
        3972   1.879e-12
        3972   1.886e-12
        3972   1.892e-12
        3972   1.898e-12
        3972   1.904e-12
        3973   1.916e-12
        3973    1.94e-12
        3974   1.988e-12
        3975   2.032e-12
        3976   2.076e-12
        3977   2.115e-12
        3978   2.153e-12
        3980   2.222e-12
        3983   2.287e-12
        3985   2.343e-12
        3987   2.394e-12
        3989   2.442e-12
        3991   2.482e-12
        3993   2.515e-12
        3995   2.548e-12
        3997   2.579e-12
        3999   2.604e-12
        4001   2.625e-12
        4004   2.642e-12
        4006   2.656e-12
        4010   2.676e-12
        4014   2.687e-12
        4018   2.692e-12
        4022   2.693e-12
        4031   2.687e-12
        4039    2.67e-12
        4043   2.658e-12
        4048   2.643e-12
        4052   2.624e-12
        4056     2.6e-12
        4060    2.57e-12
        4064   2.531e-12
        4068   2.485e-12
        4073   2.431e-12
        4075   2.401e-12
        4077   2.367e-12
        4079   2.328e-12
        4081   2.287e-12
        4083   2.243e-12
        4085   2.194e-12
        4087   2.137e-12
        4089   2.079e-12
        4090   2.048e-12
        4092   2.014e-12
        4093   1.978e-12
        4094   1.941e-12
        4095   1.902e-12
        4096    1.86e-12
        4097   1.815e-12
        4098   1.769e-12
        4099   1.716e-12
        4099    1.69e-12
        4100   1.662e-12
        4100   1.632e-12
        4101     1.6e-12
        4101   1.568e-12
        4102   1.537e-12
        4102   1.529e-12
        4102    1.52e-12
        4103   1.514e-12
        4103   1.512e-12
        4103   1.514e-12
        4103   1.512e-12
        4103   1.513e-12
        4103   1.518e-12
        4104   1.527e-12
        4104   1.538e-12
        4104   1.549e-12
        4104   1.572e-12
        4105   1.617e-12
        4106   1.658e-12
        4107   1.697e-12
        4108   1.734e-12
        4108   1.769e-12
        4109     1.8e-12
        4110    1.83e-12
        4111   1.888e-12
        4113   1.938e-12
        4114   1.986e-12
        4116   2.028e-12
        4118   2.065e-12
        4119   2.103e-12
        4121   2.138e-12
        4122   2.168e-12
        4124   2.196e-12
        4125   2.221e-12
        4127   2.245e-12
        4130   2.287e-12
        4133   2.321e-12
        4136    2.35e-12
        4139   2.374e-12
        4142   2.395e-12
        4145   2.411e-12
        4148   2.423e-12
        4151   2.431e-12
        4155   2.437e-12
        4161   2.443e-12
        4167   2.442e-12
        4173   2.437e-12
        4179    2.43e-12
        4185   2.422e-12
        4192   2.412e-12
        4198   2.402e-12
        4204   2.391e-12
        4210    2.38e-12
        4216   2.368e-12
        4222   2.356e-12
        4229   2.344e-12
        4235   2.331e-12
        4241   2.318e-12
        4247   2.304e-12
        4253   2.289e-12
        4260   2.273e-12
        4266   2.255e-12
        4272   2.234e-12
        4278   2.211e-12
        4284   2.182e-12
        4290    2.15e-12
        4297   2.111e-12
        4300   2.089e-12
        4303   2.063e-12
        4306   2.035e-12
        4309   2.004e-12
        4312   1.969e-12
        4315   1.929e-12
        4318   1.884e-12
        4321   1.832e-12
        4323   1.803e-12
        4324   1.773e-12
        4326   1.739e-12
        4327   1.703e-12
        4329   1.666e-12
        4330   1.626e-12
        4332   1.581e-12
        4334   1.534e-12
        4335   1.481e-12
        4336   1.452e-12
        4337   1.421e-12
        4337   1.387e-12
        4338    1.37e-12
        4338   1.353e-12
        4339   1.333e-12
        4339   1.313e-12
        4339   1.294e-12
        4339   1.293e-12
        4340   1.271e-12
        4340    1.26e-12
        4341   1.223e-12
        4341   1.185e-12
        4341    1.16e-12
        4342   1.148e-12
        4342   1.143e-12
        4342   1.142e-12
        4342   1.143e-12
        4342   1.147e-12
        4342   1.153e-12
        4342    1.16e-12
        4342   1.166e-12
        4342   1.173e-12
        4342   1.179e-12
        4342   1.184e-12
        4342    1.19e-12
        4342   1.195e-12
        4342     1.2e-12
        4343   1.204e-12
        4343   1.209e-12
        4343   1.214e-12
        4343   1.218e-12
        4343   1.222e-12
        4343   1.225e-12
        4343   1.235e-12
        4343   1.245e-12
        4344   1.262e-12
        4344   1.278e-12
        4344   1.308e-12
        4345   1.337e-12
        4346   1.364e-12
        4346   1.388e-12
        4347   1.435e-12
        4348   1.475e-12
        4350   1.513e-12
        4351   1.545e-12
        4352   1.577e-12
        4353   1.607e-12
        4354   1.635e-12
        4356   1.659e-12
        4357   1.683e-12
        4359   1.728e-12
        4361   1.766e-12
        4364   1.799e-12
        4366   1.828e-12
        4368   1.853e-12
        4371   1.876e-12
        4373   1.894e-12
        4375   1.911e-12
        4378   1.926e-12
        4383   1.949e-12
        4387   1.966e-12
        4392   1.978e-12
        4397   1.986e-12
        4401   1.992e-12
        4406   1.994e-12
        4415   1.994e-12
        4425   1.988e-12
        4434   1.978e-12
        4443   1.966e-12
        4453   1.953e-12
        4462   1.939e-12
        4472   1.926e-12
        4481   1.912e-12
        4490   1.898e-12
        4500   1.884e-12
        4509    1.87e-12
        4519   1.856e-12
        4528   1.842e-12
        4537   1.828e-12
        4547   1.815e-12
        4556   1.801e-12
        4565   1.788e-12
        4575   1.774e-12
        4584   1.761e-12
        4594   1.748e-12
        4603   1.735e-12
        4612   1.722e-12
        4622   1.709e-12
        4631   1.696e-12
        4641   1.683e-12
        4650   1.671e-12
        4659   1.658e-12
        4669   1.645e-12
        4678   1.633e-12
        4687    1.62e-12
        4697   1.608e-12
        4706   1.595e-12
        4716   1.583e-12
        4725    1.57e-12
        4734   1.557e-12
        4744   1.544e-12
        4753    1.53e-12
        4763   1.515e-12
        4772     1.5e-12
        4781   1.483e-12
        4791   1.463e-12
        4800    1.44e-12
        4805   1.426e-12
        4809   1.412e-12
        4814   1.395e-12
        4819   1.376e-12
        4824   1.353e-12
        4828   1.327e-12
        4831   1.312e-12
        4833   1.296e-12
        4835   1.277e-12
        4838   1.257e-12
        4840   1.236e-12
        4842   1.211e-12
        4845   1.185e-12
        4847   1.156e-12
        4849   1.123e-12
        4850   1.105e-12
        4852   1.086e-12
        4853   1.066e-12
        4854   1.044e-12
        4855   1.021e-12
        4856   9.947e-13
        4858   9.661e-13
        4858   9.502e-13
        4859   9.336e-13
        4859    9.16e-13
        4860   8.967e-13
        4860   8.759e-13
        4861   8.524e-13
        4861   8.394e-13
        4862   8.254e-13
        4862   8.196e-13
        4862   8.102e-13
        4862   8.073e-13
        4862   7.948e-13
        4862   7.887e-13
        4862   7.833e-13
        4863   7.792e-13
        4863   7.781e-13
        4863   7.775e-13
        4863    7.78e-13
        4863   7.797e-13
        4863   7.836e-13
        4863   7.881e-13
        4863   7.981e-13
        4864   8.186e-13
        4864   8.377e-13
        4864   8.547e-13
        4865   8.702e-13
        4865   8.844e-13
        4866   9.104e-13
        4867   9.332e-13
        4868    9.54e-13
        4868   9.735e-13
        4869   9.912e-13
        4870   1.007e-12
        4872   1.037e-12
        4873   1.063e-12
        4875   1.087e-12
        4876   1.108e-12
        4878   1.127e-12
        4880   1.145e-12
        4881   1.161e-12
        4883   1.176e-12
        4884    1.19e-12
        4888   1.214e-12
        4891   1.233e-12
        4894    1.25e-12
        4897   1.264e-12
        4900   1.275e-12
        4904   1.284e-12
        4907   1.292e-12
        4913   1.302e-12
        4920   1.309e-12
        4926   1.313e-12
        4932   1.314e-12
        4939   1.314e-12
        4945   1.312e-12
        4952   1.309e-12
        4958   1.306e-12
        4964   1.302e-12
        4971   1.297e-12
        4977   1.292e-12
        4984   1.287e-12
        4990   1.282e-12
        4993    1.28e-12
        4996   1.277e-12
        5000   1.274e-12
        5010   1.266e-12
        5020   1.257e-12
        5040   1.239e-12
        5060   1.222e-12
        5080   1.204e-12
        5100   1.187e-12
        5120    1.17e-12
        5140   1.153e-12
        5160   1.137e-12
        5180    1.12e-12
        5200   1.104e-12
        5220   1.089e-12
        5240   1.073e-12
        5260   1.058e-12
        5280   1.043e-12
        5300   1.029e-12
        5320   1.014e-12
        5340       1e-12
        5360   9.864e-13
        5380   9.728e-13
        5400   9.594e-13
        5420   9.462e-13
        5440   9.333e-13
        5460   9.206e-13
        5480   9.081e-13
        5500   8.958e-13
        5520   8.837e-13
        5540   8.718e-13
        5560   8.601e-13
        5580   8.486e-13
        5600   8.373e-13
        5620   8.262e-13
        5640   8.153e-13
        5660   8.045e-13
        5680    7.94e-13
        5700   7.836e-13
        5720   7.733e-13
        5740   7.633e-13
        5760   7.534e-13
        5780   7.436e-13
        5800    7.34e-13
        5820   7.246e-13
        5840   7.153e-13
        5860   7.062e-13
        5880   6.972e-13
        5900   6.884e-13
        5920   6.797e-13
        5940   6.711e-13
        5960   6.627e-13
        5980   6.544e-13
        6000   6.462e-13
        6020   6.382e-13
        6040   6.303e-13
        6060   6.225e-13
        6080   6.148e-13
        6100   6.072e-13
        6120   5.998e-13
        6140   5.924e-13
        6160   5.852e-13
        6180   5.781e-13
        6200    5.71e-13
        6220   5.641e-13
        6240   5.573e-13
        6260   5.505e-13
        6280   5.439e-13
        6300   5.373e-13
        6320   5.308e-13
        6340   5.244e-13
        6360    5.18e-13
        6380   5.117e-13
        6400   5.053e-13
        6420   4.988e-13
        6440   4.922e-13
        6460    4.85e-13
        6480   4.769e-13
        6490   4.722e-13
        6500   4.667e-13
        6510     4.6e-13
        6515   4.559e-13
        6520   4.512e-13
        6525   4.456e-13
        6530    4.39e-13
        6535   4.309e-13
        6538   4.263e-13
        6540   4.211e-13
        6542   4.153e-13
        6545   4.088e-13
        6548   4.015e-13
        6550   3.932e-13
        6552   3.837e-13
        6554   3.784e-13
        6555   3.726e-13
        6556   3.663e-13
        6558   3.594e-13
        6559   3.517e-13
        6560   3.431e-13
        6561   3.383e-13
        6561   3.333e-13
        6562   3.277e-13
        6562   3.216e-13
        6563   3.181e-13
        6563   3.142e-13
        6563   3.099e-13
        6564   3.049e-13
        6564   2.977e-13
        6564   2.963e-13
        6564   2.953e-13
        6564   2.885e-13
        6565   2.854e-13
        6565   2.961e-13
        6566    3.07e-13
        6566   3.139e-13
        6567   3.198e-13
        6567   3.247e-13
        6568   3.291e-13
        6569   3.371e-13
        6570   3.441e-13
        6571   3.505e-13
        6572   3.562e-13
        6573   3.614e-13
        6574   3.662e-13
        6576   3.747e-13
        6578    3.82e-13
        6580   3.883e-13
        6582    3.94e-13
        6584   3.989e-13
        6586   4.033e-13
        6588   4.071e-13
        6592   4.137e-13
        6596   4.189e-13
        6600    4.23e-13
        6604   4.261e-13
        6608   4.286e-13
        6612   4.304e-13
        6616   4.317e-13
        6624   4.334e-13
        6632    4.34e-13
        6640    4.34e-13
        6656   4.325e-13
        6672   4.301e-13
        6688   4.271e-13
        6704   4.238e-13
        6720   4.204e-13
        6736   4.169e-13
        6752   4.134e-13
        6768   4.098e-13
        6784   4.063e-13
        6800   4.028e-13
        6816   3.993e-13
        6832   3.958e-13
        6848   3.924e-13
        6864   3.889e-13
        6880   3.856e-13
        6896   3.822e-13
        6912   3.789e-13
        6928   3.756e-13
        6944   3.723e-13
        6960   3.691e-13
        6976   3.659e-13
        6992   3.628e-13
        7008   3.597e-13
        7024   3.566e-13
        7040   3.535e-13
        7056   3.505e-13
        7072   3.475e-13
        7088   3.445e-13
        7104   3.416e-13
        7120   3.387e-13
        7136   3.358e-13
        7152    3.33e-13
        7168   3.302e-13
        7184   3.274e-13
        7200   3.247e-13
        7216   3.219e-13
        7232   3.192e-13
        7248   3.166e-13
        7264   3.139e-13
        7280   3.113e-13
        7296   3.087e-13
        7312   3.062e-13
        7328   3.037e-13
        7344   3.012e-13
        7360   2.987e-13
        7376   2.962e-13
        7392   2.938e-13
        7408   2.914e-13
        7424    2.89e-13
        7440   2.867e-13
        7456   2.843e-13
        7472    2.82e-13
        7488   2.797e-13
        7504   2.775e-13
        7520   2.752e-13
        7536    2.73e-13
        7552   2.708e-13
        7568   2.687e-13
        7584   2.665e-13
        7600   2.644e-13
        7616   2.623e-13
        7632   2.602e-13
        7648   2.581e-13
        7664   2.561e-13
        7680   2.541e-13
        7696   2.521e-13
        7712   2.501e-13
        7728   2.481e-13
        7744   2.462e-13
        7760   2.442e-13
        7776   2.423e-13
        7792   2.404e-13
        7808   2.386e-13
        7824   2.367e-13
        7840   2.349e-13
        7856   2.331e-13
        7872   2.313e-13
        7888   2.295e-13
        7904   2.277e-13
        7920    2.26e-13
        7936   2.243e-13
        7952   2.225e-13
        7968   2.208e-13
        7984   2.192e-13
        8000   2.175e-13
        8016   2.158e-13
        8032   2.142e-13
        8048   2.126e-13
        8064    2.11e-13
        8080   2.094e-13
        8096   2.078e-13
        8112   2.063e-13
        8128   2.047e-13
        8144   2.032e-13
        8160   2.017e-13
        8176   2.002e-13
        8177       2e-13
        8192   1.987e-13
        8206   1.973e-13
        8221    1.96e-13
        8235   1.947e-13
        8250   1.934e-13
        8264   1.921e-13
        8279   1.908e-13
        8293   1.895e-13
        8308   1.882e-13
        8322    1.87e-13
        8337   1.857e-13
        8351   1.845e-13
        8366   1.832e-13
        8366   1.832e-13
        8380    1.82e-13
        8395   1.808e-13
        8402   1.802e-13
        8409   1.796e-13
        8416   1.791e-13
        8417    1.79e-13
        8429    1.78e-13
        8440   1.771e-13
        8452   1.762e-13
        8457   1.758e-13
        8463   1.753e-13
        8470   1.747e-13
        8483   1.737e-13
        8486   1.734e-13
        8496   1.727e-13
        8505    1.72e-13
        8523   1.705e-13
        8536   1.696e-13
        8542   1.691e-13
        8548   1.687e-13
        8560   1.678e-13
        8571   1.669e-13
        8583    1.66e-13
        8589   1.655e-13
        8595   1.651e-13
        8601   1.647e-13
        8612   1.638e-13
        8624    1.63e-13
        8636   1.621e-13
        8647   1.613e-13
        8651   1.611e-13
        8659   1.605e-13
        8667   1.599e-13
        8684   1.587e-13
        8700   1.576e-13
        8717   1.565e-13
        8733   1.553e-13
        8747   1.543e-13
        8750   1.541e-13
        8753   1.539e-13
        8759   1.535e-13
        8772   1.527e-13
        8784    1.52e-13
        8797   1.512e-13
        8809   1.503e-13
        8822   1.495e-13
        8834   1.487e-13
        8847   1.478e-13
        8853   1.474e-13
        8859   1.469e-13
        8865   1.465e-13
        8877   1.459e-13
        8890   1.453e-13
        8902   1.446e-13
        8914   1.439e-13
        8926   1.432e-13
        8939   1.424e-13
        8951   1.416e-13
        8963   1.408e-13
        8976     1.4e-13
        8988    1.39e-13
        9000   1.381e-13
        9007   1.375e-13
        9012   1.371e-13
        9017   1.368e-13
        9028   1.364e-13
        9038   1.361e-13
        9048   1.358e-13
        9058   1.355e-13
        9069   1.351e-13
        9079   1.346e-13
        9089   1.342e-13
        9099   1.337e-13
        9110   1.331e-13
        9120   1.326e-13
        9130    1.32e-13
        9140   1.314e-13
        9151   1.307e-13
        9161     1.3e-13
        9171   1.292e-13
        9181   1.284e-13
        9192   1.275e-13
        9202   1.266e-13
        9212   1.255e-13
        9213   1.254e-13
        9222   1.245e-13
        9227    1.24e-13
        9232   1.237e-13
        9236   1.236e-13
        9241   1.236e-13
        9246   1.237e-13
        9250   1.236e-13
        9259   1.236e-13
        9278   1.236e-13
        9297   1.232e-13
        9315   1.228e-13
        9334   1.221e-13
        9353   1.214e-13
        9371   1.206e-13
        9390   1.197e-13
        9409   1.187e-13
        9427   1.176e-13
        9446   1.164e-13
        9464   1.151e-13
        9483   1.135e-13
        9492   1.126e-13
        9502   1.116e-13
        9511   1.105e-13
        9520   1.092e-13
        9529   1.079e-13
        9530   1.079e-13
        9539   1.064e-13
        9544   1.056e-13
        9546   1.052e-13
        9547    1.05e-13
        9549   1.049e-13
        9550   1.049e-13
        9551    1.05e-13
        9552   1.051e-13
        9553   1.052e-13
        9555   1.053e-13
        9556   1.054e-13
        9557   1.055e-13
        9558   1.056e-13
        9559   1.057e-13
        9561   1.058e-13
        9562   1.059e-13
        9563    1.06e-13
        9564   1.061e-13
        9565   1.062e-13
        9567   1.062e-13
        9568   1.063e-13
        9568   1.063e-13
        9570   1.065e-13
        9575   1.068e-13
        9585   1.073e-13
        9594   1.076e-13
        9604   1.078e-13
        9623    1.08e-13
        9643   1.078e-13
        9662   1.075e-13
        9681    1.07e-13
        9700   1.064e-13
        9720   1.058e-13
        9739   1.051e-13
        9758   1.044e-13
        9777   1.036e-13
        9797   1.029e-13
        9816   1.021e-13
        9835   1.013e-13
        9854   1.006e-13
        9874   9.968e-14
        9893   9.873e-14
        9912   9.771e-14
        9931    9.66e-14
        9951   9.532e-14
        9970   9.384e-14
        9978    9.31e-14
        9989   9.201e-14
       1e+04   9.078e-14
       1e+04   9.073e-14
       1e+04   9.067e-14
       1e+04   9.062e-14
       1e+04   9.056e-14
       1e+04   9.051e-14
       1e+04   9.045e-14
       1e+04    9.04e-14
       1e+04   9.034e-14
       1e+04   9.028e-14
       1e+04   9.023e-14
       1e+04   9.017e-14
       1e+04   9.011e-14
   1.001e+04   9.005e-14
   1.001e+04       9e-14
   1.001e+04   8.994e-14
   1.001e+04   8.988e-14
   1.001e+04   8.982e-14
   1.001e+04   8.976e-14
   1.001e+04    8.97e-14
   1.001e+04   8.964e-14
   1.001e+04   8.958e-14
   1.001e+04   8.952e-14
   1.001e+04   8.946e-14
   1.001e+04    8.94e-14
   1.001e+04   8.935e-14
   1.001e+04   8.929e-14
   1.001e+04   8.924e-14
   1.001e+04   8.918e-14
   1.001e+04   8.912e-14
   1.001e+04   8.907e-14
   1.001e+04   8.901e-14
   1.001e+04   8.895e-14
   1.001e+04   8.889e-14
   1.001e+04   8.882e-14
   1.001e+04   8.876e-14
   1.001e+04   8.869e-14
   1.002e+04   8.862e-14
   1.002e+04   8.856e-14
   1.002e+04   8.849e-14
   1.002e+04   8.842e-14
   1.002e+04   8.836e-14
   1.002e+04   8.829e-14
   1.002e+04   8.822e-14
   1.002e+04   8.816e-14
   1.002e+04   8.809e-14
   1.002e+04   8.802e-14
   1.002e+04   8.795e-14
   1.002e+04   8.788e-14
   1.002e+04   8.781e-14
   1.002e+04   8.774e-14
   1.002e+04   8.767e-14
   1.002e+04    8.76e-14
   1.002e+04   8.753e-14
   1.002e+04   8.746e-14
   1.002e+04   8.738e-14
   1.002e+04   8.731e-14
   1.002e+04   8.724e-14
   1.002e+04   8.717e-14
   1.002e+04   8.709e-14
   1.002e+04   8.702e-14
   1.002e+04   8.694e-14
   1.003e+04   8.687e-14
   1.003e+04    8.68e-14
   1.003e+04   8.673e-14
   1.003e+04   8.666e-14
   1.003e+04   8.658e-14
   1.003e+04    8.65e-14
   1.003e+04   8.643e-14
   1.003e+04   8.635e-14
   1.003e+04   8.627e-14
   1.003e+04   8.619e-14
   1.003e+04   8.611e-14
   1.003e+04   8.603e-14
   1.003e+04   8.595e-14
   1.003e+04   8.586e-14
   1.003e+04   8.578e-14
   1.003e+04    8.57e-14
   1.003e+04   8.561e-14
   1.003e+04   8.552e-14
   1.003e+04   8.544e-14
   1.003e+04   8.536e-14
   1.003e+04   8.527e-14
   1.003e+04   8.518e-14
   1.003e+04   8.509e-14
   1.003e+04   8.501e-14
   1.004e+04   8.492e-14
   1.004e+04   8.483e-14
   1.004e+04   8.474e-14
   1.004e+04   8.466e-14
   1.004e+04   8.457e-14
   1.004e+04   8.448e-14
   1.004e+04   8.439e-14
   1.004e+04    8.43e-14
   1.004e+04   8.421e-14
   1.004e+04   8.411e-14
   1.004e+04   8.402e-14
   1.004e+04   8.392e-14
   1.004e+04   8.383e-14
   1.004e+04   8.374e-14
   1.004e+04   8.365e-14
   1.004e+04   8.355e-14
   1.004e+04   8.346e-14
   1.004e+04   8.337e-14
   1.004e+04   8.328e-14
   1.004e+04   8.319e-14
   1.004e+04    8.31e-14
   1.004e+04     8.3e-14
   1.004e+04   8.291e-14
   1.004e+04   8.282e-14
   1.004e+04   8.273e-14
   1.005e+04   8.264e-14
   1.005e+04   8.255e-14
   1.005e+04   8.247e-14
   1.005e+04   8.238e-14
   1.005e+04    8.23e-14
   1.005e+04   8.221e-14
   1.005e+04   8.215e-14
   1.005e+04   8.209e-14
   1.005e+04   8.202e-14
   1.005e+04   8.196e-14
   1.005e+04   8.193e-14
   1.005e+04    8.19e-14
   1.005e+04   8.187e-14
   1.005e+04   8.185e-14
   1.005e+04   8.188e-14
   1.005e+04   8.191e-14
   1.005e+04   8.194e-14
   1.005e+04   8.195e-14
   1.005e+04   8.197e-14
   1.005e+04   8.197e-14
   1.005e+04   8.191e-14
   1.005e+04   8.176e-14
   1.006e+04   8.179e-14
   1.006e+04   8.201e-14
   1.006e+04   8.231e-14
   1.006e+04   8.296e-14
   1.007e+04   8.422e-14
   1.008e+04   8.526e-14
   1.009e+04   8.613e-14
    1.01e+04   8.674e-14
    1.01e+04   8.731e-14
   1.011e+04   8.768e-14
   1.012e+04   8.796e-14
   1.014e+04    8.83e-14
   1.015e+04   8.837e-14
   1.017e+04    8.83e-14
   1.018e+04    8.81e-14
    1.02e+04   8.782e-14
   1.023e+04   8.711e-14
   1.026e+04   8.627e-14
    1.03e+04   8.537e-14
   1.036e+04    8.35e-14
   1.042e+04   8.161e-14
   1.049e+04   7.965e-14
   1.055e+04   7.779e-14
   1.062e+04   7.597e-14
   1.068e+04    7.41e-14
   1.074e+04   7.214e-14
   1.078e+04   7.106e-14
   1.081e+04   6.983e-14
   1.082e+04   6.911e-14
   1.084e+04   6.829e-14
   1.086e+04   6.733e-14
   1.087e+04   6.617e-14
   1.088e+04   6.548e-14
   1.089e+04   6.471e-14
    1.09e+04   6.381e-14
    1.09e+04    6.28e-14
   1.091e+04   6.161e-14
   1.092e+04   6.094e-14
   1.092e+04   6.026e-14
   1.092e+04   5.945e-14
   1.093e+04   5.862e-14
   1.093e+04   5.807e-14
   1.093e+04   5.771e-14
   1.093e+04   5.739e-14
   1.094e+04   5.672e-14
   1.094e+04   5.634e-14
   1.094e+04    5.59e-14
   1.094e+04   5.532e-14
   1.094e+04   5.483e-14
   1.094e+04   5.468e-14
   1.094e+04   5.468e-14
   1.094e+04   5.481e-14
   1.094e+04   5.508e-14
   1.094e+04   5.533e-14
   1.094e+04   5.572e-14
   1.094e+04   5.602e-14
   1.095e+04   5.652e-14
   1.095e+04   5.695e-14
   1.095e+04   5.736e-14
   1.095e+04   5.811e-14
   1.096e+04   5.877e-14
   1.096e+04   5.936e-14
   1.097e+04   5.988e-14
   1.097e+04   6.084e-14
   1.098e+04   6.155e-14
   1.099e+04   6.215e-14
     1.1e+04   6.259e-14
   1.101e+04   6.294e-14
   1.101e+04   6.319e-14
   1.102e+04    6.34e-14
   1.104e+04   6.361e-14
   1.105e+04   6.368e-14
   1.107e+04   6.363e-14
   1.109e+04    6.35e-14
    1.11e+04   6.332e-14
   1.113e+04   6.285e-14
   1.117e+04   6.229e-14
    1.12e+04   6.169e-14
   1.126e+04   6.044e-14
   1.133e+04   5.917e-14
   1.139e+04   5.791e-14
   1.145e+04   5.671e-14
   1.152e+04    5.55e-14
   1.158e+04   5.432e-14
   1.165e+04   5.316e-14
   1.171e+04   5.204e-14
   1.177e+04   5.095e-14
   1.184e+04   4.989e-14
    1.19e+04   4.885e-14
   1.197e+04   4.784e-14
   1.203e+04   4.684e-14
   1.209e+04   4.588e-14
   1.216e+04   4.494e-14
   1.222e+04   4.402e-14
   1.229e+04   4.313e-14
   1.235e+04   4.225e-14
   1.241e+04   4.138e-14
   1.248e+04   4.053e-14
   1.254e+04   3.966e-14
   1.261e+04   3.876e-14
   1.264e+04   3.826e-14
   1.267e+04    3.77e-14
   1.269e+04   3.738e-14
    1.27e+04   3.703e-14
   1.272e+04   3.661e-14
   1.273e+04   3.612e-14
   1.275e+04   3.551e-14
   1.276e+04   3.515e-14
   1.277e+04   3.475e-14
   1.277e+04   3.427e-14
   1.278e+04   3.373e-14
   1.279e+04   3.308e-14
   1.279e+04   3.271e-14
    1.28e+04   3.233e-14
    1.28e+04   3.189e-14
   1.281e+04    3.14e-14
   1.281e+04   3.127e-14
   1.281e+04   3.086e-14
   1.281e+04   3.078e-14
   1.281e+04   3.025e-14
   1.282e+04   2.996e-14
   1.282e+04   2.968e-14
   1.282e+04   2.955e-14
   1.282e+04   2.946e-14
   1.282e+04   2.946e-14
   1.282e+04   2.952e-14
   1.282e+04   2.964e-14
   1.282e+04   2.973e-14
   1.282e+04   2.963e-14
   1.282e+04    2.95e-14
   1.282e+04   2.944e-14
   1.282e+04   2.943e-14
   1.282e+04    2.95e-14
   1.283e+04   2.962e-14
   1.283e+04   2.987e-14
   1.283e+04   3.036e-14
   1.283e+04    3.08e-14
   1.284e+04    3.12e-14
   1.284e+04   3.156e-14
   1.284e+04   3.187e-14
   1.285e+04    3.24e-14
   1.286e+04   3.284e-14
   1.287e+04    3.32e-14
   1.287e+04   3.349e-14
   1.288e+04   3.372e-14
   1.289e+04   3.391e-14
    1.29e+04   3.419e-14
   1.291e+04   3.436e-14
   1.293e+04   3.445e-14
   1.294e+04   3.448e-14
   1.297e+04   3.444e-14
     1.3e+04    3.43e-14
   1.303e+04   3.411e-14
   1.308e+04   3.365e-14
   1.314e+04   3.315e-14
   1.319e+04   3.264e-14
   1.325e+04   3.212e-14
   1.331e+04   3.161e-14
   1.336e+04   3.111e-14
   1.342e+04   3.061e-14
   1.347e+04   3.012e-14
   1.353e+04   2.964e-14
   1.358e+04   2.916e-14
   1.364e+04   2.871e-14
    1.37e+04   2.826e-14
   1.375e+04   2.782e-14
   1.381e+04   2.741e-14
   1.386e+04     2.7e-14
   1.392e+04    2.66e-14
   1.398e+04   2.621e-14
   1.403e+04   2.582e-14
   1.409e+04   2.545e-14
   1.414e+04   2.507e-14
    1.42e+04   2.471e-14
   1.426e+04   2.435e-14
   1.431e+04     2.4e-14
   1.437e+04   2.366e-14
   1.442e+04   2.332e-14
   1.448e+04   2.299e-14
   1.453e+04   2.266e-14
   1.459e+04   2.234e-14
   1.465e+04   2.202e-14
    1.47e+04   2.169e-14
   1.476e+04   2.137e-14
   1.481e+04   2.105e-14
   1.487e+04   2.075e-14
   1.493e+04   2.044e-14
   1.498e+04   2.014e-14
   1.499e+04   2.011e-14
   1.504e+04   1.985e-14
   1.504e+04   1.985e-14
   1.509e+04    1.96e-14
   1.514e+04   1.934e-14
   1.518e+04   1.913e-14
   1.519e+04   1.909e-14
    1.52e+04   1.905e-14
   1.521e+04   1.897e-14
   1.523e+04    1.89e-14
   1.525e+04   1.881e-14
   1.526e+04   1.873e-14
   1.526e+04   1.871e-14
    1.53e+04   1.852e-14
   1.535e+04   1.833e-14
   1.542e+04     1.8e-14
   1.543e+04   1.794e-14
   1.544e+04   1.788e-14
   1.547e+04   1.776e-14
   1.548e+04   1.769e-14
   1.552e+04   1.752e-14
   1.556e+04   1.735e-14
   1.557e+04   1.731e-14
   1.564e+04   1.702e-14
   1.571e+04   1.673e-14
   1.577e+04   1.645e-14
    1.58e+04   1.635e-14
   1.584e+04   1.617e-14
   1.589e+04   1.599e-14
   1.597e+04   1.565e-14
   1.601e+04    1.55e-14
   1.606e+04   1.531e-14
   1.611e+04   1.511e-14
   1.617e+04   1.493e-14
   1.622e+04   1.474e-14
   1.627e+04   1.456e-14
   1.632e+04   1.437e-14
   1.633e+04   1.433e-14
   1.637e+04   1.417e-14
   1.639e+04   1.409e-14
   1.641e+04     1.4e-14
   1.643e+04   1.395e-14
   1.645e+04    1.39e-14
   1.647e+04   1.384e-14
   1.649e+04   1.378e-14
   1.653e+04   1.366e-14
   1.661e+04    1.34e-14
   1.669e+04   1.313e-14
   1.674e+04   1.298e-14
   1.677e+04   1.282e-14
   1.679e+04   1.273e-14
    1.68e+04   1.267e-14
   1.681e+04   1.263e-14
   1.682e+04   1.262e-14
   1.683e+04   1.261e-14
   1.684e+04   1.261e-14
   1.685e+04   1.259e-14
   1.685e+04   1.259e-14
   1.685e+04   1.259e-14
   1.687e+04   1.256e-14
   1.689e+04   1.252e-14
   1.692e+04   1.243e-14
     1.7e+04   1.222e-14
   1.708e+04   1.201e-14
   1.715e+04   1.179e-14
   1.723e+04   1.157e-14
   1.724e+04   1.153e-14
    1.73e+04   1.134e-14
   1.734e+04   1.125e-14
   1.737e+04   1.115e-14
    1.74e+04   1.108e-14
    1.74e+04   1.108e-14
   1.743e+04   1.101e-14
   1.743e+04   1.101e-14
   1.746e+04   1.094e-14
   1.753e+04   1.081e-14
   1.759e+04   1.066e-14
   1.766e+04   1.052e-14
   1.772e+04   1.037e-14
   1.778e+04   1.022e-14
   1.785e+04   1.007e-14
   1.791e+04   9.917e-15
   1.798e+04   9.758e-15
   1.804e+04   9.593e-15
    1.81e+04   9.416e-15
   1.815e+04   9.265e-15
   1.817e+04    9.23e-15
   1.818e+04   9.196e-15
   1.819e+04   9.181e-15
    1.82e+04   9.168e-15
   1.823e+04   9.141e-15
   1.828e+04   9.082e-15
   1.833e+04   9.011e-15
   1.837e+04   8.933e-15
   1.847e+04   8.754e-15
   1.852e+04   8.653e-15
   1.857e+04   8.536e-15
   1.859e+04   8.468e-15
   1.862e+04   8.386e-15
   1.864e+04   8.283e-15
   1.866e+04   8.222e-15
   1.867e+04   8.154e-15
   1.868e+04   8.075e-15
   1.869e+04   7.977e-15
    1.87e+04   7.856e-15
   1.871e+04   7.785e-15
   1.872e+04   7.708e-15
   1.872e+04   7.623e-15
   1.873e+04   7.524e-15
   1.874e+04   7.413e-15
   1.874e+04   7.286e-15
   1.874e+04   7.217e-15
   1.875e+04   7.143e-15
   1.875e+04   7.055e-15
   1.875e+04   7.037e-15
   1.875e+04   6.993e-15
   1.875e+04   6.967e-15
   1.875e+04   6.935e-15
   1.875e+04   6.934e-15
   1.875e+04   6.886e-15
   1.876e+04   6.815e-15
   1.876e+04   6.775e-15
   1.876e+04   6.739e-15
   1.876e+04   6.726e-15
   1.876e+04   6.713e-15
   1.876e+04   6.701e-15
   1.876e+04   6.701e-15
   1.876e+04   6.701e-15
   1.876e+04   6.725e-15
   1.876e+04   6.782e-15
   1.876e+04   6.844e-15
   1.876e+04   6.894e-15
   1.876e+04    6.93e-15
   1.876e+04   6.954e-15
   1.876e+04   6.975e-15
   1.876e+04   7.009e-15
   1.876e+04   7.065e-15
   1.876e+04   7.115e-15
   1.877e+04    7.16e-15
   1.877e+04   7.239e-15
   1.877e+04   7.311e-15
   1.878e+04   7.378e-15
   1.879e+04   7.491e-15
   1.879e+04    7.58e-15
    1.88e+04   7.653e-15
   1.881e+04   7.714e-15
   1.882e+04   7.765e-15
   1.883e+04   7.806e-15
   1.884e+04   7.861e-15
   1.886e+04   7.893e-15
   1.887e+04   7.911e-15
   1.889e+04   7.918e-15
   1.891e+04   7.918e-15
   1.894e+04   7.899e-15
   1.897e+04   7.865e-15
   1.903e+04   7.781e-15
    1.91e+04   7.681e-15
   1.916e+04   7.572e-15
   1.923e+04   7.455e-15
   1.929e+04   7.323e-15
   1.932e+04   7.251e-15
   1.935e+04   7.173e-15
   1.939e+04   7.089e-15
   1.939e+04   7.088e-15
   1.942e+04       7e-15
   1.943e+04   6.956e-15
   1.945e+04   6.923e-15
   1.947e+04   6.907e-15
   1.947e+04   6.907e-15
   1.948e+04   6.907e-15
   1.948e+04   6.907e-15
    1.95e+04   6.908e-15
   1.953e+04   6.906e-15
   1.956e+04   6.897e-15
    1.96e+04    6.88e-15
   1.966e+04   6.829e-15
   1.973e+04   6.762e-15
   1.979e+04    6.69e-15
   1.986e+04   6.613e-15
   1.992e+04   6.534e-15
   1.999e+04   6.455e-15
   2.005e+04   6.375e-15
   2.011e+04   6.296e-15
   2.018e+04   6.217e-15
   2.024e+04    6.14e-15
   2.031e+04   6.066e-15
   2.037e+04    5.99e-15
   2.044e+04   5.915e-15
    2.05e+04   5.841e-15
   2.057e+04   5.769e-15
   2.063e+04   5.697e-15
    2.07e+04   5.626e-15
   2.076e+04   5.557e-15
   2.083e+04   5.488e-15
   2.089e+04    5.42e-15
   2.096e+04   5.353e-15
   2.102e+04   5.286e-15
   2.109e+04    5.22e-15
   2.115e+04   5.154e-15
   2.122e+04   5.088e-15
   2.128e+04    5.02e-15
   2.134e+04    4.95e-15
   2.141e+04   4.874e-15
   2.147e+04   4.787e-15
   2.151e+04   4.737e-15
   2.154e+04   4.681e-15
   2.155e+04   4.667e-15
   2.157e+04   4.614e-15
   2.157e+04   4.606e-15
    2.16e+04   4.534e-15
   2.162e+04   4.494e-15
   2.163e+04   4.449e-15
   2.163e+04   4.449e-15
   2.164e+04   4.426e-15
   2.165e+04   4.398e-15
   2.165e+04   4.398e-15
   2.165e+04   4.363e-15
   2.166e+04   4.342e-15
   2.166e+04    4.33e-15
   2.166e+04   4.321e-15
   2.166e+04   4.327e-15
   2.167e+04   4.337e-15
   2.167e+04   4.337e-15
   2.167e+04   4.346e-15
   2.167e+04   4.354e-15
   2.167e+04   4.354e-15
   2.167e+04    4.36e-15
   2.167e+04   4.365e-15
   2.167e+04   4.365e-15
   2.167e+04   4.371e-15
   2.168e+04   4.376e-15
   2.168e+04   4.376e-15
   2.168e+04   4.384e-15
   2.169e+04   4.398e-15
    2.17e+04    4.42e-15
   2.172e+04   4.437e-15
   2.173e+04   4.452e-15
   2.176e+04    4.47e-15
   2.179e+04   4.479e-15
   2.182e+04   4.479e-15
   2.185e+04   4.474e-15
    2.19e+04   4.452e-15
   2.196e+04   4.422e-15
   2.202e+04   4.387e-15
   2.208e+04   4.349e-15
   2.213e+04   4.309e-15
   2.219e+04   4.269e-15
   2.225e+04   4.228e-15
   2.231e+04   4.188e-15
   2.237e+04   4.148e-15
   2.242e+04   4.107e-15
   2.248e+04   4.068e-15
   2.254e+04   4.028e-15
    2.26e+04   3.989e-15
   2.265e+04   3.951e-15
   2.271e+04   3.912e-15
   2.277e+04   3.875e-15
   2.283e+04   3.837e-15
   2.289e+04     3.8e-15
   2.294e+04   3.762e-15
     2.3e+04   3.725e-15
   2.306e+04   3.688e-15
   2.312e+04   3.651e-15
   2.318e+04   3.616e-15
   2.323e+04    3.58e-15
   2.329e+04   3.545e-15
   2.335e+04   3.511e-15
   2.341e+04   3.476e-15
   2.346e+04   3.442e-15
   2.352e+04   3.409e-15
   2.358e+04   3.376e-15
   2.364e+04   3.343e-15
    2.37e+04   3.311e-15
   2.375e+04   3.279e-15
   2.381e+04   3.248e-15
   2.387e+04   3.217e-15
   2.393e+04   3.186e-15
   2.398e+04   3.156e-15
   2.404e+04   3.126e-15
    2.41e+04   3.096e-15
   2.416e+04   3.067e-15
   2.422e+04   3.038e-15
   2.427e+04   3.009e-15
   2.433e+04   2.981e-15
   2.439e+04   2.953e-15
   2.445e+04   2.925e-15
    2.45e+04   2.898e-15
   2.456e+04   2.871e-15
   2.462e+04   2.844e-15
   2.468e+04   2.818e-15
   2.474e+04   2.792e-15
   2.479e+04   2.765e-15
   2.485e+04    2.74e-15
   2.491e+04   2.714e-15
   2.497e+04   2.689e-15
   2.502e+04   2.665e-15
   2.508e+04    2.64e-15
   2.514e+04   2.616e-15
    2.52e+04   2.592e-15
   2.526e+04   2.568e-15
   2.531e+04   2.545e-15
   2.537e+04   2.522e-15
   2.543e+04   2.498e-15
   2.549e+04   2.476e-15
   2.554e+04   2.453e-15
    2.56e+04    2.43e-15
   2.566e+04   2.407e-15
   2.572e+04   2.384e-15
   2.578e+04   2.361e-15
   2.583e+04   2.337e-15
   2.589e+04   2.312e-15
   2.595e+04   2.285e-15
   2.601e+04   2.255e-15
   2.606e+04    2.22e-15
   2.609e+04   2.198e-15
   2.612e+04   2.173e-15
   2.615e+04   2.144e-15
   2.618e+04   2.108e-15
   2.619e+04   2.087e-15
   2.621e+04   2.063e-15
   2.622e+04   2.049e-15
   2.622e+04   2.038e-15
   2.623e+04    2.03e-15
   2.623e+04    2.02e-15
   2.624e+04    2.01e-15
   2.624e+04   2.002e-15
   2.625e+04   1.995e-15
   2.625e+04   1.995e-15
   2.625e+04   1.994e-15
   2.625e+04   1.997e-15
   2.625e+04   1.997e-15
   2.626e+04   2.007e-15
   2.626e+04   2.016e-15
   2.626e+04    2.02e-15
   2.626e+04   2.022e-15
   2.626e+04   2.022e-15
   2.626e+04    2.02e-15
   2.626e+04   2.015e-15
   2.626e+04    2.01e-15
   2.626e+04   2.006e-15
   2.626e+04   2.002e-15
   2.626e+04   1.999e-15
   2.626e+04   1.999e-15
   2.626e+04   1.996e-15
   2.626e+04   1.994e-15
   2.626e+04   1.994e-15
   2.627e+04   1.991e-15
   2.627e+04   1.989e-15
   2.627e+04   1.989e-15
   2.627e+04   1.989e-15
   2.627e+04   1.991e-15
   2.627e+04   1.991e-15
   2.628e+04   1.997e-15
   2.629e+04    2.01e-15
   2.631e+04   2.034e-15
   2.633e+04   2.054e-15
   2.635e+04   2.069e-15
   2.637e+04   2.079e-15
   2.639e+04   2.087e-15
   2.641e+04   2.091e-15
   2.643e+04   2.093e-15
   2.648e+04   2.094e-15
   2.652e+04   2.091e-15
   2.656e+04   2.084e-15
   2.664e+04   2.066e-15
   2.672e+04   2.045e-15
   2.681e+04   2.023e-15
   2.689e+04       2e-15
   2.697e+04   1.976e-15
   2.706e+04   1.953e-15
   2.714e+04    1.93e-15
   2.722e+04   1.907e-15
   2.731e+04   1.884e-15
   2.739e+04   1.861e-15
   2.747e+04   1.839e-15
   2.755e+04   1.817e-15
   2.764e+04   1.796e-15
   2.772e+04   1.775e-15
    2.78e+04   1.754e-15
   2.789e+04   1.733e-15
   2.797e+04   1.713e-15
   2.805e+04   1.693e-15
   2.814e+04   1.673e-15
   2.822e+04   1.654e-15
    2.83e+04   1.635e-15
   2.838e+04   1.616e-15
   2.847e+04   1.597e-15
   2.855e+04   1.579e-15
   2.863e+04    1.56e-15
   2.872e+04   1.543e-15
    2.88e+04   1.525e-15
   2.888e+04   1.508e-15
   2.896e+04    1.49e-15
   2.905e+04   1.474e-15
   2.913e+04   1.457e-15
   2.921e+04   1.441e-15
    2.93e+04   1.424e-15
   2.938e+04   1.408e-15
   2.946e+04   1.393e-15
   2.955e+04   1.377e-15
   2.963e+04   1.362e-15
   2.971e+04   1.347e-15
   2.979e+04   1.332e-15
   2.988e+04   1.317e-15
   2.996e+04   1.303e-15
