         900   9.336e-12
         900   9.336e-12
       900.1   9.336e-12
       900.1   9.337e-12
       900.2   9.337e-12
       900.2   9.337e-12
       900.2   9.337e-12
       900.3   9.337e-12
       900.3   9.338e-12
       900.4   9.338e-12
       900.4   9.338e-12
       900.4   9.338e-12
       900.5   9.338e-12
       900.5   9.339e-12
       900.5   9.339e-12
       900.6   9.339e-12
       900.6   9.339e-12
       900.7    9.34e-12
       900.7    9.34e-12
       900.7    9.34e-12
       900.8    9.34e-12
       900.8    9.34e-12
       900.9   9.341e-12
       900.9   9.341e-12
       900.9   9.341e-12
         901   9.341e-12
         901   9.341e-12
       901.1   9.342e-12
       901.1   9.342e-12
       901.1   9.342e-12
       901.2   9.342e-12
       901.2   9.343e-12
       901.2   9.343e-12
       901.3   9.343e-12
       901.3   9.343e-12
       901.4   9.343e-12
       901.4   9.344e-12
       901.4   9.344e-12
       901.5   9.344e-12
       901.5   9.344e-12
       901.6   9.344e-12
       901.6   9.345e-12
       901.6   9.345e-12
       901.7   9.345e-12
       901.7   9.345e-12
       901.8   9.345e-12
       901.8   9.346e-12
       901.8   9.346e-12
       901.9   9.346e-12
       901.9   9.346e-12
         902   9.346e-12
         902   9.347e-12
         902   9.347e-12
       902.1   9.347e-12
       902.1   9.347e-12
       902.1   9.348e-12
       902.2   9.348e-12
       902.2   9.348e-12
       902.3   9.348e-12
       902.3   9.348e-12
       902.3   9.349e-12
       902.4   9.349e-12
       902.4   9.349e-12
       902.5   9.349e-12
       902.5   9.349e-12
       902.5    9.35e-12
       902.6    9.35e-12
       902.6    9.35e-12
       902.7    9.35e-12
       902.7    9.35e-12
       902.7   9.351e-12
       902.8   9.351e-12
       902.8   9.351e-12
       902.9   9.351e-12
       902.9   9.352e-12
       902.9   9.352e-12
         903   9.352e-12
         903   9.352e-12
         903   9.352e-12
       903.1   9.353e-12
       903.1   9.353e-12
       903.2   9.353e-12
       903.2   9.353e-12
       903.2   9.353e-12
       903.3   9.354e-12
       903.3   9.354e-12
       903.4   9.354e-12
       903.4   9.354e-12
       903.4   9.354e-12
       903.5   9.355e-12
       903.5   9.355e-12
       903.6   9.355e-12
       903.6   9.355e-12
       903.6   9.355e-12
       903.7   9.356e-12
       903.7   9.356e-12
       903.8   9.356e-12
       903.8   9.356e-12
       903.8   9.356e-12
       903.9   9.357e-12
       903.9   9.357e-12
       903.9   9.357e-12
         904   9.357e-12
         904   9.358e-12
       904.1   9.358e-12
       904.1   9.358e-12
       904.1   9.358e-12
       904.2   9.358e-12
       904.2   9.359e-12
       904.3   9.359e-12
       904.3   9.359e-12
       904.3   9.359e-12
       904.4   9.359e-12
       904.4    9.36e-12
       904.5    9.36e-12
       904.5    9.36e-12
       904.5    9.36e-12
       904.6    9.36e-12
       904.6   9.361e-12
       904.6   9.361e-12
       904.7   9.361e-12
       904.7   9.361e-12
       904.8   9.361e-12
       904.8   9.362e-12
       904.8   9.362e-12
       904.9   9.362e-12
       904.9   9.362e-12
         905   9.362e-12
         905   9.363e-12
       905.1   9.363e-12
       905.2   9.364e-12
       905.5   9.366e-12
       906.2   9.369e-12
       907.4   9.375e-12
         908   9.378e-12
       909.9   9.388e-12
       911.8   9.416e-12
       912.8   9.419e-12
       913.7   9.423e-12
       914.2   9.426e-12
       914.6    9.43e-12
       915.1   9.441e-12
       915.6   9.456e-12
       916.1   9.485e-12
       916.5   9.523e-12
         917   9.578e-12
       917.5   9.649e-12
       917.5   9.653e-12
         918   9.726e-12
       918.2   9.753e-12
       918.3   9.758e-12
       918.4    9.76e-12
       918.5   9.753e-12
       918.5   9.745e-12
       918.6   9.733e-12
       918.7   9.718e-12
       918.7   9.695e-12
       918.8   9.669e-12
       918.8   9.633e-12
       918.9   9.596e-12
       918.9    9.55e-12
         919   9.497e-12
       919.1   9.441e-12
       919.1   9.382e-12
       919.2   9.317e-12
       919.2   9.248e-12
       919.3   9.214e-12
       919.3   9.183e-12
       919.3   9.177e-12
       919.3   9.164e-12
       919.4   9.155e-12
       919.4   9.193e-12
       919.5   9.262e-12
       919.5   9.339e-12
       919.6   9.415e-12
       919.7   9.559e-12
       919.7   9.627e-12
       919.8   9.689e-12
       919.8   9.741e-12
       919.9   9.784e-12
       919.9   9.827e-12
         920    9.86e-12
         920   9.886e-12
       920.1   9.899e-12
       920.1   9.907e-12
       920.2   9.899e-12
       920.2   9.881e-12
       920.3   9.851e-12
       920.3   9.808e-12
       920.4   9.764e-12
       920.4     9.7e-12
       920.5   9.624e-12
       920.5   9.545e-12
       920.6   9.463e-12
       920.6    9.37e-12
       920.7   9.258e-12
       920.7   9.159e-12
       920.8   9.048e-12
       920.8   8.936e-12
       920.8    8.85e-12
       920.9   8.782e-12
       920.9   8.716e-12
       920.9   8.667e-12
         921   8.651e-12
         921   8.685e-12
         921   8.745e-12
       921.1   8.825e-12
       921.1   8.911e-12
       921.1   9.089e-12
       921.2   9.266e-12
       921.2   9.352e-12
       921.3   9.437e-12
       921.3   9.529e-12
       921.3   9.618e-12
       921.4   9.699e-12
       921.4   9.781e-12
       921.5   9.936e-12
       921.5    1.01e-11
       921.6   1.016e-11
       921.6   1.022e-11
       921.6   1.028e-11
       921.6   1.033e-11
       921.7   1.039e-11
       921.7   1.044e-11
       921.8   1.053e-11
       921.8    1.06e-11
       921.9   1.062e-11
       921.9   1.064e-11
       921.9   1.065e-11
         922   1.066e-11
         922   1.065e-11
       922.1   1.063e-11
       922.1   1.061e-11
       922.1   1.059e-11
       922.2   1.056e-11
       922.2   1.053e-11
       922.2   1.049e-11
       922.3   1.045e-11
       922.3    1.04e-11
       922.3   1.034e-11
       922.4   1.027e-11
       922.4    1.02e-11
       922.4   1.011e-11
       922.5   1.003e-11
       922.5   9.861e-12
       922.6   9.776e-12
       922.6   9.684e-12
       922.6   9.586e-12
       922.6   9.474e-12
       922.7   9.247e-12
       922.7   9.142e-12
       922.8   9.035e-12
       922.8   8.919e-12
       922.8   8.795e-12
       922.9    8.68e-12
       922.9   8.568e-12
       922.9   8.451e-12
         923   8.335e-12
         923   8.219e-12
         923     8.1e-12
       923.1   7.983e-12
       923.1   7.878e-12
       923.1   7.828e-12
       923.1   7.795e-12
       923.1   7.757e-12
       923.1   7.753e-12
       923.1   7.749e-12
       923.2   7.841e-12
       923.2   8.023e-12
       923.3   8.227e-12
       923.4   8.434e-12
       923.4   8.648e-12
       923.5   8.858e-12
       923.5   9.081e-12
       923.5   9.302e-12
       923.6   9.518e-12
       923.6   9.733e-12
       923.7   9.955e-12
       923.8   1.016e-11
       923.8   1.037e-11
       923.9   1.057e-11
       923.9   1.079e-11
         924   1.099e-11
         924   1.118e-11
         924   1.134e-11
       924.1   1.149e-11
       924.1   1.164e-11
       924.2   1.177e-11
       924.2   1.189e-11
       924.3   1.201e-11
       924.4   1.211e-11
       924.4   1.219e-11
       924.5   1.226e-11
       924.5   1.231e-11
       924.5   1.234e-11
       924.6   1.236e-11
       924.6   1.236e-11
       924.7   1.235e-11
       924.8   1.232e-11
       924.8   1.228e-11
       924.9   1.223e-11
       924.9   1.217e-11
         925   1.208e-11
         925   1.198e-11
         925   1.185e-11
       925.1    1.17e-11
       925.1   1.153e-11
       925.2   1.136e-11
       925.2   1.118e-11
       925.3   1.098e-11
       925.3   1.079e-11
       925.4   1.059e-11
       925.5   1.035e-11
       925.5   1.011e-11
       925.6    9.62e-12
       925.7   9.146e-12
       925.8   8.626e-12
       925.8   8.381e-12
       925.9   8.125e-12
       925.9   7.874e-12
         926   7.759e-12
         926   7.631e-12
         926   7.453e-12
       926.1   7.304e-12
       926.1   7.152e-12
       926.1   6.996e-12
       926.2   6.843e-12
       926.2   6.717e-12
       926.2   6.653e-12
       926.3   6.728e-12
       926.3   6.848e-12
       926.3   7.003e-12
       926.4    7.16e-12
       926.4   7.472e-12
       926.5   7.788e-12
       926.5   7.952e-12
       926.5   8.114e-12
       926.6   8.284e-12
       926.6   8.453e-12
       926.6   8.619e-12
       926.7   8.783e-12
       926.7   9.142e-12
       926.8   9.494e-12
       926.9   9.831e-12
       926.9   9.998e-12
       926.9   1.018e-11
         927   1.038e-11
         927   1.058e-11
         927   1.076e-11
         927   1.095e-11
       927.1   1.113e-11
       927.1    1.13e-11
       927.2   1.164e-11
       927.2     1.2e-11
       927.3   1.218e-11
       927.3   1.235e-11
       927.3   1.254e-11
       927.4   1.272e-11
       927.4   1.289e-11
       927.4   1.306e-11
       927.5   1.337e-11
       927.6   1.366e-11
       927.6   1.393e-11
       927.7   1.418e-11
       927.7   1.444e-11
       927.8   1.469e-11
       927.9   1.492e-11
       927.9   1.511e-11
         928   1.528e-11
       928.1   1.543e-11
       928.1   1.556e-11
       928.2   1.566e-11
       928.3   1.575e-11
       928.3   1.581e-11
       928.4   1.586e-11
       928.4   1.588e-11
       928.5   1.588e-11
       928.6   1.586e-11
       928.6   1.581e-11
       928.7   1.573e-11
       928.8   1.564e-11
       928.8   1.551e-11
       928.9   1.537e-11
         929   1.519e-11
         929   1.498e-11
       929.1   1.475e-11
       929.1   1.449e-11
       929.2   1.421e-11
       929.3    1.39e-11
       929.3   1.361e-11
       929.4   1.332e-11
       929.5   1.302e-11
       929.5   1.269e-11
       929.6   1.234e-11
       929.6   1.198e-11
       929.8   1.124e-11
       929.9   1.052e-11
         930   9.787e-12
       930.2   9.064e-12
       930.3   8.356e-12
       930.4   7.666e-12
       930.6   6.757e-12
       930.6   6.524e-12
       930.7   6.286e-12
       930.7   6.042e-12
       930.7   5.916e-12
       930.8   6.048e-12
       930.8   6.288e-12
       930.9   6.531e-12
       930.9   6.761e-12
         931   7.235e-12
       931.2   8.184e-12
       931.3   8.701e-12
       931.4   9.188e-12
       931.4   9.436e-12
       931.4   9.692e-12
       931.5   9.971e-12
       931.5   1.024e-11
       931.6   1.077e-11
       931.7   1.131e-11
       931.8   1.188e-11
       931.9   1.247e-11
         932   1.305e-11
       932.1   1.362e-11
       932.1   1.418e-11
       932.3    1.54e-11
       932.5   1.663e-11
       932.6   1.721e-11
       932.7   1.776e-11
       932.8   1.829e-11
       932.8   1.881e-11
       932.9    1.93e-11
         933   1.976e-11
       933.1   2.019e-11
       933.2   2.059e-11
       933.3   2.096e-11
       933.4    2.13e-11
       933.5    2.16e-11
       933.5   2.188e-11
       933.6   2.213e-11
       933.7   2.235e-11
       933.8   2.255e-11
       933.9   2.272e-11
         934   2.288e-11
       934.1     2.3e-11
       934.1   2.309e-11
       934.2   2.314e-11
       934.3   2.315e-11
       934.4   2.313e-11
       934.5   2.307e-11
       934.6   2.296e-11
       934.7   2.282e-11
       934.8   2.265e-11
       934.8   2.244e-11
       934.9   2.218e-11
         935   2.188e-11
       935.1   2.154e-11
       935.2   2.116e-11
       935.3   2.074e-11
       935.4   2.028e-11
       935.5   1.978e-11
       935.6    1.88e-11
       935.8   1.777e-11
         936   1.672e-11
       936.2   1.559e-11
       936.2   1.501e-11
       936.3   1.442e-11
       936.4   1.385e-11
       936.5    1.33e-11
       936.6   1.273e-11
       936.7   1.216e-11
       936.8   1.103e-11
       936.9    1.05e-11
         937   9.988e-12
       937.1   9.455e-12
       937.2   8.945e-12
       937.3   8.446e-12
       937.4   7.943e-12
       937.5   7.465e-12
       937.5   6.976e-12
       937.6   6.723e-12
       937.6   6.479e-12
       937.6   6.451e-12
       937.7   6.217e-12
       937.7   6.205e-12
       937.7    5.92e-12
       937.8   5.606e-12
       937.8    5.45e-12
       937.8   5.626e-12
       937.9   5.848e-12
       937.9   5.917e-12
       937.9     6.2e-12
         938   6.497e-12
         938   6.782e-12
       938.1   7.072e-12
       938.2   7.637e-12
       938.3   8.204e-12
       938.4   8.782e-12
       938.4   9.076e-12
       938.5   9.373e-12
       938.5   9.673e-12
       938.6   9.974e-12
       938.6   1.028e-11
       938.7   1.088e-11
       938.8   1.153e-11
       938.9   1.221e-11
         939   1.289e-11
       939.1   1.357e-11
       939.2   1.425e-11
       939.3   1.496e-11
       939.4   1.571e-11
       939.5   1.646e-11
       939.6    1.72e-11
       939.7   1.793e-11
       939.9   1.948e-11
         940   2.027e-11
       940.1   2.066e-11
       940.1   2.108e-11
       940.2   2.152e-11
       940.2   2.197e-11
       940.3   2.241e-11
       940.3   2.286e-11
       940.4   2.329e-11
       940.5   2.415e-11
       940.7   2.584e-11
       940.9   2.744e-11
       941.1   2.896e-11
       941.3   3.041e-11
       941.4   3.109e-11
       941.5   3.172e-11
       941.6    3.23e-11
       941.7   3.284e-11
       941.8   3.336e-11
       941.9   3.386e-11
         942   3.434e-11
       942.2   3.524e-11
       942.4   3.606e-11
       942.6    3.68e-11
       942.8   3.746e-11
         943   3.801e-11
       943.2   3.848e-11
       943.4   3.887e-11
       943.6   3.917e-11
       943.8   3.939e-11
         944   3.951e-11
       944.2   3.949e-11
       944.4   3.937e-11
       944.6   3.912e-11
       944.7   3.895e-11
       944.8   3.873e-11
       944.9   3.841e-11
         945   3.804e-11
       945.1   3.763e-11
       945.2   3.718e-11
       945.3   3.667e-11
       945.4   3.612e-11
       945.5   3.553e-11
       945.6   3.491e-11
       945.7   3.425e-11
       945.8   3.355e-11
       945.9    3.28e-11
         946   3.203e-11
       946.2   3.042e-11
       946.4   2.877e-11
       946.5   2.792e-11
       946.6   2.707e-11
       946.7    2.63e-11
       946.8   2.555e-11
       946.9   2.479e-11
         947   2.402e-11
       947.1   2.325e-11
       947.2   2.248e-11
       947.3    2.17e-11
       947.4   2.093e-11
       947.5   2.017e-11
       947.6   1.944e-11
       947.7   1.872e-11
       947.9    1.73e-11
       948.1   1.591e-11
       948.2   1.521e-11
       948.3   1.452e-11
       948.4   1.384e-11
       948.5   1.316e-11
       948.6   1.249e-11
       948.7   1.183e-11
       948.8   1.118e-11
       948.9   1.056e-11
         949   9.948e-12
       949.1    9.34e-12
       949.2   8.754e-12
       949.2   8.565e-12
       949.3   8.179e-12
       949.3   7.792e-12
       949.4   7.405e-12
       949.5   7.017e-12
       949.5   6.612e-12
       949.6     6.4e-12
       949.6    6.18e-12
       949.6   5.922e-12
       949.7   5.604e-12
       949.7   5.316e-12
       949.7   5.144e-12
       949.8   5.327e-12
       949.8   5.602e-12
       949.8   5.928e-12
       949.9   6.182e-12
       949.9   6.403e-12
       949.9   6.615e-12
         950   7.024e-12
         950   7.221e-12
       950.1   7.415e-12
       950.1   7.612e-12
       950.1   7.801e-12
       950.2   8.186e-12
       950.3   8.968e-12
       950.5   9.774e-12
       950.6   1.059e-11
       950.7   1.144e-11
       950.9   1.233e-11
         951   1.323e-11
       951.1   1.415e-11
       951.3   1.509e-11
       951.4   1.603e-11
       951.5   1.699e-11
       951.7   1.795e-11
       951.8   1.894e-11
         952   1.996e-11
         952   2.046e-11
       952.1     2.1e-11
       952.2   2.156e-11
       952.2   2.212e-11
       952.4   2.324e-11
       952.5   2.438e-11
       952.6   2.553e-11
       952.8   2.669e-11
       952.8   2.727e-11
       952.9   2.786e-11
         953   2.856e-11
         953   2.926e-11
       953.1   2.997e-11
       953.2   3.069e-11
       953.3   3.212e-11
       953.4   3.285e-11
       953.4    3.36e-11
       953.5   3.436e-11
       953.6   3.513e-11
       953.7   3.666e-11
         954   3.966e-11
       954.2   4.264e-11
       954.5    4.55e-11
       954.6   4.689e-11
       954.8   4.816e-11
       954.9   4.926e-11
         955   5.032e-11
       955.2   5.134e-11
       955.3   5.234e-11
       955.4    5.33e-11
       955.6   5.423e-11
       955.7    5.51e-11
       955.8   5.593e-11
       956.1   5.753e-11
       956.4   5.901e-11
       956.6   6.039e-11
       956.9   6.163e-11
       957.2   6.279e-11
       957.4   6.387e-11
       957.7   6.483e-11
         958   6.572e-11
       958.2   6.655e-11
       958.5   6.726e-11
       958.8    6.79e-11
         959   6.847e-11
       959.3   6.894e-11
       959.6   6.933e-11
       959.8   6.966e-11
       960.1   6.989e-11
       960.4   7.003e-11
       960.6    7.01e-11
       960.9   7.008e-11
       961.2   6.997e-11
       961.5   6.978e-11
       961.7    6.95e-11
         962   6.913e-11
       962.3   6.867e-11
       962.5   6.811e-11
       962.8   6.747e-11
       963.1   6.673e-11
       963.3   6.588e-11
       963.6   6.495e-11
       963.9   6.393e-11
       964.1   6.279e-11
       964.4   6.156e-11
       964.7   6.026e-11
       964.9   5.883e-11
       965.2   5.732e-11
       965.5   5.575e-11
       965.7   5.406e-11
         966   5.231e-11
       966.3   5.049e-11
       966.5    4.86e-11
       966.8   4.665e-11
       967.3   4.261e-11
       967.9   3.842e-11
       968.1    3.63e-11
       968.4   3.418e-11
       968.7   3.205e-11
       968.9   2.994e-11
       969.2   2.786e-11
       969.5    2.58e-11
       969.6   2.478e-11
       969.7   2.378e-11
       969.9   2.278e-11
         970    2.18e-11
       970.1   2.083e-11
       970.3   1.987e-11
       970.4   1.893e-11
       970.5     1.8e-11
       970.7   1.709e-11
       970.8   1.618e-11
       970.9    1.53e-11
       971.1   1.443e-11
       971.2   1.356e-11
       971.4   1.271e-11
       971.5   1.188e-11
       971.6   1.106e-11
       971.8   1.025e-11
       971.9   9.458e-12
         972   8.677e-12
       972.1   8.292e-12
       972.2     7.9e-12
       972.2    7.71e-12
       972.2   7.511e-12
       972.3   7.304e-12
       972.3   7.095e-12
       972.3   6.875e-12
       972.4   6.652e-12
       972.4   6.404e-12
       972.4   6.111e-12
       972.4   5.937e-12
       972.5   5.712e-12
       972.5    5.24e-12
       972.5   4.837e-12
       972.6   5.242e-12
       972.6   5.942e-12
       972.7   6.414e-12
       972.7   6.767e-12
       972.8   7.095e-12
       972.8   7.413e-12
       972.9   7.711e-12
       972.9   8.004e-12
         973   8.585e-12
       973.2   9.755e-12
       973.4   1.096e-11
       973.6    1.22e-11
       973.8   1.347e-11
         974   1.477e-11
       974.1   1.543e-11
       974.2    1.61e-11
       974.3   1.678e-11
       974.4   1.746e-11
       974.5   1.816e-11
       974.7   1.958e-11
       974.9   2.103e-11
       975.1   2.253e-11
       975.3   2.406e-11
       975.5   2.562e-11
       975.7   2.722e-11
       975.9   2.885e-11
       976.1   3.051e-11
       976.3    3.22e-11
       976.5   3.392e-11
       976.7   3.567e-11
       976.9   3.743e-11
       977.1   3.922e-11
       977.3   4.103e-11
       977.5   4.286e-11
       977.9   4.657e-11
       978.3   5.031e-11
       978.7    5.41e-11
       979.1   5.789e-11
       979.9   6.547e-11
       980.7    7.29e-11
       981.5   8.009e-11
       982.3   8.696e-11
       982.7   9.025e-11
       983.1   9.343e-11
       983.5   9.651e-11
       983.9   9.944e-11
       984.3   1.023e-10
       984.7    1.05e-10
       985.1   1.076e-10
       985.5   1.101e-10
       985.9   1.124e-10
       986.3   1.147e-10
       987.1   1.188e-10
       987.9   1.225e-10
       988.7   1.257e-10
       989.5   1.286e-10
       990.3    1.31e-10
       991.1   1.331e-10
       991.9   1.349e-10
       992.7   1.363e-10
       993.5   1.375e-10
       994.3   1.384e-10
       995.1    1.39e-10
       995.9   1.394e-10
       996.7   1.396e-10
       997.5   1.396e-10
       998.3   1.393e-10
       999.1   1.389e-10
       999.9   1.382e-10
        1001   1.374e-10
        1002   1.363e-10
        1002   1.351e-10
        1003   1.336e-10
        1004   1.319e-10
        1005     1.3e-10
        1006   1.279e-10
        1006   1.255e-10
        1007   1.229e-10
        1008     1.2e-10
        1009   1.168e-10
        1010   1.134e-10
        1010   1.096e-10
        1011   1.056e-10
        1012   1.012e-10
        1013   9.649e-11
        1014   9.149e-11
        1014    8.62e-11
        1015   8.062e-11
        1016   7.482e-11
        1017    6.88e-11
        1018   6.262e-11
        1018   5.635e-11
        1019    5.32e-11
        1019   5.006e-11
        1020   4.692e-11
        1020   4.381e-11
        1020   4.073e-11
        1021    3.77e-11
        1021   3.473e-11
        1021   3.327e-11
        1022   3.182e-11
        1022   3.039e-11
        1022   2.898e-11
        1022   2.759e-11
        1022   2.622e-11
        1023   2.487e-11
        1023   2.355e-11
        1023   2.225e-11
        1023   2.097e-11
        1023   1.971e-11
        1024   1.849e-11
        1024   1.728e-11
        1024   1.609e-11
        1024   1.493e-11
        1024   1.378e-11
        1025   1.265e-11
        1025   1.154e-11
        1025   1.044e-11
        1025   9.896e-12
        1025   9.356e-12
        1025   8.819e-12
        1025   8.547e-12
        1025   8.275e-12
        1025   7.996e-12
        1025   7.701e-12
        1025   7.371e-12
        1026   7.003e-12
        1026   6.877e-12
        1026   6.541e-12
        1026   6.435e-12
        1026   5.704e-12
        1026   4.806e-12
        1026   4.458e-12
        1026   4.826e-12
        1026   5.711e-12
        1026   6.429e-12
        1026   6.883e-12
        1026   7.212e-12
        1026   7.505e-12
        1026    7.78e-12
        1026   8.029e-12
        1026   8.264e-12
        1026   8.503e-12
        1026   8.961e-12
        1026    9.88e-12
        1027   1.081e-11
        1027   1.175e-11
        1027   1.269e-11
        1027   1.365e-11
        1027   1.462e-11
        1027   1.561e-11
        1028   1.661e-11
        1028   1.762e-11
        1028   1.865e-11
        1028   1.969e-11
        1028   2.075e-11
        1028   2.183e-11
        1029   2.292e-11
        1029   2.403e-11
        1029   2.516e-11
        1029   2.629e-11
        1029   2.744e-11
        1029   2.861e-11
        1030   2.979e-11
        1030   3.098e-11
        1030    3.34e-11
        1030   3.586e-11
        1031   3.837e-11
        1031    4.09e-11
        1031   4.345e-11
        1032   4.602e-11
        1032   4.861e-11
        1033   5.378e-11
        1034    5.89e-11
        1034   6.396e-11
        1035    6.89e-11
        1036   7.369e-11
        1036   7.828e-11
        1037   8.269e-11
        1038   8.687e-11
        1038   9.083e-11
        1039   9.457e-11
        1040   9.808e-11
        1040   1.013e-10
        1041   1.044e-10
        1042   1.072e-10
        1042   1.098e-10
        1043   1.122e-10
        1044   1.145e-10
        1044   1.165e-10
        1045   1.184e-10
        1046   1.202e-10
        1046   1.217e-10
        1047   1.232e-10
        1048   1.258e-10
        1050   1.279e-10
        1051   1.296e-10
        1053   1.311e-10
        1054   1.323e-10
        1055   1.332e-10
        1057    1.34e-10
        1058   1.346e-10
        1061   1.354e-10
        1063   1.358e-10
        1066   1.358e-10
        1069   1.357e-10
        1072   1.354e-10
        1074   1.349e-10
        1077   1.343e-10
        1080   1.337e-10
        1082    1.33e-10
        1085   1.322e-10
        1088   1.314e-10
        1091   1.306e-10
        1093   1.297e-10
        1096   1.289e-10
        1099    1.28e-10
        1102   1.271e-10
        1104   1.262e-10
        1107   1.253e-10
        1110   1.244e-10
        1112   1.234e-10
        1115   1.225e-10
        1118   1.216e-10
        1121   1.207e-10
        1123   1.198e-10
        1126   1.188e-10
        1129   1.179e-10
        1131    1.17e-10
        1134   1.161e-10
        1137   1.151e-10
        1140   1.142e-10
        1142   1.133e-10
        1145   1.123e-10
        1148   1.114e-10
        1150   1.104e-10
        1153   1.095e-10
        1156   1.085e-10
        1159   1.075e-10
        1161   1.064e-10
        1164   1.054e-10
        1167   1.043e-10
        1169   1.031e-10
        1172   1.019e-10
        1175   1.006e-10
        1178   9.912e-11
        1180   9.752e-11
        1183   9.574e-11
        1186   9.366e-11
        1187   9.248e-11
        1189   9.121e-11
        1190   8.982e-11
        1191   8.826e-11
        1193   8.653e-11
        1194   8.461e-11
        1195   8.244e-11
        1197   7.999e-11
        1197   7.866e-11
        1198   7.722e-11
        1199   7.571e-11
        1199    7.41e-11
        1200   7.238e-11
        1201   7.055e-11
        1201   6.861e-11
        1202   6.654e-11
        1203   6.435e-11
        1203   6.203e-11
        1204   5.958e-11
        1205     5.7e-11
        1205    5.43e-11
        1206   5.147e-11
        1207   4.853e-11
        1208   4.548e-11
        1209   3.915e-11
        1210   3.588e-11
        1210    3.26e-11
        1211   3.095e-11
        1211   2.931e-11
        1211   2.767e-11
        1212   2.604e-11
        1212   2.442e-11
        1212   2.281e-11
        1213   2.121e-11
        1213   1.964e-11
        1213   1.807e-11
        1214   1.652e-11
        1214   1.498e-11
        1214   1.344e-11
        1214   1.333e-11
        1215   1.183e-11
        1215   1.108e-11
        1215   1.032e-11
        1215   9.931e-12
        1215    9.54e-12
        1215   9.122e-12
        1215     8.9e-12
        1215   8.671e-12
        1215   8.411e-12
        1215   8.113e-12
        1215   7.719e-12
        1216    7.11e-12
        1216   6.153e-12
        1216   5.053e-12
        1216   4.353e-12
        1216   4.186e-12
        1216   4.356e-12
        1216   5.052e-12
        1216   6.156e-12
        1216   7.109e-12
        1216   7.708e-12
        1216   8.103e-12
        1216   8.404e-12
        1216   8.664e-12
        1216   8.895e-12
        1216   9.117e-12
        1216   9.537e-12
        1216   9.928e-12
        1216   1.031e-11
        1216   1.107e-11
        1217   1.257e-11
        1217   1.405e-11
        1217   1.553e-11
        1218     1.7e-11
        1218   1.849e-11
        1218   1.998e-11
        1219   2.149e-11
        1219     2.3e-11
        1219   2.452e-11
        1220   2.605e-11
        1220   2.759e-11
        1220   2.913e-11
        1221   3.221e-11
        1222   3.526e-11
        1222   3.827e-11
        1223    4.12e-11
        1224   4.404e-11
        1224   4.679e-11
        1225   4.943e-11
        1226   5.194e-11
        1226   5.432e-11
        1227   5.658e-11
        1228   5.869e-11
        1228   6.066e-11
        1229   6.251e-11
        1230   6.423e-11
        1230   6.582e-11
        1231    6.73e-11
        1232   6.866e-11
        1232    6.99e-11
        1233   7.105e-11
        1234   7.211e-11
        1234   7.308e-11
        1235   7.397e-11
        1235   7.479e-11
        1237   7.622e-11
        1238   7.741e-11
        1239   7.839e-11
        1241   7.921e-11
        1242   7.988e-11
        1243   8.041e-11
        1245   8.083e-11
        1246   8.119e-11
        1249   8.167e-11
        1251   8.191e-11
        1254   8.198e-11
        1256   8.193e-11
        1259   8.178e-11
        1262   8.157e-11
        1264    8.13e-11
        1267   8.098e-11
        1269   8.063e-11
        1272   8.025e-11
        1275   7.985e-11
        1277   7.944e-11
        1280   7.901e-11
        1283   7.858e-11
        1285   7.813e-11
        1288   7.768e-11
        1290   7.723e-11
        1293   7.677e-11
        1296   7.632e-11
        1297   7.616e-11
        1298   7.586e-11
        1300   7.556e-11
        1305   7.468e-11
        1310   7.381e-11
        1315   7.294e-11
        1320   7.208e-11
        1330    7.04e-11
        1350   6.714e-11
        1370   6.405e-11
        1390   6.113e-11
        1410   5.837e-11
        1430   5.576e-11
        1450    5.33e-11
        1470   5.097e-11
        1490   4.878e-11
        1510    4.67e-11
        1530   4.473e-11
        1550   4.287e-11
        1570   4.111e-11
        1590   3.944e-11
        1610   3.785e-11
        1630   3.635e-11
        1650   3.492e-11
        1670   3.356e-11
        1690   3.227e-11
        1710   3.105e-11
        1730   2.988e-11
        1750   2.877e-11
        1770   2.771e-11
        1790    2.67e-11
        1810   2.573e-11
        1830   2.481e-11
        1850   2.393e-11
        1870   2.309e-11
        1890   2.229e-11
        1910   2.153e-11
        1930   2.079e-11
        1950   2.009e-11
        1970   1.942e-11
        1990   1.878e-11
        2010   1.816e-11
        2030   1.757e-11
        2050   1.701e-11
        2070   1.647e-11
        2090   1.594e-11
        2110   1.544e-11
        2130   1.496e-11
        2150    1.45e-11
        2170   1.406e-11
        2190   1.363e-11
        2210   1.322e-11
        2230   1.283e-11
        2250   1.245e-11
        2270   1.208e-11
        2290   1.173e-11
        2310   1.139e-11
        2330   1.107e-11
        2350   1.075e-11
        2370   1.045e-11
        2390   1.016e-11
        2410   9.876e-12
        2430   9.604e-12
        2450   9.341e-12
        2470   9.087e-12
        2490   8.842e-12
        2510   8.606e-12
        2530   8.377e-12
        2550   8.156e-12
        2570   7.942e-12
        2590   7.736e-12
        2610   7.536e-12
        2630   7.343e-12
        2650   7.155e-12
        2670   6.974e-12
        2690   6.799e-12
        2710   6.629e-12
        2730   6.465e-12
        2750   6.306e-12
        2770   6.151e-12
        2790   6.002e-12
        2810   5.857e-12
        2830   5.716e-12
        2850    5.58e-12
        2870   5.448e-12
        2890   5.319e-12
        2910   5.195e-12
        2930   5.074e-12
        2950   4.957e-12
        2970   4.843e-12
        2990   4.732e-12
        3010   4.625e-12
        3030    4.52e-12
        3050   4.419e-12
        3070   4.321e-12
        3090   4.225e-12
        3110   4.132e-12
        3130   4.041e-12
        3150   3.953e-12
        3170   3.868e-12
        3190   3.784e-12
        3210   3.703e-12
        3230   3.624e-12
        3250   3.548e-12
        3270   3.473e-12
        3290     3.4e-12
        3310   3.329e-12
        3330    3.26e-12
        3350   3.193e-12
        3370   3.128e-12
        3390   3.064e-12
        3410   3.002e-12
        3430   2.941e-12
        3450   2.882e-12
        3470   2.825e-12
        3490   2.769e-12
        3510   2.714e-12
        3530   2.661e-12
        3550   2.609e-12
        3570   2.558e-12
        3590   2.508e-12
        3610    2.46e-12
        3613   2.453e-12
        3630   2.413e-12
        3644   2.379e-12
        3647   2.373e-12
        3650   2.366e-12
        3660   2.343e-12
        3670    2.32e-12
        3676   2.306e-12
        3680   2.298e-12
        3680   2.298e-12
        3683   2.291e-12
        3684   2.289e-12
        3687   2.282e-12
        3688    2.28e-12
        3693   2.269e-12
        3698   2.257e-12
        3703   2.247e-12
        3704   2.245e-12
        3705   2.242e-12
        3707   2.238e-12
        3710   2.231e-12
        3712   2.228e-12
        3713   2.225e-12
        3716   2.218e-12
        3721   2.207e-12
        3722   2.207e-12
        3722   2.205e-12
        3723   2.203e-12
        3725     2.2e-12
        3728   2.192e-12
        3735   2.177e-12
        3742   2.163e-12
        3747   2.152e-12
        3749   2.148e-12
        3751   2.143e-12
        3755   2.137e-12
        3763   2.122e-12
        3769   2.107e-12
        3770   2.104e-12
        3772     2.1e-12
        3775   2.097e-12
        3778   2.094e-12
        3781    2.09e-12
        3784   2.085e-12
        3787   2.077e-12
        3790   2.069e-12
        3793   2.058e-12
        3794   2.056e-12
        3796   2.046e-12
        3798   2.042e-12
        3799   2.038e-12
        3800   2.039e-12
        3802    2.04e-12
        3803   2.041e-12
        3804   2.043e-12
        3807   2.045e-12
        3809   2.045e-12
        3812   2.045e-12
        3815   2.042e-12
        3817   2.037e-12
        3820   2.029e-12
        3822    2.02e-12
        3825   2.008e-12
        3828   1.993e-12
        3829   1.984e-12
        3830   1.976e-12
        3833   1.958e-12
        3835   1.945e-12
        3836    1.94e-12
        3836   1.938e-12
        3836   1.936e-12
        3837   1.937e-12
        3837   1.938e-12
        3838    1.94e-12
        3838   1.942e-12
        3839   1.944e-12
        3839   1.947e-12
        3840   1.949e-12
        3840   1.952e-12
        3841   1.954e-12
        3842   1.959e-12
        3844   1.969e-12
        3847   1.985e-12
        3851   1.997e-12
        3853   2.001e-12
        3855   2.003e-12
        3857   2.004e-12
        3859   2.004e-12
        3860   2.002e-12
        3862   1.999e-12
        3864   1.993e-12
        3866   1.987e-12
        3868   1.978e-12
        3870   1.969e-12
        3872   1.957e-12
        3874   1.943e-12
        3875   1.926e-12
        3877   1.909e-12
        3879   1.888e-12
        3881   1.866e-12
        3883   1.842e-12
        3885   1.817e-12
        3887   1.791e-12
        3887   1.787e-12
        3888   1.776e-12
        3889   1.766e-12
        3889   1.758e-12
        3890   1.755e-12
        3890   1.754e-12
        3891   1.754e-12
        3891   1.756e-12
        3891   1.759e-12
        3892   1.763e-12
        3892   1.767e-12
        3893   1.776e-12
        3895   1.796e-12
        3896   1.815e-12
        3898   1.833e-12
        3899   1.851e-12
        3901   1.868e-12
        3902   1.883e-12
        3904   1.897e-12
        3907   1.922e-12
        3909   1.932e-12
        3910   1.941e-12
        3912   1.948e-12
        3914   1.954e-12
        3917   1.965e-12
        3920    1.97e-12
        3923   1.972e-12
        3926   1.971e-12
        3929   1.967e-12
        3933   1.961e-12
        3936    1.95e-12
        3939   1.934e-12
        3942   1.916e-12
        3944   1.905e-12
        3945   1.892e-12
        3947   1.876e-12
        3948    1.86e-12
        3950   1.843e-12
        3952   1.826e-12
        3953   1.807e-12
        3955   1.784e-12
        3956    1.76e-12
        3958   1.735e-12
        3960   1.709e-12
        3961    1.68e-12
        3963   1.651e-12
        3964   1.619e-12
        3966   1.586e-12
        3967   1.551e-12
        3969   1.515e-12
        3970   1.491e-12
        3971   1.479e-12
        3971   1.472e-12
        3971   1.469e-12
        3971   1.468e-12
        3971   1.469e-12
        3971   1.471e-12
        3972   1.474e-12
        3972   1.477e-12
        3972    1.48e-12
        3972   1.483e-12
        3972   1.486e-12
        3972   1.489e-12
        3973   1.495e-12
        3973   1.506e-12
        3974   1.528e-12
        3975    1.55e-12
        3976   1.572e-12
        3977   1.592e-12
        3979   1.612e-12
        3981   1.648e-12
        3982   1.666e-12
        3983   1.683e-12
        3984     1.7e-12
        3985   1.714e-12
        3986   1.728e-12
        3987   1.743e-12
        3989   1.769e-12
        3992   1.791e-12
        3994    1.81e-12
        3996   1.829e-12
        3998   1.845e-12
        4000   1.859e-12
        4003   1.869e-12
        4005   1.879e-12
        4009   1.892e-12
        4014     1.9e-12
        4018   1.903e-12
        4022   1.903e-12
        4027   1.901e-12
        4031   1.898e-12
        4040   1.885e-12
        4044   1.876e-12
        4048   1.863e-12
        4053   1.848e-12
        4057    1.83e-12
        4062   1.807e-12
        4066   1.777e-12
        4070   1.742e-12
        4072   1.723e-12
        4075   1.703e-12
        4077   1.681e-12
        4079   1.656e-12
        4081   1.629e-12
        4083     1.6e-12
        4086   1.568e-12
        4088   1.531e-12
        4090   1.493e-12
        4092   1.451e-12
        4093   1.428e-12
        4094   1.405e-12
        4095    1.38e-12
        4096   1.353e-12
        4098   1.326e-12
        4099   1.296e-12
        4099   1.293e-12
        4100   1.266e-12
        4100   1.264e-12
        4100   1.249e-12
        4101   1.234e-12
        4101   1.219e-12
        4102   1.206e-12
        4102   1.201e-12
        4102   1.198e-12
        4103   1.198e-12
        4103   1.199e-12
        4103     1.2e-12
        4103   1.199e-12
        4103   1.198e-12
        4103   1.197e-12
        4103   1.197e-12
        4104   1.199e-12
        4104   1.203e-12
        4104   1.207e-12
        4104   1.217e-12
        4105   1.239e-12
        4107   1.281e-12
        4108   1.301e-12
        4108   1.321e-12
        4109   1.339e-12
        4110   1.357e-12
        4111   1.374e-12
        4112   1.404e-12
        4114   1.434e-12
        4116   1.461e-12
        4117   1.484e-12
        4119   1.508e-12
        4120   1.529e-12
        4122   1.548e-12
        4124   1.566e-12
        4125   1.582e-12
        4127   1.597e-12
        4130   1.624e-12
        4133   1.645e-12
        4136   1.663e-12
        4140   1.681e-12
        4143   1.695e-12
        4146   1.705e-12
        4149   1.713e-12
        4152   1.719e-12
        4156   1.723e-12
        4162   1.727e-12
        4168   1.726e-12
        4175   1.723e-12
        4181   1.718e-12
        4188   1.712e-12
        4194   1.705e-12
        4200   1.698e-12
        4207    1.69e-12
        4213   1.681e-12
        4220   1.673e-12
        4226   1.664e-12
        4232   1.654e-12
        4239   1.644e-12
        4245   1.634e-12
        4252   1.623e-12
        4258   1.611e-12
        4264   1.598e-12
        4271   1.583e-12
        4277   1.565e-12
        4284   1.544e-12
        4290   1.519e-12
        4296    1.49e-12
        4300   1.474e-12
        4303   1.455e-12
        4306   1.435e-12
        4309   1.412e-12
        4312   1.387e-12
        4316   1.359e-12
        4319   1.328e-12
        4322   1.292e-12
        4324   1.272e-12
        4325   1.251e-12
        4327   1.228e-12
        4328   1.204e-12
        4330   1.178e-12
        4332    1.15e-12
        4333    1.12e-12
        4335   1.088e-12
        4336    1.07e-12
        4336   1.052e-12
        4337   1.032e-12
        4338   1.012e-12
        4339   9.899e-13
        4340   9.669e-13
        4340   9.419e-13
        4341   9.306e-13
        4341   9.126e-13
        4341   9.011e-13
        4342   8.962e-13
        4342   8.949e-13
        4342   8.942e-13
        4342   8.948e-13
        4342   8.961e-13
        4342   8.983e-13
        4342   9.008e-13
        4342   9.037e-13
        4342   9.066e-13
        4342   9.093e-13
        4342    9.12e-13
        4342   9.145e-13
        4342    9.17e-13
        4342   9.194e-13
        4342   9.214e-13
        4342   9.235e-13
        4342   9.255e-13
        4343   9.274e-13
        4343   9.293e-13
        4343   9.294e-13
        4343   9.312e-13
        4343   9.349e-13
        4343   9.414e-13
        4343   9.481e-13
        4343   9.543e-13
        4344   9.666e-13
        4344   9.786e-13
        4345   9.902e-13
        4346   1.012e-12
        4346   1.033e-12
        4347   1.053e-12
        4348   1.071e-12
        4349   1.088e-12
        4350   1.103e-12
        4351   1.118e-12
        4353   1.147e-12
        4354   1.173e-12
        4356   1.196e-12
        4358   1.217e-12
        4360   1.237e-12
        4361   1.254e-12
        4363    1.27e-12
        4365   1.285e-12
        4367   1.298e-12
        4370   1.321e-12
        4374    1.34e-12
        4377   1.356e-12
        4381   1.369e-12
        4384    1.38e-12
        4388   1.388e-12
        4391   1.395e-12
        4395     1.4e-12
        4402   1.408e-12
        4409   1.411e-12
        4416   1.411e-12
        4423   1.408e-12
        4430   1.404e-12
        4437   1.399e-12
        4444   1.392e-12
        4451   1.386e-12
        4458   1.379e-12
        4465   1.372e-12
        4472   1.365e-12
        4479   1.357e-12
        4486    1.35e-12
        4493   1.343e-12
        4500   1.335e-12
        4507   1.328e-12
        4514   1.321e-12
        4521   1.313e-12
        4528   1.306e-12
        4535   1.299e-12
        4542   1.291e-12
        4549   1.284e-12
        4556   1.277e-12
        4563    1.27e-12
        4570   1.263e-12
        4577   1.255e-12
        4584   1.248e-12
        4591   1.241e-12
        4598   1.234e-12
        4605   1.228e-12
        4612   1.221e-12
        4619   1.214e-12
        4626   1.207e-12
        4633     1.2e-12
        4640   1.193e-12
        4647   1.187e-12
        4654    1.18e-12
        4661   1.173e-12
        4668   1.166e-12
        4675    1.16e-12
        4682   1.153e-12
        4689   1.146e-12
        4696    1.14e-12
        4703   1.133e-12
        4710   1.126e-12
        4717   1.119e-12
        4724   1.112e-12
        4731   1.105e-12
        4738   1.098e-12
        4745   1.091e-12
        4752   1.083e-12
        4759   1.076e-12
        4767   1.067e-12
        4774   1.058e-12
        4781   1.049e-12
        4788   1.038e-12
        4795   1.027e-12
        4802   1.013e-12
        4809   9.975e-13
        4816   9.791e-13
        4819   9.686e-13
        4823   9.569e-13
        4826   9.438e-13
        4830    9.29e-13
        4833   9.125e-13
        4837   8.937e-13
        4840   8.723e-13
        4844    8.48e-13
        4845   8.344e-13
        4847   8.198e-13
        4849   8.041e-13
        4851   7.872e-13
        4852   7.685e-13
        4854   7.485e-13
        4855   7.376e-13
        4856   7.261e-13
        4857   7.136e-13
        4858   7.005e-13
        4859   6.861e-13
        4859   6.707e-13
        4860   6.625e-13
        4860    6.54e-13
        4861   6.449e-13
        4861   6.349e-13
        4862   6.277e-13
        4862    6.24e-13
        4862   6.203e-13
        4862   6.125e-13
        4862   6.086e-13
        4862    6.05e-13
        4863   6.025e-13
        4863   6.016e-13
        4863   6.024e-13
        4863   6.048e-13
        4863   6.083e-13
        4863   6.121e-13
        4864   6.198e-13
        4864   6.337e-13
        4865   6.462e-13
        4865   6.574e-13
        4866   6.678e-13
        4866   6.777e-13
        4867   6.868e-13
        4868   7.039e-13
        4869   7.194e-13
        4871   7.333e-13
        4872   7.461e-13
        4873   7.581e-13
        4874   7.692e-13
        4875   7.796e-13
        4878   7.983e-13
        4880   8.148e-13
        4882   8.293e-13
        4885   8.423e-13
        4887   8.539e-13
        4889    8.64e-13
        4892   8.731e-13
        4894    8.81e-13
        4896   8.881e-13
        4901   8.996e-13
        4906   9.083e-13
        4910   9.149e-13
        4915   9.197e-13
        4920   9.234e-13
        4924   9.258e-13
        4929   9.274e-13
        4938    9.28e-13
        4948   9.265e-13
        4957   9.235e-13
        4966   9.197e-13
        4976   9.152e-13
        4985   9.102e-13
        4989   9.081e-13
        4994    9.05e-13
        5000   9.017e-13
        5010   8.958e-13
        5020   8.897e-13
        5040   8.773e-13
        5060   8.649e-13
        5080   8.524e-13
        5100   8.402e-13
        5120   8.281e-13
        5140   8.162e-13
        5160   8.044e-13
        5180   7.929e-13
        5200   7.816e-13
        5220   7.705e-13
        5240   7.595e-13
        5260   7.488e-13
        5280   7.382e-13
        5300   7.278e-13
        5320   7.176e-13
        5340   7.076e-13
        5360   6.978e-13
        5380   6.881e-13
        5400   6.786e-13
        5420   6.693e-13
        5440   6.601e-13
        5460    6.51e-13
        5480   6.421e-13
        5500   6.334e-13
        5520   6.248e-13
        5540   6.164e-13
        5560   6.081e-13
        5580   5.999e-13
        5600   5.919e-13
        5620    5.84e-13
        5640   5.763e-13
        5660   5.686e-13
        5680   5.611e-13
        5700   5.538e-13
        5720   5.465e-13
        5740   5.394e-13
        5760   5.323e-13
        5780   5.254e-13
        5800   5.186e-13
        5820   5.119e-13
        5840   5.053e-13
        5860   4.988e-13
        5880   4.925e-13
        5900   4.862e-13
        5920     4.8e-13
        5940   4.739e-13
        5960    4.68e-13
        5980   4.621e-13
        6000   4.563e-13
        6020   4.506e-13
        6040    4.45e-13
        6060   4.394e-13
        6080    4.34e-13
        6100   4.286e-13
        6120   4.233e-13
        6140   4.181e-13
        6160    4.13e-13
        6180   4.079e-13
        6200    4.03e-13
        6220    3.98e-13
        6240   3.932e-13
        6260   3.884e-13
        6280   3.837e-13
        6300    3.79e-13
        6320   3.744e-13
        6340   3.698e-13
        6360   3.653e-13
        6380   3.608e-13
        6400   3.562e-13
        6420   3.516e-13
        6440   3.468e-13
        6460   3.416e-13
        6480   3.357e-13
        6490   3.322e-13
        6500   3.282e-13
        6510   3.232e-13
        6515   3.203e-13
        6520   3.169e-13
        6525   3.129e-13
        6530   3.083e-13
        6535   3.027e-13
        6538   2.995e-13
        6540   2.961e-13
        6542   2.922e-13
        6545   2.879e-13
        6548   2.831e-13
        6550   2.778e-13
        6552   2.717e-13
        6554   2.683e-13
        6555   2.648e-13
        6556   2.609e-13
        6558   2.568e-13
        6559   2.523e-13
        6560   2.473e-13
        6561   2.446e-13
        6561   2.418e-13
        6562   2.388e-13
        6562   2.355e-13
        6563   2.336e-13
        6563   2.315e-13
        6563   2.292e-13
        6564   2.262e-13
        6564   2.212e-13
        6564   2.202e-13
        6564   2.195e-13
        6564   2.148e-13
        6565   2.123e-13
        6565   2.201e-13
        6566   2.274e-13
        6566   2.313e-13
        6567   2.343e-13
        6567    2.37e-13
        6568   2.393e-13
        6569   2.436e-13
        6570   2.476e-13
        6571   2.512e-13
        6572   2.545e-13
        6573   2.576e-13
        6574   2.604e-13
        6576   2.656e-13
        6578   2.701e-13
        6580   2.742e-13
        6582   2.778e-13
        6584    2.81e-13
        6586   2.838e-13
        6590   2.886e-13
        6594   2.925e-13
        6598   2.956e-13
        6602   2.981e-13
        6606   3.001e-13
        6610   3.016e-13
        6614   3.028e-13
        6622   3.043e-13
        6630    3.05e-13
        6638   3.052e-13
        6646    3.05e-13
        6654   3.045e-13
        6670    3.03e-13
        6686    3.01e-13
        6702   2.988e-13
        6718   2.964e-13
        6734    2.94e-13
        6750   2.915e-13
        6766   2.891e-13
        6782   2.866e-13
        6798   2.841e-13
        6814   2.816e-13
        6830   2.792e-13
        6846   2.767e-13
        6862   2.743e-13
        6878   2.719e-13
        6894   2.695e-13
        6910   2.672e-13
        6926   2.649e-13
        6942   2.626e-13
        6958   2.603e-13
        6974    2.58e-13
        6990   2.558e-13
        7006   2.536e-13
        7022   2.514e-13
        7038   2.492e-13
        7054   2.471e-13
        7070    2.45e-13
        7086   2.429e-13
        7102   2.408e-13
        7118   2.387e-13
        7134   2.367e-13
        7150   2.347e-13
        7166   2.327e-13
        7182   2.307e-13
        7198   2.288e-13
        7214   2.269e-13
        7230    2.25e-13
        7246   2.231e-13
        7262   2.212e-13
        7278   2.194e-13
        7294   2.175e-13
        7310   2.157e-13
        7326   2.139e-13
        7342   2.122e-13
        7358   2.104e-13
        7374   2.087e-13
        7390    2.07e-13
        7406   2.053e-13
        7422   2.036e-13
        7438   2.019e-13
        7454   2.003e-13
        7470   1.986e-13
        7486    1.97e-13
        7502   1.954e-13
        7518   1.938e-13
        7534   1.923e-13
        7550   1.907e-13
        7566   1.892e-13
        7582   1.877e-13
        7598   1.862e-13
        7614   1.847e-13
        7630   1.832e-13
        7646   1.817e-13
        7662   1.803e-13
        7678   1.789e-13
        7694   1.774e-13
        7710    1.76e-13
        7726   1.746e-13
        7742   1.733e-13
        7758   1.719e-13
        7774   1.706e-13
        7790   1.692e-13
        7806   1.679e-13
        7822   1.666e-13
        7838   1.653e-13
        7854    1.64e-13
        7870   1.627e-13
        7886   1.615e-13
        7902   1.602e-13
        7918    1.59e-13
        7934   1.578e-13
        7950   1.566e-13
        7966   1.554e-13
        7982   1.542e-13
        7998    1.53e-13
        8014   1.518e-13
        8030   1.507e-13
        8046   1.495e-13
        8062   1.484e-13
        8078   1.473e-13
        8094   1.462e-13
        8110   1.451e-13
        8126    1.44e-13
        8142   1.429e-13
        8158   1.418e-13
        8174   1.408e-13
        8190   1.397e-13
        8205   1.387e-13
        8206   1.387e-13
        8206   1.386e-13
        8207   1.386e-13
        8209   1.384e-13
        8213   1.382e-13
        8222   1.376e-13
        8238   1.366e-13
        8255   1.355e-13
        8272   1.344e-13
        8288   1.334e-13
        8305   1.324e-13
        8322   1.314e-13
        8338   1.303e-13
        8355   1.293e-13
        8372   1.284e-13
        8382   1.278e-13
        8388   1.274e-13
        8395    1.27e-13
        8399   1.267e-13
        8407   1.263e-13
        8416   1.258e-13
        8424   1.253e-13
        8432   1.249e-13
        8440   1.244e-13
        8444   1.241e-13
        8457   1.234e-13
        8470   1.227e-13
        8482    1.22e-13
        8485   1.219e-13
        8495   1.213e-13
        8505   1.208e-13
        8515   1.202e-13
        8525   1.197e-13
        8535   1.191e-13
        8542   1.187e-13
        8545   1.186e-13
        8548   1.184e-13
        8553   1.181e-13
        8564   1.176e-13
        8575    1.17e-13
        8587   1.164e-13
        8595    1.16e-13
        8598   1.158e-13
        8601   1.156e-13
        8607   1.153e-13
        8619   1.147e-13
        8632    1.14e-13
        8644   1.134e-13
        8646   1.133e-13
        8657   1.128e-13
        8667   1.122e-13
        8678   1.117e-13
        8689   1.112e-13
        8699   1.107e-13
        8710   1.102e-13
        8720   1.096e-13
        8731   1.091e-13
        8741   1.086e-13
        8751   1.082e-13
        8752   1.081e-13
        8753   1.081e-13
        8755    1.08e-13
        8759   1.078e-13
        8768   1.074e-13
        8785   1.066e-13
        8802   1.058e-13
        8819    1.05e-13
        8836   1.042e-13
        8840    1.04e-13
        8853   1.034e-13
        8865   1.029e-13
        8878   1.024e-13
        8890   1.019e-13
        8902   1.014e-13
        8915   1.009e-13
        8927   1.003e-13
        8939   9.975e-14
        8952    9.92e-14
        8964   9.866e-14
        8977   9.809e-14
        8989   9.752e-14
        9001   9.694e-14
        9010   9.653e-14
        9014   9.637e-14
        9017   9.621e-14
        9025   9.597e-14
        9039    9.55e-14
        9054   9.504e-14
        9068   9.455e-14
        9083   9.404e-14
        9098   9.351e-14
        9112   9.296e-14
        9127   9.239e-14
        9141    9.18e-14
        9156   9.117e-14
        9170   9.052e-14
        9185   8.984e-14
        9200    8.91e-14
        9214   8.834e-14
        9226   8.775e-14
        9229   8.762e-14
        9232    8.75e-14
        9237   8.738e-14
        9248   8.716e-14
        9259   8.691e-14
        9270   8.672e-14
        9282    8.65e-14
        9293   8.625e-14
        9304   8.599e-14
        9315   8.571e-14
        9326   8.541e-14
        9337   8.509e-14
        9348   8.475e-14
        9359    8.44e-14
        9370   8.403e-14
        9381   8.366e-14
        9393   8.327e-14
        9404   8.286e-14
        9415   8.245e-14
        9426   8.202e-14
        9437   8.157e-14
        9448   8.109e-14
        9459   8.059e-14
        9470   8.007e-14
        9481   7.949e-14
        9493   7.889e-14
        9504   7.823e-14
        9515   7.752e-14
        9526   7.676e-14
        9537   7.597e-14
        9548   7.521e-14
        9548   7.518e-14
        9549   7.515e-14
        9550   7.515e-14
        9552   7.516e-14
        9556    7.52e-14
        9565   7.533e-14
        9582   7.553e-14
        9599   7.558e-14
        9616   7.551e-14
        9633   7.534e-14
        9650   7.509e-14
        9668   7.478e-14
        9685   7.442e-14
        9702   7.403e-14
        9719   7.362e-14
        9736   7.318e-14
        9753   7.273e-14
        9771   7.227e-14
        9788    7.18e-14
        9805   7.132e-14
        9822   7.082e-14
        9839   7.032e-14
        9856   6.986e-14
        9873   6.933e-14
        9891   6.875e-14
        9908   6.813e-14
        9925   6.749e-14
        9942   6.677e-14
        9959   6.596e-14
        9976   6.507e-14
        9987   6.443e-14
        9994   6.401e-14
       1e+04   6.358e-14
   1.001e+04   6.256e-14
   1.003e+04   6.138e-14
   1.003e+04   6.074e-14
   1.004e+04   6.008e-14
   1.004e+04   5.975e-14
   1.005e+04   5.945e-14
   1.005e+04   5.933e-14
   1.005e+04   5.924e-14
   1.005e+04   5.922e-14
   1.005e+04   5.924e-14
   1.005e+04   5.925e-14
   1.005e+04   5.925e-14
   1.005e+04   5.922e-14
   1.005e+04   5.914e-14
   1.006e+04    5.91e-14
   1.006e+04   5.914e-14
   1.006e+04   5.921e-14
   1.006e+04   5.941e-14
   1.007e+04   5.987e-14
   1.008e+04   6.026e-14
   1.009e+04   6.063e-14
    1.01e+04    6.09e-14
    1.01e+04   6.114e-14
   1.011e+04   6.129e-14
   1.012e+04   6.142e-14
   1.014e+04   6.153e-14
   1.015e+04   6.153e-14
   1.017e+04   6.144e-14
   1.018e+04   6.129e-14
    1.02e+04   6.107e-14
   1.023e+04   6.058e-14
   1.026e+04       6e-14
    1.03e+04   5.938e-14
   1.036e+04   5.809e-14
   1.042e+04   5.677e-14
   1.049e+04   5.541e-14
   1.055e+04   5.412e-14
   1.062e+04   5.283e-14
   1.068e+04   5.152e-14
   1.071e+04   5.084e-14
   1.074e+04   5.013e-14
   1.078e+04   4.936e-14
   1.081e+04   4.849e-14
   1.082e+04     4.8e-14
   1.084e+04   4.744e-14
   1.086e+04   4.679e-14
   1.087e+04   4.603e-14
   1.088e+04   4.558e-14
   1.089e+04   4.512e-14
    1.09e+04   4.458e-14
    1.09e+04   4.399e-14
   1.091e+04   4.331e-14
   1.092e+04   4.257e-14
   1.093e+04   4.174e-14
   1.093e+04   4.146e-14
   1.093e+04   4.113e-14
   1.094e+04   4.078e-14
   1.094e+04   4.057e-14
   1.094e+04   4.033e-14
   1.094e+04   4.002e-14
   1.094e+04   3.979e-14
   1.094e+04   3.973e-14
   1.094e+04   3.973e-14
   1.094e+04   3.978e-14
   1.094e+04    3.99e-14
   1.094e+04   4.002e-14
   1.094e+04   4.022e-14
   1.094e+04   4.038e-14
   1.095e+04   4.052e-14
   1.095e+04   4.075e-14
   1.095e+04   4.112e-14
   1.096e+04   4.144e-14
   1.096e+04   4.174e-14
   1.097e+04   4.228e-14
   1.098e+04   4.273e-14
   1.098e+04   4.309e-14
   1.099e+04    4.34e-14
     1.1e+04   4.362e-14
   1.101e+04   4.382e-14
   1.102e+04   4.407e-14
   1.104e+04   4.419e-14
   1.106e+04   4.423e-14
   1.107e+04   4.419e-14
   1.109e+04    4.41e-14
    1.11e+04   4.398e-14
   1.114e+04   4.366e-14
   1.117e+04   4.328e-14
    1.12e+04   4.287e-14
   1.126e+04   4.201e-14
   1.133e+04   4.113e-14
   1.139e+04   4.027e-14
   1.146e+04   3.942e-14
   1.152e+04   3.859e-14
   1.158e+04   3.777e-14
   1.165e+04   3.696e-14
   1.171e+04   3.618e-14
   1.178e+04   3.542e-14
   1.184e+04   3.468e-14
    1.19e+04   3.396e-14
   1.197e+04   3.326e-14
   1.203e+04   3.256e-14
    1.21e+04   3.189e-14
   1.216e+04   3.123e-14
   1.222e+04   3.059e-14
   1.229e+04   2.997e-14
   1.235e+04   2.935e-14
   1.242e+04   2.875e-14
   1.248e+04   2.815e-14
   1.254e+04   2.754e-14
   1.261e+04   2.689e-14
   1.264e+04   2.654e-14
   1.267e+04   2.613e-14
   1.269e+04   2.591e-14
    1.27e+04   2.565e-14
   1.272e+04   2.535e-14
   1.274e+04   2.501e-14
   1.275e+04    2.46e-14
   1.276e+04   2.435e-14
   1.277e+04   2.409e-14
   1.278e+04   2.379e-14
   1.278e+04   2.345e-14
   1.279e+04   2.306e-14
    1.28e+04   2.284e-14
    1.28e+04   2.262e-14
    1.28e+04   2.237e-14
   1.281e+04    2.21e-14
   1.281e+04   2.196e-14
   1.281e+04   2.181e-14
   1.281e+04   2.173e-14
   1.281e+04   2.162e-14
   1.282e+04   2.151e-14
   1.282e+04    2.14e-14
   1.282e+04    2.13e-14
   1.282e+04   2.128e-14
   1.282e+04   2.128e-14
   1.282e+04    2.13e-14
   1.282e+04   2.134e-14
   1.282e+04    2.14e-14
   1.282e+04    2.14e-14
   1.282e+04   2.148e-14
   1.282e+04   2.152e-14
   1.282e+04   2.147e-14
   1.282e+04   2.139e-14
   1.282e+04   2.132e-14
   1.282e+04   2.128e-14
   1.282e+04   2.126e-14
   1.282e+04   2.126e-14
   1.282e+04   2.127e-14
   1.283e+04   2.134e-14
   1.283e+04   2.153e-14
   1.284e+04   2.189e-14
   1.284e+04   2.221e-14
   1.285e+04   2.247e-14
   1.285e+04   2.271e-14
   1.286e+04   2.292e-14
   1.286e+04   2.309e-14
   1.287e+04   2.324e-14
   1.288e+04   2.336e-14
   1.289e+04   2.357e-14
    1.29e+04    2.37e-14
   1.291e+04    2.38e-14
   1.292e+04   2.386e-14
   1.294e+04    2.39e-14
   1.295e+04   2.391e-14
   1.297e+04   2.388e-14
     1.3e+04    2.38e-14
   1.302e+04    2.37e-14
   1.304e+04   2.358e-14
   1.309e+04    2.33e-14
   1.319e+04   2.271e-14
   1.328e+04    2.21e-14
   1.338e+04    2.15e-14
   1.348e+04   2.091e-14
   1.357e+04   2.034e-14
   1.367e+04   1.979e-14
   1.376e+04   1.927e-14
   1.386e+04   1.878e-14
   1.395e+04    1.83e-14
   1.405e+04   1.784e-14
   1.415e+04   1.739e-14
   1.424e+04   1.696e-14
   1.434e+04   1.653e-14
   1.443e+04   1.613e-14
   1.453e+04   1.573e-14
   1.462e+04   1.535e-14
   1.472e+04   1.496e-14
   1.482e+04   1.458e-14
   1.491e+04   1.422e-14
   1.493e+04   1.416e-14
   1.501e+04   1.386e-14
   1.504e+04   1.376e-14
   1.509e+04   1.358e-14
   1.514e+04    1.34e-14
   1.518e+04   1.325e-14
   1.519e+04   1.323e-14
    1.52e+04    1.32e-14
   1.521e+04   1.314e-14
   1.523e+04    1.31e-14
   1.525e+04   1.303e-14
   1.526e+04   1.297e-14
   1.526e+04   1.297e-14
    1.53e+04   1.283e-14
   1.535e+04    1.27e-14
   1.542e+04   1.247e-14
   1.543e+04   1.243e-14
   1.544e+04   1.239e-14
   1.547e+04    1.23e-14
   1.548e+04   1.226e-14
   1.552e+04   1.214e-14
   1.556e+04   1.202e-14
   1.557e+04   1.199e-14
   1.564e+04   1.179e-14
   1.571e+04   1.159e-14
   1.577e+04    1.14e-14
    1.58e+04   1.133e-14
   1.584e+04    1.12e-14
   1.589e+04   1.108e-14
   1.597e+04   1.084e-14
   1.601e+04   1.074e-14
   1.606e+04   1.061e-14
   1.611e+04   1.047e-14
   1.617e+04   1.034e-14
   1.622e+04   1.021e-14
   1.627e+04   1.009e-14
   1.632e+04   9.958e-15
   1.633e+04   9.929e-15
   1.637e+04   9.828e-15
   1.641e+04   9.723e-15
   1.645e+04   9.639e-15
   1.649e+04   9.553e-15
   1.657e+04   9.373e-15
   1.665e+04   9.193e-15
   1.666e+04   9.187e-15
   1.669e+04   9.098e-15
   1.673e+04   9.008e-15
   1.673e+04   9.008e-15
   1.677e+04   8.911e-15
   1.679e+04   8.858e-15
    1.68e+04   8.831e-15
   1.681e+04   8.805e-15
   1.682e+04    8.79e-15
   1.683e+04   8.777e-15
   1.683e+04   8.777e-15
   1.684e+04   8.763e-15
   1.685e+04   8.748e-15
   1.685e+04   8.748e-15
   1.686e+04   8.733e-15
   1.687e+04   8.717e-15
   1.688e+04     8.7e-15
   1.688e+04     8.7e-15
   1.689e+04   8.683e-15
   1.689e+04   8.683e-15
    1.69e+04   8.665e-15
   1.692e+04   8.628e-15
   1.696e+04   8.553e-15
   1.704e+04   8.401e-15
   1.711e+04   8.248e-15
   1.719e+04   8.096e-15
   1.727e+04   7.944e-15
   1.733e+04   7.831e-15
   1.735e+04   7.794e-15
   1.737e+04   7.758e-15
   1.741e+04   7.692e-15
   1.748e+04   7.565e-15
   1.756e+04   7.439e-15
   1.764e+04   7.313e-15
   1.772e+04   7.187e-15
    1.78e+04   7.062e-15
   1.787e+04   6.936e-15
   1.795e+04    6.81e-15
   1.803e+04   6.678e-15
   1.803e+04    6.67e-15
   1.811e+04   6.546e-15
   1.814e+04   6.483e-15
   1.816e+04   6.452e-15
   1.818e+04   6.422e-15
    1.82e+04   6.401e-15
   1.822e+04   6.381e-15
   1.822e+04   6.381e-15
   1.822e+04   6.381e-15
   1.823e+04   6.361e-15
   1.825e+04   6.341e-15
   1.825e+04   6.341e-15
   1.829e+04   6.299e-15
   1.836e+04   6.211e-15
   1.843e+04   6.116e-15
   1.851e+04   6.012e-15
   1.854e+04   5.954e-15
   1.858e+04   5.887e-15
    1.86e+04   5.849e-15
   1.862e+04   5.807e-15
   1.863e+04   5.758e-15
   1.865e+04   5.699e-15
   1.865e+04   5.699e-15
   1.867e+04   5.631e-15
   1.868e+04   5.593e-15
   1.869e+04    5.55e-15
    1.87e+04   5.498e-15
   1.871e+04    5.44e-15
   1.872e+04   5.375e-15
   1.872e+04   5.302e-15
   1.873e+04   5.263e-15
   1.873e+04   5.217e-15
   1.874e+04   5.195e-15
   1.874e+04   5.158e-15
   1.874e+04   5.117e-15
   1.875e+04   5.075e-15
   1.875e+04   5.051e-15
   1.875e+04   5.026e-15
   1.875e+04   4.995e-15
   1.875e+04   4.978e-15
   1.875e+04   4.956e-15
   1.875e+04   4.925e-15
   1.875e+04   4.903e-15
   1.875e+04   4.873e-15
   1.875e+04   4.873e-15
   1.875e+04   4.835e-15
   1.876e+04   4.796e-15
   1.876e+04   4.796e-15
   1.876e+04   4.796e-15
   1.876e+04   4.763e-15
   1.876e+04   4.751e-15
   1.876e+04   4.764e-15
   1.876e+04   4.795e-15
   1.876e+04   4.833e-15
   1.876e+04   4.868e-15
   1.876e+04   4.896e-15
   1.876e+04    4.92e-15
   1.876e+04   4.949e-15
   1.876e+04   4.969e-15
   1.876e+04   4.999e-15
   1.877e+04   5.043e-15
   1.877e+04    5.08e-15
   1.877e+04   5.113e-15
   1.878e+04   5.172e-15
   1.879e+04   5.221e-15
   1.879e+04   5.263e-15
    1.88e+04   5.301e-15
   1.881e+04   5.361e-15
   1.883e+04   5.404e-15
   1.884e+04   5.432e-15
   1.886e+04   5.452e-15
   1.887e+04   5.464e-15
    1.89e+04   5.475e-15
   1.892e+04   5.468e-15
   1.895e+04   5.454e-15
   1.901e+04   5.409e-15
   1.906e+04   5.355e-15
   1.912e+04   5.295e-15
   1.917e+04   5.231e-15
   1.923e+04   5.164e-15
   1.928e+04   5.092e-15
   1.934e+04   5.016e-15
   1.939e+04   4.935e-15
   1.945e+04   4.862e-15
   1.945e+04    4.86e-15
   1.945e+04   4.858e-15
   1.945e+04   4.855e-15
   1.946e+04    4.85e-15
   1.947e+04   4.841e-15
    1.95e+04   4.827e-15
   1.955e+04   4.801e-15
   1.961e+04    4.77e-15
   1.966e+04   4.735e-15
   1.971e+04   4.695e-15
   1.977e+04   4.653e-15
   1.982e+04   4.609e-15
   1.987e+04   4.565e-15
   1.992e+04    4.52e-15
   1.998e+04   4.475e-15
   2.003e+04    4.43e-15
   2.008e+04   4.385e-15
   2.014e+04   4.341e-15
   2.019e+04   4.296e-15
   2.024e+04   4.252e-15
   2.029e+04    4.21e-15
   2.035e+04   4.168e-15
    2.04e+04   4.125e-15
   2.045e+04   4.083e-15
   2.051e+04   4.041e-15
   2.056e+04       4e-15
   2.061e+04   3.959e-15
   2.067e+04   3.919e-15
   2.072e+04   3.879e-15
   2.077e+04    3.84e-15
   2.082e+04     3.8e-15
   2.088e+04   3.762e-15
   2.093e+04   3.724e-15
   2.098e+04   3.686e-15
   2.104e+04   3.648e-15
   2.109e+04    3.61e-15
   2.114e+04   3.573e-15
   2.119e+04   3.535e-15
   2.125e+04   3.497e-15
    2.13e+04   3.458e-15
   2.135e+04   3.418e-15
   2.141e+04   3.376e-15
   2.146e+04    3.33e-15
   2.151e+04   3.279e-15
   2.154e+04   3.251e-15
   2.157e+04    3.22e-15
   2.158e+04   3.207e-15
   2.159e+04   3.186e-15
    2.16e+04   3.179e-15
   2.162e+04   3.148e-15
   2.162e+04   3.148e-15
   2.163e+04   3.131e-15
   2.164e+04   3.113e-15
   2.165e+04   3.091e-15
   2.166e+04   3.065e-15
   2.166e+04   3.064e-15
   2.166e+04   3.064e-15
   2.166e+04   3.064e-15
   2.166e+04   3.064e-15
   2.166e+04   3.066e-15
   2.166e+04   3.069e-15
   2.167e+04   3.076e-15
   2.168e+04   3.085e-15
   2.168e+04   3.091e-15
    2.17e+04   3.099e-15
   2.172e+04   3.104e-15
   2.173e+04   3.107e-15
   2.176e+04    3.11e-15
    2.18e+04   3.109e-15
   2.183e+04   3.103e-15
   2.186e+04   3.096e-15
   2.192e+04   3.074e-15
   2.199e+04   3.048e-15
   2.205e+04    3.02e-15
   2.212e+04    2.99e-15
   2.218e+04   2.959e-15
   2.224e+04   2.928e-15
   2.231e+04   2.897e-15
   2.237e+04   2.866e-15
   2.244e+04   2.835e-15
    2.25e+04   2.805e-15
   2.256e+04   2.774e-15
   2.263e+04   2.744e-15
   2.269e+04   2.715e-15
   2.276e+04   2.686e-15
   2.282e+04   2.657e-15
   2.288e+04   2.628e-15
   2.295e+04   2.599e-15
   2.301e+04   2.571e-15
   2.308e+04   2.543e-15
   2.314e+04   2.515e-15
    2.32e+04   2.488e-15
   2.327e+04   2.461e-15
   2.333e+04   2.434e-15
    2.34e+04   2.408e-15
   2.346e+04   2.382e-15
   2.352e+04   2.356e-15
   2.359e+04   2.331e-15
   2.365e+04   2.306e-15
   2.372e+04   2.282e-15
   2.378e+04   2.257e-15
   2.384e+04   2.233e-15
   2.391e+04    2.21e-15
   2.397e+04   2.186e-15
   2.404e+04   2.163e-15
    2.41e+04   2.141e-15
   2.416e+04   2.118e-15
   2.423e+04   2.096e-15
   2.429e+04   2.074e-15
   2.436e+04   2.053e-15
   2.442e+04   2.031e-15
   2.448e+04    2.01e-15
   2.455e+04    1.99e-15
   2.461e+04   1.969e-15
   2.468e+04   1.949e-15
   2.474e+04   1.929e-15
    2.48e+04   1.909e-15
   2.487e+04   1.889e-15
   2.493e+04    1.87e-15
     2.5e+04   1.851e-15
   2.506e+04   1.832e-15
   2.512e+04   1.813e-15
   2.519e+04   1.795e-15
   2.525e+04   1.777e-15
   2.532e+04   1.759e-15
   2.538e+04   1.741e-15
   2.544e+04   1.723e-15
   2.551e+04   1.706e-15
   2.557e+04   1.688e-15
   2.564e+04   1.671e-15
    2.57e+04   1.653e-15
   2.576e+04   1.635e-15
   2.583e+04   1.617e-15
   2.589e+04   1.597e-15
   2.596e+04   1.577e-15
   2.602e+04   1.554e-15
   2.605e+04    1.54e-15
   2.608e+04   1.525e-15
   2.612e+04   1.509e-15
   2.615e+04   1.489e-15
   2.617e+04   1.477e-15
   2.618e+04   1.467e-15
   2.619e+04    1.46e-15
    2.62e+04   1.451e-15
   2.621e+04   1.441e-15
   2.622e+04   1.431e-15
   2.623e+04   1.426e-15
   2.624e+04   1.422e-15
   2.624e+04   1.422e-15
   2.624e+04   1.418e-15
   2.625e+04   1.415e-15
   2.625e+04   1.415e-15
   2.625e+04   1.415e-15
   2.625e+04   1.417e-15
   2.626e+04   1.423e-15
   2.626e+04    1.43e-15
   2.626e+04   1.431e-15
   2.626e+04   1.431e-15
   2.626e+04   1.431e-15
   2.626e+04    1.43e-15
   2.626e+04   1.427e-15
   2.626e+04   1.423e-15
   2.626e+04   1.417e-15
   2.627e+04   1.413e-15
   2.627e+04   1.411e-15
   2.627e+04   1.409e-15
   2.628e+04   1.409e-15
   2.628e+04   1.412e-15
    2.63e+04   1.419e-15
   2.632e+04   1.426e-15
   2.633e+04   1.431e-15
   2.635e+04   1.436e-15
   2.636e+04    1.44e-15
   2.638e+04   1.443e-15
    2.64e+04   1.446e-15
   2.643e+04   1.448e-15
   2.646e+04   1.449e-15
   2.649e+04   1.447e-15
   2.652e+04   1.444e-15
   2.659e+04   1.436e-15
   2.665e+04   1.427e-15
   2.672e+04   1.416e-15
   2.678e+04   1.404e-15
   2.684e+04   1.392e-15
   2.691e+04   1.379e-15
   2.697e+04   1.367e-15
   2.704e+04   1.354e-15
    2.71e+04   1.342e-15
   2.716e+04    1.33e-15
   2.723e+04   1.318e-15
   2.729e+04   1.306e-15
   2.736e+04   1.294e-15
   2.742e+04   1.282e-15
   2.748e+04    1.27e-15
   2.755e+04   1.258e-15
   2.761e+04   1.247e-15
   2.768e+04   1.235e-15
   2.774e+04   1.224e-15
    2.78e+04   1.213e-15
   2.787e+04   1.202e-15
   2.793e+04   1.191e-15
     2.8e+04   1.181e-15
   2.806e+04    1.17e-15
   2.812e+04   1.159e-15
   2.819e+04   1.149e-15
   2.825e+04   1.139e-15
   2.832e+04   1.128e-15
   2.838e+04   1.118e-15
   2.844e+04   1.108e-15
   2.851e+04   1.098e-15
   2.857e+04   1.089e-15
   2.864e+04   1.079e-15
    2.87e+04    1.07e-15
   2.876e+04    1.06e-15
   2.883e+04   1.051e-15
   2.889e+04   1.042e-15
   2.896e+04   1.032e-15
   2.902e+04   1.023e-15
   2.908e+04   1.014e-15
   2.915e+04   1.006e-15
   2.921e+04   9.969e-16
   2.928e+04   9.882e-16
   2.934e+04   9.797e-16
    2.94e+04   9.712e-16
   2.947e+04   9.629e-16
   2.953e+04   9.546e-16
    2.96e+04   9.464e-16
   2.966e+04   9.383e-16
   2.972e+04   9.303e-16
   2.979e+04   9.224e-16
   2.985e+04   9.145e-16
   2.992e+04   9.068e-16
   2.998e+04    8.99e-16
