         900   8.099e-11
         900   8.099e-11
       900.1   8.098e-11
       900.1   8.098e-11
       900.2   8.097e-11
       900.2   8.097e-11
       900.2   8.097e-11
       900.3   8.096e-11
       900.3   8.096e-11
       900.4   8.096e-11
       900.4   8.095e-11
       900.4   8.095e-11
       900.5   8.094e-11
       900.5   8.094e-11
       900.5   8.094e-11
       900.6   8.093e-11
       900.6   8.093e-11
       900.7   8.092e-11
       900.7   8.092e-11
       900.7   8.092e-11
       900.8   8.091e-11
       900.8   8.091e-11
       900.9    8.09e-11
       900.9    8.09e-11
       900.9    8.09e-11
         901   8.089e-11
         901   8.089e-11
       901.1   8.088e-11
       901.1   8.088e-11
       901.1   8.088e-11
       901.2   8.087e-11
       901.2   8.087e-11
       901.2   8.086e-11
       901.3   8.086e-11
       901.3   8.086e-11
       901.4   8.085e-11
       901.4   8.085e-11
       901.4   8.084e-11
       901.5   8.084e-11
       901.5   8.084e-11
       901.6   8.083e-11
       901.6   8.083e-11
       901.6   8.082e-11
       901.7   8.082e-11
       901.7   8.082e-11
       901.8   8.081e-11
       901.8   8.081e-11
       901.8    8.08e-11
       901.9    8.08e-11
       901.9    8.08e-11
         902   8.079e-11
         902   8.079e-11
         902   8.078e-11
       902.1   8.078e-11
       902.1   8.078e-11
       902.1   8.077e-11
       902.2   8.077e-11
       902.2   8.076e-11
       902.3   8.076e-11
       902.3   8.076e-11
       902.3   8.075e-11
       902.4   8.075e-11
       902.4   8.075e-11
       902.5   8.074e-11
       902.5   8.074e-11
       902.5   8.073e-11
       902.6   8.073e-11
       902.6   8.073e-11
       902.7   8.072e-11
       902.7   8.072e-11
       902.7   8.071e-11
       902.8   8.071e-11
       902.8   8.071e-11
       902.9    8.07e-11
       902.9    8.07e-11
       902.9   8.069e-11
         903   8.069e-11
         903   8.069e-11
         903   8.068e-11
       903.1   8.068e-11
       903.1   8.067e-11
       903.2   8.067e-11
       903.2   8.067e-11
       903.2   8.066e-11
       903.3   8.066e-11
       903.3   8.065e-11
       903.4   8.065e-11
       903.4   8.065e-11
       903.4   8.064e-11
       903.5   8.064e-11
       903.5   8.063e-11
       903.6   8.063e-11
       903.6   8.063e-11
       903.6   8.062e-11
       903.7   8.062e-11
       903.7   8.061e-11
       903.8   8.061e-11
       903.8   8.061e-11
       903.8    8.06e-11
       903.9    8.06e-11
       903.9   8.059e-11
       903.9   8.059e-11
         904   8.059e-11
         904   8.058e-11
       904.1   8.058e-11
       904.1   8.058e-11
       904.1   8.057e-11
       904.2   8.057e-11
       904.2   8.056e-11
       904.3   8.056e-11
       904.3   8.056e-11
       904.3   8.055e-11
       904.4   8.055e-11
       904.4   8.054e-11
       904.5   8.054e-11
       904.5   8.054e-11
       904.5   8.053e-11
       904.6   8.053e-11
       904.6   8.052e-11
       904.6   8.052e-11
       904.7   8.052e-11
       904.7   8.051e-11
       904.8   8.051e-11
       904.8    8.05e-11
       904.8    8.05e-11
       904.9    8.05e-11
       904.9   8.049e-11
         905   8.049e-11
         905   8.048e-11
       905.1   8.048e-11
       905.2   8.046e-11
       905.5   8.043e-11
       906.2   8.036e-11
       907.4   8.024e-11
         908   8.018e-11
       909.9   7.998e-11
       911.8   8.002e-11
       911.8   8.002e-11
       913.7    7.98e-11
       913.7    7.98e-11
       915.6   7.959e-11
       916.5   7.956e-11
       917.5   7.954e-11
       917.9   7.946e-11
       918.4   7.928e-11
       918.6   7.918e-11
       918.9   7.906e-11
       919.1   7.893e-11
       919.2   7.886e-11
       919.4   7.879e-11
       919.5   7.888e-11
       919.6   7.899e-11
       919.7   7.909e-11
       919.8   7.917e-11
       919.9   7.925e-11
       920.1   7.932e-11
       920.2   7.936e-11
       920.3   7.918e-11
       920.4     7.9e-11
       920.6   7.854e-11
       920.8   7.815e-11
       920.9   7.792e-11
       920.9   7.783e-11
         921   7.781e-11
         921    7.79e-11
         921   7.806e-11
       921.1   7.842e-11
       921.3   7.917e-11
       921.5    7.98e-11
       921.7   8.022e-11
       921.7   8.041e-11
       921.8   8.052e-11
       921.9   8.057e-11
         922   8.054e-11
       922.1   8.042e-11
       922.2   8.025e-11
       922.3   7.999e-11
       922.4    7.97e-11
       922.4   7.927e-11
       922.5    7.88e-11
       922.7   7.771e-11
       922.9    7.65e-11
       922.9   7.602e-11
         923   7.562e-11
         923   7.525e-11
       923.1   7.493e-11
       923.1   7.485e-11
       923.1   7.484e-11
       923.2   7.492e-11
       923.2   7.507e-11
       923.2   7.528e-11
       923.3   7.552e-11
       923.3   7.606e-11
       923.4   7.716e-11
       923.6   7.938e-11
       923.7   8.043e-11
       923.8   8.139e-11
         924   8.236e-11
       924.1   8.307e-11
       924.2   8.373e-11
       924.3   8.427e-11
       924.4   8.464e-11
       924.5   8.483e-11
       924.6   8.484e-11
       924.7   8.468e-11
       924.8   8.436e-11
       924.9   8.395e-11
         925   8.331e-11
       925.1    8.24e-11
       925.2   8.123e-11
       925.3   7.998e-11
       925.4   7.938e-11
       925.4   7.867e-11
       925.5   7.789e-11
       925.6   7.709e-11
       925.7   7.542e-11
       925.8   7.376e-11
       925.9   7.197e-11
         926   7.067e-11
         926   6.958e-11
       926.1   6.851e-11
       926.1     6.8e-11
       926.2   6.753e-11
       926.2   6.731e-11
       926.2   6.718e-11
       926.2   6.702e-11
       926.3   6.739e-11
       926.3   6.814e-11
       926.4   6.899e-11
       926.5    7.08e-11
       926.6   7.271e-11
       926.7   7.468e-11
       926.8   7.668e-11
       926.9   7.866e-11
         927   8.074e-11
       927.1   8.257e-11
       927.2   8.434e-11
       927.3   8.626e-11
       927.4     8.8e-11
       927.5   8.945e-11
       927.6   9.078e-11
       927.7   9.191e-11
       927.8   9.314e-11
       927.9   9.416e-11
         928   9.496e-11
       928.1   9.558e-11
       928.2   9.601e-11
       928.3   9.634e-11
       928.4    9.65e-11
       928.5   9.647e-11
       928.6   9.623e-11
       928.7   9.578e-11
       928.8   9.511e-11
       928.9    9.44e-11
         929   9.346e-11
       929.1   9.227e-11
       929.2   9.077e-11
       929.3   8.894e-11
       929.4   8.729e-11
       929.5   8.547e-11
       929.6   8.357e-11
       929.7    8.14e-11
       929.8   7.897e-11
       929.9   7.662e-11
       930.1   7.205e-11
       930.2   6.903e-11
       930.3   6.571e-11
       930.5   6.247e-11
       930.5   6.094e-11
       930.6   5.944e-11
       930.6   5.873e-11
       930.7   5.809e-11
       930.7   5.761e-11
       930.7   5.742e-11
       930.8   5.767e-11
       930.8   5.813e-11
       930.9   5.874e-11
       930.9   5.946e-11
         931   6.098e-11
         931    6.26e-11
       931.1   6.424e-11
       931.2   6.756e-11
       931.4   7.096e-11
       931.5   7.452e-11
       931.6   7.629e-11
       931.6   7.806e-11
       931.7   7.988e-11
       931.8   8.173e-11
       931.8   8.361e-11
       931.9   8.546e-11
         932   8.726e-11
       932.1   9.075e-11
       932.2    9.43e-11
       932.3    9.62e-11
       932.4     9.8e-11
       932.5   9.971e-11
       932.5   1.013e-10
       932.6   1.027e-10
       932.7   1.041e-10
       932.7   1.055e-10
       932.9   1.083e-10
         933   1.108e-10
       933.1    1.13e-10
       933.3   1.149e-10
       933.4   1.165e-10
       933.5   1.179e-10
       933.7    1.19e-10
       933.8   1.199e-10
         934   1.206e-10
       934.1   1.211e-10
       934.2   1.214e-10
       934.4   1.213e-10
       934.5    1.21e-10
       934.6   1.203e-10
       934.8   1.194e-10
       934.9   1.182e-10
         935   1.166e-10
       935.2   1.147e-10
       935.3   1.124e-10
       935.5   1.097e-10
       935.6   1.068e-10
       935.7   1.037e-10
       935.9   1.004e-10
         936   9.747e-11
       936.1   9.422e-11
       936.3   9.063e-11
       936.4    8.69e-11
       936.7   7.954e-11
         937     7.2e-11
       937.1   6.848e-11
       937.2   6.487e-11
       937.4   6.146e-11
       937.5   5.806e-11
       937.6   5.633e-11
       937.6   5.458e-11
       937.7   5.366e-11
       937.7   5.269e-11
       937.7   5.166e-11
       937.7   5.163e-11
       937.8   5.118e-11
       937.8   5.076e-11
       937.8   5.032e-11
       937.9   5.118e-11
       937.9   5.269e-11
         938   5.409e-11
         938   5.538e-11
       938.1   5.662e-11
       938.2   5.917e-11
       938.4   6.419e-11
       938.6   6.945e-11
       938.7   7.204e-11
       938.7   7.328e-11
       938.8   7.469e-11
       938.8   7.622e-11
       938.9   7.771e-11
       938.9   7.917e-11
         939   8.058e-11
         939   8.195e-11
       939.1    8.33e-11
       939.1   8.475e-11
       939.2   8.619e-11
       939.2   8.764e-11
       939.3    9.06e-11
       939.5   9.632e-11
       939.7   1.019e-10
       939.9   1.078e-10
       940.1   1.139e-10
       940.3   1.201e-10
       940.5   1.257e-10
       940.7   1.311e-10
       940.9    1.36e-10
       941.1   1.405e-10
       941.3   1.447e-10
       941.5   1.484e-10
       941.7   1.516e-10
       941.9   1.544e-10
       942.1    1.57e-10
       942.3   1.594e-10
       942.5   1.615e-10
       942.7   1.634e-10
       942.9   1.649e-10
       943.1   1.662e-10
       943.3   1.672e-10
       943.5    1.68e-10
       943.7   1.686e-10
       943.9   1.688e-10
       944.1   1.688e-10
       944.3   1.685e-10
       944.5   1.679e-10
       944.7    1.67e-10
       944.9   1.654e-10
       945.1   1.632e-10
       945.3   1.605e-10
       945.5   1.573e-10
       945.7   1.538e-10
       945.9   1.497e-10
       946.1    1.45e-10
       946.3   1.399e-10
       946.5   1.343e-10
       946.7   1.292e-10
       946.9   1.241e-10
       947.1   1.189e-10
       947.3   1.136e-10
       947.5   1.081e-10
       947.9   9.701e-11
       948.3   8.602e-11
       948.5   8.161e-11
       949.1   6.431e-11
       949.4   5.578e-11
       949.6   5.132e-11
       949.7   4.865e-11
       949.7   4.715e-11
       949.7   4.641e-11
       949.8   4.716e-11
       949.8   4.866e-11
       949.9   5.015e-11
       949.9   5.139e-11
       949.9   5.254e-11
         950   5.363e-11
         950   5.468e-11
       950.1   5.575e-11
       950.1   5.681e-11
       950.1   5.786e-11
       950.2   5.888e-11
       950.2    5.99e-11
       950.3    6.09e-11
       950.3   6.189e-11
       950.3   6.289e-11
       950.4   6.394e-11
       950.4   6.501e-11
       950.5   6.609e-11
       950.5   6.715e-11
       950.5   6.821e-11
       950.6   6.929e-11
       950.6   7.036e-11
       950.7   7.146e-11
       950.7   7.257e-11
       950.7   7.368e-11
       950.8    7.48e-11
       950.8    7.59e-11
       950.9     7.7e-11
       950.9   7.811e-11
       950.9   7.921e-11
         951   8.031e-11
         951   8.143e-11
       951.1   8.369e-11
       951.3   8.823e-11
       951.6   9.716e-11
       951.9   1.061e-10
       952.2   1.152e-10
       952.5   1.242e-10
       952.7   1.287e-10
       952.8   1.308e-10
       952.9   1.331e-10
       952.9   1.356e-10
         953   1.383e-10
       953.1    1.41e-10
       953.2   1.436e-10
       953.3   1.462e-10
       953.3   1.488e-10
       953.4   1.513e-10
       953.5   1.538e-10
       953.7   1.586e-10
       953.8   1.632e-10
         954   1.676e-10
       954.3   1.762e-10
       954.5   1.803e-10
       954.6   1.841e-10
       954.8   1.875e-10
       954.9   1.905e-10
       955.1   1.933e-10
       955.3   1.961e-10
       955.6    2.01e-10
       955.9   2.056e-10
       956.2   2.096e-10
       956.5   2.131e-10
       956.9   2.162e-10
       957.2    2.19e-10
       957.5   2.214e-10
       957.8   2.235e-10
       958.1   2.254e-10
       958.5   2.271e-10
       959.1   2.296e-10
       959.7   2.312e-10
       960.4   2.319e-10
         961   2.318e-10
       961.7   2.307e-10
       962.3   2.288e-10
       962.6   2.275e-10
       962.9   2.258e-10
       963.3    2.24e-10
       963.6   2.219e-10
       963.9   2.194e-10
       964.2   2.167e-10
       964.5   2.136e-10
       964.9   2.103e-10
       965.2   2.066e-10
       965.5   2.026e-10
       965.8   1.982e-10
       966.1   1.935e-10
       966.5   1.885e-10
       966.8   1.831e-10
       967.1   1.774e-10
       967.4   1.713e-10
       967.7   1.649e-10
       968.1   1.582e-10
       968.4   1.513e-10
       968.7   1.441e-10
         969   1.366e-10
       969.3   1.288e-10
         970   1.128e-10
       970.6   9.616e-11
       970.9    8.78e-11
       971.3   7.938e-11
       971.6   7.106e-11
       971.7   6.693e-11
       971.9   6.282e-11
       972.1   5.882e-11
       972.1   5.678e-11
       972.2   5.466e-11
       972.3   5.247e-11
       972.3   5.131e-11
       972.4   5.005e-11
       972.4   4.855e-11
       972.5   4.651e-11
       972.5   4.428e-11
       972.5   4.412e-11
       972.5   4.291e-11
       972.5   4.279e-11
       972.5   4.266e-11
       972.6   4.427e-11
       972.6   4.732e-11
       972.7   4.952e-11
       972.7   5.113e-11
       972.8   5.257e-11
       972.8   5.396e-11
       972.9   5.661e-11
         973   5.914e-11
       973.1   6.165e-11
       973.3   6.674e-11
       973.5   7.189e-11
       973.9   8.228e-11
       974.3   9.273e-11
       974.7   1.032e-10
       975.5   1.237e-10
       976.3   1.435e-10
       976.7    1.53e-10
       977.1   1.623e-10
       977.5   1.712e-10
       977.9   1.799e-10
       978.3   1.882e-10
       978.7   1.962e-10
       979.1   2.038e-10
       979.5   2.111e-10
       979.9    2.18e-10
       980.3   2.246e-10
       980.7   2.308e-10
       981.1   2.367e-10
       981.5   2.422e-10
       981.9   2.475e-10
       982.3   2.524e-10
       982.7    2.57e-10
       983.5   2.653e-10
       984.3   2.726e-10
       985.1   2.788e-10
       985.9   2.843e-10
       986.7   2.889e-10
       987.5   2.928e-10
       988.3   2.961e-10
       989.1   2.989e-10
       989.9   3.012e-10
       990.7   3.031e-10
       991.5   3.045e-10
       992.3   3.056e-10
       993.1   3.065e-10
       994.7   3.073e-10
       996.3   3.072e-10
       997.9   3.063e-10
       999.5   3.046e-10
        1001   3.022e-10
        1003    2.99e-10
        1004    2.95e-10
        1006   2.901e-10
        1007   2.871e-10
        1008   2.841e-10
        1008   2.806e-10
        1009   2.768e-10
        1010   2.725e-10
        1011   2.678e-10
        1012   2.627e-10
        1012    2.57e-10
        1013   2.507e-10
        1014   2.437e-10
        1015    2.36e-10
        1016   2.276e-10
        1016   2.183e-10
        1017   2.081e-10
        1018    1.97e-10
        1019    1.85e-10
        1020    1.72e-10
        1020    1.58e-10
        1021   1.431e-10
        1022   1.274e-10
        1023   1.109e-10
        1024   9.379e-11
        1025   7.156e-11
        1025   6.512e-11
        1025   6.192e-11
        1025   5.871e-11
        1025   5.708e-11
        1025   5.547e-11
        1025   5.372e-11
        1025   5.282e-11
        1025   5.193e-11
        1025   5.093e-11
        1026   4.985e-11
        1026   4.866e-11
        1026   4.709e-11
        1026   4.473e-11
        1026   4.158e-11
        1026    3.86e-11
        1026   3.739e-11
        1026   3.889e-11
        1026   4.163e-11
        1026   4.468e-11
        1026   4.702e-11
        1026   4.854e-11
        1026   4.979e-11
        1026   5.086e-11
        1026   5.184e-11
        1026   5.274e-11
        1026   5.364e-11
        1026   5.533e-11
        1026   5.696e-11
        1026   5.857e-11
        1026   6.172e-11
        1027   6.803e-11
        1027   8.067e-11
        1028   9.315e-11
        1028   1.054e-10
        1029   1.172e-10
        1030   1.286e-10
        1030   1.395e-10
        1031   1.499e-10
        1031   1.598e-10
        1032   1.691e-10
        1033   1.779e-10
        1033   1.861e-10
        1034   1.938e-10
        1034   2.009e-10
        1035   2.075e-10
        1035   2.136e-10
        1036   2.191e-10
        1037   2.244e-10
        1037   2.291e-10
        1038   2.333e-10
        1038   2.373e-10
        1039    2.41e-10
        1039   2.442e-10
        1040   2.471e-10
        1041   2.498e-10
        1041   2.523e-10
        1042   2.565e-10
        1044   2.599e-10
        1045   2.627e-10
        1046   2.649e-10
        1047   2.666e-10
        1048    2.68e-10
        1049   2.691e-10
        1051   2.699e-10
        1053   2.708e-10
        1055    2.71e-10
        1057   2.709e-10
        1060   2.703e-10
        1064   2.685e-10
        1069   2.661e-10
        1074   2.633e-10
        1078   2.604e-10
        1083   2.573e-10
        1088   2.541e-10
        1092    2.51e-10
        1097   2.478e-10
        1102   2.446e-10
        1106   2.415e-10
        1111   2.384e-10
        1115   2.353e-10
        1120   2.322e-10
        1125   2.292e-10
        1129   2.262e-10
        1134   2.232e-10
        1139   2.202e-10
        1143   2.173e-10
        1148   2.144e-10
        1153   2.115e-10
        1157   2.086e-10
        1162   2.057e-10
        1167   2.028e-10
        1171   1.997e-10
        1176   1.966e-10
        1180   1.931e-10
        1183   1.913e-10
        1185   1.893e-10
        1187   1.871e-10
        1190   1.847e-10
        1192   1.819e-10
        1194   1.786e-10
        1196   1.768e-10
        1197   1.747e-10
        1198   1.723e-10
        1199   1.697e-10
        1200   1.667e-10
        1201   1.633e-10
        1203   1.593e-10
        1203   1.571e-10
        1204   1.547e-10
        1204   1.521e-10
        1205   1.494e-10
        1205   1.464e-10
        1206   1.432e-10
        1207   1.396e-10
        1207   1.359e-10
        1208   1.318e-10
        1208   1.274e-10
        1209   1.227e-10
        1209   1.177e-10
        1210   1.122e-10
        1211   1.064e-10
        1211   1.003e-10
        1212   9.373e-11
        1212   8.679e-11
        1213   7.948e-11
        1214   7.177e-11
        1214   6.375e-11
        1214   5.961e-11
        1215   5.541e-11
        1215   5.327e-11
        1215   5.114e-11
        1215    4.89e-11
        1215   4.774e-11
        1215   4.651e-11
        1215   4.582e-11
        1215   4.512e-11
        1215   4.436e-11
        1215   4.341e-11
        1215   4.225e-11
        1215   4.077e-11
        1216   3.814e-11
        1216   3.449e-11
        1216   3.158e-11
        1216   3.074e-11
        1216   2.817e-11
        1216   2.788e-11
        1216   2.671e-11
        1216   2.811e-11
        1216    3.24e-11
        1216    3.77e-11
        1216   4.113e-11
        1216   4.299e-11
        1216   4.434e-11
        1216   4.537e-11
        1216   4.631e-11
        1216   4.718e-11
        1216     4.8e-11
        1216   4.958e-11
        1216   5.109e-11
        1216   5.255e-11
        1217   5.544e-11
        1217   6.114e-11
        1217   6.668e-11
        1218   7.205e-11
        1218   7.723e-11
        1219   8.223e-11
        1219   8.702e-11
        1219   9.161e-11
        1220     9.6e-11
        1220   1.002e-10
        1221   1.042e-10
        1221    1.08e-10
        1221   1.116e-10
        1222    1.15e-10
        1222   1.182e-10
        1223   1.213e-10
        1223   1.241e-10
        1223   1.268e-10
        1224   1.293e-10
        1224   1.317e-10
        1225   1.361e-10
        1226   1.399e-10
        1227   1.432e-10
        1227    1.46e-10
        1228   1.485e-10
        1229   1.507e-10
        1230   1.525e-10
        1231   1.541e-10
        1231   1.555e-10
        1232   1.566e-10
        1233   1.577e-10
        1234   1.585e-10
        1235   1.598e-10
        1237   1.608e-10
        1239   1.614e-10
        1240   1.618e-10
        1242   1.619e-10
        1243    1.62e-10
        1247   1.617e-10
        1250   1.611e-10
        1253   1.603e-10
        1256   1.594e-10
        1259   1.584e-10
        1263   1.574e-10
        1266   1.563e-10
        1269   1.552e-10
        1272    1.54e-10
        1275   1.529e-10
        1279   1.517e-10
        1282   1.505e-10
        1285   1.494e-10
        1288   1.482e-10
        1291   1.471e-10
        1295   1.459e-10
        1296   1.455e-10
        1298   1.448e-10
        1300    1.44e-10
        1305   1.423e-10
        1310   1.405e-10
        1315   1.388e-10
        1320   1.371e-10
        1330   1.338e-10
        1350   1.274e-10
        1370   1.214e-10
        1390   1.158e-10
        1410   1.104e-10
        1430   1.054e-10
        1450   1.007e-10
        1470    9.62e-11
        1490   9.197e-11
        1510   8.798e-11
        1530    8.42e-11
        1550   8.062e-11
        1570   7.723e-11
        1590   7.402e-11
        1610   7.097e-11
        1630   6.808e-11
        1650   6.534e-11
        1670   6.274e-11
        1690   6.026e-11
        1710   5.791e-11
        1730   5.567e-11
        1750   5.354e-11
        1770   5.151e-11
        1790   4.958e-11
        1810   4.773e-11
        1830   4.598e-11
        1850    4.43e-11
        1870    4.27e-11
        1890   4.117e-11
        1910   3.971e-11
        1930   3.832e-11
        1950   3.698e-11
        1970   3.571e-11
        1990   3.449e-11
        2010   3.332e-11
        2030    3.22e-11
        2050   3.113e-11
        2070    3.01e-11
        2090   2.911e-11
        2110   2.817e-11
        2130   2.726e-11
        2150   2.639e-11
        2170   2.555e-11
        2190   2.475e-11
        2210   2.398e-11
        2230   2.324e-11
        2250   2.253e-11
        2270   2.184e-11
        2290   2.118e-11
        2310   2.055e-11
        2330   1.994e-11
        2350   1.935e-11
        2370   1.878e-11
        2390   1.824e-11
        2410   1.771e-11
        2430    1.72e-11
        2450   1.672e-11
        2470   1.624e-11
        2490   1.579e-11
        2510   1.535e-11
        2530   1.493e-11
        2550   1.452e-11
        2570   1.412e-11
        2590   1.374e-11
        2610   1.337e-11
        2630   1.301e-11
        2650   1.267e-11
        2670   1.234e-11
        2690   1.201e-11
        2710    1.17e-11
        2730    1.14e-11
        2750   1.111e-11
        2770   1.083e-11
        2790   1.055e-11
        2810   1.029e-11
        2830   1.003e-11
        2850   9.781e-12
        2870    9.54e-12
        2890   9.306e-12
        2910   9.079e-12
        2930    8.86e-12
        2950   8.647e-12
        2970    8.44e-12
        2990   8.239e-12
        3010   8.045e-12
        3030   7.856e-12
        3050   7.673e-12
        3070   7.495e-12
        3090   7.322e-12
        3110   7.154e-12
        3130   6.991e-12
        3150   6.833e-12
        3170   6.679e-12
        3190    6.53e-12
        3210   6.384e-12
        3230   6.243e-12
        3250   6.105e-12
        3270   5.972e-12
        3290   5.842e-12
        3310   5.715e-12
        3330   5.592e-12
        3350   5.472e-12
        3370   5.356e-12
        3390   5.242e-12
        3410   5.132e-12
        3430   5.024e-12
        3450   4.919e-12
        3470   4.817e-12
        3490   4.718e-12
        3510   4.621e-12
        3530   4.527e-12
        3550   4.435e-12
        3570   4.345e-12
        3590   4.258e-12
        3610   4.172e-12
        3613   4.161e-12
        3630   4.089e-12
        3644   4.031e-12
        3647    4.02e-12
        3650   4.008e-12
        3660   3.968e-12
        3670   3.928e-12
        3676   3.904e-12
        3680   3.889e-12
        3680   3.889e-12
        3683   3.876e-12
        3684   3.874e-12
        3687   3.861e-12
        3688   3.858e-12
        3693    3.84e-12
        3698   3.818e-12
        3703   3.801e-12
        3704   3.797e-12
        3705   3.793e-12
        3707   3.784e-12
        3710   3.773e-12
        3712   3.768e-12
        3713   3.762e-12
        3716   3.751e-12
        3721   3.732e-12
        3722    3.73e-12
        3722   3.728e-12
        3723   3.725e-12
        3725   3.718e-12
        3728   3.704e-12
        3735   3.679e-12
        3742   3.654e-12
        3747   3.635e-12
        3749   3.628e-12
        3751   3.621e-12
        3755   3.608e-12
        3763   3.582e-12
        3769    3.56e-12
        3770   3.554e-12
        3772   3.548e-12
        3775   3.539e-12
        3781   3.519e-12
        3787   3.498e-12
        3788   3.496e-12
        3793   3.474e-12
        3799   3.452e-12
        3805    3.44e-12
        3810   3.427e-12
        3816    3.41e-12
        3822   3.387e-12
        3827   3.361e-12
        3830   3.349e-12
        3833    3.33e-12
        3835   3.322e-12
        3836   3.315e-12
        3838   3.314e-12
        3840   3.314e-12
        3842   3.314e-12
        3843   3.315e-12
        3845   3.315e-12
        3848   3.315e-12
        3855   3.307e-12
        3859     3.3e-12
        3862    3.29e-12
        3865   3.276e-12
        3869   3.259e-12
        3872   3.239e-12
        3876   3.214e-12
        3883   3.155e-12
        3889     3.1e-12
        3889   3.096e-12
        3890   3.092e-12
        3892   3.093e-12
        3893     3.1e-12
        3895   3.108e-12
        3898   3.124e-12
        3904   3.152e-12
        3907   3.162e-12
        3910   3.171e-12
        3913   3.174e-12
        3916   3.177e-12
        3923   3.172e-12
        3929   3.159e-12
        3935   3.136e-12
        3938   3.119e-12
        3941   3.101e-12
        3944    3.08e-12
        3947   3.052e-12
        3950   3.021e-12
        3953   2.987e-12
        3957   2.947e-12
        3960   2.902e-12
        3960   2.891e-12
        3963   2.855e-12
        3966   2.805e-12
        3968    2.76e-12
        3970   2.738e-12
        3971   2.726e-12
        3971   2.721e-12
        3971   2.717e-12
        3972   2.719e-12
        3972   2.724e-12
        3972   2.728e-12
        3973   2.732e-12
        3973   2.736e-12
        3973    2.74e-12
        3974   2.744e-12
        3974   2.748e-12
        3974   2.753e-12
        3975   2.757e-12
        3975   2.761e-12
        3975   2.765e-12
        3976   2.769e-12
        3976   2.773e-12
        3976   2.777e-12
        3977   2.781e-12
        3977   2.785e-12
        3978   2.793e-12
        3979   2.809e-12
        3982   2.839e-12
        3984   2.867e-12
        3987   2.894e-12
        3990   2.916e-12
        3993   2.934e-12
        3995    2.95e-12
        3998   2.964e-12
        4001   2.973e-12
        4003    2.98e-12
        4009   2.988e-12
        4014   2.988e-12
        4020   2.983e-12
        4025   2.976e-12
        4030   2.965e-12
        4036   2.952e-12
        4041   2.937e-12
        4047   2.919e-12
        4052   2.897e-12
        4057    2.87e-12
        4063   2.837e-12
        4068   2.794e-12
        4074   2.746e-12
        4076   2.719e-12
        4079   2.687e-12
        4082   2.652e-12
        4085   2.615e-12
        4087   2.571e-12
        4090   2.523e-12
        4093   2.471e-12
        4095   2.414e-12
        4098   2.353e-12
        4099   2.338e-12
        4100   2.315e-12
        4101   2.292e-12
        4101   2.282e-12
        4102   2.276e-12
        4102   2.274e-12
        4103   2.276e-12
        4103   2.272e-12
        4104   2.272e-12
        4104   2.277e-12
        4105   2.284e-12
        4106   2.303e-12
        4108   2.342e-12
        4112   2.416e-12
        4114   2.449e-12
        4116   2.478e-12
        4118   2.505e-12
        4121    2.53e-12
        4123    2.55e-12
        4125   2.568e-12
        4129   2.599e-12
        4133   2.621e-12
        4137   2.639e-12
        4141   2.654e-12
        4146   2.663e-12
        4150   2.668e-12
        4154   2.669e-12
        4162   2.665e-12
        4170   2.656e-12
        4179   2.642e-12
        4187   2.627e-12
        4195    2.61e-12
        4204   2.593e-12
        4212   2.576e-12
        4220   2.557e-12
        4229   2.539e-12
        4237    2.52e-12
        4245     2.5e-12
        4254   2.479e-12
        4262   2.457e-12
        4270   2.432e-12
        4279   2.404e-12
        4287   2.371e-12
        4295   2.331e-12
        4299   2.308e-12
        4304   2.282e-12
        4308   2.251e-12
        4312   2.217e-12
        4316   2.178e-12
        4320   2.131e-12
        4322   2.106e-12
        4324   2.079e-12
        4326   2.048e-12
        4329   2.014e-12
        4331   1.978e-12
        4333   1.938e-12
        4335   1.897e-12
        4337   1.854e-12
        4339   1.807e-12
        4340   1.772e-12
        4341   1.751e-12
        4341   1.736e-12
        4342   1.729e-12
        4342   1.725e-12
        4342   1.728e-12
        4342   1.735e-12
        4342   1.743e-12
        4342    1.75e-12
        4343   1.761e-12
        4343   1.769e-12
        4343   1.776e-12
        4344   1.789e-12
        4345   1.813e-12
        4348   1.859e-12
        4350   1.903e-12
        4353   1.942e-12
        4355   1.976e-12
        4358   2.006e-12
        4360   2.032e-12
        4362   2.054e-12
        4365   2.074e-12
        4367   2.091e-12
        4370   2.104e-12
        4375   2.127e-12
        4380   2.142e-12
        4385   2.153e-12
        4390   2.159e-12
        4395   2.163e-12
        4405   2.163e-12
        4415   2.156e-12
        4425   2.144e-12
        4435    2.13e-12
        4444   2.115e-12
        4454   2.099e-12
        4464   2.083e-12
        4474   2.066e-12
        4484    2.05e-12
        4494   2.033e-12
        4504   2.017e-12
        4514       2e-12
        4524   1.984e-12
        4534   1.968e-12
        4544   1.952e-12
        4554   1.936e-12
        4564    1.92e-12
        4574   1.905e-12
        4584   1.889e-12
        4594   1.874e-12
        4603   1.859e-12
        4613   1.844e-12
        4623   1.829e-12
        4633   1.814e-12
        4643   1.799e-12
        4653   1.785e-12
        4663    1.77e-12
        4673   1.756e-12
        4683   1.742e-12
        4693   1.727e-12
        4703   1.713e-12
        4713   1.699e-12
        4723   1.685e-12
        4733    1.67e-12
        4743   1.656e-12
        4753   1.641e-12
        4762   1.626e-12
        4772    1.61e-12
        4782   1.593e-12
        4792   1.574e-12
        4802   1.552e-12
        4812   1.526e-12
        4817    1.51e-12
        4822   1.492e-12
        4827   1.472e-12
        4832   1.448e-12
        4837   1.419e-12
        4839   1.403e-12
        4842   1.385e-12
        4844   1.365e-12
        4847   1.343e-12
        4849   1.319e-12
        4852   1.292e-12
        4854   1.263e-12
        4857   1.231e-12
        4858   1.214e-12
        4859   1.196e-12
        4861   1.176e-12
        4861   1.169e-12
        4862    1.15e-12
        4862    1.14e-12
        4862   1.135e-12
        4863   1.132e-12
        4863   1.133e-12
        4863   1.138e-12
        4863   1.144e-12
        4864   1.149e-12
        4864   1.154e-12
        4864   1.163e-12
        4865   1.176e-12
        4866   1.188e-12
        4867   1.209e-12
        4869   1.228e-12
        4871   1.246e-12
        4872   1.263e-12
        4874   1.278e-12
        4877   1.306e-12
        4881   1.329e-12
        4884   1.347e-12
        4887   1.363e-12
        4891   1.376e-12
        4894   1.386e-12
        4897   1.394e-12
        4901     1.4e-12
        4904   1.405e-12
        4911   1.412e-12
        4917   1.414e-12
        4924   1.415e-12
        4931   1.413e-12
        4937    1.41e-12
        4944   1.407e-12
        4951   1.402e-12
        4957   1.397e-12
        4964   1.391e-12
        4971   1.385e-12
        4977   1.379e-12
        4984   1.373e-12
        4991   1.367e-12
        4995   1.363e-12
        4997   1.361e-12
        5000   1.358e-12
        5010   1.348e-12
        5020   1.339e-12
        5040   1.319e-12
        5060     1.3e-12
        5080   1.281e-12
        5100   1.262e-12
        5120   1.243e-12
        5140   1.225e-12
        5160   1.207e-12
        5180    1.19e-12
        5200   1.173e-12
        5220   1.156e-12
        5240   1.139e-12
        5260   1.123e-12
        5280   1.106e-12
        5300   1.091e-12
        5320   1.075e-12
        5340    1.06e-12
        5360   1.045e-12
        5380    1.03e-12
        5400   1.016e-12
        5420   1.002e-12
        5440   9.876e-13
        5460   9.739e-13
        5480   9.604e-13
        5500   9.472e-13
        5520   9.342e-13
        5540   9.214e-13
        5560   9.088e-13
        5580   8.964e-13
        5600   8.843e-13
        5620   8.723e-13
        5640   8.606e-13
        5660    8.49e-13
        5680   8.377e-13
        5700   8.265e-13
        5720   8.155e-13
        5740   8.047e-13
        5760   7.941e-13
        5780   7.836e-13
        5800   7.734e-13
        5820   7.632e-13
        5840   7.533e-13
        5860   7.435e-13
        5880   7.339e-13
        5900   7.244e-13
        5920   7.151e-13
        5940   7.059e-13
        5960   6.969e-13
        5980    6.88e-13
        6000   6.793e-13
        6020   6.707e-13
        6040   6.622e-13
        6060   6.539e-13
        6080   6.457e-13
        6100   6.376e-13
        6120   6.297e-13
        6140   6.218e-13
        6160   6.141e-13
        6180   6.065e-13
        6200    5.99e-13
        6220   5.917e-13
        6240   5.844e-13
        6260   5.772e-13
        6280   5.702e-13
        6300   5.632e-13
        6320   5.563e-13
        6340   5.495e-13
        6360   5.428e-13
        6380   5.361e-13
        6400   5.295e-13
        6420   5.229e-13
        6440   5.162e-13
        6460   5.092e-13
        6480   5.016e-13
        6490   4.974e-13
        6500   4.927e-13
        6510   4.871e-13
        6515   4.837e-13
        6520   4.803e-13
        6525   4.761e-13
        6530   4.712e-13
        6535   4.653e-13
        6540   4.583e-13
        6545   4.498e-13
        6548   4.448e-13
        6550   4.394e-13
        6552   4.333e-13
        6555   4.267e-13
        6555   4.256e-13
        6558   4.195e-13
        6558   4.189e-13
        6559   4.152e-13
        6560   4.115e-13
        6561   4.074e-13
        6562   4.052e-13
        6562   4.027e-13
        6563   3.997e-13
        6563   3.977e-13
        6563   3.947e-13
        6564   3.897e-13
        6564   3.801e-13
        6564   3.686e-13
        6565   3.633e-13
        6565   3.685e-13
        6565   3.799e-13
        6565   3.893e-13
        6566   3.942e-13
        6566    3.97e-13
        6566   3.989e-13
        6567   4.017e-13
        6567   4.039e-13
        6568   4.058e-13
        6569   4.094e-13
        6572   4.156e-13
        6574   4.212e-13
        6576   4.263e-13
        6578   4.307e-13
        6581   4.346e-13
        6583   4.383e-13
        6585   4.413e-13
        6590   4.464e-13
        6595   4.501e-13
        6599   4.529e-13
        6604   4.548e-13
        6608    4.56e-13
        6618   4.573e-13
        6627   4.573e-13
        6636   4.565e-13
        6645   4.552e-13
        6654   4.537e-13
        6673     4.5e-13
        6691   4.459e-13
        6710   4.416e-13
        6728   4.372e-13
        6746   4.328e-13
        6765   4.284e-13
        6783    4.24e-13
        6802   4.197e-13
        6820   4.154e-13
        6838   4.111e-13
        6857   4.069e-13
        6875   4.028e-13
        6894   3.987e-13
        6912   3.946e-13
        6930   3.906e-13
        6949   3.867e-13
        6967   3.827e-13
        6986   3.789e-13
        7004   3.751e-13
        7022   3.713e-13
        7041   3.676e-13
        7059   3.639e-13
        7078   3.603e-13
        7096   3.567e-13
        7114   3.532e-13
        7133   3.497e-13
        7151   3.462e-13
        7170   3.428e-13
        7188   3.394e-13
        7207   3.361e-13
        7225   3.328e-13
        7243   3.296e-13
        7262   3.264e-13
        7280   3.232e-13
        7299   3.201e-13
        7317    3.17e-13
        7335   3.139e-13
        7354   3.109e-13
        7372   3.079e-13
        7391    3.05e-13
        7409    3.02e-13
        7427   2.992e-13
        7446   2.963e-13
        7464   2.935e-13
        7483   2.907e-13
        7501    2.88e-13
        7519   2.853e-13
        7538   2.826e-13
        7556     2.8e-13
        7575   2.773e-13
        7593   2.748e-13
        7611   2.722e-13
        7630   2.697e-13
        7648   2.672e-13
        7667   2.647e-13
        7685   2.623e-13
        7703   2.599e-13
        7722   2.575e-13
        7740   2.551e-13
        7759   2.528e-13
        7777   2.505e-13
        7796   2.482e-13
        7814    2.46e-13
        7832   2.437e-13
        7851   2.415e-13
        7869   2.394e-13
        7888   2.372e-13
        7906   2.351e-13
        7924    2.33e-13
        7943   2.309e-13
        7961   2.288e-13
        7980   2.268e-13
        7998   2.248e-13
        8016   2.228e-13
        8035   2.208e-13
        8053   2.189e-13
        8072    2.17e-13
        8090   2.151e-13
        8108   2.132e-13
        8127   2.113e-13
        8145   2.095e-13
        8164   2.077e-13
        8182   2.058e-13
        8195   2.046e-13
        8200   2.041e-13
        8206   2.035e-13
        8217   2.024e-13
        8229   2.014e-13
        8240   2.003e-13
        8251   1.992e-13
        8263   1.982e-13
        8274   1.971e-13
        8285   1.961e-13
        8297    1.95e-13
        8308    1.94e-13
        8319    1.93e-13
        8331    1.92e-13
        8342   1.909e-13
        8353   1.899e-13
        8365   1.889e-13
        8376   1.879e-13
        8380   1.876e-13
        8387    1.87e-13
        8395   1.863e-13
        8403   1.856e-13
        8409   1.851e-13
        8416   1.845e-13
        8416   1.845e-13
        8428   1.835e-13
        8440   1.825e-13
        8452   1.814e-13
        8459   1.809e-13
        8464   1.805e-13
        8470     1.8e-13
        8480   1.791e-13
        8491   1.782e-13
        8500   1.776e-13
        8502   1.773e-13
        8505   1.771e-13
        8510   1.767e-13
        8521   1.758e-13
        8531    1.75e-13
        8536   1.746e-13
        8542   1.741e-13
        8548   1.737e-13
        8559   1.728e-13
        8570   1.719e-13
        8582    1.71e-13
        8585   1.707e-13
        8593   1.701e-13
        8601   1.696e-13
        8616   1.684e-13
        8631   1.672e-13
        8647   1.661e-13
        8657   1.653e-13
        8662   1.649e-13
        8667   1.645e-13
        8678   1.638e-13
        8689    1.63e-13
        8700   1.622e-13
        8711   1.614e-13
        8722   1.606e-13
        8732   1.598e-13
        8734   1.597e-13
        8743   1.591e-13
        8753   1.584e-13
        8772    1.57e-13
        8791   1.557e-13
        8811   1.544e-13
        8830   1.531e-13
        8833   1.529e-13
        8849   1.518e-13
        8865   1.507e-13
        8881   1.497e-13
        8897   1.487e-13
        8913   1.477e-13
        8929   1.467e-13
        8945   1.456e-13
        8961   1.446e-13
        8977   1.436e-13
        8993   1.426e-13
        9000   1.421e-13
        9009   1.416e-13
        9017    1.41e-13
        9035     1.4e-13
        9052   1.391e-13
        9069   1.381e-13
        9087   1.371e-13
        9104   1.361e-13
        9121   1.351e-13
        9138   1.341e-13
        9156   1.331e-13
        9173   1.321e-13
        9190   1.311e-13
        9208   1.301e-13
        9218   1.294e-13
        9225    1.29e-13
        9232   1.286e-13
        9245    1.28e-13
        9258   1.273e-13
        9272   1.267e-13
        9285   1.261e-13
        9299   1.255e-13
        9312   1.248e-13
        9326   1.242e-13
        9339   1.235e-13
        9353   1.229e-13
        9366   1.222e-13
        9380   1.215e-13
        9393   1.208e-13
        9407   1.202e-13
        9420   1.195e-13
        9434   1.188e-13
        9447    1.18e-13
        9461   1.173e-13
        9474   1.165e-13
        9488   1.158e-13
        9501    1.15e-13
        9515   1.141e-13
        9528   1.133e-13
        9534   1.129e-13
        9541   1.124e-13
        9549    1.12e-13
        9556   1.118e-13
        9563   1.116e-13
        9577   1.112e-13
        9591   1.108e-13
        9606   1.104e-13
        9620     1.1e-13
        9634   1.095e-13
        9648    1.09e-13
        9663   1.085e-13
        9677   1.079e-13
        9691   1.074e-13
        9705   1.068e-13
        9720   1.063e-13
        9734   1.057e-13
        9748   1.051e-13
        9762   1.045e-13
        9777    1.04e-13
        9791   1.034e-13
        9805   1.028e-13
        9819   1.022e-13
        9834   1.016e-13
        9848   1.011e-13
        9862   1.005e-13
        9876   9.987e-14
        9891   9.924e-14
        9905   9.859e-14
        9919   9.794e-14
        9933   9.727e-14
        9948   9.655e-14
        9962   9.579e-14
        9976   9.502e-14
        9981   9.475e-14
        9990   9.417e-14
       1e+04   9.357e-14
   1.001e+04   9.267e-14
   1.003e+04   9.172e-14
   1.004e+04   9.075e-14
   1.005e+04   9.013e-14
   1.005e+04   9.012e-14
   1.005e+04   9.012e-14
   1.005e+04   9.009e-14
   1.005e+04   9.003e-14
   1.006e+04   8.994e-14
   1.006e+04   8.986e-14
   1.007e+04   8.987e-14
   1.008e+04   8.992e-14
   1.009e+04   8.994e-14
   1.011e+04   8.987e-14
   1.012e+04   8.972e-14
   1.014e+04   8.946e-14
   1.016e+04   8.915e-14
   1.019e+04    8.84e-14
   1.022e+04   8.753e-14
   1.028e+04   8.563e-14
   1.035e+04   8.368e-14
   1.041e+04   8.175e-14
   1.048e+04   7.981e-14
   1.054e+04   7.793e-14
    1.06e+04   7.609e-14
   1.067e+04   7.425e-14
   1.073e+04    7.24e-14
   1.076e+04   7.144e-14
    1.08e+04   7.042e-14
   1.083e+04    6.93e-14
   1.084e+04   6.866e-14
   1.086e+04   6.796e-14
   1.088e+04   6.716e-14
   1.089e+04    6.63e-14
   1.091e+04   6.539e-14
   1.091e+04   6.529e-14
   1.091e+04   6.479e-14
   1.092e+04   6.414e-14
   1.093e+04   6.379e-14
   1.093e+04   6.341e-14
   1.094e+04   6.293e-14
   1.094e+04    6.23e-14
   1.094e+04   6.224e-14
   1.094e+04   6.224e-14
   1.094e+04   6.228e-14
   1.094e+04   6.242e-14
   1.094e+04   6.267e-14
   1.095e+04   6.297e-14
   1.095e+04   6.315e-14
   1.096e+04   6.344e-14
   1.097e+04   6.365e-14
   1.098e+04   6.384e-14
   1.099e+04   6.408e-14
   1.101e+04   6.418e-14
   1.102e+04   6.418e-14
   1.104e+04   6.407e-14
   1.107e+04   6.373e-14
    1.11e+04   6.323e-14
   1.114e+04   6.264e-14
    1.12e+04   6.139e-14
   1.126e+04    6.01e-14
   1.133e+04   5.881e-14
   1.139e+04   5.755e-14
   1.146e+04   5.633e-14
   1.152e+04   5.512e-14
   1.158e+04   5.393e-14
   1.165e+04   5.278e-14
   1.171e+04   5.166e-14
   1.178e+04   5.057e-14
   1.184e+04   4.951e-14
    1.19e+04   4.848e-14
   1.197e+04   4.747e-14
   1.203e+04   4.648e-14
    1.21e+04   4.552e-14
   1.216e+04   4.458e-14
   1.222e+04   4.367e-14
   1.229e+04   4.278e-14
   1.235e+04   4.191e-14
   1.242e+04   4.105e-14
   1.248e+04   4.021e-14
   1.254e+04   3.937e-14
   1.261e+04   3.852e-14
   1.264e+04   3.807e-14
   1.267e+04   3.758e-14
    1.27e+04   3.702e-14
   1.272e+04    3.67e-14
   1.274e+04   3.634e-14
   1.275e+04   3.593e-14
   1.277e+04   3.545e-14
   1.278e+04   3.507e-14
   1.278e+04   3.489e-14
    1.28e+04   3.421e-14
   1.281e+04   3.369e-14
   1.282e+04    3.34e-14
   1.282e+04   3.327e-14
   1.282e+04    3.33e-14
   1.282e+04   3.338e-14
   1.282e+04   3.342e-14
   1.282e+04   3.344e-14
   1.282e+04   3.341e-14
   1.282e+04   3.336e-14
   1.282e+04   3.331e-14
   1.282e+04   3.326e-14
   1.282e+04   3.323e-14
   1.282e+04   3.322e-14
   1.282e+04   3.322e-14
   1.282e+04   3.322e-14
   1.282e+04   3.322e-14
   1.282e+04   3.323e-14
   1.283e+04   3.324e-14
   1.283e+04   3.325e-14
   1.283e+04   3.326e-14
   1.283e+04   3.327e-14
   1.283e+04   3.328e-14
   1.283e+04   3.329e-14
   1.283e+04    3.33e-14
   1.283e+04   3.331e-14
   1.283e+04   3.332e-14
   1.283e+04   3.333e-14
   1.283e+04   3.334e-14
   1.283e+04   3.336e-14
   1.283e+04   3.337e-14
   1.283e+04   3.338e-14
   1.283e+04   3.339e-14
   1.283e+04    3.34e-14
   1.283e+04   3.342e-14
   1.283e+04   3.343e-14
   1.283e+04   3.344e-14
   1.283e+04   3.345e-14
   1.283e+04   3.346e-14
   1.283e+04   3.347e-14
   1.283e+04   3.348e-14
   1.283e+04   3.348e-14
   1.283e+04   3.349e-14
   1.283e+04    3.35e-14
   1.283e+04   3.351e-14
   1.283e+04   3.352e-14
   1.283e+04   3.353e-14
   1.283e+04   3.354e-14
   1.283e+04   3.355e-14
   1.283e+04   3.356e-14
   1.284e+04   3.357e-14
   1.284e+04   3.358e-14
   1.284e+04   3.359e-14
   1.284e+04    3.36e-14
   1.284e+04   3.361e-14
   1.284e+04   3.362e-14
   1.284e+04   3.363e-14
   1.284e+04   3.364e-14
   1.284e+04   3.365e-14
   1.284e+04   3.366e-14
   1.284e+04   3.367e-14
   1.284e+04   3.367e-14
   1.284e+04   3.368e-14
   1.284e+04   3.369e-14
   1.284e+04    3.37e-14
   1.284e+04   3.371e-14
   1.284e+04   3.372e-14
   1.284e+04   3.373e-14
   1.284e+04   3.373e-14
   1.284e+04   3.374e-14
   1.284e+04   3.375e-14
   1.284e+04   3.376e-14
   1.284e+04   3.377e-14
   1.284e+04   3.378e-14
   1.284e+04   3.378e-14
   1.284e+04   3.379e-14
   1.284e+04   3.382e-14
   1.285e+04   3.389e-14
   1.285e+04   3.401e-14
   1.286e+04    3.42e-14
   1.287e+04   3.433e-14
   1.288e+04   3.443e-14
   1.289e+04    3.45e-14
   1.292e+04   3.454e-14
   1.294e+04   3.449e-14
   1.296e+04    3.44e-14
   1.298e+04   3.427e-14
   1.302e+04   3.394e-14
   1.306e+04   3.358e-14
   1.315e+04    3.28e-14
   1.323e+04   3.202e-14
   1.331e+04   3.124e-14
    1.34e+04   3.048e-14
   1.348e+04   2.975e-14
   1.357e+04   2.903e-14
   1.365e+04   2.834e-14
   1.373e+04   2.767e-14
   1.382e+04   2.703e-14
    1.39e+04    2.64e-14
   1.399e+04    2.58e-14
   1.407e+04   2.521e-14
   1.415e+04   2.464e-14
   1.424e+04   2.408e-14
   1.432e+04   2.354e-14
   1.441e+04   2.301e-14
   1.449e+04    2.25e-14
   1.457e+04   2.201e-14
   1.466e+04   2.152e-14
   1.474e+04   2.104e-14
   1.483e+04   2.058e-14
   1.491e+04   2.012e-14
   1.499e+04   1.968e-14
   1.507e+04    1.93e-14
   1.507e+04   1.927e-14
   1.508e+04   1.925e-14
   1.508e+04   1.925e-14
   1.509e+04   1.921e-14
   1.511e+04   1.911e-14
   1.514e+04   1.896e-14
    1.52e+04   1.867e-14
   1.524e+04   1.844e-14
   1.525e+04   1.839e-14
   1.526e+04   1.834e-14
   1.529e+04   1.825e-14
    1.53e+04   1.815e-14
   1.533e+04   1.806e-14
   1.533e+04   1.802e-14
   1.535e+04   1.796e-14
   1.539e+04   1.777e-14
   1.544e+04   1.752e-14
    1.55e+04   1.727e-14
   1.555e+04   1.706e-14
   1.555e+04   1.703e-14
   1.556e+04     1.7e-14
   1.557e+04   1.695e-14
    1.56e+04   1.684e-14
   1.565e+04   1.662e-14
    1.57e+04    1.64e-14
    1.57e+04    1.64e-14
   1.571e+04    1.64e-14
   1.571e+04   1.639e-14
   1.571e+04   1.639e-14
   1.571e+04   1.637e-14
   1.572e+04   1.634e-14
   1.573e+04   1.629e-14
   1.576e+04   1.618e-14
   1.581e+04   1.597e-14
   1.584e+04   1.583e-14
   1.586e+04   1.575e-14
   1.589e+04   1.568e-14
   1.593e+04   1.552e-14
   1.601e+04   1.521e-14
   1.606e+04   1.501e-14
   1.609e+04   1.491e-14
   1.611e+04   1.482e-14
   1.617e+04   1.463e-14
   1.622e+04   1.444e-14
   1.627e+04   1.426e-14
   1.632e+04   1.408e-14
   1.634e+04   1.402e-14
   1.638e+04    1.39e-14
   1.641e+04   1.378e-14
   1.648e+04   1.354e-14
   1.656e+04   1.331e-14
   1.663e+04   1.308e-14
    1.67e+04   1.286e-14
   1.674e+04   1.275e-14
   1.677e+04   1.263e-14
   1.681e+04   1.251e-14
   1.689e+04   1.231e-14
   1.696e+04   1.209e-14
   1.704e+04   1.188e-14
   1.712e+04   1.167e-14
   1.719e+04   1.147e-14
   1.727e+04   1.127e-14
   1.732e+04   1.114e-14
   1.734e+04   1.107e-14
   1.737e+04   1.101e-14
   1.742e+04   1.089e-14
   1.751e+04   1.066e-14
   1.761e+04   1.043e-14
    1.77e+04   1.021e-14
    1.78e+04   9.996e-15
    1.79e+04   9.782e-15
   1.799e+04    9.57e-15
     1.8e+04   9.558e-15
   1.809e+04   9.362e-15
   1.818e+04   9.169e-15
   1.827e+04   8.998e-15
   1.836e+04   8.827e-15
   1.845e+04   8.654e-15
    1.85e+04   8.566e-15
   1.854e+04   8.473e-15
   1.854e+04   8.473e-15
   1.859e+04   8.374e-15
   1.861e+04   8.317e-15
   1.863e+04   8.255e-15
   1.866e+04   8.182e-15
   1.868e+04   8.099e-15
    1.87e+04   7.993e-15
   1.871e+04    7.93e-15
   1.872e+04    7.86e-15
   1.872e+04    7.86e-15
   1.874e+04   7.778e-15
   1.874e+04    7.76e-15
   1.874e+04   7.716e-15
   1.874e+04    7.69e-15
   1.875e+04   7.659e-15
   1.875e+04   7.659e-15
   1.875e+04   7.616e-15
   1.875e+04   7.586e-15
   1.875e+04   7.547e-15
   1.875e+04    7.52e-15
   1.875e+04   7.485e-15
   1.875e+04    7.44e-15
   1.875e+04   7.379e-15
   1.875e+04   7.379e-15
   1.875e+04   7.298e-15
   1.876e+04   7.203e-15
   1.876e+04   7.158e-15
   1.876e+04   7.121e-15
   1.876e+04   7.112e-15
   1.876e+04   7.097e-15
   1.876e+04   7.087e-15
   1.876e+04   7.087e-15
   1.876e+04   7.087e-15
   1.876e+04   7.111e-15
   1.876e+04   7.174e-15
   1.876e+04   7.257e-15
   1.876e+04   7.334e-15
   1.876e+04   7.396e-15
   1.876e+04   7.444e-15
   1.876e+04   7.479e-15
   1.876e+04   7.507e-15
   1.876e+04   7.547e-15
   1.876e+04   7.575e-15
   1.876e+04   7.595e-15
   1.877e+04   7.627e-15
   1.877e+04   7.666e-15
   1.877e+04   7.693e-15
   1.878e+04   7.731e-15
   1.879e+04   7.761e-15
    1.88e+04   7.783e-15
   1.881e+04   7.819e-15
   1.883e+04    7.84e-15
   1.885e+04   7.847e-15
   1.886e+04   7.846e-15
   1.888e+04   7.842e-15
   1.891e+04   7.818e-15
   1.894e+04   7.782e-15
   1.901e+04   7.695e-15
   1.907e+04   7.599e-15
   1.913e+04   7.499e-15
    1.92e+04   7.398e-15
   1.926e+04   7.297e-15
   1.933e+04   7.193e-15
   1.933e+04    7.19e-15
   1.939e+04   7.089e-15
   1.945e+04   6.992e-15
   1.951e+04   6.914e-15
   1.957e+04    6.84e-15
   1.964e+04   6.764e-15
    1.97e+04   6.687e-15
   1.976e+04   6.609e-15
   1.982e+04   6.531e-15
   1.988e+04   6.453e-15
   1.995e+04   6.376e-15
   2.001e+04     6.3e-15
   2.007e+04   6.224e-15
   2.013e+04   6.149e-15
   2.019e+04   6.075e-15
   2.026e+04   6.003e-15
   2.032e+04   5.932e-15
   2.038e+04   5.861e-15
   2.044e+04   5.791e-15
    2.05e+04   5.722e-15
   2.056e+04   5.654e-15
   2.063e+04   5.588e-15
   2.069e+04   5.522e-15
   2.075e+04   5.456e-15
   2.081e+04   5.392e-15
   2.087e+04   5.329e-15
   2.094e+04   5.266e-15
     2.1e+04   5.205e-15
   2.106e+04   5.144e-15
   2.112e+04   5.083e-15
   2.118e+04   5.023e-15
   2.125e+04   4.963e-15
   2.131e+04   4.903e-15
   2.137e+04   4.843e-15
   2.143e+04   4.782e-15
   2.149e+04   4.718e-15
   2.155e+04    4.65e-15
   2.157e+04   4.631e-15
   2.162e+04   4.577e-15
   2.164e+04   4.546e-15
   2.165e+04   4.528e-15
   2.166e+04   4.517e-15
   2.166e+04   4.505e-15
   2.167e+04   4.508e-15
   2.167e+04    4.51e-15
   2.167e+04    4.51e-15
   2.168e+04    4.51e-15
   2.168e+04    4.51e-15
   2.168e+04    4.51e-15
   2.169e+04   4.509e-15
    2.17e+04   4.507e-15
    2.17e+04   4.507e-15
    2.17e+04   4.505e-15
   2.171e+04   4.503e-15
   2.171e+04   4.503e-15
   2.172e+04   4.499e-15
   2.174e+04   4.488e-15
   2.179e+04   4.464e-15
   2.187e+04   4.408e-15
   2.196e+04   4.346e-15
   2.205e+04   4.282e-15
   2.214e+04   4.217e-15
   2.223e+04   4.152e-15
   2.232e+04   4.088e-15
   2.241e+04   4.025e-15
    2.25e+04   3.963e-15
   2.259e+04   3.901e-15
   2.268e+04   3.841e-15
   2.277e+04   3.782e-15
   2.286e+04   3.724e-15
   2.295e+04   3.667e-15
   2.304e+04   3.611e-15
   2.313e+04   3.556e-15
   2.322e+04   3.502e-15
   2.331e+04   3.449e-15
    2.34e+04   3.397e-15
   2.349e+04   3.345e-15
   2.358e+04   3.295e-15
   2.367e+04   3.246e-15
   2.376e+04   3.198e-15
   2.385e+04    3.15e-15
   2.394e+04   3.104e-15
   2.403e+04   3.058e-15
   2.412e+04   3.013e-15
   2.421e+04   2.969e-15
    2.43e+04   2.926e-15
   2.439e+04   2.883e-15
   2.448e+04   2.841e-15
   2.457e+04   2.801e-15
   2.466e+04    2.76e-15
   2.475e+04   2.721e-15
   2.484e+04   2.682e-15
   2.493e+04   2.643e-15
   2.502e+04   2.606e-15
   2.511e+04   2.569e-15
    2.52e+04   2.533e-15
   2.529e+04   2.497e-15
   2.538e+04   2.462e-15
   2.547e+04   2.427e-15
   2.556e+04   2.393e-15
   2.565e+04    2.36e-15
   2.574e+04   2.326e-15
   2.583e+04   2.292e-15
   2.592e+04   2.258e-15
   2.601e+04   2.222e-15
   2.605e+04   2.202e-15
    2.61e+04   2.182e-15
   2.612e+04   2.172e-15
   2.614e+04   2.158e-15
   2.615e+04   2.152e-15
   2.619e+04   2.131e-15
   2.619e+04   2.131e-15
   2.621e+04    2.12e-15
   2.622e+04   2.108e-15
   2.623e+04   2.102e-15
   2.624e+04   2.096e-15
   2.625e+04   2.094e-15
   2.625e+04   2.092e-15
   2.625e+04   2.093e-15
   2.626e+04   2.101e-15
   2.626e+04   2.102e-15
   2.626e+04   2.102e-15
   2.626e+04   2.102e-15
   2.626e+04   2.101e-15
   2.626e+04   2.098e-15
   2.626e+04   2.092e-15
   2.627e+04   2.087e-15
   2.627e+04   2.086e-15
   2.628e+04   2.085e-15
   2.629e+04   2.086e-15
   2.633e+04   2.087e-15
   2.639e+04   2.083e-15
   2.645e+04   2.073e-15
   2.652e+04   2.059e-15
   2.658e+04   2.043e-15
   2.665e+04   2.026e-15
   2.671e+04   2.008e-15
   2.677e+04    1.99e-15
   2.684e+04   1.972e-15
    2.69e+04   1.954e-15
   2.697e+04   1.936e-15
   2.703e+04   1.918e-15
   2.709e+04     1.9e-15
   2.716e+04   1.883e-15
   2.722e+04   1.865e-15
   2.729e+04   1.848e-15
   2.735e+04   1.831e-15
   2.741e+04   1.814e-15
   2.748e+04   1.797e-15
   2.754e+04   1.781e-15
   2.761e+04   1.765e-15
   2.767e+04   1.749e-15
   2.773e+04   1.733e-15
    2.78e+04   1.717e-15
   2.786e+04   1.701e-15
   2.793e+04   1.686e-15
   2.799e+04   1.671e-15
   2.805e+04   1.656e-15
   2.812e+04   1.641e-15
   2.818e+04   1.626e-15
   2.825e+04   1.612e-15
   2.831e+04   1.597e-15
   2.837e+04   1.583e-15
   2.844e+04   1.569e-15
    2.85e+04   1.555e-15
   2.857e+04   1.541e-15
   2.863e+04   1.528e-15
   2.869e+04   1.514e-15
   2.876e+04   1.501e-15
   2.882e+04   1.488e-15
   2.889e+04   1.475e-15
   2.895e+04   1.462e-15
   2.901e+04   1.449e-15
   2.908e+04   1.436e-15
   2.914e+04   1.424e-15
   2.921e+04   1.411e-15
   2.927e+04   1.399e-15
   2.933e+04   1.387e-15
    2.94e+04   1.375e-15
   2.946e+04   1.363e-15
   2.953e+04   1.352e-15
   2.959e+04    1.34e-15
   2.965e+04   1.329e-15
   2.972e+04   1.317e-15
   2.978e+04   1.306e-15
   2.985e+04   1.295e-15
   2.991e+04   1.284e-15
   2.997e+04   1.273e-15
