#WAVELENGTH FLUX
950.008 1.8604057610776264e-15
950.024 1.913950427846391e-15
950.056 2.020610867932956e-15
950.12 2.2266888099529347e-15
950.175 2.3959676938802173e-15
950.184 2.4235214175205744e-15
950.193 2.4510134877273554e-15
950.211 2.5058609183534224e-15
950.247 2.6145907693408878e-15
950.319 2.828739949991192e-15
950.333 2.8699405271244038e-15
950.391 3.0392462168923717e-15
950.463 3.24672342379612e-15
950.533 3.446319713538408e-15
950.593 3.6207453188772564e-15
950.633 3.7363052980713205e-15
950.653 3.793803826341158e-15
950.773 4.138258879146476e-15
951.013 4.826257586173815e-15
951.203 5.3718368616404796e-15
951.393 5.9324274078908775e-15
951.583 6.5141677624419295e-15
951.773 7.123625356261518e-15
951.868 7.440792063249263e-15
951.963 7.76661705677834e-15
952.058 8.101690065343826e-15
952.153 8.464024613886198e-15
952.248 8.840271393744208e-15
952.343 9.231797502792806e-15
952.438 9.639380310411863e-15
952.533 1.009052260914443e-14
952.628 1.0558472169986643e-14
952.723 1.1042371206036574e-14
952.818 1.1542755834107927e-14
952.833 1.1623253773685698e-14
952.913 1.2066407931894065e-14
952.993 1.2535000832912724e-14
953.073 1.3017586382769079e-14
953.233 1.4025754050940908e-14
953.313 1.4552006315273515e-14
953.393 1.509286776277958e-14
953.473 1.56988137914694e-14
953.553 1.633247705942776e-14
953.633 1.698533330931675e-14
953.713 1.7657865046268705e-14
953.873 1.905927439729299e-14
953.953 1.9786168379154608e-14
954.033 2.0537026782588832e-14
954.113 2.1321285263516862e-14
954.193 2.2118839441424773e-14
954.353 2.375246779030528e-14
954.513 2.542681421118666e-14
954.673 2.713367611681924e-14
954.833 2.87457793756295e-14
954.993 3.0305611245103545e-14
955.153 3.185096796060756e-14
955.313 3.3374075828342825e-14
955.473 3.487413067308879e-14
955.633 3.625409535156488e-14
955.713 3.689716746960376e-14
955.793 3.753380618587818e-14
955.953 3.8789391763574764e-14
955.988 3.906093492971623e-14
956.193 4.0627200200954735e-14
956.398 4.214575107577351e-14
956.603 4.359943181613401e-14
956.808 4.4983149312306034e-14
957.218 4.7596986837523665e-14
957.628 4.9983778892137326e-14
958.038 5.215076305313203e-14
958.243 5.313909439919678e-14
958.448 5.406121531876899e-14
958.653 5.4913909110966444e-14
958.858 5.569610354216171e-14
959.063 5.641181948845758e-14
959.268 5.705596384012388e-14
959.473 5.762397960424409e-14
959.669 5.809442210827002e-14
959.678 5.81142584303771e-14
959.687 5.813382669407732e-14
959.705 5.817323127988463e-14
959.741 5.82498959842444e-14
959.813 5.839545169916525e-14
959.914 5.858282452555507e-14
959.957 5.865654058743948e-14
960.0 5.872650383162796e-14
960.086 5.885678021735822e-14
960.258 5.907229917646753e-14
960.602 5.932239767006081e-14
960.752 5.93545646788831e-14
960.946 5.932615048775675e-14
961.14 5.921839100820209e-14
961.334 5.902244031279299e-14
961.528 5.874553597851447e-14
961.722 5.838740994695968e-14
961.916 5.794752610131491e-14
962.015 5.769179838117774e-14
962.11 5.742668861680073e-14
962.304 5.682704196067193e-14
962.593 5.578965592615319e-14
962.882 5.4550421911274603e-14
962.889 5.451852296085917e-14
963.171 5.3145259742554386e-14
963.453 5.162295605003968e-14
963.735 4.99242699258161e-14
964.017 4.810361722647468e-14
964.299 4.6170648054662113e-14
964.581 4.4145466790892325e-14
964.863 4.2041744413914785e-14
965.145 3.987234772725841e-14
965.427 3.76597936370988e-14
965.895 3.393673042432599e-14
965.991 3.317303202320354e-14
966.087 3.241013779730164e-14
966.279 3.0886761871159524e-14
966.663 2.7893353641838908e-14
966.855 2.643173837263558e-14
967.047 2.50027190057055e-14
967.239 2.3607984309011843e-14
967.431 2.225364601423084e-14
967.623 2.0942706375519234e-14
967.815 1.9678891404732284e-14
968.007 1.846388986983315e-14
968.199 1.7299926655598712e-14
968.391 1.618852969494803e-14
968.583 1.513120011495947e-14
968.647 1.47904710740094e-14
968.775 1.4126704846961518e-14
968.807 1.3964502704975137e-14
968.967 1.3176866688120767e-14
969.127 1.2425874255483117e-14
969.287 1.1709863444939704e-14
969.447 1.1028137304632713e-14
969.607 1.0378712202351432e-14
969.767 9.760542710309141e-15
969.854 9.436754960672142e-15
969.927 9.172342148152947e-15
970.0 8.913424532974225e-15
970.146 8.411646001187241e-15
970.292 7.930293520002409e-15
970.438 7.467249428005594e-15
970.573 7.05307238357797e-15
970.584 7.0199671703316995e-15
970.73 6.586757979017556e-15
970.887 6.133873300640447e-15
971.044 5.6913892884492104e-15
971.358 4.8196633493652455e-15
971.657 3.982704585650035e-15
971.672 3.939413152943375e-15
971.687 3.896014496873974e-15
971.717 3.808841902965577e-15
971.778 3.6329955880704104e-15
971.899 3.2739849637730076e-15
971.953 3.1091558493994747e-15
972.02 2.9031529637334145e-15
972.087 2.6932364253273096e-15
972.154 2.4791783845353358e-15
972.188 2.3672077074090247e-15
972.221 2.253687652691107e-15
972.254 2.1349029308626087e-15
972.287 2.0146117207875994e-15
972.32 1.8860723535337425e-15
972.336 1.81865030304223e-15
972.353 1.7485717937388102e-15
972.37 1.6768205999766316e-15
972.387 1.5951405228246405e-15
972.404 1.506651762138599e-15
972.421 1.414160889438251e-15
972.437 1.3218469352864257e-15
972.452 1.2345376315905345e-15
972.453 1.227350985702822e-15
972.47 1.1462070253645357e-15
972.487 1.085317558248016e-15
972.504 1.0574019557584081e-15
972.507 1.0549063319906125e-15
972.522 1.045985348210565e-15
972.537 1.0433262088145894e-15
972.552 1.0461622667590876e-15
972.567 1.0552628496717262e-15
972.568 1.056029496715324e-15
972.578 1.0701320494998282e-15
972.582 1.0772677642902386e-15
972.587 1.0859233702475022e-15
972.606 1.1521740055010699e-15
972.612 1.1786823013547026e-15
972.624 1.2505648437362388e-15
972.637 1.3232676448427435e-15
972.65 1.3969113309572999e-15
972.662 1.4663304165798628e-15
972.675 1.532881277249105e-15
972.687 1.5976200630880251e-15
972.699 1.658059192081033e-15
972.712 1.7142335118210193e-15
972.724 1.7657865046268706e-15
972.735 1.8127422957552033e-15
972.736 1.817513735397176e-15
972.761 1.9206974579468655e-15
972.787 2.0195788430665743e-15
972.813 2.1145707007028548e-15
972.865 2.299758851076827e-15
972.916 2.4756775417418432e-15
972.949 2.5822924118992437e-15
972.968 2.6435115908561917e-15
972.987 2.7044412667337396e-15
973.025 2.8253088023834813e-15
973.101 3.0632374443056605e-15
973.118 3.1156428628453023e-15
973.176 3.2969843750809424e-15
973.252 3.5261207012583638e-15
973.387 3.924080212071418e-15
973.522 4.313327824661771e-15
973.656 4.696329676372462e-15
973.665 4.71965075776862e-15
973.904 5.397463245335567e-15
973.926 5.459572378203266e-15
974.045 5.801159206055263e-15
974.187 6.2101359173899515e-15
974.329 6.628253420398306e-15
974.47 7.057817017379257e-15
974.611 7.50099798142831e-15
974.753 7.959458274667948e-15
974.894 8.435261946830937e-15
975.036 8.93074110605689e-15
975.177 9.447584520308979e-15
975.245 9.701918336730524e-15
975.295 9.894437884531908e-15
975.319 9.987883045160652e-15
975.393 1.0280415184558662e-14
975.418 1.0380722640402825e-14
975.541 1.0885905513956835e-14
975.664 1.1411407214750256e-14
975.787 1.1957817471278163e-14
975.91 1.2526503381415503e-14
976.033 1.3117438139321593e-14
976.156 1.3732149677915488e-14
976.279 1.4371629813302545e-14
976.402 1.5037084808313596e-14
976.525 1.57278713227722e-14
976.648 1.6444552279332745e-14
976.771 1.718841435834812e-14
976.894 1.7959109083889418e-14
977.017 1.8757574660380627e-14
977.14 1.9584052340387908e-14
977.263 2.043800600709756e-14
977.386 2.1320320253252194e-14
977.509 2.2231397166462088e-14
977.632 2.3171129523364504e-14
977.755 2.4139704964844238e-14
978.001 2.616408205339347e-14
978.247 2.8302946887509356e-14
978.493 3.055410138825571e-14
978.739 3.291837653669377e-14
978.979 3.532902578951729e-14
978.983 3.5370038725765706e-14
978.985 3.539067922309334e-14
978.987 3.5411319720420974e-14
978.995 3.5493613651324655e-14
979.011 3.565846957153888e-14
979.043 3.5989789762408424e-14
979.107 3.665779131228458e-14
979.235 3.801416685095766e-14
979.491 4.081108826805547e-14
979.494 4.084459556891202e-14
979.747 4.3715501106301094e-14
980.0 4.6686660487852955e-14
980.253 4.974976390295519e-14
980.506 5.290186270913242e-14
980.759 5.6138936030281855e-14
981.012 5.945213793897736e-14
981.265 6.283986008477785e-14
981.544 6.664789781252286e-14
981.771 6.980106885232749e-14
981.998 7.299578894519426e-14
982.452 7.944875897335178e-14
982.906 8.601163294831879e-14
983.36 9.264902716039076e-14
983.921 1.009041538578169e-13
984.268 1.060189763189673e-13
984.615 1.1112816955357381e-13
985.231 1.2002690448585254e-13
985.309 1.2114443998402014e-13
985.387 1.222598310149329e-13
985.543 1.2447345733871994e-13
985.855 1.2886479015977576e-13
986.479 1.3749680697723635e-13
987.103 1.4590311861612722e-13
987.727 1.540392273809109e-13
988.351 1.6188610112470083e-13
988.897 1.6850205066422463e-13
988.975 1.6942685216786536e-13
989.042 1.7021467582560452e-13
989.053 1.7034682862018275e-13
989.209 1.7215863539209804e-13
989.521 1.7571737880147035e-13
990.0 1.810085836943296e-13
990.479 1.8600867715734722e-13
990.958 1.907903030187801e-13
991.916 1.9968528513336287e-13
992.875 2.0767235342393661e-13
993.572 2.1291209110268024e-13
993.833 2.147493634232465e-13
994.094 2.165166724996243e-13
994.616 2.1954197967936034e-13
995.138 2.222791240717301e-13
995.661 2.247264973262924e-13
996.183 2.268787382749102e-13
996.268 2.2720014030472622e-13
996.705 2.2873423856714246e-13
997.227 2.3028897732688626e-13
997.246 2.303388361905608e-13
997.716 2.3146897043385047e-13
998.187 2.323482020083263e-13
998.256 2.3244041410028354e-13
998.658 2.328668950255857e-13
999.128 2.3312691168023253e-13
999.93 2.3293015680960287e-13
999.987 2.328861952308791e-13
1000.0 2.3287574095301183e-13
1000.07 2.328140875194358e-13
1000.21 2.326704082133629e-13
1000.49 2.3230960159773956e-13
1000.993 2.314145545772595e-13
1001.496 2.301273381075543e-13
1001.999 2.285138945567098e-13
1002.502 2.2656752246455458e-13
1003.005 2.2428366483817224e-13
1003.508 2.2165669245101884e-13
1004.011 2.1868231636858474e-13
1004.514 2.153535670722918e-13
1004.538 2.1518603056800904e-13
1005.017 2.1167124873736055e-13
1005.496 2.0783265235123436e-13
1005.975 2.0356784309821286e-13
1006.454 1.9899449861890427e-13
1006.933 1.941096702708332e-13
1007.412 1.88920059514171e-13
1007.891 1.8343612062678484e-13
1008.37 1.7766294671840496e-13
1008.656 1.7408249057807762e-13
1008.849 1.7161528100140825e-13
1009.328 1.6532019737488678e-13
1010.0 1.5609282283580704e-13
1010.672 1.463564053821146e-13
1011.162 1.3906414448210226e-13
1011.344 1.3632297921362974e-13
1012.016 1.2608234389664797e-13
1012.87 1.1292067612019574e-13
1013.086 1.095889781814274e-13
1013.832 9.818845413799536e-14
1014.578 8.7039100821784e-14
1014.951 8.16050207980724e-14
1015.324 7.62963921087677e-14
1015.697 7.112206068129606e-14
1016.07 6.609811002006861e-14
1016.443 6.124035557108965e-14
1016.816 5.65710461821279e-14
1017.189 5.20968833133547e-14
1017.562 4.782644483378931e-14
1017.748 4.576963267801094e-14
1017.935 4.3772061430146945e-14
1018.121 4.183078244772195e-14
1018.308 3.9944723497108556e-14
1018.494 3.811308040308619e-14
1018.681 3.633585316565486e-14
1018.838 3.488431689254918e-14
1018.867 3.461572236888309e-14
1019.054 3.295134772073661e-14
1019.27 3.109531131169068e-14
1019.486 2.931379513974971e-14
1019.702 2.760840755535482e-14
1019.836 2.658723905445065e-14
1019.918 2.5976387556915428e-14
1020.0 2.538065455352668e-14
1020.164 2.4220739021235715e-14
1020.328 2.310116627917603e-14
1020.492 2.202391995955834e-14
1020.656 2.098626586663275e-14
1020.82 1.9989758739158996e-14
1020.984 1.9033326343509676e-14
1021.148 1.8114073648890784e-14
1021.312 1.7232643995478764e-14
1021.476 1.6387053751062907e-14
1021.64 1.5580117528915163e-14
1021.804 1.4806822636827397e-14
1021.968 1.4067088657277547e-14
1022.132 1.336032586177054e-14
1022.296 1.2686051745174046e-14
1022.45 1.2077907637548033e-14
1022.46 1.2039280421120604e-14
1022.47 1.2000760428055915e-14
1022.49 1.1924042112014763e-14
1022.53 1.1771731325241235e-14
1022.61 1.1471318268681764e-14
1022.77 1.0889068603157694e-14
1022.93 1.0328746115314148e-14
1023.09 9.790940533646201e-15
1023.25 9.273989896031372e-15
1023.41 8.773417627075224e-15
1023.57 8.288178298991031e-15
1023.673 7.982055598365605e-15
1023.73 7.814277841516696e-15
1023.732 7.808434168247313e-15
1023.787 7.64826927015301e-15
1023.901 7.319522439989243e-15
1023.946 7.190505928771189e-15
1024.07 6.83811634712304e-15
1024.177 6.5364970277327334e-15
1024.408 5.883506748640317e-15
1024.47 5.706641811799111e-15
1024.639 5.221670542121772e-15
1024.67 5.131388470693888e-15
1024.77 4.8369531166072245e-15
1024.87 4.536084360756105e-15
1024.97 4.2277903870351735e-15
1025.07 3.910730903410169e-15
1025.17 3.583351171121348e-15
1025.265 3.261520247854372e-15
1025.27 3.2442840922937633e-15
1025.275 3.2270211308924694e-15
1025.285 3.192414790567826e-15
1025.305 3.1228000223082612e-15
1025.345 2.981667271100479e-15
1025.38 2.8521950605907757e-15
1025.385 2.8333237487483674e-15
1025.425 2.677622023128158e-15
1025.447 2.5878251374166767e-15
1025.47 2.494782064398213e-15
1025.481 2.4474643944206295e-15
1025.493 2.398216703913709e-15
1025.504 2.3393752030255413e-15
1025.505 2.332845300234617e-15
1025.515 2.2811582782253395e-15
1025.521 2.249133340358685e-15
1025.538 2.1638344747141865e-15
1025.554 2.078020936928532e-15
1025.57 1.970312388471174e-15
1025.585 1.8614190218555286e-15
1025.586 1.852133478642162e-15
1025.602 1.7306440474885226e-15
1025.62 1.6055224249220336e-15
1025.638 1.4843117745115209e-15
1025.64 1.4678503077467158e-15
1025.655 1.4088747776551219e-15
1025.67 1.3755685206037127e-15
1025.685 1.3641921218168973e-15
1025.7 1.360106911696467e-15
1025.71 1.3593322229006636e-15
1025.715 1.3591633461043467e-15
1025.718 1.3591097344229762e-15
1025.72 1.359099012086702e-15
1025.722 1.3591016926707707e-15
1025.73 1.3592893335555673e-15
1025.734 1.3594903773607066e-15
1025.746 1.36066447318272e-15
1025.758 1.3641653159762121e-15
1025.77 1.371102667545552e-15
1025.782 1.3925661041822226e-15
1025.794 1.4247599188451945e-15
1025.806 1.482172668424839e-15
1025.812 1.5235823311153957e-15
1025.816 1.551792797852541e-15
1025.818 1.565828336035332e-15
1025.82 1.5797834566960673e-15
1025.828 1.633861559694468e-15
1025.844 1.7512845448161565e-15
1025.85 1.796321037751426e-15
1025.86 1.871157583776476e-15
1025.87 1.9455384305098762e-15
1025.88 2.0133384433550507e-15
1025.89 2.079484535829946e-15
1025.9 2.133543874739867e-15
1025.91 2.1856919572089303e-15
1025.93 2.290371445668856e-15
1025.95 2.3949597942704526e-15
1025.965 2.4619797571516862e-15
1025.97 2.483134926620477e-15
1025.975 2.504314221345884e-15
1025.985 2.5465119757525868e-15
1026.005 2.6278006876305735e-15
1026.045 2.7875393728579796e-15
1026.08 2.920925236107728e-15
1026.085 2.9398501596315063e-15
1026.125 3.0836366890671274e-15
1026.17 3.2419251783134622e-15
1026.26 3.551318191502488e-15
1026.35 3.85132916045168e-15
1026.44 4.143030318788449e-15
1026.49 4.3016404781230066e-15
1026.53 4.427145424211295e-15
1026.57 4.551631748353543e-15
1026.65 4.796824773101422e-15
1026.81 5.2757111169432126e-15
1026.97 5.743339007697203e-15
1027.21 6.437744310648314e-15
1027.29 6.6683549580634225e-15
1027.37 6.898885187956476e-15
1027.53 7.364770699065926e-15
1027.69 7.837813369638335e-15
1027.85 8.321819629051007e-15
1028.01 8.817486429161757e-15
1028.17 9.328352140941037e-15
1028.33 9.856051920670646e-15
1028.49 1.0404338586046521e-14
1028.65 1.097613397370335e-14
1028.81 1.1570070985766185e-14
1028.97 1.2188857012144236e-14
1029.13 1.283364470398697e-14
1029.29 1.3505131013152201e-14
1029.45 1.420731000990203e-14
1029.61 1.494197768556237e-14
1029.77 1.570889278756705e-14
1029.86 1.6154432665596403e-14
1029.93 1.6508216150960187e-14
1030.0 1.6868888737380073e-14
1030.14 1.7612563175510652e-14
1030.28 1.8382346502468655e-14
1030.42 1.918008832126136e-14
1030.56 2.000568140852603e-14
1030.7 2.0858723676652382e-14
1030.84 2.1743504060150058e-14
1030.98 2.265752961583533e-14
1031.12 2.3600853955389568e-14
1031.26 2.4575648351908277e-14
1031.4 2.5579902367340062e-14
1031.54 2.661554602221426e-14
1031.68 2.7689629252631093e-14
1031.82 2.8794297947269784e-14
1032.03 3.0510943984752475e-14
1032.1 3.1099332187793465e-14
1032.17 3.169549408463317e-14
1032.31 3.29108709013019e-14
1032.59 3.5439733911547326e-14
1032.87 3.809538854823393e-14
1033.15 4.0877298694548014e-14
1033.43 4.378305182482789e-14
1033.71 4.68147924063284e-14
1033.99 4.9977881607186575e-14
1034.27 5.3259184565466655e-14
1034.29 5.3498024605972127e-14
1034.55 5.665789710594807e-14
1034.56 5.678147203150703e-14
1034.83 6.016892611890065e-14
1035.1 6.366333551062838e-14
1035.37 6.725692651289148e-14
1035.64 7.094326572392552e-14
1035.91 7.471699197559343e-14
1036.45 8.250864568757179e-14
1036.99 9.060615404176871e-14
1037.53 9.89510803054904e-14
1037.57 9.957780086071129e-14
1038.07 1.0749946290001304e-13
1038.57 1.155709695887453e-13
1039.14 1.2489886603039466e-13
1039.57 1.3198096913943477e-13
1040.0 1.3907915575288598e-13
1040.86 1.5323371186831946e-13
1042.083 1.7300301937368307e-13
1042.58 1.8083836660597835e-13
1043.077 1.8853485958352412e-13
1044.071 2.0343381389478666e-13
1045.065 2.175634405783829e-13
1045.963 2.296228521858581e-13
1046.058 2.3086503484321206e-13
1046.154 2.320994438067673e-13
1046.345 2.3454252812682e-13
1046.727 2.3933085544842416e-13
1047.492 2.4851802122647607e-13
1048.042 2.5480345475035084e-13
1048.257 2.57178452235063e-13
1049.021 2.6532474721930705e-13
1050.0 2.7503060601461833e-13
1050.588 2.804748722577903e-13
1050.979 2.839435480424602e-13
1051.37 2.8729159754404653e-13
1052.152 2.936419012023796e-13
1052.935 2.995472279053377e-13
1053.717 3.050397446617431e-13
1054.499 3.10135534976007e-13
1054.878 3.1246496253155423e-13
1055.281 3.1485336293660903e-13
1055.685 3.17150623483334e-13
1056.492 3.214717250017945e-13
1058.107 3.2911675076522457e-13
1059.445 3.3454761408805395e-13
1059.722 3.3558231953850416e-13
1060.0 3.365848579801321e-13
1060.555 3.3850683675726373e-13
1061.666 3.4201304071889294e-13
1062.773 3.451064347339695e-13
1063.886 3.478459916520009e-13
1065.0 3.5025047556146683e-13
1067.227 3.5417217005371726e-13
1068.908 3.5646138884823667e-13
1069.454 3.570940066884083e-13
1070.0 3.576783740153465e-13
1071.092 3.5870771829765967e-13
1073.067 3.6014451135838847e-13
1073.276 3.6026781822554057e-13
1073.485 3.603857639245556e-13
1073.903 3.606055718181746e-13
1074.74 3.6098621475590494e-13
1075.858 3.61380260613978e-13
1076.163 3.6146603930417074e-13
1076.414 3.615303733218153e-13
1076.97 3.616509996048989e-13
1078.082 3.6181451523307884e-13
1080.0 3.618654463303808e-13
1082.674 3.615169704014727e-13
1083.837 3.6123550907427766e-13
1084.652 3.6099425650811054e-13
1085.0 3.608816719772325e-13
1087.326 3.599917180664826e-13
1090.0 3.586996765454541e-13
1095.0 3.556813388842962e-13
1096.154 3.548932471681502e-13
1100.0 3.5207059214399453e-13
1103.846 3.489986428014662e-13
1105.384 3.477119624485747e-13
1107.692 3.4572833023786705e-13
1110.0 3.436830445935833e-13
1114.232 3.3980155886236074e-13
1114.608 3.3945040234938415e-13
1114.616 3.3944236059717855e-13
1115.0 3.390804817479278e-13
1115.768 3.383567240494264e-13
1117.304 3.368904445639438e-13
1119.304 3.349550628664696e-13
1120.0 3.3427687509713307e-13
1120.696 3.3359332615965945e-13
1122.088 3.322155059484382e-13
1124.396 3.299048424813706e-13
1124.872 3.294223373490363e-13
1125.348 3.28939832216702e-13
1126.3 3.2796946078389634e-13
1126.408 3.2785687625301837e-13
1128.204 3.2600459266166836e-13
1130.0 3.2413086439777017e-13
1132.184 3.2181752034663404e-13
1133.592 3.2030835151605513e-13
1135.0 3.187804185969965e-13
1135.632 3.180915084913859e-13
1137.816 3.156763022456459e-13
1140.0 3.1321820665480947e-13
1143.736 3.088917439682119e-13
1144.368 3.0814386101309377e-13
1145.0 3.0739061688983854e-13
1146.264 3.0586536455484845e-13
1147.584 3.0424897236152857e-13
1148.792 3.0274248411501815e-13
1149.832 3.0142899792144147e-13
1150.0 3.0121455119595957e-13
1152.416 2.9807022608358105e-13
1155.0 2.9456670270602034e-13
1155.579 2.937598469013946e-13
1160.0 2.8727283345556686e-13
1164.421 2.8005938172716913e-13
1168.453 2.7260735801667273e-13
1168.462 2.7258859392819305e-13
1168.842 2.718326692208693e-13
1169.231 2.7104725808879183e-13
1170.0 2.694630329042942e-13
1171.538 2.6615009905400556e-13
1174.228 2.5983249852130847e-13
1174.614 2.588648076725714e-13
1174.632 2.5881923774340644e-13
1175.0 2.5787942496898197e-13
1175.772 2.558553159388396e-13
1177.316 2.5157576347344123e-13
1178.658 2.4757445563435565e-13
1180.0 2.432831085990558e-13
1180.368 2.4205084410275537e-13
1181.342 2.386652664242097e-13
1181.526 2.3800423439291173e-13
1182.684 2.336793800567553e-13
1183.842 2.2904947525360085e-13
1185.0 2.240914669604591e-13
1186.158 2.1876836311718435e-13
1187.316 2.1304317166363108e-13
1188.474 2.0687836442283986e-13
1189.264 2.0241438777352703e-13
1189.632 2.0025973429924754e-13
1189.979 1.9817986912047987e-13
1190.0 1.98052541377225e-13
1190.021 1.979252136339701e-13
1190.063 1.9766948591383292e-13
1190.147 1.9715642212311745e-13
1190.315 1.9612171667266724e-13
1190.651 1.940190665293171e-13
1191.323 1.8967518004627417e-13
1192.667 1.8041215373908305e-13
1193.012 1.7790902433589545e-13
1194.011 1.7036023154052538e-13
1195.01 1.6235627557031993e-13
1196.009 1.539057342942984e-13
1197.008 1.4506195133542444e-13
1198.007 1.358029459043361e-13
1198.012 1.3575549956632322e-13
1199.006 1.2618420609125188e-13
1200.0 1.1632903876332385e-13
1200.994 1.0624307314709591e-13
1201.155 1.0459639035380169e-13
1201.988 9.606221485484222e-14
1202.821 8.752884353110331e-14
1202.953 8.618211809507691e-14
1203.654 7.912119160017816e-14
1203.72 7.846310821135555e-14
1204.487 7.09062736637799e-14
1205.254 6.356683448416152e-14
1206.016 5.655898355381955e-14
1206.021 5.65142177998752e-14
1206.026 5.6469183987523994e-14
1206.036 5.6379652479635295e-14
1206.056 5.620032140545105e-14
1206.096 5.584219537389626e-14
1206.176 5.5128891953262053e-14
1206.336 5.37138116234883e-14
1206.656 5.0945572455923696e-14
1206.976 4.825507022634628e-14
1207.296 4.563828405865327e-14
1207.616 4.309709036169263e-14
1207.936 4.0643551763772726e-14
1208.256 3.827632797285929e-14
1208.576 3.599300646329065e-14
1208.896 3.379626781913534e-14
1209.211 3.172498050938694e-14
1209.216 3.1693081558971504e-14
1209.221 3.1660914550149217e-14
1209.231 3.159658053250465e-14
1209.251 3.14684486140292e-14
1209.291 3.1213257010705727e-14
1209.371 3.0707162738568425e-14
1209.531 2.971105769870495e-14
1209.702 2.8672331372151944e-14
1209.851 2.7788542804759625e-14
1210.0 2.6931292019645687e-14
1210.298 2.52782026304277e-14
1210.596 2.370100057618962e-14
1210.894 2.220081170224023e-14
1211.192 2.077484820114827e-14
1211.49 1.9422386315215234e-14
1211.788 1.8143908549573454e-14
1212.086 1.693043494759338e-14
1212.347 1.5918434044203563e-14
1212.384 1.577842713830456e-14
1212.421 1.5639036766741318e-14
1212.495 1.5362320073347598e-14
1212.643 1.4818644012569585e-14
1212.939 1.3763378482313791e-14
1213.235 1.2748643383174077e-14
1213.531 1.1757577841359429e-14
1213.633 1.141920771438966e-14
1213.827 1.0776510878120376e-14
1214.021 1.0130731370172288e-14
1214.215 9.475382177099571e-15
1214.409 8.801376118909928e-15
1214.506 8.45528590982281e-15
1214.603 8.100778666760527e-15
1214.7 7.736031592556484e-15
1214.773 7.45392692518503e-15
1214.797 7.35951675429162e-15
1214.821 7.264382825699706e-15
1214.869 7.071514801969414e-15
1214.965 6.674118213810749e-15
1215.061 6.260102004427236e-15
1215.093 6.117816602069989e-15
1215.157 5.826410307980758e-15
1215.221 5.517607023286808e-15
1215.253 5.358675193864027e-15
1215.285 5.197250421257519e-15
1215.317 5.026979721224882e-15
1215.349 4.841751362089883e-15
1215.381 4.644004675354876e-15
1215.405 4.490755684157366e-15
1215.413 4.428271269520075e-15
1215.421 4.364553786211262e-15
1215.437 4.231462787209052e-15
1215.453 4.036664742949421e-15
1215.469 3.8394273671874346e-15
1215.481 3.695935701999351e-15
1215.501 3.464306432638203e-15
1215.521 3.2074796730329302e-15
1215.541 2.9617505314713466e-15
1215.551 2.875221277739396e-15
1215.561 2.818339283805319e-15
1215.571 2.778907892157333e-15
1215.581 2.7549970822660997e-15
1215.591 2.745212950415988e-15
1215.601 2.7440334934258374e-15
1215.609 2.74379224085967e-15
1215.612 2.7437654350189848e-15
1215.621 2.74379224085967e-15
1215.64 2.743926270063096e-15
1215.671 2.7441675226292634e-15
1215.696 2.74435516351406e-15
1215.721 2.744542804398857e-15
1215.734 2.7447572511243388e-15
1215.746 2.745561426344896e-15
1215.758 2.752664974126484e-15
1215.766 2.7664699820793823e-15
1215.771 2.7804626309170766e-15
1215.776 2.7975111455928887e-15
1215.786 2.8448502602430205e-15
1215.796 2.9095327538165012e-15
1215.801 2.963010405983553e-15
1215.806 3.021527556199429e-15
1215.811 3.0831005722534224e-15
1215.816 3.1463355504299006e-15
1215.821 3.210026227898028e-15
1215.841 3.4681932795375625e-15
1215.861 3.701189646773658e-15
1215.881 3.941262755950656e-15
1215.901 4.196990476087834e-15
1215.916 4.32898243562195e-15
1215.921 4.369780925144883e-15
1215.926 4.40982885112863e-15
1215.936 4.488584411061862e-15
1215.956 4.619102049358289e-15
1215.976 4.7446606071279475e-15
1216.016 4.983125365863832e-15
1216.056 5.201164073997564e-15
1216.071 5.277507108269124e-15
1216.096 5.404003870462766e-15
1216.121 5.5285170004457e-15
1216.171 5.773844054397005e-15
1216.221 6.0054197120767826e-15
1216.271 6.231553784097457e-15
1216.371 6.667765229568348e-15
1216.421 6.8790488658493995e-15
1216.471 7.085882732576702e-15
1216.521 7.288668917360533e-15
1216.621 7.683438533132044e-15
1216.721 8.065582597940809e-15
1216.821 8.436629044705883e-15
1217.021 9.153765700558076e-15
1217.121 9.502724134598516e-15
1217.221 9.847018352359722e-15
1217.321 1.018713085897403e-14
1217.521 1.0861619422296009e-14
1217.921 1.2207647906464589e-14
1218.321 1.3581340018220335e-14
1218.521 1.4291855631423273e-14
1218.721 1.502108172142451e-14
1218.921 1.577151123140777e-14
1219.121 1.654427000668183e-14
1219.321 1.7341180844413295e-14
1219.442 1.7838295159921048e-14
1219.521 1.8168730758047987e-14
1219.721 1.9023997910951213e-14
1220.0 2.0269129210780555e-14
1220.279 2.1581382335685734e-14
1220.558 2.2955449729211074e-14
1220.837 2.4394360451354007e-14
1221.116 2.5900098134325238e-14
1221.395 2.747035747582584e-14
1221.674 2.9118916677968026e-14
1221.785 2.979495998004975e-14
1221.953 3.0839315533146646e-14
1222.121 3.190672410923286e-14
1222.457 3.411418508966227e-14
1222.793 3.64194873885928e-14
1223.129 3.881378507859833e-14
1223.465 4.1294129517203477e-14
1223.801 4.3865077697324726e-14
1224.137 4.6520196217197625e-14
1224.297 4.781089744619187e-14
1224.473 4.925037109098919e-14
1224.809 5.204943697534183e-14
1225.321 5.646703952026917e-14
1225.833 6.101572262614734e-14
1226.345 6.567109297795276e-14
1226.857 7.041760318808799e-14
1227.369 7.522737518224038e-14
1228.265 8.373608513254887e-14
1228.393 8.496432875274651e-14
1228.521 8.619310848975786e-14
1228.578 8.673994763973673e-14
1228.777 8.864879155493259e-14
1229.231 9.299401833000979e-14
1229.289 9.354729088175311e-14
1230.0 1.0028761952205641e-13
1230.769 1.0746461530712223e-13
1231.538 1.1446710506932717e-13
1232.307 1.2124040489367328e-13
1233.076 1.2777137991822486e-13
1233.845 1.3403188401026239e-13
1234.614 1.3999645162113486e-13
1235.377 1.45609326602217e-13
1235.381 1.4563800885175021e-13
1235.383 1.4565221594731338e-13
1235.385 1.4566669110128342e-13
1235.393 1.4572378754194296e-13
1235.409 1.458379804232621e-13
1235.441 1.4606609812749346e-13
1235.505 1.4652179741914254e-13
1235.633 1.4743024735996528e-13
1235.889 1.4922114557614607e-13
1236.401 1.526992034050558e-13
1237.425 1.592441174667637e-13
1238.449 1.652480896634435e-13
1238.946 1.6797424366113227e-13
1239.473 1.7073873001100094e-13
1240.0 1.7337347609195306e-13
1240.787 1.7707455851536399e-13
1241.054 1.7826902677629822e-13
1241.321 1.79433472495665e-13
1241.855 1.8167390466013723e-13
1242.923 1.8582478909024647e-13
1243.991 1.8957331785167026e-13
1244.457 1.9108704367516568e-13
1245.059 1.9293825503288828e-13
1245.661 1.9467929438539455e-13
1246.865 1.9785176563049254e-13
1248.069 2.0065485239094797e-13
1248.546 2.016691854024774e-13
1249.273 2.0311857720832826e-13
1250.0 2.0445699283374222e-13
1251.454 2.0683199031845438e-13
1252.908 2.0884671730435694e-13
1253.724 2.0983585282564225e-13
1254.362 2.1054459925335995e-13
1255.0 2.1120053817492776e-13
1256.276 2.1236498389429453e-13
1257.656 2.134251548933957e-13
1258.828 2.141813476591263e-13
1260.0 2.1482066695946924e-13
1261.227 2.1537420756961942e-13
1262.344 2.157859452825447e-13
1263.461 2.1611780159022795e-13
1264.469 2.1635530133869916e-13
1265.695 2.165718925314359e-13
1266.921 2.1671637601272934e-13
1268.746 2.1681314509760304e-13
1269.373 2.1681689791529898e-13
1270.0 2.1680671169583858e-13
1271.254 2.1674747078792422e-13
1272.524 2.16638907133149e-13
1273.762 2.1649067083415963e-13
1274.952 2.1631214393519593e-13
1275.0 2.1630410218299036e-13
1277.476 2.1582910268604794e-13
1280.0 2.1522704350425748e-13
1285.0 2.1376076401877492e-13
1287.692 2.128555307788344e-13
1288.462 2.1258452372950662e-13
1290.0 2.1202883865210163e-13
1292.308 2.1116381417318899e-13
1295.0 2.1011382939354818e-13
1296.154 2.0965223281694836e-13
1300.0 2.0807310074218095e-13
1305.0 2.0594712951743464e-13
1310.0 2.0376701049450418e-13
1315.0 2.015566008715994e-13
1320.0 1.9932796327702865e-13
1325.0 1.9709155198865918e-13
1330.0 1.9485701710913767e-13
1335.0 1.926307920402286e-13
1340.0 1.9041770183325528e-13
1345.0 1.8822310765635477e-13
1346.154 1.8771942590987914e-13
1350.0 1.8604888591837507e-13
1350.769 1.857164934938781e-13
1353.846 1.8439148078880675e-13
1355.0 1.838969130281641e-13
1356.923 1.8307531401116152e-13
1360.0 1.8176852927775613e-13
1365.0 1.7966507495918546e-13
1370.0 1.7758762230607943e-13
1375.0 1.7553670743525182e-13
1380.0 1.735083094705998e-13
1385.0 1.7150671734663303e-13
1390.0 1.6953219912175835e-13
1395.0 1.6758448673756888e-13
1400.0 1.6566384825247155e-13
1405.0 1.6376947949124572e-13
1407.308 1.6290445501233307e-13
1410.0 1.6190245268751884e-13
1410.77 1.6161750660103474e-13
1412.692 1.609095643485376e-13
1415.0 1.6006491230854572e-13
1415.385 1.5992444970335506e-13
1420.0 1.5825364165344414e-13
1425.0 1.5646890878062094e-13
1430.0 1.5470937339804185e-13
1435.0 1.5297557162252063e-13
1440.0 1.5126669927883665e-13
1445.0 1.495830244253968e-13
1450.0 1.4792320677016683e-13
1455.0 1.4628697825473985e-13
1460.0 1.4467407082070902e-13
1465.0 1.430847525264812e-13
1466.539 1.4260037098529895e-13
1470.0 1.4151875531364957e-13
1473.461 1.4044786197827428e-13
1473.846 1.4032938016244552e-13
1475.0 1.3997500694858666e-13
1476.923 1.3938688680395253e-13
1480.0 1.3845270325607195e-13
1485.0 1.36952648411326e-13
1490.0 1.3547484241434878e-13
1495.0 1.3401794497310606e-13
1500.0 1.3258168802919096e-13
1505.0 1.311666076994172e-13
1510.0 1.2977136369175054e-13
1515.0 1.2839595600619091e-13
1520.0 1.270398485259247e-13
1525.0 1.2570304125095184e-13
1525.769 1.2549931686174402e-13
1530.0 1.2438499806445864e-13
1534.231 1.2328381412910903e-13
1536.922 1.2259007897217505e-13
1538.461 1.221957650556952e-13
1540.0 1.2180305948965645e-13
1541.156 1.2150926747574623e-13
1543.078 1.2102274146730916e-13
1545.0 1.2053862798453374e-13
1547.688 1.1986633750014796e-13
1548.844 1.1957871082959533e-13
1549.624 1.193851726598479e-13
1550.0 1.192918883342633e-13
1552.312 1.187214600444814e-13
1555.0 1.1806257248043822e-13
1560.0 1.168501443062449e-13
1565.0 1.1565433575327639e-13
1570.0 1.1447461070471901e-13
1575.0 1.1331096916057281e-13
1580.0 1.1216287500402403e-13
1585.0 1.110303282350727e-13
1590.0 1.0991306079531194e-13
1595.0 1.0881107268474178e-13
