900.000000 3.07254e-15 
900.039000 3.07422e-15 
900.078000 3.0759e-15 
900.117000 3.07758e-15 
900.156000 3.07926e-15 
900.195000 3.08095e-15 
900.234000 3.08263e-15 
900.273000 3.08431e-15 
900.313000 3.08604e-15 
900.352000 3.08772e-15 
900.391000 3.08941e-15 
900.430000 3.0911e-15 
900.469000 3.09279e-15 
900.508000 3.09447e-15 
900.547000 3.09616e-15 
900.586000 3.09785e-15 
900.625000 3.09954e-15 
900.664000 3.10123e-15 
900.703000 3.10293e-15 
900.742000 3.10462e-15 
900.781000 3.10631e-15 
900.820000 3.10801e-15 
900.859000 3.1097e-15 
900.898000 3.1114e-15 
900.938000 3.11314e-15 
900.977000 3.11483e-15 
901.016000 3.11653e-15 
901.055000 3.11823e-15 
901.094000 3.11993e-15 
901.133000 3.12163e-15 
901.172000 3.12333e-15 
901.211000 3.12503e-15 
901.250000 3.12674e-15 
901.289000 3.12844e-15 
901.328000 3.13014e-15 
901.367000 3.13185e-15 
901.406000 3.13355e-15 
901.445000 3.13526e-15 
901.484000 3.13697e-15 
901.523000 3.13868e-15 
901.563000 3.14043e-15 
901.602000 3.14214e-15 
901.641000 3.14385e-15 
901.680000 3.14556e-15 
901.719000 3.14727e-15 
901.758000 3.14898e-15 
901.797000 3.1507e-15 
901.836000 3.15241e-15 
901.875000 3.15412e-15 
901.914000 3.15584e-15 
901.953000 3.15756e-15 
901.992000 3.15927e-15 
902.031000 3.16099e-15 
902.070000 3.16271e-15 
902.109000 3.16443e-15 
902.148000 3.16615e-15 
902.188000 3.16791e-15 
902.227000 3.16963e-15 
902.266000 3.17136e-15 
902.305000 3.17308e-15 
902.344000 3.1748e-15 
902.383000 3.17653e-15 
902.422000 3.17825e-15 
902.461000 3.17998e-15 
902.500000 3.18171e-15 
902.539000 3.18343e-15 
902.578000 3.18516e-15 
902.617000 3.18689e-15 
902.656000 3.18862e-15 
902.695000 3.19035e-15 
902.734000 3.19208e-15 
902.773000 3.19382e-15 
902.813000 3.19559e-15 
902.852000 3.19733e-15 
902.891000 3.19906e-15 
902.930000 3.2008e-15 
902.969000 3.20253e-15 
903.008000 3.20427e-15 
903.047000 3.20601e-15 
903.086000 3.20775e-15 
903.125000 3.20949e-15 
903.164000 3.21123e-15 
903.203000 3.21297e-15 
903.242000 3.21471e-15 
903.281000 3.21645e-15 
903.320000 3.21819e-15 
903.359000 3.21994e-15 
903.398000 3.22168e-15 
903.438000 3.22347e-15 
903.477000 3.22522e-15 
903.516000 3.22696e-15 
903.555000 3.22871e-15 
903.594000 3.23046e-15 
903.633000 3.23221e-15 
903.672000 3.23396e-15 
903.711000 3.23571e-15 
903.750000 3.23746e-15 
903.789000 3.23921e-15 
903.828000 3.24097e-15 
903.867000 3.24272e-15 
903.906000 3.24448e-15 
903.945000 3.24623e-15 
903.984000 3.24799e-15 
904.023000 3.24974e-15 
904.063000 3.25155e-15 
904.102000 3.2533e-15 
904.141000 3.25506e-15 
904.180000 3.25682e-15 
904.219000 3.25858e-15 
904.258000 3.26035e-15 
904.297000 3.26211e-15 
904.336000 3.26387e-15 
904.375000 3.26563e-15 
904.414000 3.2674e-15 
904.453000 3.26916e-15 
904.492000 3.27093e-15 
904.531000 3.2727e-15 
904.570000 3.27447e-15 
904.609000 3.27623e-15 
904.648000 3.278e-15 
904.688000 3.27982e-15 
904.727000 3.28159e-15 
904.766000 3.28336e-15 
904.805000 3.28513e-15 
904.844000 3.28691e-15 
904.883000 3.28868e-15 
904.922000 3.29046e-15 
904.961000 3.29223e-15 
905.000000 3.29401e-15 
905.078000 3.29756e-15 
905.234000 3.30468e-15 
905.547000 3.319e-15 
906.172000 3.34775e-15 
907.422000 3.40586e-15 
908.031000 3.43446e-15 
908.976000 3.47923e-15 
909.922000 3.52453e-15 
910.395000 3.54738e-15 
910.867000 3.57032e-15 
911.104000 3.58192e-15 
911.340000 3.5935e-15 
911.458000 3.59931e-15 
911.577000 3.60516e-15 
911.636000 3.60807e-15 
911.695000 3.61098e-15 
911.724000 3.61241e-15 
911.754000 3.61389e-15 
911.783000 3.61533e-15 
911.813000 3.617e-15 
911.843000 3.61848e-15 
911.872000 3.6199e-15 
911.931000 3.6228e-15 
912.049000 3.62861e-15 
912.286000 3.64031e-15 
912.758000 3.66368e-15 
912.995000 3.6755e-15 
913.231000 3.68732e-15 
913.468000 3.69936e-15 
913.704000 3.7116e-15 
913.822000 3.71787e-15 
913.940000 3.72425e-15 
914.059000 3.73082e-15 
914.177000 3.73747e-15 
914.295000 3.74426e-15 
914.413000 3.75125e-15 
914.531000 3.75836e-15 
914.649000 3.76566e-15 
914.768000 3.77314e-15 
914.886000 3.78076e-15 
915.004000 3.78849e-15 
915.240000 3.80442e-15 
915.477000 3.82095e-15 
915.713000 3.83791e-15 
915.949000 3.85529e-15 
916.186000 3.87312e-15 
916.422000 3.89124e-15 
916.659000 3.90973e-15 
916.895000 3.92837e-15 
917.368000 3.96628e-15 
917.604000 3.98531e-15 
917.841000 4.00432e-15 
917.959000 4.01367e-15 
918.077000 4.02285e-15 
918.195000 4.03175e-15 
918.313000 4.04019e-15 
918.372000 4.04413e-15 
918.432000 4.04785e-15 
918.491000 4.05106e-15 
918.550000 4.05373e-15 
918.609000 4.05578e-15 
918.638000 4.05649e-15 
918.668000 4.05695e-15 
918.697000 4.05703e-15 
918.727000 4.05668e-15 
918.756000 4.0559e-15 
918.786000 4.05467e-15 
918.816000 4.05293e-15 
918.845000 4.05058e-15 
918.875000 4.04772e-15 
918.904000 4.04432e-15 
918.934000 4.03996e-15 
918.963000 4.03517e-15 
918.993000 4.0299e-15 
919.022000 4.02515e-15 
919.052000 4.01958e-15 
919.081000 4.01348e-15 
919.111000 4.00662e-15 
919.141000 4.00015e-15 
919.170000 3.99315e-15 
919.200000 3.9854e-15 
919.229000 3.9777e-15 
919.259000 3.96986e-15 
919.284000 3.964e-15 
919.288000 3.96323e-15 
919.301000 3.9606e-15 
919.318000 3.95864e-15 
919.351000 3.95791e-15 
919.401000 3.96591e-15 
919.451000 3.98239e-15 
919.501000 4.00131e-15 
919.551000 4.0197e-15 
919.601000 4.03656e-15 
919.651000 4.05347e-15 
919.701000 4.06857e-15 
919.751000 4.08415e-15 
919.801000 4.09891e-15 
919.851000 4.11165e-15 
919.901000 4.12324e-15 
919.951000 4.13309e-15 
920.001000 4.14139e-15 
920.051000 4.148e-15 
920.101000 4.1529e-15 
920.151000 4.15633e-15 
920.201000 4.15844e-15 
920.251000 4.15903e-15 
920.301000 4.15784e-15 
920.351000 4.15478e-15 
920.401000 4.1501e-15 
920.451000 4.14419e-15 
920.501000 4.13715e-15 
920.551000 4.12847e-15 
920.601000 4.11824e-15 
920.651000 4.10842e-15 
920.701000 4.09704e-15 
920.751000 4.08507e-15 
920.801000 4.07194e-15 
920.851000 4.05711e-15 
920.901000 4.04438e-15 
920.913000 4.04171e-15 
920.938000 4.03912e-15 
920.951000 4.0388e-15 
920.963000 4.03914e-15 
921.013000 4.04712e-15 
921.063000 4.06451e-15 
921.113000 4.08478e-15 
921.163000 4.10402e-15 
921.213000 4.12156e-15 
921.263000 4.13926e-15 
921.313000 4.15558e-15 
921.363000 4.17222e-15 
921.413000 4.18829e-15 
921.463000 4.20292e-15 
921.513000 4.21739e-15 
921.563000 4.23105e-15 
921.613000 4.24397e-15 
921.663000 4.25552e-15 
921.713000 4.2658e-15 
921.763000 4.27499e-15 
921.813000 4.28344e-15 
921.863000 4.2908e-15 
921.913000 4.29695e-15 
921.963000 4.30197e-15 
922.013000 4.30607e-15 
922.063000 4.30924e-15 
922.113000 4.31142e-15 
922.163000 4.31257e-15 
922.213000 4.31262e-15 
922.263000 4.31152e-15 
922.313000 4.30924e-15 
922.363000 4.30571e-15 
922.413000 4.30173e-15 
922.463000 4.29645e-15 
922.513000 4.29006e-15 
922.563000 4.28242e-15 
922.613000 4.27436e-15 
922.663000 4.26556e-15 
922.713000 4.25631e-15 
922.763000 4.24576e-15 
922.813000 4.2346e-15 
922.863000 4.2229e-15 
922.913000 4.20999e-15 
922.963000 4.19737e-15 
922.975000 4.19378e-15 
923.013000 4.18234e-15 
923.019000 4.18036e-15 
923.063000 4.16663e-15 
923.106000 4.15657e-15 
923.150000 4.15517e-15 
923.194000 4.16158e-15 
923.238000 4.17646e-15 
923.281000 4.19479e-15 
923.325000 4.21318e-15 
923.369000 4.22988e-15 
923.413000 4.24607e-15 
923.456000 4.26187e-15 
923.500000 4.27707e-15 
923.544000 4.29214e-15 
923.588000 4.30671e-15 
923.631000 4.32029e-15 
923.675000 4.33379e-15 
923.719000 4.34706e-15 
923.763000 4.36026e-15 
923.806000 4.37286e-15 
923.850000 4.38498e-15 
923.894000 4.39645e-15 
923.938000 4.40725e-15 
923.982000 4.41819e-15 
924.025000 4.42845e-15 
924.069000 4.43818e-15 
924.113000 4.44735e-15 
924.157000 4.45592e-15 
924.200000 4.46382e-15 
924.244000 4.47127e-15 
924.288000 4.47822e-15 
924.332000 4.48468e-15 
924.375000 4.4906e-15 
924.419000 4.49606e-15 
924.463000 4.50097e-15 
924.550000 4.5096e-15 
924.638000 4.51671e-15 
924.725000 4.52219e-15 
924.769000 4.52439e-15 
924.813000 4.52604e-15 
924.857000 4.52724e-15 
924.901000 4.52797e-15 
924.944000 4.52815e-15 
924.988000 4.52788e-15 
925.032000 4.52712e-15 
925.076000 4.52582e-15 
925.119000 4.52391e-15 
925.163000 4.52145e-15 
925.207000 4.51848e-15 
925.251000 4.51486e-15 
925.294000 4.51046e-15 
925.338000 4.50581e-15 
925.382000 4.50068e-15 
925.426000 4.49498e-15 
925.469000 4.48916e-15 
925.513000 4.48294e-15 
925.557000 4.47609e-15 
925.601000 4.46869e-15 
925.644000 4.46065e-15 
925.688000 4.45254e-15 
925.732000 4.44402e-15 
925.776000 4.43528e-15 
925.820000 4.42584e-15 
925.863000 4.41571e-15 
925.907000 4.40508e-15 
925.951000 4.39397e-15 
925.995000 4.38156e-15 
926.038000 4.36905e-15 
926.082000 4.35532e-15 
926.126000 4.34098e-15 
926.170000 4.32858e-15 
926.176000 4.32711e-15 
926.201000 4.32518e-15 
926.213000 4.3252e-15 
926.226000 4.32563e-15 
926.276000 4.33282e-15 
926.326000 4.35234e-15 
926.376000 4.37447e-15 
926.426000 4.39583e-15 
926.476000 4.41584e-15 
926.526000 4.43513e-15 
926.576000 4.45339e-15 
926.626000 4.4711e-15 
926.676000 4.48801e-15 
926.726000 4.50401e-15 
926.776000 4.51995e-15 
926.826000 4.53555e-15 
926.876000 4.55088e-15 
926.926000 4.56555e-15 
926.976000 4.5796e-15 
927.026000 4.59321e-15 
927.076000 4.6069e-15 
927.176000 4.63296e-15 
927.226000 4.64545e-15 
927.276000 4.65727e-15 
927.326000 4.66864e-15 
927.376000 4.67962e-15 
927.426000 4.69007e-15 
927.476000 4.70006e-15 
927.576000 4.71895e-15 
927.676000 4.73622e-15 
927.776000 4.75164e-15 
927.876000 4.76584e-15 
927.976000 4.77881e-15 
928.076000 4.79062e-15 
928.176000 4.80133e-15 
928.276000 4.81074e-15 
928.375000 4.81905e-15 
928.475000 4.82642e-15 
928.575000 4.83272e-15 
928.675000 4.83793e-15 
928.725000 4.84011e-15 
928.775000 4.84192e-15 
928.825000 4.84302e-15 
928.875000 4.84373e-15 
928.975000 4.8439e-15 
929.075000 4.84241e-15 
929.175000 4.83935e-15 
929.275000 4.83432e-15 
929.375000 4.82795e-15 
929.475000 4.81981e-15 
929.575000 4.8116e-15 
929.675000 4.80227e-15 
929.725000 4.79713e-15 
929.775000 4.79149e-15 
929.825000 4.78538e-15 
929.875000 4.77868e-15 
929.925000 4.77143e-15 
929.975000 4.76383e-15 
930.025000 4.75604e-15 
930.075000 4.74761e-15 
930.125000 4.73862e-15 
930.175000 4.72904e-15 
930.225000 4.71923e-15 
930.275000 4.70893e-15 
930.325000 4.69804e-15 
930.375000 4.68636e-15 
930.425000 4.67369e-15 
930.475000 4.66043e-15 
930.525000 4.64555e-15 
930.575000 4.6297e-15 
930.602000 4.62038e-15 
930.625000 4.61237e-15 
930.638000 4.60715e-15 
930.675000 4.59438e-15 
930.698000 4.58895e-15 
930.711000 4.58791e-15 
930.748000 4.5885e-15 
930.798000 4.59493e-15 
930.848000 4.61575e-15 
930.898000 4.63977e-15 
930.948000 4.66259e-15 
930.998000 4.68393e-15 
931.048000 4.70404e-15 
931.098000 4.72317e-15 
931.148000 4.74148e-15 
931.198000 4.75896e-15 
931.248000 4.77571e-15 
931.298000 4.7921e-15 
931.348000 4.8081e-15 
931.398000 4.82378e-15 
931.448000 4.83889e-15 
931.498000 4.85347e-15 
931.548000 4.86761e-15 
931.598000 4.88172e-15 
931.648000 4.89537e-15 
931.698000 4.90853e-15 
931.748000 4.92123e-15 
931.848000 4.9455e-15 
931.948000 4.9688e-15 
932.048000 4.99228e-15 
932.148000 5.01586e-15 
932.248000 5.03864e-15 
932.348000 5.06061e-15 
932.448000 5.08155e-15 
932.548000 5.10179e-15 
932.648000 5.1212e-15 
932.748000 5.13928e-15 
932.848000 5.1559e-15 
932.948000 5.17173e-15 
933.148000 5.20138e-15 
933.248000 5.21526e-15 
933.348000 5.22858e-15 
933.448000 5.24116e-15 
933.548000 5.25275e-15 
933.647000 5.26345e-15 
933.847000 5.28358e-15 
934.047000 5.30157e-15 
934.247000 5.31722e-15 
934.348000 5.32406e-15 
934.448000 5.33016e-15 
934.547000 5.33544e-15 
934.648000 5.33998e-15 
934.747000 5.3433e-15 
934.847000 5.34559e-15 
934.947000 5.3469e-15 
935.047000 5.34722e-15 
935.147000 5.34687e-15 
935.247000 5.34592e-15 
935.347000 5.34403e-15 
935.447000 5.34115e-15 
935.547000 5.33736e-15 
935.647000 5.33265e-15 
935.747000 5.32693e-15 
935.947000 5.31552e-15 
936.047000 5.30968e-15 
936.147000 5.30342e-15 
936.247000 5.29649e-15 
936.347000 5.28885e-15 
936.447000 5.28057e-15 
936.547000 5.27141e-15 
936.647000 5.26108e-15 
936.747000 5.24955e-15 
936.847000 5.23672e-15 
936.947000 5.22253e-15 
936.997000 5.21508e-15 
937.047000 5.20721e-15 
937.097000 5.19895e-15 
937.147000 5.19017e-15 
937.197000 5.18085e-15 
937.247000 5.17093e-15 
937.297000 5.16044e-15 
937.347000 5.14938e-15 
937.397000 5.13765e-15 
937.447000 5.1252e-15 
937.497000 5.11185e-15 
937.547000 5.0976e-15 
937.597000 5.08143e-15 
937.647000 5.06351e-15 
937.691000 5.04584e-15 
937.697000 5.04337e-15 
937.719000 5.03538e-15 
937.747000 5.02593e-15 
937.775000 5.02475e-15 
937.803000 5.02565e-15 
937.831000 5.02862e-15 
937.859000 5.03374e-15 
937.887000 5.04612e-15 
937.915000 5.06012e-15 
937.943000 5.07516e-15 
937.971000 5.0895e-15 
938.000000 5.10373e-15 
938.028000 5.1167e-15 
938.056000 5.12941e-15 
938.084000 5.14124e-15 
938.112000 5.15282e-15 
938.140000 5.16404e-15 
938.168000 5.17503e-15 
938.196000 5.18578e-15 
938.224000 5.19623e-15 
938.252000 5.20655e-15 
938.308000 5.22646e-15 
938.365000 5.24597e-15 
938.421000 5.26447e-15 
938.477000 5.28229e-15 
938.533000 5.29947e-15 
938.589000 5.31607e-15 
938.645000 5.33233e-15 
938.758000 5.36392e-15 
938.870000 5.3937e-15 
938.982000 5.42207e-15 
939.094000 5.44912e-15 
939.207000 5.4752e-15 
939.319000 5.50033e-15 
939.544000 5.54961e-15 
939.656000 5.57378e-15 
939.768000 5.59832e-15 
939.881000 5.62371e-15 
939.993000 5.64923e-15 
940.218000 5.6994e-15 
940.442000 5.74769e-15 
940.667000 5.7967e-15 
940.891000 5.84452e-15 
941.116000 5.8896e-15 
941.341000 5.93267e-15 
941.565000 5.97331e-15 
941.790000 6.01155e-15 
942.014000 6.04775e-15 
942.239000 6.08072e-15 
942.464000 6.11157e-15 
942.688000 6.14082e-15 
942.913000 6.16866e-15 
943.137000 6.19436e-15 
943.362000 6.21805e-15 
943.587000 6.23968e-15 
943.811000 6.25902e-15 
944.036000 6.27555e-15 
944.260000 6.28864e-15 
944.485000 6.29846e-15 
944.597000 6.30201e-15 
944.710000 6.30487e-15 
944.822000 6.30654e-15 
944.934000 6.30712e-15 
945.047000 6.30689e-15 
945.159000 6.30538e-15 
945.384000 6.29993e-15 
945.608000 6.29263e-15 
945.833000 6.28346e-15 
946.057000 6.27172e-15 
946.282000 6.25837e-15 
946.507000 6.24302e-15 
946.731000 6.22769e-15 
946.956000 6.21302e-15 
947.180000 6.19909e-15 
947.405000 6.18542e-15 
947.630000 6.17114e-15 
947.854000 6.15596e-15 
948.079000 6.13947e-15 
948.191000 6.13054e-15 
948.303000 6.12103e-15 
948.416000 6.1106e-15 
948.528000 6.09913e-15 
948.640000 6.08621e-15 
948.753000 6.0717e-15 
948.809000 6.06375e-15 
948.865000 6.05545e-15 
948.921000 6.04665e-15 
948.977000 6.03745e-15 
949.033000 6.02776e-15 
949.090000 6.01724e-15 
949.146000 6.00615e-15 
949.202000 5.99432e-15 
949.258000 5.98165e-15 
949.314000 5.96811e-15 
949.342000 5.96104e-15 
949.370000 5.95368e-15 
949.398000 5.94611e-15 
949.427000 5.93794e-15 
949.455000 5.92981e-15 
949.483000 5.92106e-15 
949.511000 5.91182e-15 
949.539000 5.9016e-15 
949.567000 5.89077e-15 
949.595000 5.87887e-15 
949.623000 5.8658e-15 
949.651000 5.8518e-15 
949.672000 5.84444e-15 
949.679000 5.84279e-15 
949.693000 5.83984e-15 
949.707000 5.83991e-15 
949.743000 5.84203e-15 
949.793000 5.84709e-15 
949.843000 5.87043e-15 
949.893000 5.90167e-15 
949.943000 5.92939e-15 
949.993000 5.95455e-15 
950.043000 5.97737e-15 
950.093000 5.999e-15 
950.143000 6.01975e-15 
950.193000 6.03972e-15 
950.243000 6.059e-15 
950.293000 6.07757e-15 
950.343000 6.09561e-15 
950.393000 6.11305e-15 
950.443000 6.12994e-15 
950.493000 6.1463e-15 
950.543000 6.1622e-15 
950.593000 6.17767e-15 
950.693000 6.20783e-15 
950.793000 6.23665e-15 
950.893000 6.26422e-15 
950.993000 6.29067e-15 
951.093000 6.31603e-15 
951.193000 6.34062e-15 
951.393000 6.38816e-15 
951.593000 6.43447e-15 
951.793000 6.4801e-15 
952.193000 6.57084e-15 
952.393000 6.61637e-15 
952.593000 6.66413e-15 
952.793000 6.71313e-15 
952.993000 6.76482e-15 
953.193000 6.81819e-15 
953.393000 6.87199e-15 
953.593000 6.92726e-15 
953.793000 6.98356e-15 
953.993000 7.04102e-15 
954.193000 7.10183e-15 
954.393000 7.16391e-15 
954.593000 7.22631e-15 
954.993000 7.3495e-15 
955.193000 7.41041e-15 
955.393000 7.47076e-15 
955.593000 7.52866e-15 
955.793000 7.58289e-15 
955.993000 7.63559e-15 
956.193000 7.68719e-15 
956.393000 7.73707e-15 
956.593000 7.78557e-15 
956.793000 7.83141e-15 
956.993000 7.8763e-15 
957.393000 7.96287e-15 
957.793000 8.04518e-15 
958.193000 8.12287e-15 
958.593000 8.19544e-15 
958.993000 8.26265e-15 
959.393000 8.32444e-15 
959.793000 8.37998e-15 
960.193000 8.42893e-15 
960.593000 8.471e-15 
960.993000 8.50598e-15 
961.393000 8.53356e-15 
961.793000 8.55359e-15 
962.193000 8.56602e-15 
962.593000 8.57098e-15 
962.993000 8.5688e-15 
963.393000 8.55985e-15 
963.793000 8.54463e-15 
964.193000 8.52382e-15 
964.593000 8.49836e-15 
964.993000 8.46898e-15 
965.393000 8.43657e-15 
965.794000 8.40204e-15 
966.193000 8.36621e-15 
966.994000 8.29483e-15 
967.393000 8.26008e-15 
967.794000 8.2269e-15 
968.194000 8.19524e-15 
968.594000 8.16563e-15 
968.994000 8.13757e-15 
969.394000 8.11114e-15 
969.794000 8.08554e-15 
970.194000 8.0602e-15 
970.594000 8.03367e-15 
970.794000 8.01933e-15 
970.994000 8.00366e-15 
971.094000 7.99504e-15 
971.194000 7.98579e-15 
971.294000 7.97568e-15 
971.394000 7.96465e-15 
971.494000 7.95235e-15 
971.594000 7.93853e-15 
971.644000 7.93108e-15 
971.694000 7.92308e-15 
971.744000 7.91458e-15 
971.794000 7.90558e-15 
971.844000 7.89598e-15 
971.894000 7.88575e-15 
971.944000 7.87484e-15 
971.994000 7.8633e-15 
972.044000 7.85105e-15 
972.094000 7.83802e-15 
972.143000 7.82442e-15 
972.193000 7.8096e-15 
972.243000 7.79368e-15 
972.293000 7.77613e-15 
972.343000 7.75544e-15 
972.350000 7.75225e-15 
972.393000 7.7301e-15 
972.397000 7.72787e-15 
972.443000 7.6987e-15 
972.490000 7.6879e-15 
972.537000 7.69195e-15 
972.584000 7.6964e-15 
972.627000 7.71442e-15 
972.631000 7.7168e-15 
972.677000 7.75303e-15 
972.727000 7.78797e-15 
972.777000 7.8182e-15 
972.827000 7.84517e-15 
972.877000 7.8704e-15 
972.927000 7.89451e-15 
972.977000 7.91765e-15 
973.027000 7.93997e-15 
973.077000 7.96154e-15 
973.127000 7.98242e-15 
973.177000 8.00278e-15 
973.227000 8.02237e-15 
973.277000 8.04136e-15 
973.327000 8.05976e-15 
973.377000 8.07766e-15 
973.427000 8.09499e-15 
973.527000 8.12844e-15 
973.627000 8.16029e-15 
973.727000 8.19078e-15 
973.827000 8.22022e-15 
973.927000 8.24882e-15 
974.027000 8.2767e-15 
974.127000 8.30402e-15 
974.227000 8.33086e-15 
974.427000 8.38366e-15 
974.827000 8.48747e-15 
975.227000 8.59083e-15 
975.627000 8.69552e-15 
976.027000 8.8028e-15 
976.227000 8.85801e-15 
976.427000 8.91375e-15 
976.627000 8.97122e-15 
976.827000 9.02932e-15 
977.027000 9.08935e-15 
977.227000 9.15054e-15 
977.427000 9.21351e-15 
977.627000 9.27823e-15 
977.827000 9.34484e-15 
978.027000 9.41346e-15 
978.227000 9.4842e-15 
978.427000 9.55719e-15 
978.627000 9.63258e-15 
978.827000 9.7105e-15 
979.027000 9.79113e-15 
979.227000 9.87459e-15 
979.427000 9.96101e-15 
979.627000 1.00505e-14 
979.827000 1.01434e-14 
980.027000 1.02397e-14 
980.227000 1.03397e-14 
980.427000 1.04436e-14 
980.627000 1.05514e-14 
980.827000 1.06634e-14 
981.027000 1.07797e-14 
981.227000 1.09006e-14 
981.427000 1.10262e-14 
981.627000 1.11567e-14 
981.827000 1.12923e-14 
982.027000 1.1433e-14 
982.227000 1.15791e-14 
982.427000 1.17309e-14 
982.627000 1.18883e-14 
982.827000 1.20516e-14 
983.027000 1.22209e-14 
983.227000 1.23964e-14 
983.427000 1.25781e-14 
983.627000 1.27659e-14 
983.827000 1.296e-14 
984.027000 1.31606e-14 
984.227000 1.33678e-14 
984.427000 1.35817e-14 
984.628000 1.38036e-14 
984.828000 1.40318e-14 
985.028000 1.42671e-14 
985.228000 1.45098e-14 
985.428000 1.47615e-14 
985.628000 1.50167e-14 
986.028000 1.55513e-14 
986.428000 1.61123e-14 
986.828000 1.66971e-14 
987.228000 1.73059e-14 
987.628000 1.79386e-14 
988.028000 1.85959e-14 
988.428000 1.92808e-14 
988.828000 1.99883e-14 
989.228000 2.07111e-14 
990.028000 2.21777e-14 
990.828000 2.36667e-14 
991.628000 2.51973e-14 
992.028000 2.5968e-14 
992.428000 2.67256e-14 
992.828000 2.74374e-14 
993.228000 2.81182e-14 
994.028000 2.9456e-14 
994.428000 3.01129e-14 
994.828000 3.07226e-14 
995.228000 3.12803e-14 
995.628000 3.17943e-14 
996.028000 3.22773e-14 
996.428000 3.27185e-14 
996.828000 3.30959e-14 
997.228000 3.33968e-14 
997.628000 3.36414e-14 
998.028000 3.38699e-14 
998.228000 3.39846e-14 
998.428000 3.40882e-14 
998.628000 3.41501e-14 
998.828000 3.41883e-14 
999.228000 3.41796e-14 
999.628000 3.41234e-14 
1000.028000 3.40973e-14 
1000.228000 3.4087e-14 
1000.428000 3.40647e-14 
1000.628000 3.39823e-14 
1000.828000 3.38597e-14 
1001.028000 3.37219e-14 
1001.228000 3.35459e-14 
1001.428000 3.33623e-14 
1001.628000 3.31924e-14 
1001.828000 3.30279e-14 
1002.028000 3.28574e-14 
1002.428000 3.25053e-14 
1002.828000 3.20797e-14 
1003.228000 3.16015e-14 
1003.628000 3.10885e-14 
1004.028000 3.05522e-14 
1004.428000 2.99642e-14 
1004.828000 2.93681e-14 
1005.628000 2.81133e-14 
1006.428000 2.68166e-14 
1007.228000 2.55039e-14 
1008.028000 2.42014e-14 
1008.428000 2.35592e-14 
1008.828000 2.29411e-14 
1009.228000 2.23476e-14 
1009.628000 2.17687e-14 
1010.028000 2.1196e-14 
1010.228000 2.09149e-14 
1010.428000 2.06376e-14 
1010.628000 2.03788e-14 
1010.828000 2.01231e-14 
1011.028000 1.98751e-14 
1011.228000 1.96256e-14 
1011.628000 1.91471e-14 
1012.028000 1.86995e-14 
1012.428000 1.82777e-14 
1012.628000 1.80736e-14 
1012.828000 1.7876e-14 
1013.029000 1.76882e-14 
1013.229000 1.75072e-14 
1013.429000 1.73368e-14 
1013.629000 1.71667e-14 
1013.829000 1.70021e-14 
1014.029000 1.68472e-14 
1014.229000 1.66958e-14 
1014.429000 1.65548e-14 
1014.629000 1.64178e-14 
1014.829000 1.62876e-14 
1015.029000 1.61652e-14 
1015.229000 1.60431e-14 
1015.429000 1.59305e-14 
1015.629000 1.58223e-14 
1015.829000 1.57206e-14 
1016.029000 1.56257e-14 
1016.229000 1.5531e-14 
1016.429000 1.54446e-14 
1016.629000 1.53609e-14 
1016.829000 1.52823e-14 
1017.029000 1.52098e-14 
1017.229000 1.51383e-14 
1017.429000 1.50739e-14 
1017.629000 1.50118e-14 
1017.829000 1.49539e-14 
1018.029000 1.49009e-14 
1018.229000 1.485e-14 
1018.429000 1.48016e-14 
1018.629000 1.47567e-14 
1018.829000 1.47144e-14 
1019.029000 1.46763e-14 
1019.229000 1.46382e-14 
1019.429000 1.46049e-14 
1019.629000 1.45723e-14 
1019.829000 1.45433e-14 
1020.029000 1.45159e-14 
1020.429000 1.44656e-14 
1020.629000 1.44433e-14 
1020.829000 1.44219e-14 
1021.029000 1.44034e-14 
1021.229000 1.43846e-14 
1021.629000 1.4353e-14 
1022.029000 1.43264e-14 
1022.429000 1.43017e-14 
1022.829000 1.42792e-14 
1023.229000 1.42579e-14 
1023.629000 1.42368e-14 
1023.829000 1.42252e-14 
1023.929000 1.42203e-14 
1024.029000 1.42136e-14 
1024.129000 1.42038e-14 
1024.229000 1.41951e-14 
1024.329000 1.41873e-14 
1024.429000 1.41796e-14 
1024.529000 1.41703e-14 
1024.629000 1.41585e-14 
1024.729000 1.41463e-14 
1024.829000 1.41328e-14 
1024.929000 1.41172e-14 
1024.979000 1.41084e-14 
1025.029000 1.4099e-14 
1025.079000 1.40888e-14 
1025.129000 1.40771e-14 
1025.179000 1.40637e-14 
1025.229000 1.40488e-14 
1025.279000 1.40319e-14 
1025.329000 1.40132e-14 
1025.379000 1.39925e-14 
1025.429000 1.39694e-14 
1025.479000 1.39444e-14 
1025.529000 1.3917e-14 
1025.539000 1.39114e-14 
1025.579000 1.38871e-14 
1025.584000 1.38841e-14 
1025.629000 1.38546e-14 
1025.675000 1.38229e-14 
1025.720000 1.38e-14 
1025.765000 1.38198e-14 
1025.805000 1.38582e-14 
1025.810000 1.38631e-14 
1025.855000 1.39064e-14 
1025.906000 1.39525e-14 
1025.956000 1.39957e-14 
1026.006000 1.40363e-14 
1026.056000 1.40749e-14 
1026.106000 1.41112e-14 
1026.156000 1.41455e-14 
1026.206000 1.41779e-14 
1026.256000 1.42084e-14 
1026.306000 1.42372e-14 
1026.356000 1.42645e-14 
1026.406000 1.42902e-14 
1026.456000 1.43145e-14 
1026.506000 1.43378e-14 
1026.556000 1.43606e-14 
1026.656000 1.44044e-14 
1026.756000 1.44461e-14 
1026.856000 1.44865e-14 
1026.956000 1.45264e-14 
1027.056000 1.45644e-14 
1027.156000 1.46006e-14 
1027.256000 1.46368e-14 
1027.356000 1.46739e-14 
1027.456000 1.47114e-14 
1027.556000 1.4747e-14 
1027.656000 1.47809e-14 
1027.856000 1.48492e-14 
1028.256000 1.49858e-14 
1029.056000 1.52594e-14 
1029.456000 1.53954e-14 
1029.856000 1.55338e-14 
1030.056000 1.56047e-14 
1030.256000 1.56748e-14 
1030.456000 1.57475e-14 
1030.656000 1.58235e-14 
1030.856000 1.59042e-14 
1031.056000 1.59892e-14 
1031.256000 1.60763e-14 
1031.456000 1.61697e-14 
1031.656000 1.6262e-14 
1032.056000 1.64518e-14 
1032.456000 1.6643e-14 
1032.856000 1.6841e-14 
1033.256000 1.70442e-14 
1033.656000 1.72553e-14 
1033.856000 1.73666e-14 
1033.956000 1.74227e-14 
1034.056000 1.74742e-14 
1034.156000 1.75195e-14 
1034.256000 1.7564e-14 
1034.356000 1.76087e-14 
1034.456000 1.76532e-14 
1034.556000 1.76958e-14 
1034.656000 1.77371e-14 
1034.756000 1.77778e-14 
1034.856000 1.78185e-14 
1034.956000 1.78597e-14 
1035.056000 1.79081e-14 
1035.156000 1.79646e-14 
1035.355000 1.80807e-14 
1035.455000 1.81416e-14 
1035.555000 1.82062e-14 
1035.655000 1.82766e-14 
1035.755000 1.83493e-14 
1035.855000 1.84243e-14 
1035.955000 1.85024e-14 
1036.055000 1.85865e-14 
1036.155000 1.86761e-14 
1036.255000 1.87706e-14 
1036.355000 1.88693e-14 
1036.455000 1.89734e-14 
1036.555000 1.9088e-14 
1036.655000 1.92144e-14 
1036.755000 1.93487e-14 
1036.855000 1.94925e-14 
1036.955000 1.96463e-14 
1037.055000 1.98006e-14 
1037.155000 1.9956e-14 
1037.255000 2.01216e-14 
1037.355000 2.0299e-14 
1037.455000 2.04888e-14 
1037.555000 2.06657e-14 
1037.655000 2.08325e-14 
1037.855000 2.11896e-14 
1038.055000 2.1569e-14 
1038.155000 2.17573e-14 
1038.255000 2.19513e-14 
1038.355000 2.21568e-14 
1038.455000 2.23698e-14 
1038.555000 2.25835e-14 
1038.655000 2.27987e-14 
1038.755000 2.30211e-14 
1038.855000 2.32529e-14 
1038.955000 2.34974e-14 
1039.055000 2.37194e-14 
1039.155000 2.39224e-14 
1039.354000 2.43456e-14 
1039.454000 2.45672e-14 
1039.554000 2.47683e-14 
1039.654000 2.49449e-14 
1039.755000 2.5126e-14 
1039.854000 2.53075e-14 
1040.054000 2.56808e-14 
1040.254000 2.60574e-14 
1040.454000 2.64494e-14 
1040.654000 2.68733e-14 
1040.854000 2.73236e-14 
1041.054000 2.77889e-14 
1041.454000 2.87385e-14 
1041.854000 2.96466e-14 
1042.254000 3.05047e-14 
1042.654000 3.13411e-14 
1043.054000 3.21984e-14 
1043.454000 3.31164e-14 
1043.854000 3.40855e-14 
1044.254000 3.50946e-14 
1044.654000 3.6148e-14 
1044.854000 3.6695e-14 
1045.054000 3.72651e-14 
1045.254000 3.78659e-14 
1045.454000 3.84861e-14 
1045.654000 3.9149e-14 
1045.854000 3.98328e-14 
1046.054000 4.0527e-14 
1046.254000 4.1219e-14 
1046.454000 4.19168e-14 
1046.654000 4.25632e-14 
1046.854000 4.31872e-14 
1047.054000 4.37805e-14 
1047.254000 4.42979e-14 
1047.454000 4.48086e-14 
1047.854000 4.57762e-14 
1048.054000 4.62801e-14 
1048.254000 4.68267e-14 
1048.454000 4.73962e-14 
1048.654000 4.80446e-14 
1048.854000 4.87448e-14 
1049.254000 5.02227e-14 
1049.654000 5.16974e-14 
1049.854000 5.23934e-14 
1050.054000 5.30374e-14 
1050.254000 5.35459e-14 
1050.454000 5.40298e-14 
1050.654000 5.44166e-14 
1050.854000 5.47404e-14 
1051.254000 5.52768e-14 
1051.654000 5.57267e-14 
1052.054000 5.61411e-14 
1052.454000 5.65181e-14 
1052.854000 5.68171e-14 
1053.254000 5.70263e-14 
1053.654000 5.71681e-14 
1054.054000 5.72989e-14 
1054.454000 5.75032e-14 
1054.854000 5.78142e-14 
1055.254000 5.81464e-14 
1055.654000 5.84147e-14 
1055.854000 5.84907e-14 
1056.054000 5.84996e-14 
1056.254000 5.84227e-14 
1056.454000 5.83183e-14 
1056.654000 5.81073e-14 
1056.854000 5.78558e-14 
1057.054000 5.75895e-14 
1057.454000 5.69975e-14 
1057.654000 5.67511e-14 
1057.854000 5.65251e-14 
1058.054000 5.63556e-14 
1058.254000 5.62853e-14 
1058.454000 5.62342e-14 
1058.654000 5.63296e-14 
1058.854000 5.64774e-14 
1059.054000 5.6678e-14 
1059.254000 5.70149e-14 
1059.454000 5.73703e-14 
1059.653000 5.78243e-14 
1059.853000 5.83375e-14 
1060.053000 5.88954e-14 
1060.253000 5.95469e-14 
1060.453000 6.02227e-14 
1060.653000 6.10066e-14 
1060.853000 6.18502e-14 
1061.053000 6.27607e-14 
1061.253000 6.3814e-14 
1061.453000 6.49179e-14 
1061.653000 6.61661e-14 
1061.853000 6.75221e-14 
1062.053000 6.89761e-14 
1062.253000 7.06042e-14 
1062.453000 7.23181e-14 
1062.653000 7.41475e-14 
1062.853000 7.60845e-14 
1063.053000 7.8091e-14 
1063.453000 8.22073e-14 
1063.853000 8.62714e-14 
1064.053000 8.82349e-14 
1064.253000 9.00482e-14 
1064.453000 9.18611e-14 
1064.653000 9.34711e-14 
1064.853000 9.49927e-14 
1065.053000 9.64307e-14 
1065.252000 9.77579e-14 
1065.452000 9.90384e-14 
1065.852000 1.01477e-13 
1066.252000 1.03861e-13 
1066.652000 1.06213e-13 
1067.052000 1.08454e-13 
1067.253000 1.09497e-13 
1067.453000 1.10497e-13 
1067.652000 1.11228e-13 
1067.853000 1.11872e-13 
1068.052000 1.12377e-13 
1068.252000 1.12532e-13 
1068.452000 1.12645e-13 
1068.652000 1.12436e-13 
1068.852000 1.12064e-13 
1069.052000 1.11577e-13 
1069.252000 1.10863e-13 
1069.452000 1.10091e-13 
1069.852000 1.08331e-13 
1070.252000 1.06557e-13 
1070.652000 1.04958e-13 
1071.052000 1.03611e-13 
1071.452000 1.02601e-13 
1071.852000 1.01819e-13 
1072.252000 1.01135e-13 
1072.652000 1.00421e-13 
1073.052000 9.9545e-14 
1073.452000 9.83865e-14 
1073.852000 9.6981e-14 
1074.252000 9.53255e-14 
1074.652000 9.35678e-14 
1075.052000 9.18428e-14 
1075.252000 9.10534e-14 
1075.452000 9.03213e-14 
1075.652000 8.96934e-14 
1075.852000 8.91385e-14 
1076.052000 8.86866e-14 
1076.252000 8.84372e-14 
1076.452000 8.82209e-14 
1076.652000 8.82317e-14 
1076.852000 8.83486e-14 
1077.052000 8.85636e-14 
1077.252000 8.90754e-14 
1077.452000 8.96172e-14 
1077.652000 9.04019e-14 
1077.852000 9.13213e-14 
1078.052000 9.23599e-14 
1078.252000 9.36618e-14 
1078.452000 9.50173e-14 
1078.652000 9.66104e-14 
1078.852000 9.83313e-14 
1079.052000 1.00165e-13 
1079.252000 1.02187e-13 
1079.451000 1.04296e-13 
1079.651000 1.06561e-13 
1079.851000 1.08898e-13 
1080.051000 1.11339e-13 
1080.451000 1.16451e-13 
1080.851000 1.21737e-13 
1081.251000 1.27098e-13 
1081.651000 1.32385e-13 
1082.051000 1.37495e-13 
1082.451000 1.42231e-13 
1082.851000 1.46664e-13 
1083.251000 1.50649e-13 
1083.651000 1.54211e-13 
1084.052000 1.57413e-13 
1084.452000 1.60175e-13 
1084.852000 1.62609e-13 
1085.252000 1.64746e-13 
1085.652000 1.66617e-13 
1086.052000 1.68212e-13 
1086.452000 1.69663e-13 
1087.252000 1.72144e-13 
1088.052000 1.74143e-13 
1088.852000 1.758e-13 
1089.652000 1.77218e-13 
1090.452000 1.78392e-13 
1091.252000 1.7937e-13 
1092.852000 1.80788e-13 
1094.452000 1.81749e-13 
1096.052000 1.82397e-13 
1097.652000 1.82804e-13 
1099.252000 1.83009e-13 
1102.452000 1.83007e-13 
1105.652000 1.82555e-13 
1108.852000 1.8178e-13 
1112.052000 1.80667e-13 
1115.252000 1.79275e-13 
1118.452000 1.77803e-13 
1121.651000 1.76399e-13 
1124.851000 1.75008e-13 
1128.051000 1.73526e-13 
1131.251000 1.71734e-13 
1134.451000 1.69473e-13 
1137.651000 1.66935e-13 
1140.851000 1.64314e-13 
1144.051000 1.6149e-13 
1147.251000 1.58206e-13 
1150.451000 1.54517e-13 
1153.651000 1.50567e-13 
1156.851000 1.46306e-13 
1158.451000 1.43972e-13 
1160.051000 1.41537e-13 
1161.651000 1.38949e-13 
1163.251000 1.36286e-13 
1166.451000 1.3078e-13 
1168.051000 1.27957e-13 
1169.651000 1.25063e-13 
1171.251000 1.21993e-13 
1172.851000 1.18728e-13 
1174.451000 1.15342e-13 
1176.051000 1.11938e-13 
1179.251000 1.05141e-13 
1182.451000 9.82421e-14 
1184.051000 9.47672e-14 
1185.651000 9.13758e-14 
1187.250000 8.81279e-14 
1188.850000 8.50344e-14 
1189.650000 8.35376e-14 
1190.450000 8.20902e-14 
1191.250000 8.06952e-14 
1192.050000 7.93496e-14 
1192.851000 7.80691e-14 
1193.651000 7.68563e-14 
1194.451000 7.57121e-14 
1195.251000 7.46376e-14 
1196.051000 7.36361e-14 
1196.451000 7.31611e-14 
1196.851000 7.27081e-14 
1197.251000 7.22731e-14 
1197.651000 7.18565e-14 
1198.051000 7.14615e-14 
1198.451000 7.10839e-14 
1198.851000 7.07288e-14 
1199.251000 7.03914e-14 
1199.651000 7.00729e-14 
1200.051000 6.97741e-14 
1200.451000 6.94922e-14 
1200.851000 6.9229e-14 
1201.251000 6.89851e-14 
1201.651000 6.87592e-14 
1202.051000 6.85515e-14 
1202.451000 6.83618e-14 
1202.851000 6.81893e-14 
1203.251000 6.80334e-14 
1203.651000 6.78943e-14 
1204.051000 6.77708e-14 
1204.451000 6.76624e-14 
1204.851000 6.75677e-14 
1205.251000 6.74869e-14 
1205.651000 6.74193e-14 
1206.051000 6.73642e-14 
1206.451000 6.73213e-14 
1206.851000 6.72897e-14 
1207.251000 6.72691e-14 
1207.651000 6.7258e-14 
1208.052000 6.72565e-14 
1208.452000 6.72641e-14 
1208.852000 6.72803e-14 
1209.252000 6.73038e-14 
1209.652000 6.73343e-14 
1210.052000 6.73703e-14 
1210.452000 6.74126e-14 
1210.852000 6.74582e-14 
1211.252000 6.75078e-14 
1211.652000 6.75604e-14 
1212.052000 6.76153e-14 
1212.852000 6.77311e-14 
1213.252000 6.77894e-14 
1213.452000 6.78178e-14 
1213.652000 6.7845e-14 
1213.852000 6.78703e-14 
1213.952000 6.78818e-14 
1214.052000 6.78923e-14 
1214.102000 6.78972e-14 
1214.152000 6.7901e-14 
1214.202000 6.79025e-14 
1214.252000 6.78974e-14 
1214.302000 6.78726e-14 
1214.352000 6.7835e-14 
1214.402000 6.77891e-14 
1214.452000 6.77245e-14 
1214.502000 6.76418e-14 
1214.552000 6.75556e-14 
1214.602000 6.74855e-14 
1214.652000 6.74198e-14 
1214.702000 6.73569e-14 
1214.752000 6.7299e-14 
1214.802000 6.72579e-14 
1214.852000 6.7219e-14 
1214.902000 6.71548e-14 
1214.953000 6.70747e-14 
1215.003000 6.70013e-14 
1215.053000 6.69507e-14 
1215.103000 6.69324e-14 
1215.153000 6.69342e-14 
1215.203000 6.69489e-14 
1215.252000 6.69686e-14 
1215.253000 6.6969e-14 
1215.303000 6.69908e-14 
1215.353000 6.70132e-14 
1215.453000 6.70581e-14 
1215.621000 6.71336e-14 
1215.635000 6.71398e-14 
1215.653000 6.71479e-14 
1215.671000 6.7156e-14 
1215.721000 6.71785e-14 
1215.821000 6.72235e-14 
1215.921000 6.72684e-14 
1215.971000 6.72909e-14 
1216.021000 6.73135e-14 
1216.071000 6.73363e-14 
1216.121000 6.73602e-14 
1216.171000 6.73874e-14 
1216.221000 6.74252e-14 
1216.271000 6.74793e-14 
1216.321000 6.75601e-14 
1216.371000 6.76759e-14 
1216.421000 6.77987e-14 
1216.471000 6.79202e-14 
1216.521000 6.80097e-14 
1216.572000 6.80916e-14 
1216.621000 6.81884e-14 
1216.672000 6.82975e-14 
1216.722000 6.84075e-14 
1216.772000 6.85198e-14 
1216.822000 6.86455e-14 
1216.872000 6.87805e-14 
1216.922000 6.88991e-14 
1216.972000 6.89999e-14 
1217.022000 6.90835e-14 
1217.072000 6.91638e-14 
1217.122000 6.92208e-14 
1217.172000 6.92666e-14 
1217.222000 6.93087e-14 
1217.322000 6.93895e-14 
1217.422000 6.94688e-14 
1217.522000 6.95468e-14 
1217.722000 6.9701e-14 
1218.122000 7.00032e-14 
1218.522000 7.03025e-14 
1219.322000 7.0905e-14 
1220.122000 7.15148e-14 
1220.522000 7.18219e-14 
1220.922000 7.21328e-14 
1221.322000 7.24493e-14 
1221.722000 7.27735e-14 
1222.122000 7.31062e-14 
1222.522000 7.34437e-14 
1223.322000 7.41202e-14 
1223.722000 7.44581e-14 
1224.122000 7.4799e-14 
1224.522000 7.51488e-14 
1224.922000 7.55111e-14 
1225.323000 7.58885e-14 
1225.723000 7.62802e-14 
1226.123000 7.66815e-14 
1226.523000 7.70846e-14 
1226.923000 7.74831e-14 
1227.323000 7.78654e-14 
1227.723000 7.82363e-14 
1228.123000 7.85966e-14 
1228.523000 7.89595e-14 
1228.923000 7.93286e-14 
1229.123000 7.95166e-14 
1229.323000 7.9714e-14 
1229.523000 7.99213e-14 
1229.723000 8.01326e-14 
1229.923000 8.03535e-14 
1230.123000 8.05893e-14 
1230.323000 8.08329e-14 
1230.523000 8.10925e-14 
1230.722000 8.1362e-14 
1230.922000 8.16423e-14 
1231.122000 8.1945e-14 
1231.322000 8.22559e-14 
1231.522000 8.25833e-14 
1231.722000 8.29252e-14 
1231.922000 8.32821e-14 
1232.122000 8.3653e-14 
1232.322000 8.40397e-14 
1232.522000 8.44396e-14 
1232.722000 8.48514e-14 
1232.922000 8.52787e-14 
1233.122000 8.5719e-14 
1233.522000 8.66331e-14 
1233.922000 8.75898e-14 
1234.322000 8.85839e-14 
1234.722000 8.96055e-14 
1235.122000 9.06458e-14 
1235.922000 9.27671e-14 
1236.722000 9.49253e-14 
1237.522000 9.71337e-14 
1238.322000 9.94309e-14 
1239.122000 1.01826e-13 
1239.922000 1.04313e-13 
1240.722000 1.06865e-13 
1242.322000 1.12048e-13 
1243.922000 1.17345e-13 
1245.522000 1.22736e-13 
1246.322000 1.25411e-13 
1247.122000 1.28031e-13 
1247.922000 1.3062e-13 
1248.722000 1.33148e-13 
1249.522000 1.35645e-13 
1250.322000 1.38169e-13 
1251.122000 1.40583e-13 
1251.922000 1.42888e-13 
1252.722000 1.45136e-13 
1253.522000 1.47312e-13 
1255.122000 1.51596e-13 
1256.722000 1.55796e-13 
1258.322000 1.59701e-13 
1259.922000 1.63281e-13 
1261.522000 1.66689e-13 
1263.122000 1.70031e-13 
1264.722000 1.73278e-13 
1266.322000 1.76186e-13 
1267.922000 1.78873e-13 
1269.522000 1.81376e-13 
1271.122000 1.83878e-13 
1272.722000 1.86298e-13 
1274.322000 1.88595e-13 
1275.922000 1.90759e-13 
1277.522000 1.92806e-13 
1280.722000 1.9669e-13 
1283.922000 2.00257e-13 
1287.122000 2.03513e-13 
1290.322000 2.06518e-13 
1293.522000 2.09241e-13 
1296.722000 2.11765e-13 
1299.844000 2.14247e-13 
1299.922000 2.14309e-13 
1300.000000 2.14372e-13 
1305.000000 2.1828e-13 
1310.000000 2.21782e-13 
1315.000000 2.252e-13 
1320.000000 2.28185e-13 
1325.000000 2.30918e-13 
1330.000000 2.33809e-13 
1340.000000 2.39919e-13 
1350.000000 2.4671e-13 
1355.000000 2.49794e-13 
1357.500000 2.51316e-13 
1360.000000 2.52712e-13 
1362.500000 2.53959e-13 
1365.000000 2.55009e-13 
1367.500000 2.55971e-13 
1370.000000 2.56954e-13 
1372.500000 2.58043e-13 
1375.000000 2.59192e-13 
1377.500000 2.60362e-13 
1380.000000 2.61493e-13 
1385.000000 2.63473e-13 
1387.500000 2.64468e-13 
1390.000000 2.65661e-13 
1392.500000 2.67189e-13 
1395.000000 2.69206e-13 
1397.500000 2.71426e-13 
1400.000000 2.74022e-13 
1402.500000 2.76861e-13 
1405.000000 2.79786e-13 
1407.500000 2.82703e-13 
1410.000000 2.85519e-13 
1412.500000 2.88186e-13 
1415.000000 2.90687e-13 
1417.500000 2.9303e-13 
1420.000000 2.95239e-13 
1425.000000 2.99365e-13 
1430.000000 3.03315e-13 
1435.000000 3.07203e-13 
1445.000000 3.15025e-13 
1465.000000 3.31221e-13 
1485.000000 3.48352e-13 
1505.000000 3.66438e-13 
1525.000000 3.85449e-13 
1545.000000 4.05346e-13 
1565.000000 4.26092e-13 
1585.000000 4.47646e-13 
1605.000000 4.69968e-13 
1625.000000 4.9301e-13 
1645.000000 5.16725e-13 
1665.000000 5.41065e-13 
1685.000000 5.65982e-13 
1705.000000 5.91432e-13 
1725.000000 6.17363e-13 
1745.000000 6.43724e-13 
1765.000000 6.70468e-13 
1785.000000 6.97549e-13 
1805.000000 7.2492e-13 
1825.000000 7.52532e-13 
1845.000000 7.80342e-13 
1865.000000 8.08307e-13 
1885.000000 8.36379e-13 
1905.000000 8.64517e-13 
1925.000000 8.9268e-13 
1945.000000 9.20828e-13 
1965.000000 9.4892e-13 
1985.000000 9.76921e-13 
2005.000000 1.00479e-12 
2025.000000 1.0325e-12 
2045.000000 1.06001e-12 
2065.000000 1.0873e-12 
2085.000000 1.11432e-12 
2105.000000 1.14106e-12 
2125.000000 1.16749e-12 
2145.000000 1.19358e-12 
2165.000000 1.2193e-12 
2185.000000 1.24464e-12 
2205.000000 1.26957e-12 
2225.000000 1.29408e-12 
2245.000000 1.31815e-12 
2265.000000 1.34176e-12 
2285.000000 1.36489e-12 
2305.000000 1.38753e-12 
2325.000000 1.40968e-12 
2345.000000 1.43131e-12 
2365.000000 1.45241e-12 
2385.000000 1.47299e-12 
2405.000000 1.49303e-12 
2425.000000 1.51252e-12 
2445.000000 1.53146e-12 
2465.000000 1.54985e-12 
2485.000000 1.56767e-12 
2505.000000 1.58493e-12 
2525.000000 1.60163e-12 
2545.000000 1.61777e-12 
2565.000000 1.63334e-12 
2585.000000 1.64834e-12 
2605.000000 1.66278e-12 
2625.000000 1.67666e-12 
2645.000000 1.68999e-12 
2665.000000 1.70275e-12 
2685.000000 1.71497e-12 
2705.000000 1.72663e-12 
2725.000000 1.73776e-12 
2745.000000 1.74834e-12 
2765.000000 1.75839e-12 
2785.000000 1.76792e-12 
2805.000000 1.77693e-12 
2825.000000 1.78542e-12 
2845.000000 1.79341e-12 
2865.000000 1.8009e-12 
2885.000000 1.80789e-12 
2905.000000 1.8144e-12 
2925.000000 1.82044e-12 
2945.000000 1.82601e-12 
2965.000000 1.83111e-12 
2985.000000 1.83577e-12 
3005.000000 1.83998e-12 
3025.000000 1.84376e-12 
3045.000000 1.84711e-12 
3065.000000 1.85005e-12 
3085.000000 1.85257e-12 
3105.000000 1.8547e-12 
3125.000000 1.85644e-12 
3145.000000 1.85779e-12 
3165.000000 1.85877e-12 
3185.000000 1.85938e-12 
3205.000000 1.85964e-12 
3225.000000 1.85956e-12 
3245.000000 1.85913e-12 
3265.000000 1.85838e-12 
3285.000000 1.8573e-12 
3305.000000 1.85591e-12 
3325.000000 1.85422e-12 
3345.000000 1.85223e-12 
3365.000000 1.84995e-12 
3385.000000 1.8474e-12 
3405.000000 1.84457e-12 
3425.000000 1.84148e-12 
3445.000000 1.83813e-12 
3465.000000 1.83454e-12 
3485.000000 1.83071e-12 
3505.000000 1.82664e-12 
3525.000000 1.82235e-12 
3545.000000 1.81784e-12 
3565.000000 1.81312e-12 
3585.000000 1.8082e-12 
3605.000000 1.80308e-12 
3625.000000 1.79777e-12 
3642.820000 1.79288e-12 
3644.360000 1.79245e-12 
3645.000000 1.79227e-12 
3647.180000 1.79166e-12 
3650.000000 1.79087e-12 
3660.000000 1.78803e-12 
3670.000000 1.78515e-12 
3676.145000 1.78336e-12 
3679.828000 1.78228e-12 
3680.000000 1.78223e-12 
3683.159000 1.7813e-12 
3683.855000 1.78109e-12 
3687.005000 1.78016e-12 
3687.882000 1.7799e-12 
3692.605000 1.77849e-12 
3698.205000 1.7768e-12 
3702.703000 1.77544e-12 
3703.805000 1.77511e-12 
3704.907000 1.77477e-12 
3707.111000 1.7741e-12 
3710.009000 1.77322e-12 
3711.518000 1.77275e-12 
3713.027000 1.77229e-12 
3716.046000 1.77136e-12 
3721.168000 1.76977e-12 
3721.536000 1.76966e-12 
3722.083000 1.76949e-12 
3722.997000 1.76921e-12 
3724.826000 1.76864e-12 
3728.483000 1.76749e-12 
3735.430000 1.76531e-12 
3742.377000 1.76311e-12 
3747.430000 1.76149e-12 
3749.324000 1.76088e-12 
3751.218000 1.76027e-12 
3755.006000 1.75905e-12 
3758.794000 1.75783e-12 
3761.040000 1.7571e-12 
3762.582000 1.7566e-12 
3766.370000 1.75535e-12 
3769.036000 1.75447e-12 
3770.368000 1.75403e-12 
3771.701000 1.75359e-12 
3773.034000 1.75316e-12 
3774.366000 1.75273e-12 
3775.699000 1.7523e-12 
3777.031000 1.75187e-12 
3778.364000 1.75143e-12 
3781.029000 1.75056e-12 
3783.694000 1.74968e-12 
3786.360000 1.74879e-12 
3789.025000 1.74788e-12 
3791.690000 1.74697e-12 
3794.355000 1.74604e-12 
3795.065000 1.7458e-12 
3797.021000 1.74512e-12 
3797.999000 1.74478e-12 
3798.976000 1.74444e-12 
3799.954000 1.74412e-12 
3800.931000 1.74381e-12 
3801.909000 1.7435e-12 
3802.887000 1.74318e-12 
3803.864000 1.74287e-12 
3805.819000 1.74224e-12 
3807.774000 1.7416e-12 
3809.730000 1.74096e-12 
3811.685000 1.74031e-12 
3813.640000 1.73965e-12 
3815.596000 1.73899e-12 
3817.551000 1.73832e-12 
3819.506000 1.73763e-12 
3821.462000 1.73693e-12 
3823.417000 1.73623e-12 
3825.372000 1.73552e-12 
3827.328000 1.7348e-12 
3829.283000 1.73406e-12 
3829.915000 1.73383e-12 
3833.194000 1.73259e-12 
3834.833000 1.73197e-12 
3835.652000 1.73166e-12 
3836.062000 1.73151e-12 
3836.472000 1.73136e-12 
3836.882000 1.73122e-12 
3837.292000 1.73109e-12 
3837.701000 1.73096e-12 
3838.111000 1.73084e-12 
3838.521000 1.73071e-12 
3838.930000 1.73058e-12 
3839.340000 1.73045e-12 
3839.750000 1.73033e-12 
3840.159000 1.7302e-12 
3840.979000 1.72995e-12 
3842.618000 1.72944e-12 
3845.896000 1.72841e-12 
3847.535000 1.72789e-12 
3849.175000 1.72736e-12 
3850.814000 1.72683e-12 
3852.453000 1.72629e-12 
3854.092000 1.72574e-12 
3855.731000 1.72519e-12 
3857.370000 1.72462e-12 
3859.010000 1.72405e-12 
3860.649000 1.72347e-12 
3862.288000 1.72289e-12 
3863.927000 1.72229e-12 
3865.566000 1.72169e-12 
3867.205000 1.72107e-12 
3868.844000 1.72045e-12 
3870.484000 1.71983e-12 
3872.123000 1.71919e-12 
3873.762000 1.71854e-12 
3875.401000 1.71788e-12 
3877.040000 1.71722e-12 
3878.679000 1.71655e-12 
3880.319000 1.71586e-12 
3881.958000 1.71518e-12 
3883.597000 1.71449e-12 
3885.236000 1.71379e-12 
3886.879000 1.71309e-12 
3887.697000 1.71274e-12 
3888.514000 1.7124e-12 
3888.923000 1.71222e-12 
3889.332000 1.71205e-12 
3889.741000 1.71189e-12 
3890.150000 1.71173e-12 
3890.559000 1.71159e-12 
3890.968000 1.71146e-12 
3891.377000 1.71134e-12 
3891.786000 1.71121e-12 
3892.604000 1.71097e-12 
3894.239000 1.71049e-12 
3897.510000 1.70952e-12 
3900.781000 1.70854e-12 
3904.052000 1.70753e-12 
3905.688000 1.70703e-12 
3907.323000 1.70651e-12 
3908.958000 1.70599e-12 
3910.594000 1.70546e-12 
3912.229000 1.70492e-12 
3913.865000 1.70437e-12 
3915.500000 1.70382e-12 
3917.136000 1.70326e-12 
3918.771000 1.70269e-12 
3920.407000 1.70212e-12 
3922.042000 1.70153e-12 
3923.678000 1.70094e-12 
3926.949000 1.69975e-12 
3930.220000 1.69853e-12 
3933.491000 1.69728e-12 
3935.126000 1.69665e-12 
3936.762000 1.696e-12 
3938.397000 1.69535e-12 
3940.033000 1.69469e-12 
3941.668000 1.69402e-12 
3943.304000 1.69335e-12 
3944.939000 1.69267e-12 
3946.575000 1.69197e-12 
3949.846000 1.69055e-12 
3951.481000 1.68984e-12 
3953.117000 1.68912e-12 
3954.752000 1.68839e-12 
3956.388000 1.68764e-12 
3958.023000 1.68691e-12 
3959.659000 1.68616e-12 
3961.294000 1.68541e-12 
3962.930000 1.68465e-12 
3964.565000 1.68389e-12 
3966.201000 1.68313e-12 
3967.750000 1.6824e-12 
3967.836000 1.68236e-12 
3968.611000 1.68199e-12 
3969.472000 1.68158e-12 
3970.333000 1.68116e-12 
3970.764000 1.68095e-12 
3970.979000 1.68084e-12 
3971.086000 1.68079e-12 
3971.194000 1.68074e-12 
3971.302000 1.68071e-12 
3971.409000 1.68067e-12 
3971.517000 1.68065e-12 
3971.625000 1.68062e-12 
3971.732000 1.68059e-12 
3971.840000 1.68056e-12 
3971.948000 1.68053e-12 
3972.055000 1.6805e-12 
3972.163000 1.68047e-12 
3972.271000 1.68044e-12 
3972.378000 1.68041e-12 
3972.486000 1.68038e-12 
3972.594000 1.68035e-12 
3972.701000 1.68032e-12 
3972.809000 1.68029e-12 
3972.916000 1.68026e-12 
3973.132000 1.6802e-12 
3973.563000 1.68008e-12 
3974.424000 1.67983e-12 
3976.146000 1.67932e-12 
3977.868000 1.6788e-12 
3979.590000 1.67829e-12 
3981.312000 1.67776e-12 
3983.034000 1.67724e-12 
3984.757000 1.67671e-12 
3986.479000 1.67617e-12 
3988.201000 1.67564e-12 
3989.923000 1.6751e-12 
3991.645000 1.67454e-12 
3993.367000 1.67398e-12 
3995.090000 1.67343e-12 
3996.812000 1.67287e-12 
3998.534000 1.6723e-12 
4000.256000 1.67171e-12 
4001.978000 1.67112e-12 
4003.700000 1.67052e-12 
4007.145000 1.66931e-12 
4010.589000 1.66806e-12 
4014.033000 1.66679e-12 
4017.478000 1.6655e-12 
4020.922000 1.66419e-12 
4024.366000 1.66287e-12 
4027.811000 1.66154e-12 
4031.255000 1.66019e-12 
4034.699000 1.65883e-12 
4038.144000 1.65746e-12 
4041.588000 1.65607e-12 
4045.032000 1.65467e-12 
4048.477000 1.65326e-12 
4051.921000 1.65182e-12 
4055.365000 1.65037e-12 
4058.810000 1.6489e-12 
4062.254000 1.6474e-12 
4065.698000 1.64587e-12 
4069.143000 1.64433e-12 
4072.587000 1.64277e-12 
4074.309000 1.64199e-12 
4076.031000 1.6412e-12 
4077.754000 1.6404e-12 
4079.476000 1.6396e-12 
4082.920000 1.63799e-12 
4086.365000 1.63636e-12 
4089.809000 1.6347e-12 
4090.502000 1.63437e-12 
4093.253000 1.63304e-12 
4093.600000 1.63287e-12 
4095.148000 1.63211e-12 
4096.697000 1.63135e-12 
4098.246000 1.63058e-12 
4099.021000 1.63019e-12 
4099.795000 1.6298e-12 
4100.569000 1.6294e-12 
4101.344000 1.629e-12 
4101.731000 1.62879e-12 
4102.118000 1.62859e-12 
4102.312000 1.62848e-12 
4102.505000 1.62838e-12 
4102.602000 1.62833e-12 
4102.698000 1.62829e-12 
4102.795000 1.62825e-12 
4102.842000 1.62823e-12 
4102.892000 1.62821e-12 
4102.942000 1.62819e-12 
4103.042000 1.62815e-12 
4103.242000 1.62808e-12 
4103.442000 1.62802e-12 
4103.643000 1.62796e-12 
4104.042000 1.62785e-12 
4104.842000 1.62762e-12 
4105.642000 1.62739e-12 
4106.442000 1.62714e-12 
4107.242000 1.62689e-12 
4108.042000 1.62664e-12 
4109.642000 1.62612e-12 
4111.242000 1.62561e-12 
4112.842000 1.62508e-12 
4114.442000 1.62455e-12 
4116.042000 1.62402e-12 
4117.642000 1.62347e-12 
4119.242000 1.62294e-12 
4120.842000 1.6224e-12 
4122.442000 1.62185e-12 
4124.042000 1.62129e-12 
4127.243000 1.62017e-12 
4130.443000 1.61904e-12 
4133.643000 1.61788e-12 
4136.843000 1.61673e-12 
4140.043000 1.61556e-12 
4143.244000 1.61438e-12 
4146.443000 1.61317e-12 
4149.644000 1.61195e-12 
4152.844000 1.61071e-12 
4156.044000 1.60947e-12 
4159.244000 1.6082e-12 
4162.445000 1.60693e-12 
4165.645000 1.60564e-12 
4172.045000 1.60304e-12 
4178.445000 1.60042e-12 
4184.845000 1.59778e-12 
4191.245000 1.59512e-12 
4197.645000 1.59244e-12 
4204.044000 1.58976e-12 
4210.444000 1.58706e-12 
4216.844000 1.58436e-12 
4223.244000 1.58164e-12 
4229.644000 1.57892e-12 
4236.044000 1.57619e-12 
4242.444000 1.57344e-12 
4248.844000 1.57068e-12 
4255.244000 1.56791e-12 
4261.644000 1.56512e-12 
4268.043000 1.56231e-12 
4274.443000 1.55947e-12 
4280.843000 1.5566e-12 
4287.243000 1.55369e-12 
4293.643000 1.55077e-12 
4296.843000 1.54929e-12 
4300.043000 1.54781e-12 
4303.243000 1.54632e-12 
4306.443000 1.54482e-12 
4309.644000 1.54331e-12 
4312.843000 1.5418e-12 
4316.044000 1.54028e-12 
4319.244000 1.53874e-12 
4322.444000 1.53719e-12 
4325.644000 1.53563e-12 
4328.845000 1.53406e-12 
4332.044000 1.53248e-12 
4333.645000 1.53169e-12 
4335.245000 1.53089e-12 
4336.845000 1.53008e-12 
4337.646000 1.52967e-12 
4338.445000 1.52925e-12 
4338.845000 1.52904e-12 
4339.245000 1.52883e-12 
4339.645000 1.52861e-12 
4339.845000 1.5285e-12 
4340.045000 1.52839e-12 
4340.245000 1.52828e-12 
4340.445000 1.52816e-12 
4340.646000 1.52805e-12 
4340.846000 1.52792e-12 
4341.046000 1.52779e-12 
4341.146000 1.52772e-12 
4341.246000 1.52765e-12 
4341.346000 1.52758e-12 
4341.446000 1.5275e-12 
4341.497000 1.52745e-12 
4341.546000 1.52741e-12 
4341.596000 1.52738e-12 
4341.610000 1.52737e-12 
4341.632000 1.52736e-12 
4341.646000 1.52735e-12 
4341.682000 1.52733e-12 
4341.732000 1.52731e-12 
4341.782000 1.5273e-12 
4341.832000 1.5273e-12 
4341.881000 1.52729e-12 
4341.981000 1.52729e-12 
4342.082000 1.52728e-12 
4342.182000 1.52727e-12 
4342.282000 1.52725e-12 
4342.382000 1.52723e-12 
4342.582000 1.52719e-12 
4342.782000 1.52713e-12 
4342.982000 1.52708e-12 
4343.182000 1.52702e-12 
4343.583000 1.5269e-12 
4343.982000 1.52678e-12 
4344.382000 1.52664e-12 
4344.782000 1.52651e-12 
4345.582000 1.52624e-12 
4346.382000 1.52596e-12 
4347.982000 1.52538e-12 
4349.582000 1.52481e-12 
4351.182000 1.52422e-12 
4352.782000 1.52363e-12 
4355.982000 1.52244e-12 
4359.183000 1.52124e-12 
4362.383000 1.52002e-12 
4365.583000 1.51879e-12 
4368.783000 1.51755e-12 
4371.983000 1.5163e-12 
4375.184000 1.51504e-12 
4378.383000 1.51377e-12 
4381.584000 1.51249e-12 
4384.784000 1.51121e-12 
4387.984000 1.50991e-12 
4391.184000 1.5086e-12 
4397.584000 1.50598e-12 
4400.784000 1.50466e-12 
4403.984000 1.50333e-12 
4407.185000 1.50199e-12 
4410.384000 1.50065e-12 
4416.785000 1.49794e-12 
4423.185000 1.49521e-12 
4429.584000 1.49247e-12 
4435.984000 1.48971e-12 
4442.384000 1.48694e-12 
4448.784000 1.48416e-12 
4455.184000 1.48138e-12 
4461.584000 1.47859e-12 
4467.984000 1.4758e-12 
4474.384000 1.473e-12 
4480.784000 1.47021e-12 
4487.184000 1.46741e-12 
4493.583000 1.46461e-12 
4499.983000 1.46181e-12 
4506.383000 1.459e-12 
4512.783000 1.4562e-12 
4519.183000 1.4534e-12 
4525.583000 1.45059e-12 
4531.983000 1.44779e-12 
4538.383000 1.44498e-12 
4544.783000 1.44218e-12 
4551.183000 1.43937e-12 
4557.583000 1.43657e-12 
4563.982000 1.43376e-12 
4570.382000 1.43096e-12 
4576.782000 1.42816e-12 
4583.182000 1.42535e-12 
4589.582000 1.42255e-12 
4595.982000 1.41974e-12 
4602.382000 1.41694e-12 
4608.782000 1.41414e-12 
4615.182000 1.41134e-12 
4621.582000 1.40854e-12 
4627.981000 1.40574e-12 
4634.381000 1.40294e-12 
4640.781000 1.40014e-12 
4647.181000 1.39734e-12 
4653.581000 1.39455e-12 
4659.981000 1.39175e-12 
4666.381000 1.38895e-12 
4672.781000 1.38616e-12 
4679.181000 1.38337e-12 
4685.581000 1.38057e-12 
4691.980000 1.37778e-12 
4698.380000 1.37499e-12 
4704.780000 1.3722e-12 
4711.180000 1.36941e-12 
4717.580000 1.36661e-12 
4723.980000 1.36382e-12 
4730.380000 1.36103e-12 
4736.780000 1.35824e-12 
4743.180000 1.35545e-12 
4749.580000 1.35265e-12 
4755.979000 1.34986e-12 
4762.379000 1.34706e-12 
4768.779000 1.34426e-12 
4775.179000 1.34145e-12 
4781.579000 1.33865e-12 
4787.979000 1.33583e-12 
4794.379000 1.33301e-12 
4800.779000 1.33018e-12 
4807.179000 1.32734e-12 
4813.579000 1.32448e-12 
4816.778000 1.32306e-12 
4819.979000 1.32162e-12 
4823.179000 1.32019e-12 
4826.378000 1.31875e-12 
4829.579000 1.3173e-12 
4832.779000 1.31585e-12 
4835.979000 1.3144e-12 
4839.179000 1.31294e-12 
4842.380000 1.31148e-12 
4845.580000 1.31002e-12 
4848.780000 1.30854e-12 
4851.980000 1.30707e-12 
4853.581000 1.30632e-12 
4855.181000 1.30558e-12 
4856.781000 1.30482e-12 
4857.581000 1.30445e-12 
4858.380000 1.30406e-12 
4859.181000 1.30368e-12 
4859.581000 1.30348e-12 
4859.981000 1.30328e-12 
4860.380000 1.30308e-12 
4860.780000 1.30288e-12 
4860.980000 1.30277e-12 
4861.180000 1.30266e-12 
4861.380000 1.30255e-12 
4861.581000 1.30243e-12 
4861.681000 1.30237e-12 
4861.781000 1.30231e-12 
4861.881000 1.30224e-12 
4861.981000 1.30218e-12 
4862.081000 1.3021e-12 
4862.181000 1.30203e-12 
4862.281000 1.30195e-12 
4862.381000 1.30187e-12 
4862.432000 1.30183e-12 
4862.481000 1.3018e-12 
4862.531000 1.30177e-12 
4862.582000 1.30174e-12 
4862.631000 1.30172e-12 
4862.681000 1.30169e-12 
4862.731000 1.30167e-12 
4862.781000 1.30166e-12 
4862.831000 1.30164e-12 
4862.880000 1.30163e-12 
4862.930000 1.30162e-12 
4862.980000 1.30162e-12 
4863.030000 1.30161e-12 
4863.130000 1.30161e-12 
4863.230000 1.3016e-12 
4863.330000 1.30159e-12 
4863.430000 1.30157e-12 
4863.530000 1.30156e-12 
4863.630000 1.30153e-12 
4863.730000 1.30151e-12 
4863.831000 1.30149e-12 
4863.931000 1.30146e-12 
4864.131000 1.3014e-12 
4864.331000 1.30134e-12 
4864.531000 1.30128e-12 
4864.931000 1.30115e-12 
4865.331000 1.30101e-12 
4865.731000 1.30087e-12 
4866.531000 1.30058e-12 
4867.331000 1.30028e-12 
4868.130000 1.29998e-12 
4869.730000 1.29937e-12 
4871.331000 1.29876e-12 
4872.931000 1.29814e-12 
4874.531000 1.29752e-12 
4876.131000 1.2969e-12 
4879.331000 1.29565e-12 
4882.531000 1.29439e-12 
4885.731000 1.29313e-12 
4888.932000 1.29186e-12 
4892.132000 1.29059e-12 
4895.332000 1.28931e-12 
4898.532000 1.28803e-12 
4901.732000 1.28674e-12 
4904.932000 1.28545e-12 
4908.133000 1.28416e-12 
4911.333000 1.28286e-12 
4917.733000 1.28025e-12 
4924.133000 1.27763e-12 
4930.533000 1.27501e-12 
4936.933000 1.27237e-12 
4943.333000 1.26973e-12 
4949.732000 1.26708e-12 
4956.132000 1.26442e-12 
4962.532000 1.26177e-12 
4968.932000 1.25911e-12 
4975.332000 1.25645e-12 
4981.732000 1.25379e-12 
4988.132000 1.25113e-12 
4989.063000 1.25075e-12 
4994.532000 1.24848e-12 
5000.000000 1.24621e-12 
5010.000000 1.24206e-12 
5020.000000 1.23792e-12 
5040.000000 1.22964e-12 
5060.000000 1.2214e-12 
5080.000000 1.21319e-12 
5100.000000 1.20501e-12 
5120.000000 1.19686e-12 
5140.000000 1.18875e-12 
5160.000000 1.18068e-12 
5180.000000 1.17264e-12 
5200.000000 1.16464e-12 
5220.000000 1.15668e-12 
5240.000000 1.14876e-12 
5260.000000 1.14088e-12 
5280.000000 1.13303e-12 
5300.000000 1.12523e-12 
5320.000000 1.11747e-12 
5340.000000 1.10974e-12 
5360.000000 1.10206e-12 
5380.000000 1.09442e-12 
5400.000000 1.08683e-12 
5420.000000 1.07927e-12 
5440.000000 1.07176e-12 
5460.000000 1.06429e-12 
5480.000000 1.05686e-12 
5500.000000 1.04947e-12 
5520.000000 1.04213e-12 
5540.000000 1.03483e-12 
5560.000000 1.02758e-12 
5580.000000 1.02037e-12 
5600.000000 1.0132e-12 
5620.000000 1.00607e-12 
5640.000000 9.98994e-13 
5660.000000 9.91957e-13 
5680.000000 9.84965e-13 
5700.000000 9.78016e-13 
5720.000000 9.71112e-13 
5740.000000 9.64251e-13 
5760.000000 9.57435e-13 
5780.000000 9.50662e-13 
5800.000000 9.43934e-13 
5820.000000 9.37249e-13 
5840.000000 9.30609e-13 
5860.000000 9.24013e-13 
5880.000000 9.1746e-13 
5900.000000 9.10952e-13 
5920.000000 9.04487e-13 
5940.000000 8.98066e-13 
5960.000000 8.91688e-13 
5980.000000 8.85354e-13 
6000.000000 8.79063e-13 
6020.000000 8.72816e-13 
6040.000000 8.66612e-13 
6060.000000 8.6045e-13 
6080.000000 8.54332e-13 
6100.000000 8.48257e-13 
6120.000000 8.42224e-13 
6140.000000 8.36233e-13 
6160.000000 8.30285e-13 
6180.000000 8.24379e-13 
6200.000000 8.18515e-13 
6220.000000 8.12692e-13 
6240.000000 8.06911e-13 
6260.000000 8.01172e-13 
6280.000000 7.95474e-13 
6300.000000 7.89816e-13 
6320.000000 7.842e-13 
6340.000000 7.78623e-13 
6360.000000 7.73087e-13 
6380.000000 7.67589e-13 
6400.000000 7.62131e-13 
6420.000000 7.5671e-13 
6440.000000 7.51325e-13 
6450.000000 7.48645e-13 
6460.000000 7.45973e-13 
6470.000000 7.43308e-13 
6480.000000 7.4065e-13 
6490.000000 7.37998e-13 
6500.000000 7.35351e-13 
6505.000000 7.34029e-13 
6510.000000 7.32708e-13 
6515.000000 7.31387e-13 
6520.000000 7.30066e-13 
6525.000000 7.28745e-13 
6530.000000 7.27424e-13 
6535.000000 7.26103e-13 
6540.000000 7.2478e-13 
6545.000000 7.23457e-13 
6547.500000 7.22795e-13 
6550.000000 7.22132e-13 
6552.500000 7.21468e-13 
6555.000000 7.20802e-13 
6556.250000 7.20468e-13 
6557.500000 7.20134e-13 
6558.750000 7.19797e-13 
6560.000000 7.19459e-13 
6560.625000 7.19289e-13 
6561.250000 7.19117e-13 
6561.875000 7.18942e-13 
6562.188000 7.18854e-13 
6562.500000 7.18764e-13 
6562.813000 7.18671e-13 
6563.125000 7.18576e-13 
6563.438000 7.18475e-13 
6563.750000 7.18365e-13 
6564.063000 7.18237e-13 
6564.109000 7.18215e-13 
6564.141000 7.182e-13 
6564.375000 7.18099e-13 
6564.609000 7.18026e-13 
6565.109000 7.1796e-13 
6565.609000 7.17906e-13 
6566.109000 7.17816e-13 
6566.609000 7.17711e-13 
6567.109000 7.176e-13 
6567.609000 7.17486e-13 
6568.109000 7.1737e-13 
6568.609000 7.17252e-13 
6569.609000 7.17014e-13 
6570.609000 7.16774e-13 
6571.609000 7.16532e-13 
6573.609000 7.16047e-13 
6575.609000 7.15559e-13 
6577.609000 7.15069e-13 
6579.609000 7.14579e-13 
6581.609000 7.14088e-13 
6585.609000 7.13105e-13 
6589.609000 7.12121e-13 
6593.609000 7.11136e-13 
6597.609000 7.1015e-13 
6601.609000 7.09163e-13 
6605.609000 7.08176e-13 
6609.609000 7.07189e-13 
6613.609000 7.06202e-13 
6617.609000 7.05214e-13 
6621.609000 7.04227e-13 
6629.609000 7.02253e-13 
6637.609000 7.00281e-13 
6645.609000 6.98311e-13 
6653.609000 6.96345e-13 
6661.609000 6.94382e-13 
6669.609000 6.92424e-13 
6677.609000 6.90469e-13 
6693.609000 6.86575e-13 
6709.609000 6.827e-13 
6725.609000 6.78847e-13 
6741.609000 6.75016e-13 
6757.609000 6.71206e-13 
6773.609000 6.6742e-13 
6789.609000 6.63655e-13 
6805.609000 6.59913e-13 
6821.609000 6.56194e-13 
6837.609000 6.52497e-13 
6853.609000 6.48823e-13 
6869.609000 6.4517e-13 
6885.609000 6.4154e-13 
6901.609000 6.37932e-13 
6917.609000 6.34346e-13 
6933.609000 6.30782e-13 
6949.609000 6.2724e-13 
6965.609000 6.23719e-13 
6981.609000 6.2022e-13 
6997.609000 6.16743e-13 
7013.609000 6.13286e-13 
7029.609000 6.09851e-13 
7045.609000 6.06437e-13 
7061.609000 6.03044e-13 
7077.609000 5.99672e-13 
7093.609000 5.96321e-13 
7109.609000 5.9299e-13 
7125.609000 5.8968e-13 
7141.609000 5.8639e-13 
7157.609000 5.83121e-13 
7173.609000 5.79871e-13 
7189.609000 5.76642e-13 
7205.609000 5.73433e-13 
7221.609000 5.70243e-13 
7237.609000 5.67074e-13 
7253.609000 5.63923e-13 
7269.609000 5.60793e-13 
7285.609000 5.57682e-13 
7301.609000 5.5459e-13 
7317.609000 5.51517e-13 
7333.609000 5.48463e-13 
7349.609000 5.45428e-13 
7365.609000 5.42412e-13 
7381.609000 5.39415e-13 
7397.609000 5.36436e-13 
7413.609000 5.33475e-13 
7429.609000 5.30533e-13 
7445.609000 5.2761e-13 
7461.609000 5.24704e-13 
7477.609000 5.21816e-13 
7493.609000 5.18947e-13 
7509.609000 5.16095e-13 
7525.609000 5.13261e-13 
7541.609000 5.10444e-13 
7557.609000 5.07645e-13 
7573.609000 5.04863e-13 
7589.609000 5.02099e-13 
7605.609000 4.99351e-13 
7621.609000 4.96621e-13 
7637.609000 4.93908e-13 
7653.609000 4.91211e-13 
7669.609000 4.88531e-13 
7685.609000 4.85868e-13 
7701.609000 4.83222e-13 
7717.609000 4.80592e-13 
7733.609000 4.77978e-13 
7749.609000 4.7538e-13 
7765.609000 4.72798e-13 
7781.609000 4.70233e-13 
7797.609000 4.67683e-13 
7813.609000 4.65149e-13 
7829.609000 4.62631e-13 
7845.609000 4.60129e-13 
7861.609000 4.57642e-13 
7877.609000 4.5517e-13 
7893.609000 4.52714e-13 
7909.609000 4.50273e-13 
7925.609000 4.47847e-13 
7941.609000 4.45436e-13 
7957.609000 4.4304e-13 
7973.609000 4.40659e-13 
7989.609000 4.38292e-13 
8005.609000 4.3594e-13 
8021.609000 4.33603e-13 
8037.609000 4.3128e-13 
8053.609000 4.28972e-13 
8069.609000 4.26677e-13 
8085.609000 4.24397e-13 
8101.609000 4.22131e-13 
8117.609000 4.19879e-13 
8133.609000 4.17641e-13 
8149.609000 4.15417e-13 
8165.609000 4.13206e-13 
8181.609000 4.11009e-13 
8189.089000 4.09987e-13 
8197.609000 4.08826e-13 
8206.130000 4.07668e-13 
8223.171000 4.05365e-13 
8240.212000 4.03077e-13 
8257.253000 4.00804e-13 
8274.294000 3.98546e-13 
8291.335000 3.96302e-13 
8308.376000 3.94074e-13 
8325.417000 3.91859e-13 
8342.458000 3.8966e-13 
8359.499000 3.87474e-13 
8376.540000 3.85303e-13 
8392.460000 3.83288e-13 
8393.581000 3.83146e-13 
8394.702000 3.83005e-13 
8396.944000 3.82722e-13 
8401.429000 3.82158e-13 
8405.160000 3.81689e-13 
8410.397000 3.81032e-13 
8415.635000 3.80376e-13 
8426.109000 3.79068e-13 
8432.893000 3.78224e-13 
8436.584000 3.77766e-13 
8440.275000 3.77308e-13 
8447.658000 3.76395e-13 
8455.264000 3.75456e-13 
8462.424000 3.74575e-13 
8469.584000 3.73697e-13 
8483.904000 3.71947e-13 
8491.627000 3.71007e-13 
8498.225000 3.70207e-13 
8504.822000 3.69408e-13 
8518.018000 3.67817e-13 
8531.213000 3.66234e-13 
8541.081000 3.65055e-13 
8544.408000 3.64659e-13 
8547.735000 3.64263e-13 
8554.390000 3.63473e-13 
8567.698000 3.61898e-13 
8581.007000 3.60331e-13 
8587.875000 3.59526e-13 
8594.315000 3.58773e-13 
8600.756000 3.58021e-13 
8613.637000 3.56524e-13 
8626.518000 3.55034e-13 
8639.398000 3.53551e-13 
8652.279000 3.52076e-13 
8662.921000 3.50862e-13 
8665.160000 3.50608e-13 
8667.399000 3.50353e-13 
8671.878000 3.49845e-13 
8680.835000 3.48831e-13 
8698.749000 3.46813e-13 
8716.663000 3.44809e-13 
8734.577000 3.42818e-13 
8752.105000 3.40883e-13 
8752.491000 3.40841e-13 
8752.877000 3.40799e-13 
8753.648000 3.40714e-13 
8755.191000 3.40544e-13 
8758.277000 3.40205e-13 
8764.449000 3.39529e-13 
8776.793000 3.38181e-13 
8789.137000 3.36839e-13 
8801.480000 3.35503e-13 
8813.824000 3.34174e-13 
8826.168000 3.3285e-13 
8838.512000 3.31533e-13 
8850.855000 3.30222e-13 
8861.178000 3.2913e-13 
8863.199000 3.28917e-13 
8865.221000 3.28704e-13 
8869.264000 3.28278e-13 
8877.350000 3.27429e-13 
8893.521000 3.25738e-13 
8909.693000 3.24057e-13 
8925.865000 3.22387e-13 
8942.037000 3.20726e-13 
8958.209000 3.19075e-13 
8974.381000 3.17434e-13 
8990.553000 3.15803e-13 
8996.061000 3.1525e-13 
9006.725000 3.14182e-13 
9017.389000 3.13119e-13 
9028.053000 3.1206e-13 
9038.717000 3.11006e-13 
9049.381000 3.09956e-13 
9060.045000 3.0891e-13 
9070.709000 3.07869e-13 
9081.373000 3.06831e-13 
9092.037000 3.05798e-13 
9102.701000 3.04768e-13 
9113.365000 3.03743e-13 
9124.029000 3.02721e-13 
9134.693000 3.01703e-13 
9145.357000 3.0069e-13 
9156.021000 2.9968e-13 
9166.686000 2.98674e-13 
9177.350000 2.97672e-13 
9188.014000 2.96674e-13 
9198.678000 2.9568e-13 
9209.342000 2.94689e-13 
9220.006000 2.93703e-13 
9229.792000 2.92801e-13 
9230.670000 2.92721e-13 
9231.548000 2.9264e-13 
9233.304000 2.92479e-13 
9236.815000 2.92157e-13 
9243.839000 2.91515e-13 
9257.886000 2.90235e-13 
9271.933000 2.88963e-13 
9285.979000 2.87697e-13 
9300.026000 2.86438e-13 
9314.073000 2.85185e-13 
9328.120000 2.83938e-13 
9342.167000 2.82697e-13 
9356.214000 2.81463e-13 
9370.261000 2.80235e-13 
9384.308000 2.79013e-13 
9398.354000 2.77797e-13 
9412.401000 2.76587e-13 
9426.448000 2.75383e-13 
9440.495000 2.74185e-13 
9454.542000 2.72993e-13 
9468.589000 2.71807e-13 
9482.636000 2.70627e-13 
9496.683000 2.69452e-13 
9510.729000 2.68283e-13 
9524.776000 2.67119e-13 
9529.057000 2.66766e-13 
9538.823000 2.65962e-13 
9543.707000 2.6556e-13 
9546.148000 2.6536e-13 
9548.590000 2.6516e-13 
9551.031000 2.64961e-13 
9553.473000 2.64762e-13 
9555.914000 2.64564e-13 
9558.356000 2.64366e-13 
9560.797000 2.64169e-13 
9563.238000 2.63971e-13 
9565.680000 2.63774e-13 
9568.121000 2.63576e-13 
9568.123000 2.63576e-13 
9570.563000 2.63379e-13 
9575.445000 2.62985e-13 
9585.212000 2.622e-13 
9604.745000 2.60636e-13 
9624.278000 2.59083e-13 
9643.812000 2.5754e-13 
9663.345000 2.56007e-13 
9682.878000 2.54485e-13 
9702.411000 2.52973e-13 
9721.944000 2.51472e-13 
9741.478000 2.49981e-13 
9761.011000 2.485e-13 
9780.544000 2.4703e-13 
9800.077000 2.45569e-13 
9819.610000 2.44119e-13 
9839.144000 2.42679e-13 
9858.677000 2.4125e-13 
9878.210000 2.39829e-13 
9897.743000 2.38418e-13 
9917.276000 2.37016e-13 
9936.810000 2.35624e-13 
9956.343000 2.3424e-13 
9966.109000 2.33552e-13 
9975.876000 2.32866e-13 
9985.643000 2.32182e-13 
9990.818000 2.3182e-13 
9995.409000 2.315e-13 
10000.000000 2.3118e-13 
10006.516000 2.30726e-13 
10013.031000 2.30274e-13 
10019.547000 2.29823e-13 
10026.063000 2.29372e-13 
10032.578000 2.28922e-13 
10039.094000 2.28474e-13 
10042.352000 2.2825e-13 
10045.609000 2.28026e-13 
10047.238000 2.27914e-13 
10048.867000 2.27803e-13 
10050.496000 2.27692e-13 
10051.626000 2.27615e-13 
10052.124000 2.27581e-13 
10052.126000 2.27581e-13 
10052.626000 2.27547e-13 
10053.626000 2.27479e-13 
10055.626000 2.27344e-13 
10057.626000 2.27208e-13 
10061.626000 2.26939e-13 
10069.626000 2.26402e-13 
10077.626000 2.25865e-13 
10085.626000 2.25331e-13 
10093.626000 2.24797e-13 
10101.626000 2.24265e-13 
10109.626000 2.23734e-13 
10117.626000 2.23204e-13 
10133.626000 2.22149e-13 
10149.626000 2.21099e-13 
10165.626000 2.20054e-13 
10181.626000 2.19014e-13 
10197.626000 2.1798e-13 
10229.626000 2.15929e-13 
10261.626000 2.139e-13 
10293.626000 2.11894e-13 
10325.626000 2.09909e-13 
10357.626000 2.07947e-13 
10421.626000 2.04088e-13 
10485.626000 2.00313e-13 
10549.626000 1.96624e-13 
10613.626000 1.93015e-13 
10677.626000 1.89485e-13 
10709.626000 1.87749e-13 
10741.626000 1.86031e-13 
10773.626000 1.84332e-13 
10789.626000 1.83489e-13 
10805.626000 1.82651e-13 
10821.626000 1.81817e-13 
10837.626000 1.80986e-13 
10853.626000 1.8016e-13 
10869.626000 1.79338e-13 
10885.626000 1.7852e-13 
10893.626000 1.78112e-13 
10901.626000 1.77706e-13 
10909.626000 1.773e-13 
10917.626000 1.76894e-13 
10925.626000 1.7649e-13 
10926.163000 1.76463e-13 
10929.895000 1.76274e-13 
10933.626000 1.76086e-13 
10935.492000 1.75991e-13 
10937.357000 1.75897e-13 
10938.290000 1.75849e-13 
10939.223000 1.75802e-13 
10940.155000 1.75754e-13 
10940.589000 1.75731e-13 
10941.087000 1.75706e-13 
10941.089000 1.75706e-13 
10941.589000 1.75682e-13 
10942.089000 1.75658e-13 
10942.589000 1.75634e-13 
10943.589000 1.75585e-13 
10944.589000 1.75537e-13 
10946.589000 1.75439e-13 
10948.589000 1.75341e-13 
10952.589000 1.75145e-13 
10956.589000 1.74949e-13 
10960.589000 1.74753e-13 
10968.589000 1.74362e-13 
10976.589000 1.73971e-13 
10984.589000 1.73582e-13 
10992.589000 1.73192e-13 
11000.589000 1.72804e-13 
11008.589000 1.72417e-13 
11024.589000 1.71645e-13 
11040.589000 1.70876e-13 
11056.589000 1.70111e-13 
11072.589000 1.6935e-13 
11088.589000 1.68593e-13 
11104.589000 1.67839e-13 
11120.589000 1.67089e-13 
11152.589000 1.65601e-13 
11184.589000 1.64129e-13 
11216.589000 1.62672e-13 
11280.589000 1.59804e-13 
11344.589000 1.56997e-13 
11408.589000 1.54249e-13 
11472.589000 1.51561e-13 
11536.589000 1.48928e-13 
11600.589000 1.4635e-13 
11664.589000 1.43827e-13 
11728.589000 1.41357e-13 
11792.589000 1.38938e-13 
11856.589000 1.36569e-13 
11920.589000 1.3425e-13 
11984.589000 1.31978e-13 
12048.589000 1.29753e-13 
12112.589000 1.27574e-13 
12176.589000 1.25439e-13 
12240.589000 1.23347e-13 
12304.589000 1.21298e-13 
12368.589000 1.19291e-13 
12432.589000 1.17323e-13 
12496.589000 1.15396e-13 
12560.589000 1.13506e-13 
12592.589000 1.12575e-13 
12624.589000 1.11653e-13 
12656.589000 1.1074e-13 
12672.589000 1.10287e-13 
12688.589000 1.09835e-13 
12704.589000 1.09386e-13 
12720.589000 1.08939e-13 
12736.589000 1.08494e-13 
12752.589000 1.08051e-13 
12768.589000 1.0761e-13 
12776.589000 1.0739e-13 
12784.589000 1.0717e-13 
12792.589000 1.06951e-13 
12796.589000 1.06841e-13 
12800.589000 1.06732e-13 
12804.589000 1.06622e-13 
12808.589000 1.06513e-13 
12810.589000 1.06458e-13 
12812.589000 1.06403e-13 
12814.589000 1.06348e-13 
12816.589000 1.06293e-13 
12819.596000 1.06209e-13 
12820.092000 1.06196e-13 
12820.589000 1.06183e-13 
12821.086000 1.0617e-13 
12821.582000 1.06158e-13 
12822.078000 1.06144e-13 
12822.570000 1.06129e-13 
12822.575000 1.06129e-13 
12823.070000 1.06116e-13 
12823.570000 1.06103e-13 
12824.070000 1.06089e-13 
12825.070000 1.06063e-13 
12827.070000 1.06011e-13 
12829.070000 1.05958e-13 
12831.070000 1.05906e-13 
12833.070000 1.05853e-13 
12835.070000 1.058e-13 
12839.070000 1.05694e-13 
12843.070000 1.05589e-13 
12847.070000 1.05483e-13 
12851.070000 1.05377e-13 
12859.070000 1.05166e-13 
12867.070000 1.04954e-13 
12875.070000 1.04744e-13 
12891.070000 1.04323e-13 
12907.070000 1.03905e-13 
12923.070000 1.03488e-13 
12939.070000 1.03073e-13 
12955.070000 1.0266e-13 
12971.070000 1.02249e-13 
12987.070000 1.01839e-13 
13003.070000 1.01432e-13 
13035.070000 1.00622e-13 
13067.070000 9.98202e-14 
13099.070000 9.9026e-14 
13163.070000 9.74603e-14 
13227.070000 9.59247e-14 
13291.070000 9.44185e-14 
13355.070000 9.2941e-14 
13419.070000 9.14919e-14 
13483.070000 9.00703e-14 
13547.070000 8.86758e-14 
13611.070000 8.73076e-14 
13675.070000 8.59655e-14 
13739.070000 8.46485e-14 
13803.070000 8.33564e-14 
13867.070000 8.20885e-14 
13931.070000 8.08442e-14 
13995.070000 7.9623e-14 
14059.070000 7.84244e-14 
14123.070000 7.7248e-14 
14187.070000 7.60932e-14 
14251.070000 7.49596e-14 
14315.070000 7.38467e-14 
14379.070000 7.27541e-14 
14443.070000 7.16814e-14 
14507.070000 7.0628e-14 
14571.070000 6.95937e-14 
14635.070000 6.85779e-14 
14699.070000 6.75802e-14 
14763.070000 6.66004e-14 
14827.070000 6.5638e-14 
14891.070000 6.46927e-14 
14955.070000 6.37641e-14 
15019.070000 6.2852e-14 
15079.059000 6.20115e-14 
15083.070000 6.19558e-14 
15084.761000 6.19324e-14 
15087.082000 6.19002e-14 
15095.105000 6.17891e-14 
15111.152000 6.15676e-14 
15137.544000 6.12055e-14 
15184.472000 6.0568e-14 
15190.327000 6.04891e-14 
15196.183000 6.04102e-14 
15197.734000 6.03894e-14 
15207.894000 6.02529e-14 
15231.315000 5.99399e-14 
15264.896000 5.94945e-14 
15317.946000 5.87992e-14 
15332.059000 5.8616e-14 
15346.171000 5.84334e-14 
15374.396000 5.80704e-14 
15418.360000 5.75105e-14 
15430.845000 5.73527e-14 
15443.329000 5.71954e-14 
15468.298000 5.68825e-14 
15475.580000 5.67917e-14 
15518.235000 5.6263e-14 
15560.891000 5.57404e-14 
15587.256000 5.54204e-14 
15646.201000 5.47132e-14 
15705.146000 5.4017e-14 
15764.092000 5.33318e-14 
15823.037000 5.26572e-14 
15878.889000 5.20278e-14 
15881.982000 5.19932e-14 
15885.076000 5.19586e-14 
15891.264000 5.18896e-14 
15903.639000 5.17518e-14 
15928.389000 5.14777e-14 
15977.889000 5.09348e-14 
16039.863000 5.02649e-14 
16076.889000 4.987e-14 
16113.914000 4.94788e-14 
16187.965000 4.87078e-14 
16262.016000 4.79517e-14 
16336.066000 4.72099e-14 
16408.357000 4.64994e-14 
16410.117000 4.64822e-14 
16411.877000 4.64651e-14 
16415.396000 4.64309e-14 
16422.436000 4.63626e-14 
16436.514000 4.62263e-14 
16464.670000 4.59552e-14 
16520.982000 4.54188e-14 
16577.295000 4.48901e-14 
16633.607000 4.4369e-14 
16689.920000 4.38553e-14 
16746.232000 4.33489e-14 
16793.770000 4.2927e-14 
16802.545000 4.28496e-14 
16811.320000 4.27725e-14 
16828.871000 4.26188e-14 
16846.422000 4.24658e-14 
16881.523000 4.21618e-14 
16951.727000 4.15618e-14 
17021.930000 4.09722e-14 
17092.133000 4.03929e-14 
17162.336000 3.98237e-14 
17232.539000 3.92643e-14 
17238.418000 3.92179e-14 
17302.742000 3.87147e-14 
17367.066000 3.82194e-14 
17431.391000 3.7732e-14 
17495.715000 3.72523e-14 
17560.039000 3.67802e-14 
17624.363000 3.63154e-14 
17688.688000 3.58579e-14 
17753.012000 3.54074e-14 
17817.336000 3.4964e-14 
17881.660000 3.45274e-14 
17945.984000 3.40975e-14 
18010.309000 3.36741e-14 
18074.633000 3.32572e-14 
18098.604000 3.31035e-14 
18138.957000 3.28467e-14 
18159.133000 3.27192e-14 
18179.311000 3.25924e-14 
18179.313000 3.25924e-14 
18199.488000 3.24662e-14 
18219.664000 3.23407e-14 
18239.838000 3.22157e-14 
18239.840000 3.22157e-14 
18260.016000 3.20913e-14 
18260.018000 3.20913e-14 
18280.191000 3.19676e-14 
18320.545000 3.17218e-14 
18401.252000 3.12371e-14 
18441.605000 3.09981e-14 
18481.959000 3.07614e-14 
18522.313000 3.05268e-14 
18562.666000 3.02944e-14 
18603.020000 3.00641e-14 
18623.195000 2.99497e-14 
18643.373000 2.98357e-14 
18643.375000 2.98357e-14 
18663.551000 2.97223e-14 
18683.727000 2.96093e-14 
18693.814000 2.9553e-14 
18703.902000 2.94968e-14 
18713.990000 2.94406e-14 
18724.078000 2.93846e-14 
18724.080000 2.93846e-14 
18729.121000 2.93565e-14 
18734.166000 2.93285e-14 
18734.168000 2.93285e-14 
18739.211000 2.93005e-14 
18741.734000 2.92864e-14 
18744.254000 2.92723e-14 
18744.256000 2.92723e-14 
18746.777000 2.92582e-14 
18748.037000 2.92511e-14 
18749.299000 2.92439e-14 
18749.301000 2.92439e-14 
18750.561000 2.92368e-14 
18751.820000 2.92296e-14 
18751.822000 2.92295e-14 
18752.453000 2.92259e-14 
18753.084000 2.92222e-14 
18753.715000 2.92185e-14 
18754.031000 2.92166e-14 
18754.344000 2.92147e-14 
18754.346000 2.92147e-14 
18754.660000 2.92128e-14 
18754.975000 2.92108e-14 
18754.977000 2.92108e-14 
18755.289000 2.92089e-14 
18755.592000 2.9207e-14 
18755.604000 2.92069e-14 
18755.607000 2.92069e-14 
18755.744000 2.92061e-14 
18755.918000 2.92051e-14 
18756.244000 2.92032e-14 
18756.744000 2.92006e-14 
18757.244000 2.91982e-14 
18757.744000 2.91958e-14 
18758.244000 2.91934e-14 
18758.744000 2.9191e-14 
18759.244000 2.91884e-14 
18759.744000 2.91859e-14 
18760.244000 2.91833e-14 
18761.244000 2.91781e-14 
18762.244000 2.91729e-14 
18763.244000 2.91676e-14 
18765.244000 2.91571e-14 
18767.244000 2.91464e-14 
18769.244000 2.91357e-14 
18773.244000 2.91142e-14 
18777.244000 2.90927e-14 
18781.244000 2.90711e-14 
18789.244000 2.9028e-14 
18797.244000 2.89849e-14 
18805.244000 2.89418e-14 
18821.244000 2.88559e-14 
18837.244000 2.87701e-14 
18853.244000 2.86846e-14 
18869.244000 2.85994e-14 
18885.244000 2.85145e-14 
18901.244000 2.84298e-14 
18933.244000 2.82614e-14 
18965.244000 2.80941e-14 
18997.244000 2.7928e-14 
19029.244000 2.77631e-14 
