1390.0000 1.0355 0.9971
1390.0100 1.0727 0.9970
1390.0200 1.0324 0.9968
1390.0300 1.0740 0.9966
1390.0400 1.0344 0.9964
1390.0500 0.9897 0.9962
1390.0600 1.0559 0.9960
1390.0700 1.0317 0.9958
1390.0800 0.9444 0.9956
1390.0900 0.9167 0.9955
1390.1000 0.9368 0.9953
1390.1100 0.9628 0.9952
1390.1200 0.9513 0.9951
1390.1300 0.8934 0.9950
1390.1400 0.9629 0.9949
1390.1500 1.0158 0.9948
1390.1600 1.0223 0.9947
1390.1700 1.0903 0.9947
1390.1800 1.0564 0.9946
1390.1900 1.0620 0.9946
1390.2000 1.0941 0.9946
1390.2100 1.1152 0.9945
1390.2200 1.1439 0.9945
1390.2300 1.0731 0.9945
1390.2400 0.9593 0.9944
1390.2500 0.9509 0.9944
1390.2600 0.9397 0.9944
1390.2700 0.9372 0.9943
1390.2800 0.9986 0.9943
1390.2900 1.0306 0.9943
1390.3000 1.0347 0.9942
1390.3100 1.0262 0.9942
1390.3200 1.0302 0.9941
1390.3300 0.9784 0.9941
1390.3400 0.9467 0.9941
1390.3500 1.0297 0.9940
1390.3600 1.0717 0.9940
1390.3700 1.0280 0.9940
1390.3800 0.9688 0.9939
1390.3900 0.9722 0.9939
1390.4000 0.9763 0.9938
1390.4100 0.9546 0.9938
1390.4200 0.9635 0.9938
1390.4300 0.9827 0.9937
1390.4400 1.0271 0.9937
1390.4500 0.9991 0.9936
1390.4600 0.9588 0.9936
1390.4700 0.9899 0.9935
1390.4800 1.0173 0.9935
1390.4900 1.0553 0.9935
1390.5000 1.0626 0.9934
1390.5100 1.0412 0.9934
1390.5200 0.9844 0.9933
1390.5300 0.9784 0.9933
1390.5400 0.9970 0.9932
1390.5500 0.9922 0.9932
1390.5600 0.9755 0.9931
1390.5700 0.9541 0.9931
1390.5800 0.9220 0.9930
1390.5900 0.9671 0.9930
1390.6000 0.9740 0.9929
1390.6100 1.0112 0.9929
1390.6200 1.0235 0.9928
1390.6300 1.0221 0.9928
1390.6400 1.0906 0.9927
1390.6500 1.0809 0.9927
1390.6600 0.9288 0.9926
1390.6700 0.9263 0.9926
1390.6800 0.9173 0.9925
1390.6900 0.9087 0.9925
1390.7000 0.9072 0.9924
1390.7100 0.8877 0.9924
1390.7200 0.9049 0.9923
1390.7300 0.8827 0.9923
1390.7400 0.9002 0.9922
1390.7500 0.9506 0.9921
1390.7600 0.9091 0.9921
1390.7700 0.9289 0.9920
1390.7800 0.9415 0.9920
1390.7900 0.9891 0.9919
1390.8000 0.9949 0.9918
1390.8100 0.9608 0.9918
1390.8200 1.0350 0.9917
1390.8300 1.0588 0.9916
1390.8400 0.9966 0.9916
1390.8500 0.9658 0.9915
1390.8600 0.9761 0.9914
1390.8700 0.9579 0.9914
1390.8800 0.9522 0.9913
1390.8900 0.9585 0.9912
1390.9000 0.9757 0.9912
1390.9100 1.0106 0.9911
1390.9200 1.0397 0.9910
1390.9300 0.9779 0.9910
1390.9400 0.9625 0.9909
1390.9500 0.9802 0.9908
1390.9600 0.9965 0.9907
1390.9700 1.0323 0.9906
1390.9800 0.9761 0.9906
1390.9900 0.9494 0.9905
1391.0000 0.9986 0.9904
1391.0100 0.9890 0.9903
1391.0200 0.8922 0.9902
1391.0300 0.9133 0.9902
1391.0400 0.9096 0.9901
1391.0500 1.0051 0.9900
1391.0600 0.9825 0.9899
1391.0700 0.9296 0.9898
1391.0800 1.0362 0.9897
1391.0900 1.0256 0.9896
1391.1000 0.9354 0.9895
1391.1100 1.0220 0.9894
1391.1200 1.0093 0.9893
1391.1300 0.9914 0.9893
1391.1400 0.9565 0.9892
1391.1500 0.9519 0.9891
1391.1600 1.0019 0.9890
1391.1700 1.0177 0.9888
1391.1800 1.0014 0.9887
1391.1900 1.0289 0.9886
1391.2000 0.9094 0.9885
1391.2100 0.8943 0.9884
1391.2200 0.9433 0.9883
1391.2300 0.8773 0.9882
1391.2400 1.0261 0.9881
1391.2500 0.9408 0.9880
1391.2600 0.9618 0.9878
1391.2700 0.9194 0.9877
1391.2800 0.9806 0.9876
1391.2900 0.9943 0.9875
1391.3000 1.0220 0.9874
1391.3100 0.9029 0.9872
1391.3200 0.8308 0.9871
1391.3300 0.9450 0.9870
1391.3400 0.9104 0.9868
1391.3500 0.9353 0.9867
1391.3600 0.9085 0.9865
1391.3700 0.8840 0.9864
1391.3800 0.9514 0.9863
1391.3900 0.8616 0.9861
1391.4000 0.8569 0.9860
1391.4100 0.8725 0.9858
1391.4200 0.9041 0.9857
1391.4300 0.9568 0.9855
1391.4400 0.9273 0.9853
1391.4500 0.9858 0.9852
1391.4600 0.9984 0.9850
1391.4700 0.9882 0.9848
1391.4800 1.1057 0.9847
1391.4900 0.9027 0.9845
1391.5000 1.0031 0.9843
1391.5100 1.0453 0.9841
1391.5200 1.0789 0.9839
1391.5300 1.0773 0.9837
1391.5400 1.0130 0.9835
1391.5500 1.0332 0.9833
1391.5600 1.0060 0.9831
1391.5700 0.9885 0.9829
1391.5800 0.9870 0.9827
1391.5900 1.0009 0.9825
1391.6000 0.9519 0.9822
1391.6100 0.9327 0.9820
1391.6200 1.0249 0.9818
1391.6300 0.9512 0.9815
1391.6400 0.9267 0.9813
1391.6500 0.9682 0.9810
1391.6600 0.9545 0.9808
1391.6700 0.9734 0.9805
1391.6800 1.0413 0.9802
1391.6900 1.0694 0.9800
1391.7000 0.9810 0.9797
1391.7100 1.0012 0.9794
1391.7200 0.9125 0.9791
1391.7300 1.0063 0.9788
1391.7400 1.0503 0.9784
1391.7500 1.0201 0.9781
1391.7600 0.9475 0.9778
1391.7700 0.9797 0.9774
1391.7800 1.0230 0.9770
1391.7900 0.9413 0.9767
1391.8000 0.8573 0.9763
1391.8100 0.8364 0.9759
1391.8200 1.0044 0.9755
1391.8300 1.0455 0.9750
1391.8400 0.9134 0.9746
1391.8500 0.9680 0.9741
1391.8600 0.8779 0.9737
1391.8700 0.9252 0.9732
1391.8800 0.9595 0.9726
1391.8900 0.9294 0.9721
1391.9000 0.9722 0.9715
1391.9100 1.0558 0.9709
1391.9200 0.8860 0.9703
1391.9300 0.8454 0.9696
1391.9400 0.7823 0.9689
1391.9500 1.0608 0.9682
1391.9600 0.8836 0.9674
1391.9700 0.9324 0.9665
1391.9800 0.9263 0.9656
1391.9900 0.9246 0.9645
1392.0000 0.9835 0.9634
1392.0100 0.9090 0.9621
1392.0200 0.9448 0.9608
1392.0300 0.9289 0.9593
1392.0400 0.9003 0.9577
1392.0500 0.9378 0.9560
1392.0600 0.9056 0.9543
1392.0700 0.9832 0.9527
1392.0800 0.8495 0.9512
1392.0900 0.8504 0.9499
1392.1000 0.9313 0.9488
1392.1100 0.9459 0.9479
1392.1200 0.8857 0.9472
1392.1300 0.8207 0.9466
1392.1400 0.9851 0.9460
1392.1500 0.8686 0.9454
1392.1600 0.8250 0.9447
1392.1700 0.9018 0.9437
1392.1800 0.8909 0.9424
1392.1900 0.9651 0.9409
1392.2000 0.9301 0.9392
1392.2100 1.0165 0.9374
1392.2200 0.9544 0.9355
1392.2300 0.8974 0.9337
1392.2400 0.8924 0.9319
1392.2500 0.8693 0.9303
1392.2600 0.8665 0.9287
1392.2700 0.8926 0.9272
1392.2800 0.8889 0.9258
1392.2900 0.8748 0.9243
1392.3000 0.8297 0.9229
1392.3100 0.8717 0.9214
1392.3200 0.8841 0.9198
1392.3300 0.9535 0.9180
1392.3400 0.9063 0.9161
1392.3500 0.8472 0.9139
1392.3600 0.8915 0.9115
1392.3700 0.8521 0.9090
1392.3800 0.8257 0.9065
1392.3900 0.8357 0.9040
1392.4000 0.8692 0.9017
1392.4100 0.8879 0.8996
1392.4200 0.8585 0.8978
1392.4300 0.8843 0.8962
1392.4400 0.8429 0.8949
1392.4500 0.8512 0.8937
1392.4600 1.0052 0.8924
1392.4700 0.8643 0.8910
1392.4800 0.9675 0.8895
1392.4900 1.0154 0.8876
1392.5000 0.9232 0.8854
1392.5100 0.8095 0.8830
1392.5200 0.9329 0.8804
1392.5300 0.9383 0.8777
1392.5400 0.9200 0.8748
1392.5500 0.9017 0.8719
1392.5600 0.9502 0.8690
1392.5700 1.0199 0.8661
1392.5800 1.0128 0.8633
1392.5900 0.9568 0.8605
1392.6000 0.9070 0.8576
1392.6100 0.9317 0.8547
1392.6200 0.9534 0.8517
1392.6300 1.0009 0.8486
1392.6400 0.8765 0.8452
1392.6500 0.8489 0.8417
1392.6600 0.8400 0.8379
1392.6700 0.8972 0.8338
1392.6800 0.8318 0.8296
1392.6900 0.8765 0.8253
1392.7000 0.8263 0.8208
1392.7100 0.7968 0.8163
1392.7200 0.8521 0.8118
1392.7300 0.7684 0.8074
1392.7400 0.8160 0.8032
1392.7500 0.7640 0.7992
1392.7600 0.8083 0.7955
1392.7700 0.7321 0.7922
1392.7800 0.7042 0.7891
1392.7900 0.7140 0.7864
1392.8000 0.7674 0.7840
1392.8100 0.7863 0.7816
1392.8200 0.8977 0.7794
1392.8300 0.9007 0.7771
1392.8400 0.8616 0.7748
1392.8500 0.8337 0.7725
1392.8600 0.7231 0.7703
1392.8700 0.8609 0.7683
1392.8800 0.8082 0.7666
1392.8900 0.6937 0.7653
1392.9000 0.7187 0.7644
1392.9100 0.8087 0.7639
1392.9200 0.8839 0.7638
1392.9300 0.8320 0.7640
1392.9400 0.8252 0.7645
1392.9500 0.8160 0.7652
1392.9600 0.8044 0.7661
1392.9700 0.7234 0.7671
1392.9800 0.7477 0.7680
1392.9900 0.7890 0.7688
1393.0000 0.7984 0.7692
1393.0100 0.7821 0.7691
1393.0200 0.7452 0.7682
1393.0300 0.7703 0.7667
1393.0400 0.7788 0.7645
1393.0500 0.7001 0.7618
1393.0600 0.7624 0.7588
1393.0700 0.7662 0.7557
1393.0800 0.7604 0.7527
1393.0900 0.8601 0.7499
1393.1000 0.7890 0.7473
1393.1100 0.7714 0.7448
1393.1200 0.7776 0.7425
1393.1300 0.7204 0.7404
1393.1400 0.7295 0.7385
1393.1500 0.7194 0.7368
1393.1600 0.6976 0.7355
1393.1700 0.7399 0.7347
1393.1800 0.7473 0.7343
1393.1900 0.7693 0.7343
1393.2000 0.6962 0.7348
1393.2100 0.6755 0.7357
1393.2200 0.7254 0.7368
1393.2300 0.8110 0.7382
1393.2400 0.7308 0.7397
1393.2500 0.6739 0.7414
1393.2600 0.6961 0.7431
1393.2700 0.7754 0.7448
1393.2800 0.7445 0.7464
1393.2900 0.8273 0.7480
1393.3000 0.8571 0.7494
1393.3100 0.7827 0.7506
1393.3200 0.7957 0.7517
1393.3300 0.7299 0.7526
1393.3400 0.6426 0.7533
1393.3500 0.8153 0.7536
1393.3600 0.9373 0.7534
1393.3700 0.8591 0.7525
1393.3800 0.7942 0.7508
1393.3900 0.8366 0.7483
1393.4000 0.8271 0.7451
1393.4100 0.8377 0.7412
1393.4200 0.7625 0.7368
1393.4300 0.7500 0.7320
1393.4400 0.7564 0.7269
1393.4500 0.7623 0.7214
1393.4600 0.7611 0.7157
1393.4700 0.7391 0.7099
1393.4800 0.6712 0.7040
1393.4900 0.6478 0.6983
1393.5000 0.7503 0.6930
1393.5100 0.7187 0.6885
1393.5200 0.6729 0.6848
1393.5300 0.6873 0.6823
1393.5400 0.7349 0.6810
1393.5500 0.7228 0.6811
1393.5600 0.7153 0.6826
1393.5700 0.7035 0.6854
1393.5800 0.6724 0.6894
1393.5900 0.6908 0.6946
1393.6000 0.7042 0.7008
1393.6100 0.7355 0.7078
1393.6200 0.7851 0.7154
1393.6300 0.7334 0.7236
1393.6400 0.7103 0.7321
1393.6500 0.8375 0.7407
1393.6600 0.8803 0.7494
1393.6700 0.8057 0.7578
1393.6800 0.8038 0.7660
1393.6900 0.8150 0.7735
1393.7000 0.7724 0.7804
1393.7100 0.7318 0.7863
1393.7200 0.7318 0.7912
1393.7300 0.7286 0.7950
1393.7400 0.7530 0.7975
1393.7500 0.7741 0.7988
1393.7600 0.7908 0.7988
1393.7700 0.7745 0.7975
1393.7800 0.7547 0.7950
1393.7900 0.8047 0.7912
1393.8000 0.7856 0.7863
1393.8100 0.7804 0.7804
1393.8200 0.8322 0.7735
1393.8300 0.8031 0.7660
1393.8400 0.7721 0.7578
1393.8500 0.7165 0.7494
1393.8600 0.7491 0.7407
1393.8700 0.7777 0.7321
1393.8800 0.7557 0.7236
1393.8900 0.6978 0.7154
1393.9000 0.6991 0.7078
1393.9100 0.7388 0.7008
1393.9200 0.7361 0.6946
1393.9300 0.7237 0.6894
1393.9400 0.7088 0.6854
1393.9500 0.6868 0.6826
1393.9600 0.7115 0.6811
1393.9700 0.6723 0.6810
1393.9800 0.6562 0.6823
1393.9900 0.6231 0.6848
1394.0000 0.6379 0.6885
1394.0100 0.6993 0.6930
1394.0200 0.7055 0.6983
1394.0300 0.6935 0.7040
1394.0400 0.7425 0.7099
1394.0500 0.7914 0.7157
1394.0600 0.7965 0.7214
1394.0700 0.8379 0.7268
1394.0800 0.8359 0.7320
1394.0900 0.7622 0.7368
1394.1000 0.7320 0.7412
1394.1100 0.7442 0.7450
1394.1200 0.7052 0.7483
1394.1300 0.7662 0.7508
1394.1400 0.7960 0.7524
1394.1500 0.7919 0.7534
1394.1600 0.7300 0.7536
1394.1700 0.7547 0.7533
1394.1800 0.8116 0.7526
1394.1900 0.8130 0.7517
1394.2000 0.7770 0.7506
1394.2100 0.8172 0.7493
1394.2200 0.7340 0.7479
1394.2300 0.7089 0.7464
1394.2400 0.7329 0.7448
1394.2500 0.7123 0.7431
1394.2600 0.7337 0.7414
1394.2700 0.7907 0.7397
1394.2800 0.7585 0.7382
1394.2900 0.7364 0.7368
1394.3000 0.7914 0.7356
1394.3100 0.7770 0.7348
1394.3200 0.7810 0.7343
1394.3300 0.7537 0.7342
1394.3400 0.7269 0.7346
1394.3500 0.7726 0.7355
1394.3600 0.7652 0.7368
1394.3700 0.7928 0.7384
1394.3800 0.7741 0.7404
1394.3900 0.7688 0.7425
1394.4000 0.8068 0.7447
1394.4100 0.8233 0.7472
1394.4200 0.8199 0.7498
1394.4300 0.9075 0.7527
1394.4400 0.8121 0.7557
1394.4500 0.7582 0.7588
1394.4600 0.7445 0.7617
1394.4700 0.7642 0.7644
1394.4800 0.7855 0.7666
1394.4900 0.7229 0.7681
1394.5000 0.8007 0.7690
1394.5100 0.8326 0.7691
1394.5200 0.7700 0.7687
1394.5300 0.8294 0.7679
1394.5400 0.8550 0.7670
1394.5500 0.8209 0.7660
1394.5600 0.8095 0.7651
1394.5700 0.8307 0.7644
1394.5800 0.8760 0.7639
1394.5900 0.8411 0.7637
1394.6000 0.8234 0.7638
1394.6100 0.8405 0.7642
1394.6200 0.8159 0.7651
1394.6300 0.8113 0.7665
1394.6400 0.7424 0.7682
1394.6500 0.7898 0.7702
1394.6600 0.7838 0.7724
1394.6700 0.7764 0.7747
1394.6800 0.8098 0.7770
1394.6900 0.8537 0.7792
1394.7000 0.7837 0.7815
1394.7100 0.7950 0.7838
1394.7200 0.8610 0.7863
1394.7300 0.7994 0.7890
1394.7400 0.8550 0.7920
1394.7500 0.7880 0.7954
1394.7600 0.7743 0.7991
1394.7700 0.7796 0.8031
1394.7800 0.8246 0.8073
1394.7900 0.7623 0.8117
1394.8000 0.7933 0.8162
1394.8100 0.9206 0.8207
1394.8200 0.7748 0.8251
1394.8300 0.8508 0.8295
1394.8400 0.8553 0.8337
1394.8500 0.8573 0.8377
1394.8600 0.8305 0.8415
1394.8700 0.8665 0.8451
1394.8800 0.8331 0.8484
1394.8900 0.7805 0.8516
1394.9000 0.7914 0.8546
1394.9100 0.8454 0.8575
1394.9200 0.9030 0.8603
1394.9300 0.8544 0.8631
1394.9400 0.8807 0.8660
1394.9500 0.8922 0.8689
1394.9600 0.9149 0.8717
1394.9700 0.8760 0.8746
1394.9800 0.8897 0.8775
1394.9900 0.9146 0.8802
1395.0000 0.7788 0.8829
1395.0100 0.9493 0.8853
1395.0200 0.8742 0.8874
1395.0300 0.9254 0.8893
1395.0400 0.8896 0.8909
1395.0500 0.9041 0.8922
1395.0600 0.9053 0.8935
1395.0700 0.8875 0.8947
1395.0800 0.9795 0.8961
1395.0900 0.8878 0.8976
1395.1000 0.9041 0.8994
1395.1100 0.9845 0.9015
1395.1200 0.9091 0.9038
1395.1300 0.8761 0.9063
1395.1400 0.9815 0.9088
1395.1500 0.9707 0.9113
1395.1600 0.9155 0.9137
1395.1700 1.0327 0.9158
1395.1800 0.9886 0.9178
1395.1900 0.9662 0.9196
1395.2000 0.9471 0.9212
1395.2100 0.8545 0.9227
1395.2200 0.8917 0.9241
1395.2300 1.0047 0.9255
1395.2400 0.8818 0.9270
1395.2500 1.0010 0.9284
1395.2600 1.0096 0.9300
1395.2700 0.8326 0.9317
1395.2800 0.9454 0.9335
1395.2900 1.0278 0.9353
1395.3000 0.8503 0.9372
1395.3100 0.9141 0.9390
1395.3200 1.0605 0.9407
1395.3300 1.0363 0.9422
1395.3400 1.0001 0.9434
1395.3500 1.1158 0.9444
1395.3600 1.0951 0.9452
1395.3700 1.0231 0.9458
1395.3800 0.9715 0.9463
1395.3900 0.9982 0.9469
1395.4000 1.0832 0.9476
1395.4100 0.9376 0.9485
1395.4200 0.9383 0.9496
1395.4300 0.9824 0.9509
1395.4400 1.0397 0.9524
1395.4500 0.9738 0.9541
1395.4600 0.9384 0.9557
1395.4700 0.9033 0.9574
1395.4800 0.8463 0.9590
1395.4900 0.8911 0.9605
1395.5000 0.9575 0.9618
1395.5100 0.9547 0.9631
1395.5200 0.9733 0.9642
1395.5300 0.9557 0.9653
1395.5400 0.8518 0.9662
1395.5500 0.9508 0.9671
1395.5600 1.0513 0.9679
1395.5700 0.9761 0.9686
1395.5800 0.9429 0.9693
1395.5900 0.9604 0.9700
1395.6000 0.9353 0.9706
1395.6100 0.9920 0.9712
1395.6200 0.8827 0.9717
1395.6300 0.8945 0.9723
1395.6400 0.9561 0.9728
1395.6500 1.0266 0.9733
1395.6600 0.9820 0.9738
1395.6700 0.9392 0.9742
1395.6800 0.9228 0.9747
1395.6900 0.8580 0.9751
1395.7000 0.9261 0.9755
1395.7100 1.0389 0.9759
1395.7200 0.9531 0.9763
1395.7300 0.9553 0.9767
1395.7400 0.9808 0.9770
1395.7500 0.9662 0.9774
1395.7600 0.9302 0.9777
1395.7700 0.9204 0.9780
1395.7800 0.9122 0.9783
1395.7900 0.9325 0.9786
1395.8000 0.7958 0.9789
1395.8100 0.8782 0.9792
1395.8200 0.9410 0.9795
1395.8300 0.8996 0.9798
1395.8400 1.0204 0.9801
1395.8500 0.8906 0.9803
1395.8600 0.9697 0.9806
1395.8700 0.9749 0.9808
1395.8800 0.9846 0.9811
1395.8900 0.9371 0.9813
1395.9000 0.9916 0.9815
1395.9100 0.9268 0.9817
1395.9200 0.9815 0.9820
1395.9300 0.9799 0.9822
1395.9400 0.9440 0.9824
1395.9500 0.9092 0.9826
1395.9600 0.9203 0.9828
1395.9700 0.9383 0.9830
1395.9800 0.9512 0.9832
1395.9900 0.9788 0.9834
1396.0000 0.9992 0.9835
1396.0100 1.0643 0.9837
1396.0200 0.9637 0.9839
1396.0300 0.9848 0.9841
1396.0400 0.9803 0.9842
1396.0500 1.0311 0.9844
1396.0600 0.9981 0.9846
1396.0700 1.0468 0.9847
1396.0800 1.0699 0.9849
1396.0900 0.9727 0.9850
1396.1000 0.9537 0.9852
1396.1100 0.9759 0.9853
1396.1200 0.9961 0.9855
1396.1300 1.0523 0.9856
1396.1400 0.9819 0.9858
1396.1500 0.8795 0.9859
1396.1600 1.0110 0.9860
1396.1700 1.0258 0.9862
1396.1800 1.0960 0.9863
1396.1900 0.9931 0.9864
1396.2000 1.0312 0.9866
1396.2100 0.9756 0.9867
1396.2200 1.0658 0.9868
1396.2300 1.1812 0.9869
1396.2400 1.0349 0.9871
1396.2500 1.0249 0.9872
1396.2600 1.0100 0.9873
1396.2700 1.0852 0.9874
1396.2800 0.9193 0.9875
1396.2900 0.9870 0.9876
1396.3000 1.0292 0.9878
1396.3100 1.0127 0.9879
1396.3200 0.9126 0.9880
1396.3300 0.9703 0.9881
1396.3400 1.0664 0.9882
1396.3500 1.0247 0.9883
1396.3600 1.0465 0.9884
1396.3700 1.0630 0.9885
1396.3800 1.0421 0.9886
1396.3900 1.0541 0.9887
1396.4000 0.9836 0.9888
1396.4100 1.0229 0.9889
1396.4200 1.0132 0.9890
1396.4300 1.0297 0.9891
1396.4400 1.0040 0.9892
1396.4500 1.0110 0.9893
1396.4600 0.9627 0.9893
1396.4700 0.9827 0.9894
1396.4800 0.9759 0.9895
1396.4900 1.0364 0.9896
1396.5000 1.0393 0.9897
1396.5100 0.9418 0.9898
1396.5200 0.9204 0.9898
1396.5300 0.9831 0.9899
1396.5400 1.0493 0.9900
1396.5500 1.0496 0.9900
1396.5600 0.9870 0.9901
1396.5700 1.0057 0.9902
1396.5800 0.9545 0.9903
1396.5900 0.9376 0.9903
1396.6000 0.9923 0.9904
1396.6100 0.9067 0.9904
1396.6200 0.9681 0.9905
1396.6300 1.0523 0.9906
1396.6400 1.0322 0.9906
1396.6500 0.9626 0.9907
1396.6600 0.9713 0.9908
1396.6700 1.0271 0.9908
1396.6800 1.0175 0.9909
1396.6900 0.9482 0.9909
1396.7000 1.0027 0.9910
1396.7100 0.9806 0.9910
1396.7200 1.0181 0.9911
1396.7300 0.9612 0.9912
1396.7400 0.9598 0.9912
1396.7500 0.9720 0.9913
1396.7600 1.0303 0.9913
1396.7700 0.9352 0.9914
1396.7800 0.9092 0.9914
1396.7900 0.9722 0.9915
1396.8000 0.9755 0.9915
1396.8100 1.0233 0.9916
1396.8200 1.0137 0.9916
1396.8300 0.9588 0.9917
1396.8400 0.9503 0.9917
1396.8500 0.9456 0.9917
1396.8600 1.0099 0.9918
1396.8700 1.0323 0.9918
1396.8800 0.9780 0.9919
1396.8900 1.0103 0.9919
1396.9000 1.0060 0.9920
1396.9100 0.9830 0.9920
1396.9200 1.0190 0.9921
1396.9300 0.9849 0.9921
1396.9400 0.9300 0.9922
1396.9500 0.9124 0.9922
1396.9600 0.9340 0.9923
1396.9700 0.9495 0.9923
1396.9800 0.9505 0.9924
1396.9900 0.9529 0.9924
1397.0000 0.9707 0.9924
1397.0100 0.9711 0.9925
1397.0200 0.9696 0.9925
1397.0300 1.0321 0.9926
1397.0400 1.0639 0.9926
1397.0500 1.0964 0.9927
1397.0600 1.0844 0.9927
1397.0700 1.0218 0.9928
1397.0800 1.0224 0.9928
1397.0900 0.9956 0.9928
1397.1000 0.9386 0.9929
1397.1100 0.9457 0.9929
1397.1200 0.9498 0.9930
1397.1300 0.9447 0.9930
1397.1400 0.9693 0.9930
1397.1500 0.9963 0.9931
1397.1600 0.9643 0.9931
1397.1700 0.9355 0.9931
1397.1800 0.9730 0.9932
1397.1900 0.9303 0.9932
1397.2000 0.9666 0.9932
1397.2100 0.9915 0.9933
1397.2200 0.9698 0.9933
1397.2300 1.0343 0.9933
1397.2400 1.0233 0.9934
1397.2500 0.9444 0.9934
1397.2600 0.9434 0.9934
1397.2700 0.9393 0.9935
1397.2800 0.9654 0.9935
1397.2900 1.0056 0.9935
1397.3000 0.9350 0.9935
1397.3100 0.8990 0.9936
1397.3200 0.9589 0.9936
1397.3300 1.0213 0.9936
1397.3400 1.0004 0.9937
1397.3500 0.9983 0.9937
1397.3600 0.9870 0.9937
1397.3700 0.9597 0.9937
1397.3800 1.0037 0.9938
1397.3900 0.9787 0.9938
1397.4000 0.9456 0.9938
1397.4100 0.9201 0.9938
1397.4200 0.9890 0.9939
1397.4300 0.9987 0.9939
1397.4400 0.9125 0.9939
1397.4500 0.9310 0.9939
1397.4600 0.9600 0.9939
1397.4700 0.9426 0.9940
1397.4800 0.9497 0.9940
1397.4900 0.9561 0.9940
1397.5000 0.9931 0.9940
1397.5100 0.9800 0.9940
1397.5200 0.9472 0.9941
1397.5300 0.9509 0.9941
1397.5400 0.9800 0.9941
1397.5500 1.0221 0.9941
1397.5600 1.0205 0.9941
1397.5700 0.9640 0.9941
1397.5800 0.9743 0.9941
1397.5900 1.0055 0.9942
1397.6000 0.9401 0.9942
1397.6100 0.9244 0.9942
1397.6200 0.9416 0.9942
1397.6300 0.9521 0.9942
1397.6400 1.0627 0.9942
1397.6500 1.1078 0.9943
1397.6600 1.0415 0.9943
1397.6700 0.9841 0.9943
1397.6800 0.9835 0.9943
1397.6900 0.9880 0.9943
1397.7000 0.9858 0.9944
1397.7100 1.0144 0.9944
1397.7200 0.9695 0.9944
1397.7300 0.9921 0.9944
1397.7400 0.9316 0.9944
1397.7500 0.9483 0.9945
1397.7600 0.9581 0.9945
1397.7700 1.0141 0.9945
1397.7800 0.9474 0.9945
1397.7900 0.9888 0.9945
1397.8000 1.0720 0.9946
1397.8100 1.0674 0.9946
1397.8200 0.9771 0.9946
1397.8300 0.9349 0.9946
1397.8400 0.9815 0.9946
1397.8500 0.9356 0.9947
1397.8600 1.0133 0.9947
1397.8700 1.0119 0.9947
1397.8800 0.9155 0.9947
1397.8900 0.8650 0.9947
1397.9000 0.9079 0.9948
1397.9100 0.9469 0.9948
1397.9200 1.0033 0.9948
1397.9300 1.0050 0.9948
1397.9400 0.9714 0.9948
1397.9500 0.9855 0.9948
1397.9600 0.9827 0.9949
1397.9700 0.9495 0.9949
1397.9800 0.9565 0.9949
1397.9900 0.9733 0.9949
1398.0000 0.9817 0.9949
1398.0100 1.0300 0.9949
1398.0200 1.0228 0.9949
1398.0300 0.9684 0.9950
1398.0400 1.0102 0.9950
1398.0500 1.0229 0.9950
1398.0600 0.9863 0.9950
1398.0700 0.9718 0.9950
1398.0800 0.9661 0.9950
1398.0900 0.9525 0.9950
1398.1000 1.0108 0.9951
1398.1100 1.0035 0.9951
1398.1200 0.9694 0.9951
1398.1300 1.0415 0.9951
1398.1400 1.0069 0.9951
1398.1500 0.9284 0.9951
1398.1600 1.0276 0.9951
1398.1700 0.9388 0.9951
1398.1800 1.0262 0.9951
1398.1900 0.9404 0.9952
1398.2000 0.9330 0.9952
1398.2100 1.0670 0.9952
1398.2200 0.9705 0.9952
1398.2300 0.9638 0.9952
1398.2400 0.9872 0.9952
1398.2500 0.9467 0.9952
1398.2600 1.0632 0.9952
1398.2700 0.9782 0.9952
1398.2800 1.0080 0.9952
1398.2900 1.0643 0.9952
1398.3000 0.9758 0.9953
1398.3100 0.9641 0.9953
1398.3200 1.0042 0.9953
1398.3300 0.9921 0.9953
1398.3400 0.9704 0.9953
1398.3500 0.9636 0.9953
1398.3600 1.0260 0.9953
1398.3700 1.0108 0.9953
1398.3800 1.0046 0.9953
1398.3900 1.0135 0.9953
1398.4000 1.0687 0.9953
1398.4100 0.9367 0.9953
1398.4200 0.9902 0.9953
1398.4300 1.0417 0.9953
1398.4400 1.0737 0.9953
1398.4500 1.0902 0.9953
1398.4600 1.0056 0.9953
1398.4700 1.0057 0.9954
1398.4800 0.9786 0.9954
1398.4900 0.9448 0.9954
1398.5000 0.9881 0.9954
1398.5100 1.0357 0.9954
1398.5200 1.0037 0.9954
1398.5300 1.0892 0.9954
1398.5400 1.0290 0.9954
1398.5500 1.0035 0.9954
1398.5600 0.9867 0.9954
1398.5700 1.0689 0.9954
1398.5800 1.0196 0.9954
1398.5900 1.0163 0.9954
1398.6000 1.1550 0.9954
1398.6100 1.1162 0.9954
1398.6200 1.1576 0.9954
1398.6300 1.0709 0.9954
1398.6400 1.0552 0.9954
1398.6500 1.1241 0.9954
1398.6600 1.0664 0.9954
1398.6700 0.9821 0.9954
1398.6800 1.0222 0.9954
1398.6900 0.9982 0.9954
1398.7000 1.0463 0.9954
1398.7100 1.1147 0.9954
1398.7200 0.9808 0.9954
1398.7300 0.9798 0.9954
1398.7400 0.9990 0.9954
1398.7500 0.9556 0.9954
1398.7600 0.9123 0.9954
1398.7700 0.9003 0.9954
1398.7800 1.0091 0.9954
1398.7900 0.9330 0.9954
1398.8000 1.0509 0.9954
1398.8100 1.0934 0.9954
1398.8200 1.0372 0.9954
1398.8300 0.9579 0.9954
1398.8400 1.0149 0.9954
1398.8500 0.9336 0.9954
1398.8600 1.0655 0.9954
1398.8700 0.9003 0.9954
1398.8800 0.9928 0.9954
1398.8900 0.9937 0.9954
1398.9000 1.0328 0.9954
1398.9100 0.9458 0.9954
1398.9200 0.9592 0.9954
1398.9300 1.0104 0.9953
1398.9400 1.0215 0.9953
1398.9500 1.0538 0.9953
1398.9600 1.0592 0.9953
1398.9700 1.0080 0.9953
1398.9800 1.1522 0.9953
1398.9900 1.0149 0.9953
1399.0000 1.0789 0.9953
1399.0100 1.0305 0.9953
1399.0200 1.1601 0.9953
1399.0300 1.0210 0.9953
1399.0400 1.0365 0.9953
1399.0500 0.9623 0.9953
1399.0600 0.9503 0.9953
1399.0700 1.0122 0.9953
1399.0800 1.0663 0.9953
1399.0900 1.0533 0.9953
1399.1000 1.0388 0.9953
1399.1100 1.0847 0.9952
1399.1200 1.0357 0.9952
1399.1300 1.0748 0.9952
1399.1400 1.0217 0.9952
1399.1500 1.0275 0.9952
1399.1600 1.0187 0.9952
1399.1700 1.0955 0.9952
1399.1800 1.0000 0.9952
1399.1900 0.8925 0.9952
1399.2000 0.9100 0.9952
1399.2100 0.9512 0.9952
1399.2200 1.0098 0.9952
1399.2300 0.8251 0.9951
1399.2400 0.8922 0.9951
1399.2500 0.8618 0.9951
1399.2600 0.9846 0.9951
1399.2700 1.0126 0.9951
1399.2800 1.0452 0.9951
1399.2900 0.8932 0.9951
1399.3000 0.9544 0.9951
1399.3100 1.0655 0.9951
1399.3200 1.0120 0.9950
1399.3300 1.0607 0.9950
1399.3400 0.9273 0.9950
1399.3500 0.9823 0.9950
1399.3600 0.9712 0.9950
1399.3700 0.9521 0.9950
1399.3800 0.9572 0.9950
1399.3900 0.8917 0.9949
1399.4000 0.9414 0.9949
1399.4100 1.0334 0.9949
1399.4200 1.0039 0.9949
1399.4300 0.9883 0.9949
1399.4400 0.9161 0.9949
1399.4500 0.9342 0.9949
1399.4600 0.9225 0.9948
1399.4700 0.9401 0.9948
1399.4800 0.9471 0.9948
1399.4900 0.9755 0.9948
1399.5000 0.9833 0.9948
1399.5100 1.0289 0.9948
1399.5200 1.0181 0.9947
1399.5300 1.0172 0.9947
1399.5400 0.9428 0.9947
1399.5500 1.0143 0.9947
1399.5600 1.0166 0.9947
1399.5700 0.8769 0.9946
1399.5800 0.9105 0.9946
1399.5900 0.9923 0.9946
1399.6000 0.9553 0.9946
1399.6100 0.9924 0.9946
1399.6200 1.0136 0.9945
1399.6300 1.0099 0.9945
1399.6400 0.9936 0.9945
1399.6500 0.9475 0.9945
1399.6600 0.9796 0.9945
1399.6700 1.0191 0.9944
1399.6800 0.9727 0.9944
1399.6900 0.9408 0.9944
1399.7000 0.9791 0.9944
1399.7100 1.0205 0.9943
1399.7200 0.8926 0.9943
1399.7300 0.8932 0.9943
1399.7400 0.9885 0.9943
1399.7500 0.8932 0.9942
1399.7600 0.9705 0.9942
1399.7700 1.0109 0.9942
1399.7800 1.0242 0.9942
1399.7900 0.9433 0.9941
1399.8000 1.0029 0.9941
1399.8100 0.9017 0.9941
1399.8200 1.0364 0.9940
1399.8300 0.9602 0.9940
1399.8400 0.9406 0.9940
1399.8500 0.9107 0.9940
1399.8600 0.9439 0.9939
1399.8700 0.9314 0.9939
1399.8800 0.8998 0.9939
1399.8900 0.9686 0.9938
1399.9000 1.0250 0.9938
1399.9100 0.9900 0.9938
1399.9200 0.9663 0.9937
1399.9300 0.9468 0.9937
1399.9400 0.9632 0.9936
1399.9500 0.9856 0.9936
1399.9600 0.9244 0.9936
1399.9700 0.9348 0.9935
1399.9800 0.9425 0.9935
1399.9900 0.9693 0.9935
1400.0000 0.9623 0.9934
1400.0100 0.8875 0.9934
1400.0200 0.9506 0.9933
1400.0300 0.9415 0.9933
1400.0400 1.0143 0.9933
1400.0500 1.0457 0.9932
1400.0600 0.9116 0.9932
1400.0700 0.9276 0.9931
1400.0800 0.9123 0.9931
1400.0900 0.9787 0.9930
1400.1000 1.0227 0.9930
1400.1100 1.0041 0.9929
1400.1200 0.9373 0.9929
1400.1300 1.0022 0.9928
1400.1400 0.9974 0.9928
1400.1500 1.0238 0.9927
1400.1600 1.0097 0.9927
1400.1700 1.0408 0.9926
1400.1800 1.0221 0.9926
1400.1900 1.0068 0.9925
1400.2000 1.0006 0.9925
1400.2100 1.0209 0.9924
1400.2200 0.9718 0.9924
1400.2300 0.9660 0.9923
1400.2400 1.0220 0.9922
1400.2500 0.9956 0.9922
1400.2600 0.9048 0.9921
1400.2700 0.9679 0.9920
1400.2800 0.9138 0.9920
1400.2900 0.9388 0.9919
1400.3000 0.9705 0.9918
1400.3100 0.9591 0.9918
1400.3200 1.0303 0.9917
1400.3300 1.0598 0.9916
1400.3400 1.0231 0.9916
1400.3500 0.9473 0.9915
1400.3600 0.9403 0.9914
1400.3700 0.9913 0.9913
1400.3800 0.9753 0.9913
1400.3900 0.9555 0.9912
1400.4000 0.9829 0.9911
1400.4100 1.0166 0.9910
1400.4200 1.0216 0.9909
1400.4300 1.0618 0.9908
1400.4400 1.0482 0.9908
1400.4500 1.0003 0.9907
1400.4600 0.9518 0.9906
1400.4700 0.9505 0.9905
1400.4800 0.9464 0.9904
1400.4900 0.9949 0.9903
1400.5000 0.9937 0.9902
1400.5100 0.9836 0.9901
1400.5200 0.9830 0.9900
1400.5300 1.0258 0.9899
1400.5400 1.0481 0.9898
1400.5500 1.0657 0.9897
1400.5600 1.0121 0.9896
1400.5700 1.0494 0.9894
1400.5800 1.0561 0.9893
1400.5900 0.9737 0.9892
1400.6000 0.9431 0.9891
1400.6100 0.9640 0.9889
1400.6200 0.9616 0.9888
1400.6300 0.8901 0.9887
1400.6400 0.9116 0.9886
1400.6500 0.8931 0.9884
1400.6600 0.9286 0.9883
1400.6700 0.9609 0.9881
1400.6800 0.9231 0.9880
1400.6900 0.9940 0.9878
1400.7000 1.0175 0.9877
1400.7100 0.9571 0.9875
1400.7200 0.9511 0.9874
1400.7300 0.9536 0.9872
1400.7400 0.9935 0.9870
1400.7500 0.9745 0.9868
1400.7600 0.9359 0.9867
1400.7700 0.9441 0.9865
1400.7800 0.9507 0.9863
1400.7900 0.9919 0.9861
1400.8000 0.9981 0.9859
1400.8100 1.0106 0.9857
1400.8200 1.0209 0.9855
1400.8300 0.9971 0.9853
1400.8400 0.9952 0.9850
1400.8500 1.0058 0.9848
1400.8600 0.9688 0.9846
1400.8700 0.9785 0.9843
1400.8800 0.9955 0.9841
1400.8900 0.9906 0.9838
1400.9000 1.0663 0.9836
1400.9100 1.0666 0.9833
1400.9200 1.0307 0.9830
1400.9300 0.9839 0.9827
1400.9400 0.9223 0.9824
1400.9500 0.9705 0.9821
1400.9600 1.0150 0.9818
1400.9700 0.9859 0.9815
1400.9800 0.9282 0.9811
1400.9900 0.9804 0.9808
1401.0000 1.0453 0.9804
1401.0100 1.1068 0.9801
1401.0200 1.0551 0.9797
1401.0300 1.0326 0.9793
1401.0400 1.0464 0.9789
1401.0500 1.0111 0.9784
1401.0600 1.0341 0.9780
1401.0700 1.0074 0.9775
1401.0800 0.8933 0.9771
1401.0900 0.8559 0.9766
1401.1000 0.9572 0.9761
1401.1100 0.9843 0.9755
1401.1200 0.9269 0.9750
1401.1300 0.8905 0.9744
1401.1400 0.9050 0.9738
1401.1500 0.9208 0.9732
1401.1600 0.9387 0.9725
1401.1700 0.9444 0.9719
1401.1800 0.9205 0.9712
1401.1900 0.9361 0.9704
1401.2000 0.9225 0.9697
1401.2100 0.9235 0.9688
1401.2200 0.9114 0.9680
1401.2300 0.9213 0.9671
1401.2400 0.9216 0.9662
1401.2500 0.9194 0.9652
1401.2600 0.9877 0.9641
1401.2700 1.0061 0.9630
1401.2800 0.9955 0.9618
1401.2900 0.9344 0.9606
1401.3000 0.8559 0.9592
1401.3100 0.8847 0.9577
1401.3200 0.9137 0.9561
1401.3300 0.9051 0.9543
1401.3400 0.9525 0.9524
1401.3500 0.9145 0.9503
1401.3600 0.9094 0.9482
1401.3700 0.9502 0.9460
1401.3800 1.0030 0.9439
1401.3900 0.9720 0.9419
1401.4000 0.9385 0.9400
1401.4100 0.9164 0.9383
1401.4200 0.8901 0.9368
1401.4300 0.8796 0.9354
1401.4400 0.8696 0.9341
1401.4500 0.8361 0.9328
1401.4600 0.8592 0.9314
1401.4700 0.8300 0.9298
1401.4800 0.8419 0.9281
1401.4900 0.9159 0.9263
1401.5000 0.9186 0.9243
1401.5100 0.9158 0.9223
1401.5200 0.9491 0.9201
1401.5300 0.9101 0.9179
1401.5400 0.9080 0.9157
1401.5500 0.9534 0.9132
1401.5600 0.8736 0.9106
1401.5700 0.9223 0.9078
1401.5800 0.9863 0.9048
1401.5900 0.8807 0.9016
1401.6000 0.8247 0.8984
1401.6100 0.9023 0.8950
1401.6200 0.9080 0.8917
1401.6300 0.8216 0.8883
1401.6400 0.9064 0.8851
1401.6500 0.8942 0.8821
1401.6600 0.9012 0.8793
1401.6700 0.9022 0.8767
1401.6800 0.9370 0.8744
1401.6900 0.9044 0.8724
1401.7000 0.8725 0.8705
1401.7100 0.8167 0.8686
1401.7200 0.8893 0.8667
1401.7300 0.9292 0.8645
1401.7400 0.9255 0.8621
1401.7500 0.8929 0.8593
1401.7600 0.8149 0.8562
1401.7700 0.8579 0.8529
1401.7800 0.8247 0.8494
1401.7900 0.8336 0.8459
1401.8000 0.8427 0.8424
1401.8100 0.8148 0.8389
1401.8200 0.7760 0.8356
1401.8300 0.8255 0.8323
1401.8400 0.8510 0.8291
1401.8500 0.7850 0.8258
1401.8600 0.8078 0.8226
1401.8700 0.7963 0.8194
1401.8800 0.7725 0.8161
1401.8900 0.8352 0.8129
1401.9000 0.8346 0.8095
1401.9100 0.7798 0.8061
1401.9200 0.7035 0.8025
1401.9300 0.7653 0.7989
1401.9400 0.7082 0.7953
1401.9500 0.7694 0.7917
1401.9600 0.7578 0.7884
1401.9700 0.7881 0.7853
1401.9800 0.8311 0.7826
1401.9900 0.8216 0.7803
1402.0000 0.7378 0.7785
1402.0100 0.6641 0.7771
1402.0200 0.7628 0.7761
1402.0300 0.7878 0.7758
1402.0400 0.7408 0.7760
1402.0500 0.7016 0.7769
1402.0600 0.8128 0.7785
1402.0700 0.7749 0.7806
1402.0800 0.6973 0.7831
1402.0900 0.7898 0.7859
1402.1000 0.7596 0.7886
1402.1100 0.7297 0.7912
1402.1200 0.6916 0.7933
1402.1300 0.7913 0.7949
1402.1400 0.8086 0.7959
1402.1500 0.7622 0.7964
1402.1600 0.7122 0.7963
1402.1700 0.7450 0.7958
1402.1800 0.7408 0.7948
1402.1900 0.8140 0.7935
1402.2000 0.8135 0.7920
1402.2100 0.8781 0.7904
1402.2200 0.8555 0.7886
1402.2300 0.8164 0.7867
1402.2400 0.8217 0.7845
1402.2500 0.9314 0.7819
1402.2600 0.8024 0.7788
1402.2700 0.7898 0.7753
1402.2800 0.8142 0.7713
1402.2900 0.8345 0.7673
1402.3000 0.8116 0.7635
1402.3100 0.7666 0.7603
1402.3200 0.7942 0.7580
1402.3300 0.7964 0.7568
1402.3400 0.7995 0.7568
1402.3500 0.7592 0.7580
1402.3600 0.7318 0.7600
1402.3700 0.7928 0.7630
1402.3800 0.7556 0.7666
1402.3900 0.8163 0.7709
1402.4000 0.7816 0.7758
1402.4100 0.7544 0.7814
1402.4200 0.7756 0.7875
1402.4300 0.7796 0.7943
1402.4400 0.7062 0.8016
1402.4500 0.8800 0.8093
1402.4600 0.7537 0.8174
1402.4700 0.7542 0.8257
1402.4800 0.8417 0.8340
1402.4900 0.8015 0.8424
1402.5000 0.8429 0.8507
1402.5100 0.7521 0.8589
1402.5200 0.8492 0.8667
1402.5300 0.8273 0.8741
1402.5400 0.8304 0.8811
1402.5500 0.8040 0.8875
1402.5600 0.8105 0.8933
1402.5700 0.8673 0.8985
1402.5800 0.9626 0.9032
1402.5900 0.9396 0.9073
1402.6000 0.9125 0.9110
1402.6100 0.8539 0.9142
1402.6200 0.8612 0.9171
1402.6300 0.9101 0.9196
1402.6400 0.9114 0.9219
1402.6500 0.8315 0.9239
1402.6600 0.8677 0.9257
1402.6700 0.9944 0.9273
1402.6800 0.9409 0.9287
1402.6900 0.9624 0.9300
1402.7000 0.9374 0.9310
1402.7100 0.8740 0.9319
1402.7200 0.9430 0.9327
1402.7300 0.9284 0.9333
1402.7400 0.8852 0.9338
1402.7500 0.8434 0.9341
1402.7600 0.8274 0.9343
1402.7700 0.9195 0.9344
1402.7800 0.8459 0.9343
1402.7900 0.8220 0.9341
1402.8000 0.9660 0.9338
1402.8100 0.9719 0.9333
1402.8200 1.0324 0.9327
1402.8300 1.0321 0.9319
1402.8400 0.9433 0.9310
1402.8500 0.8550 0.9300
1402.8600 0.9424 0.9287
1402.8700 0.9012 0.9273
1402.8800 0.8739 0.9257
1402.8900 0.8884 0.9239
1402.9000 0.8953 0.9219
1402.9100 0.8956 0.9196
1402.9200 0.9719 0.9171
1402.9300 0.9898 0.9142
1402.9400 0.8801 0.9109
1402.9500 1.0205 0.9073
1402.9600 0.9240 0.9031
1402.9700 0.8578 0.8985
1402.9800 0.9605 0.8933
1402.9900 0.8999 0.8874
1403.0000 0.9227 0.8810
1403.0100 0.8754 0.8741
1403.0200 0.8054 0.8666
1403.0300 0.7813 0.8588
1403.0400 0.8419 0.8507
1403.0500 0.8887 0.8424
1403.0600 0.8775 0.8340
1403.0700 0.8213 0.8256
1403.0800 0.8293 0.8173
1403.0900 0.9089 0.8093
1403.1000 0.8292 0.8015
1403.1100 0.8654 0.7942
1403.1200 0.8683 0.7874
1403.1300 0.7920 0.7812
1403.1400 0.8377 0.7757
1403.1500 0.8027 0.7708
1403.1600 0.7406 0.7665
1403.1700 0.7724 0.7628
1403.1800 0.7443 0.7599
1403.1900 0.7025 0.7578
1403.2000 0.7471 0.7567
1403.2100 0.7157 0.7567
1403.2200 0.7799 0.7578
1403.2300 0.8024 0.7601
1403.2400 0.7241 0.7633
1403.2500 0.8807 0.7671
1403.2600 0.8154 0.7712
1403.2700 0.7982 0.7751
1403.2800 0.8285 0.7787
1403.2900 0.8516 0.7818
1403.3000 0.8817 0.7843
1403.3100 0.8278 0.7865
1403.3200 0.8141 0.7884
1403.3300 0.9631 0.7902
1403.3400 0.8592 0.7918
1403.3500 0.8349 0.7933
1403.3600 0.7688 0.7946
1403.3700 0.7760 0.7956
1403.3800 0.8044 0.7962
1403.3900 0.7948 0.7963
1403.4000 0.7939 0.7958
1403.4100 0.8569 0.7948
1403.4200 0.8255 0.7932
1403.4300 0.8191 0.7910
1403.4400 0.7325 0.7885
1403.4500 0.7352 0.7858
1403.4600 0.7880 0.7830
1403.4700 0.7948 0.7805
1403.4800 0.8462 0.7784
1403.4900 0.8302 0.7768
1403.5000 0.7393 0.7759
1403.5100 0.7623 0.7757
1403.5200 0.7695 0.7760
1403.5300 0.7906 0.7770
1403.5400 0.8932 0.7784
1403.5500 0.9299 0.7802
1403.5600 0.8458 0.7825
1403.5700 0.8654 0.7852
1403.5800 0.8919 0.7883
1403.5900 0.9082 0.7916
1403.6000 0.8515 0.7952
1403.6100 0.8882 0.7988
1403.6200 0.8446 0.8024
1403.6300 0.8198 0.8060
1403.6400 0.8851 0.8094
1403.6500 0.8331 0.8128
1403.6600 0.7712 0.8160
1403.6700 0.7730 0.8193
1403.6800 0.7941 0.8225
1403.6900 0.7857 0.8257
1403.7000 0.7595 0.8290
1403.7100 0.7974 0.8322
1403.7200 0.7780 0.8355
1403.7300 0.7817 0.8389
1403.7400 0.7506 0.8423
1403.7500 0.8367 0.8458
1403.7600 0.8742 0.8493
1403.7700 0.7572 0.8528
1403.7800 0.7537 0.8561
1403.7900 0.8137 0.8592
1403.8000 0.8455 0.8620
1403.8100 0.8571 0.8644
1403.8200 0.8638 0.8666
1403.8300 0.8553 0.8685
1403.8400 0.8589 0.8704
1403.8500 0.8203 0.8723
1403.8600 0.8271 0.8744
1403.8700 0.8875 0.8767
1403.8800 0.8973 0.8792
1403.8900 0.8832 0.8821
1403.9000 0.9208 0.8851
1403.9100 0.9352 0.8883
1403.9200 0.9198 0.8916
1403.9300 0.9543 0.8950
1403.9400 1.0153 0.8984
1403.9500 1.0210 0.9016
1403.9600 0.9754 0.9048
1403.9700 0.9126 0.9078
1403.9800 0.9855 0.9106
1403.9900 0.9795 0.9132
1404.0000 0.9135 0.9157
1404.0100 0.9125 0.9180
1404.0200 1.0296 0.9202
1404.0300 0.9936 0.9223
1404.0400 0.8742 0.9243
1404.0500 0.8865 0.9263
1404.0600 0.9733 0.9282
1404.0700 0.9724 0.9299
1404.0800 0.8544 0.9314
1404.0900 0.8961 0.9328
1404.1000 0.9558 0.9342
1404.1100 0.8864 0.9355
1404.1200 0.8669 0.9369
1404.1300 0.8880 0.9384
1404.1400 0.8785 0.9401
1404.1500 0.9256 0.9419
1404.1600 0.9947 0.9440
1404.1700 0.9931 0.9461
1404.1800 0.9237 0.9483
1404.1900 0.9263 0.9504
1404.2000 0.9638 0.9524
1404.2100 0.9360 0.9544
1404.2200 0.9418 0.9562
1404.2300 0.9258 0.9578
1404.2400 0.8943 0.9593
1404.2500 0.8654 0.9607
1404.2600 0.8679 0.9620
1404.2700 0.8414 0.9631
1404.2800 0.8462 0.9643
1404.2900 0.8904 0.9653
1404.3000 0.9793 0.9663
1404.3100 0.9570 0.9672
1404.3200 0.9288 0.9681
1404.3300 1.0010 0.9690
1404.3400 0.9660 0.9698
1404.3500 0.9781 0.9706
1404.3600 0.9911 0.9713
1404.3700 0.9247 0.9720
1404.3800 0.9173 0.9727
1404.3900 0.9371 0.9733
1404.4000 0.9615 0.9740
1404.4100 1.0295 0.9746
1404.4200 1.0150 0.9751
1404.4300 0.9622 0.9757
1404.4400 0.9698 0.9762
1404.4500 0.9524 0.9768
1404.4600 0.9543 0.9773
1404.4700 1.0070 0.9777
1404.4800 1.0547 0.9782
1404.4900 1.0024 0.9786
1404.5000 0.9570 0.9791
1404.5100 1.0037 0.9795
1404.5200 1.0590 0.9799
1404.5300 0.9991 0.9803
1404.5400 0.9491 0.9807
1404.5500 0.9964 0.9810
1404.5600 0.9984 0.9814
1404.5700 0.9777 0.9817
1404.5800 0.9074 0.9821
1404.5900 0.9404 0.9824
1404.6000 1.0014 0.9827
1404.6100 1.0411 0.9830
1404.6200 1.0532 0.9833
1404.6300 0.9995 0.9836
1404.6400 0.9605 0.9839
1404.6500 1.0231 0.9841
1404.6600 1.0135 0.9844
1404.6700 1.0442 0.9847
1404.6800 1.0978 0.9849
1404.6900 1.0454 0.9851
1404.7000 0.9308 0.9854
1404.7100 0.9254 0.9856
1404.7200 0.9196 0.9858
1404.7300 0.9819 0.9860
1404.7400 1.0208 0.9863
1404.7500 0.9641 0.9865
1404.7600 0.9850 0.9867
1404.7700 0.9504 0.9869
1404.7800 0.9832 0.9871
1404.7900 1.0386 0.9872
1404.8000 1.0191 0.9874
1404.8100 0.9929 0.9876
1404.8200 0.9932 0.9878
1404.8300 0.9805 0.9879
1404.8400 0.9215 0.9881
1404.8500 0.8916 0.9883
1404.8600 0.9255 0.9884
1404.8700 0.9004 0.9886
1404.8800 0.9101 0.9887
1404.8900 0.9343 0.9889
1404.9000 0.9913 0.9890
1404.9100 0.9091 0.9892
1404.9200 0.8617 0.9893
1404.9300 0.9064 0.9894
1404.9400 0.9559 0.9896
1404.9500 1.0727 0.9897
1404.9600 0.9344 0.9898
1404.9700 0.9880 0.9899
1404.9800 0.9831 0.9901
1404.9900 0.9894 0.9902
1405.0000 1.0189 0.9903
1405.0100 0.9800 0.9904
1405.0200 1.0330 0.9905
1405.0300 1.0494 0.9906
1405.0400 1.0310 0.9907
1405.0500 1.0095 0.9908
1405.0600 1.0492 0.9909
1405.0700 1.0186 0.9910
1405.0800 0.9332 0.9911
1405.0900 0.9770 0.9912
1405.1000 0.9614 0.9913
1405.1100 0.9395 0.9914
1405.1200 0.9476 0.9915
1405.1300 0.9736 0.9916
1405.1400 0.9819 0.9917
1405.1500 1.0217 0.9918
1405.1600 0.9794 0.9919
1405.1700 0.9912 0.9920
1405.1800 0.9705 0.9920
1405.1900 1.0095 0.9921
1405.2000 0.9691 0.9922
1405.2100 1.0026 0.9923
1405.2200 0.9165 0.9924
1405.2300 0.9435 0.9924
1405.2400 0.9533 0.9925
1405.2500 0.9785 0.9926
1405.2600 1.0919 0.9927
1405.2700 1.0366 0.9927
1405.2800 0.9216 0.9928
1405.2900 1.0200 0.9929
1405.3000 1.0182 0.9929
1405.3100 0.9912 0.9930
1405.3200 1.0104 0.9931
1405.3300 0.9988 0.9932
1405.3400 1.0282 0.9932
1405.3500 0.9844 0.9933
1405.3600 0.9623 0.9933
1405.3700 0.9360 0.9934
1405.3800 0.9972 0.9935
1405.3900 1.0090 0.9935
1405.4000 1.0241 0.9936
1405.4100 1.1235 0.9936
1405.4200 1.0892 0.9937
1405.4300 1.0043 0.9938
1405.4400 1.0401 0.9938
1405.4500 1.0328 0.9939
1405.4600 1.1087 0.9939
1405.4700 0.9094 0.9940
1405.4800 0.8958 0.9940
1405.4900 0.9029 0.9941
1405.5000 0.9678 0.9941
1405.5100 0.9811 0.9942
1405.5200 0.8846 0.9942
1405.5300 0.9027 0.9943
1405.5400 0.9671 0.9943
1405.5500 0.8631 0.9944
1405.5600 0.9513 0.9944
1405.5700 0.8758 0.9945
1405.5800 0.9316 0.9945
1405.5900 0.9644 0.9946
1405.6000 0.9300 0.9946
1405.6100 0.9296 0.9947
1405.6200 0.8369 0.9947
1405.6300 0.9457 0.9947
1405.6400 0.9588 0.9948
1405.6500 1.0175 0.9948
1405.6600 1.0262 0.9949
1405.6700 0.9219 0.9949
1405.6800 0.9915 0.9950
1405.6900 0.9607 0.9950
1405.7000 1.0066 0.9950
1405.7100 1.0134 0.9951
1405.7200 0.9224 0.9951
1405.7300 0.9544 0.9951
1405.7400 0.9502 0.9952
1405.7500 1.0505 0.9952
1405.7600 0.9051 0.9953
1405.7700 1.0857 0.9953
1405.7800 0.9239 0.9953
1405.7900 0.9354 0.9954
1405.8000 0.9447 0.9954
1405.8100 0.9486 0.9954
1405.8200 0.9022 0.9955
1405.8300 1.0365 0.9955
1405.8400 1.0355 0.9955
1405.8500 0.8986 0.9956
1405.8600 0.9645 0.9956
1405.8700 0.9479 0.9956
1405.8800 0.9784 0.9957
1405.8900 0.9004 0.9957
1405.9000 0.9566 0.9957
1405.9100 0.9185 0.9958
1405.9200 1.0551 0.9958
1405.9300 0.9364 0.9958
1405.9400 0.9138 0.9958
1405.9500 0.9391 0.9959
1405.9600 0.9633 0.9959
1405.9700 1.0070 0.9959
1405.9800 0.8771 0.9960
1405.9900 1.0012 0.9960
1406.0000 1.0717 0.9960
1406.0100 1.0007 0.9960
1406.0200 0.9600 0.9961
1406.0300 1.0060 0.9961
1406.0400 0.9399 0.9961
1406.0500 0.9455 0.9961
1406.0600 0.9321 0.9962
1406.0700 1.0303 0.9962
1406.0800 1.0076 0.9962
1406.0900 0.9666 0.9962
1406.1000 1.0518 0.9963
1406.1100 1.0898 0.9963
1406.1200 1.1333 0.9963
1406.1300 1.0099 0.9963
1406.1400 1.0054 0.9964
1406.1500 1.0917 0.9964
1406.1600 0.9937 0.9964
1406.1700 0.9608 0.9964
1406.1800 0.9962 0.9965
1406.1900 1.0785 0.9965
1406.2000 1.0268 0.9965
1406.2100 1.0752 0.9965
1406.2200 1.1302 0.9965
1406.2300 0.9957 0.9966
1406.2400 1.0089 0.9966
1406.2500 0.9311 0.9966
1406.2600 0.9523 0.9966
1406.2700 0.9808 0.9966
1406.2800 0.8968 0.9967
1406.2900 0.9139 0.9967
1406.3000 1.0398 0.9967
1406.3100 0.9780 0.9967
1406.3200 0.9621 0.9967
1406.3300 0.9207 0.9968
1406.3400 0.9718 0.9968
1406.3500 1.0034 0.9968
1406.3600 0.8839 0.9968
1406.3700 1.0168 0.9968
1406.3800 1.0131 0.9969
1406.3900 1.0033 0.9969
1406.4000 0.9923 0.9969
1406.4100 0.9207 0.9969
1406.4200 1.0785 0.9969
1406.4300 0.9592 0.9969
1406.4400 0.8881 0.9970
1406.4500 0.9746 0.9970
1406.4600 0.9968 0.9970
1406.4700 0.9457 0.9970
1406.4800 1.0340 0.9970
1406.4900 1.0525 0.9971
1406.5000 0.9956 0.9971
1406.5100 0.9705 0.9971
1406.5200 1.0611 0.9971
1406.5300 1.0367 0.9971
1406.5400 1.0408 0.9971
1406.5500 1.0049 0.9971
1406.5600 1.0370 0.9972
1406.5700 1.0456 0.9972
1406.5800 0.9705 0.9972
1406.5900 0.9089 0.9972
1406.6000 1.0036 0.9972
1406.6100 0.8896 0.9972
1406.6200 1.0710 0.9973
1406.6300 1.0766 0.9973
1406.6400 0.9883 0.9973
1406.6500 0.9691 0.9973
1406.6600 0.9193 0.9973
1406.6700 0.9228 0.9973
1406.6800 1.0017 0.9973
1406.6900 0.9766 0.9974
1406.7000 0.9495 0.9974
1406.7100 0.9920 0.9974
1406.7200 1.0136 0.9974
1406.7300 1.1105 0.9974
1406.7400 1.0257 0.9974
1406.7500 1.0187 0.9974
1406.7600 0.9852 0.9974
1406.7700 0.9151 0.9975
1406.7800 1.0569 0.9975
1406.7900 1.0646 0.9975
1406.8000 0.9756 0.9975
1406.8100 0.9278 0.9975
1406.8200 0.9947 0.9975
1406.8300 1.0064 0.9975
1406.8400 0.8898 0.9975
1406.8500 0.9634 0.9976
1406.8600 1.0856 0.9976
1406.8700 1.0221 0.9976
1406.8800 1.0193 0.9976
1406.8900 1.0201 0.9976
1406.9000 0.9926 0.9976
1406.9100 1.0767 0.9976
1406.9200 1.0351 0.9976
1406.9300 0.9716 0.9976
1406.9400 0.9770 0.9977
1406.9500 1.0145 0.9977
1406.9600 1.0596 0.9977
1406.9700 0.9984 0.9977
1406.9800 0.9843 0.9977
1406.9900 1.0722 0.9977
1407.0000 1.0781 0.9977
1407.0100 1.0414 0.9977
1407.0200 1.0071 0.9977
1407.0300 1.0135 0.9978
1407.0400 1.0296 0.9978
1407.0500 0.9781 0.9978
1407.0600 1.0170 0.9978
1407.0700 1.0790 0.9978
1407.0800 1.0640 0.9978
1407.0900 1.0774 0.9978
1407.1000 1.0031 0.9978
1407.1100 1.0028 0.9978
1407.1200 1.0514 0.9978
1407.1300 0.9983 0.9979
1407.1400 0.9856 0.9979
1407.1500 1.0028 0.9979
1407.1600 1.0477 0.9979
1407.1700 1.0354 0.9979
1407.1800 0.9935 0.9979
1407.1900 1.0383 0.9979
1407.2000 1.0273 0.9979
1407.2100 1.0221 0.9979
1407.2200 1.0527 0.9979
1407.2300 1.0201 0.9979
1407.2400 1.0295 0.9980
1407.2500 1.0122 0.9980
1407.2600 1.0638 0.9980
1407.2700 1.0171 0.9980
1407.2800 1.0099 0.9980
1407.2900 1.1321 0.9980
1407.3000 1.0698 0.9980
1407.3100 1.0316 0.9980
1407.3200 1.1001 0.9980
1407.3300 1.1479 0.9980
1407.3400 1.1283 0.9980
1407.3500 1.1376 0.9981
1407.3600 1.1970 0.9981
1407.3700 1.1674 0.9981
1407.3800 1.1154 0.9981
1407.3900 1.1285 0.9981
1407.4000 1.0871 0.9981
1407.4100 1.0328 0.9981
1407.4200 0.9988 0.9981
1407.4300 1.0519 0.9981
1407.4400 0.9982 0.9981
1407.4500 0.9581 0.9981
1407.4600 0.9917 0.9981
1407.4700 0.9763 0.9981
1407.4800 0.8881 0.9982
1407.4900 0.9286 0.9982
1407.5000 1.0417 0.9982
1407.5100 1.0076 0.9982
1407.5200 0.9319 0.9982
1407.5300 0.9130 0.9982
1407.5400 0.9426 0.9982
1407.5500 1.0313 0.9982
1407.5600 0.9800 0.9982
1407.5700 0.9773 0.9982
1407.5800 1.0522 0.9982
1407.5900 1.0020 0.9982
1407.6000 0.9845 0.9982
1407.6100 1.0305 0.9982
1407.6200 0.9922 0.9983
1407.6300 0.9218 0.9983
1407.6400 0.9140 0.9983
1407.6500 0.9051 0.9983
1407.6600 0.9522 0.9983
1407.6700 0.8669 0.9983
1407.6800 0.9246 0.9983
1407.6900 1.0212 0.9983
1407.7000 1.0864 0.9983
1407.7100 1.0795 0.9983
1407.7200 0.9878 0.9983
1407.7300 0.9687 0.9983
1407.7400 0.9953 0.9983
1407.7500 0.9757 0.9983
1407.7600 0.9670 0.9983
1407.7700 0.9291 0.9984
1407.7800 0.9120 0.9984
1407.7900 0.8895 0.9984
1407.8000 0.8886 0.9984
1407.8100 0.9128 0.9984
1407.8200 0.9515 0.9984
1407.8300 0.9725 0.9984
1407.8400 0.9140 0.9984
1407.8500 1.0086 0.9984
1407.8600 1.0123 0.9984
1407.8700 0.9561 0.9984
1407.8800 0.9350 0.9984
1407.8900 0.8727 0.9984
1407.9000 0.8321 0.9984
1407.9100 0.9048 0.9984
1407.9200 0.9427 0.9984
1407.9300 0.9648 0.9984
1407.9400 1.0151 0.9985
1407.9500 0.9904 0.9985
1407.9600 0.9774 0.9985
1407.9700 0.9552 0.9985
1407.9800 0.9672 0.9985
1407.9900 0.9930 0.9985
1408.0000 0.9620 0.9985
1408.0100 0.9525 0.9985
1408.0200 0.9338 0.9985
1408.0300 0.9022 0.9985
1408.0400 0.9211 0.9985
1408.0500 0.9393 0.9985
1408.0600 0.9271 0.9985
1408.0700 0.9070 0.9985
1408.0800 0.9613 0.9985
1408.0900 0.9838 0.9985
1408.1000 1.0133 0.9985
1408.1100 1.0277 0.9985
1408.1200 1.0196 0.9985
1408.1300 1.0352 0.9986
1408.1400 1.0031 0.9986
1408.1500 1.0700 0.9986
1408.1600 1.0500 0.9986
1408.1700 0.9612 0.9986
1408.1800 0.9602 0.9986
1408.1900 0.9718 0.9986
1408.2000 0.9553 0.9986
1408.2100 1.0191 0.9986
1408.2200 0.9697 0.9986
1408.2300 0.8876 0.9986
1408.2400 0.8800 0.9986
1408.2500 0.9514 0.9986
1408.2600 0.9181 0.9986
1408.2700 0.9725 0.9986
1408.2800 0.9294 0.9986
1408.2900 0.9062 0.9986
1408.3000 0.9647 0.9986
1408.3100 1.0096 0.9986
1408.3200 0.9883 0.9986
1408.3300 1.0189 0.9986
1408.3400 1.0036 0.9987
1408.3500 0.9590 0.9987
1408.3600 1.0048 0.9987
1408.3700 0.9513 0.9987
1408.3800 0.9870 0.9987
1408.3900 1.0017 0.9987
1408.4000 0.9799 0.9987
1408.4100 0.9410 0.9987
1408.4200 0.9766 0.9987
1408.4300 1.0334 0.9987
1408.4400 1.0133 0.9987
1408.4500 1.0095 0.9987
1408.4600 1.0751 0.9987
1408.4700 1.0365 0.9987
1408.4800 1.0688 0.9987
1408.4900 1.0870 0.9987
1408.5000 1.0519 0.9987
1408.5100 1.0313 0.9987
1408.5200 1.0846 0.9987
1408.5300 1.0485 0.9987
1408.5400 1.0754 0.9987
1408.5500 1.0862 0.9987
1408.5600 0.9871 0.9987
1408.5700 0.9120 0.9987
1408.5800 0.9093 0.9988
1408.5900 0.9518 0.9988
1408.6000 0.9478 0.9988
1408.6100 0.9944 0.9988
1408.6200 1.0197 0.9988
1408.6300 0.9529 0.9988
1408.6400 0.9461 0.9988
1408.6500 0.9517 0.9988
1408.6600 0.9584 0.9988
1408.6700 0.9717 0.9988
1408.6800 0.9936 0.9988
1408.6900 1.0580 0.9988
1408.7000 1.0174 0.9988
1408.7100 0.9534 0.9988
1408.7200 0.9958 0.9988
1408.7300 1.0474 0.9988
1408.7400 0.9981 0.9988
1408.7500 0.9615 0.9988
1408.7600 0.9641 0.9988
1408.7700 0.9376 0.9988
1408.7800 1.0294 0.9988
1408.7900 0.9684 0.9988
1408.8000 1.0086 0.9988
1408.8100 0.9927 0.9988
1408.8200 0.9893 0.9988
1408.8300 0.9400 0.9989
1408.8400 1.0529 0.9989
1408.8500 1.0360 0.9989
1408.8600 0.9954 0.9989
1408.8700 0.9637 0.9989
1408.8800 1.0176 0.9989
1408.8900 1.0206 0.9989
1408.9000 1.0337 0.9990
1408.9100 1.0269 0.9990
1408.9200 0.9623 0.9990
1408.9300 0.9803 0.9991
1408.9400 1.0540 0.9991
1408.9500 1.0248 0.9992
1408.9600 0.9398 0.9992
1408.9700 0.9650 0.9992
1408.9800 0.8919 0.9993
1408.9900 0.9794 0.9993
1409.0000 0.9748 0.9994
