   1292.000    1.017    1.000 
   1292.010    1.022    1.000 
   1292.020    0.944    1.000 
   1292.030    0.965    1.000 
   1292.040    1.024    1.000 
   1292.050    0.989    1.000 
   1292.060    0.922    1.000 
   1292.070    0.940    1.000 
   1292.080    0.999    1.000 
   1292.090    1.018    1.000 
   1292.100    0.995    1.000 
   1292.110    0.994    0.999 
   1292.120    1.027    0.999 
   1292.130    1.007    0.999 
   1292.140    0.948    0.999 
   1292.150    0.982    0.999 
   1292.160    0.974    0.999 
   1292.170    1.012    0.999 
   1292.180    1.004    0.999 
   1292.190    0.989    0.999 
   1292.200    1.040    0.999 
   1292.210    1.080    0.999 
   1292.220    1.013    0.999 
   1292.230    0.991    0.999 
   1292.240    0.993    0.999 
   1292.250    1.074    0.999 
   1292.260    1.040    0.999 
   1292.270    0.997    0.999 
   1292.280    0.978    0.999 
   1292.290    1.087    0.999 
   1292.300    1.047    0.999 
   1292.310    1.066    0.999 
   1292.320    1.067    0.999 
   1292.330    1.055    0.999 
   1292.340    1.088    0.999 
   1292.350    0.980    0.999 
   1292.360    1.067    0.999 
   1292.370    1.109    0.999 
   1292.380    1.081    0.999 
   1292.390    1.067    0.999 
   1292.400    1.034    0.999 
   1292.410    0.985    0.999 
   1292.420    0.954    0.999 
   1292.430    0.981    0.999 
   1292.440    0.990    0.999 
   1292.450    0.968    0.999 
   1292.460    0.986    0.999 
   1292.470    1.026    0.999 
   1292.480    1.022    0.999 
   1292.490    1.093    0.999 
   1292.500    0.980    0.999 
   1292.510    1.075    0.999 
   1292.520    0.988    0.999 
   1292.530    0.981    0.999 
   1292.540    0.951    0.999 
   1292.550    1.043    0.999 
   1292.560    1.019    0.999 
   1292.570    0.962    0.999 
   1292.580    1.086    0.999 
   1292.590    1.102    0.999 
   1292.600    0.947    0.999 
   1292.610    1.048    0.999 
   1292.620    0.926    0.999 
   1292.630    1.054    0.999 
   1292.640    1.065    0.999 
   1292.650    0.958    0.999 
   1292.660    1.032    0.999 
   1292.670    1.089    0.999 
   1292.680    1.038    0.999 
   1292.690    1.098    0.999 
   1292.700    1.009    0.999 
   1292.710    1.103    0.999 
   1292.720    0.986    0.999 
   1292.730    1.010    0.999 
   1292.740    1.017    0.999 
   1292.750    0.999    0.999 
   1292.760    0.985    0.999 
   1292.770    1.051    0.999 
   1292.780    0.950    0.999 
   1292.790    1.039    0.999 
   1292.800    1.006    0.999 
   1292.810    0.994    0.999 
   1292.820    1.098    0.999 
   1292.830    0.997    0.999 
   1292.840    0.986    0.999 
   1292.850    1.018    0.999 
   1292.860    1.009    0.999 
   1292.870    1.049    0.999 
   1292.880    0.997    0.999 
   1292.890    1.050    0.999 
   1292.900    0.979    0.999 
   1292.910    1.043    0.999 
   1292.920    0.947    0.999 
   1292.930    0.943    0.999 
   1292.940    0.975    0.999 
   1292.950    0.980    0.998 
   1292.960    0.972    0.998 
   1292.970    0.972    0.998 
   1292.980    0.923    0.998 
   1292.990    1.045    0.998 
   1293.000    0.982    0.998 
   1293.010    0.936    0.998 
   1293.020    0.967    0.998 
   1293.030    0.875    0.998 
   1293.040    0.936    0.998 
   1293.050    0.947    0.998 
   1293.060    0.921    0.998 
   1293.070    1.062    0.998 
   1293.080    1.011    0.998 
   1293.090    0.983    0.998 
   1293.100    1.024    0.998 
   1293.110    0.912    0.998 
   1293.120    0.981    0.998 
   1293.130    0.971    0.998 
   1293.140    0.997    0.998 
   1293.150    0.955    0.998 
   1293.160    0.985    0.998 
   1293.170    1.075    0.998 
   1293.180    1.009    0.997 
   1293.190    1.009    0.997 
   1293.200    1.055    0.997 
   1293.210    1.025    0.997 
   1293.220    1.021    0.997 
   1293.230    0.961    0.997 
   1293.240    0.964    0.997 
   1293.250    1.038    0.997 
   1293.260    1.020    0.997 
   1293.270    0.965    0.997 
   1293.280    0.948    0.997 
   1293.290    0.982    0.996 
   1293.300    0.938    0.996 
   1293.310    0.978    0.996 
   1293.320    0.939    0.996 
   1293.330    0.943    0.996 
   1293.340    0.923    0.996 
   1293.350    0.950    0.995 
   1293.360    0.904    0.995 
   1293.370    1.024    0.995 
   1293.380    1.049    0.995 
   1293.390    0.947    0.994 
   1293.400    0.975    0.994 
   1293.410    0.925    0.994 
   1293.420    0.912    0.993 
   1293.430    0.974    0.993 
   1293.440    1.031    0.993 
   1293.450    0.962    0.992 
   1293.460    0.949    0.991 
   1293.470    0.932    0.991 
   1293.480    0.934    0.990 
   1293.490    0.936    0.989 
   1293.500    0.979    0.988 
   1293.510    0.976    0.986 
   1293.520    0.944    0.985 
   1293.530    0.936    0.982 
   1293.540    0.986    0.980 
   1293.550    0.966    0.976 
   1293.560    0.960    0.972 
   1293.570    0.996    0.968 
   1293.580    1.020    0.962 
   1293.590    0.998    0.956 
   1293.600    0.989    0.949 
   1293.610    0.965    0.943 
   1293.620    0.964    0.936 
   1293.630    0.894    0.928 
   1293.640    0.887    0.921 
   1293.650    0.933    0.914 
   1293.660    0.893    0.906 
   1293.670    0.909    0.899 
   1293.680    0.896    0.891 
   1293.690    0.888    0.884 
   1293.700    0.854    0.877 
   1293.710    0.849    0.871 
   1293.720    0.906    0.866 
   1293.730    0.842    0.862 
   1293.740    0.773    0.859 
   1293.750    0.823    0.856 
   1293.760    0.853    0.854 
   1293.770    0.860    0.852 
   1293.780    0.889    0.851 
   1293.790    0.839    0.850 
   1293.800    0.855    0.850 
   1293.810    0.857    0.851 
   1293.820    0.795    0.853 
   1293.830    0.831    0.856 
   1293.840    0.907    0.860 
   1293.850    0.836    0.864 
   1293.860    0.785    0.867 
   1293.870    0.845    0.871 
   1293.880    0.894    0.875 
   1293.890    0.872    0.879 
   1293.900    0.907    0.883 
   1293.910    0.895    0.887 
   1293.920    0.887    0.891 
   1293.930    0.892    0.896 
   1293.940    0.913    0.901 
   1293.950    0.966    0.906 
   1293.960    1.005    0.911 
   1293.970    0.966    0.916 
   1293.980    0.955    0.922 
   1293.990    0.988    0.928 
   1294.000    0.975    0.933 
   1294.010    0.988    0.939 
   1294.020    1.000    0.944 
   1294.030    0.957    0.949 
   1294.040    0.942    0.954 
   1294.050    0.972    0.959 
   1294.060    0.995    0.963 
   1294.070    1.030    0.967 
   1294.080    1.029    0.971 
   1294.090    0.985    0.974 
   1294.100    1.014    0.977 
   1294.110    1.044    0.980 
   1294.120    0.994    0.982 
   1294.130    0.999    0.984 
   1294.140    0.935    0.985 
   1294.150    0.933    0.986 
   1294.160    0.968    0.987 
   1294.170    0.985    0.987 
   1294.180    0.985    0.987 
   1294.190    0.972    0.988 
   1294.200    1.057    0.988 
   1294.210    1.039    0.988 
   1294.220    0.974    0.987 
   1294.230    0.971    0.987 
   1294.240    0.943    0.987 
   1294.250    0.913    0.986 
   1294.260    0.898    0.985 
   1294.270    0.899    0.985 
   1294.280    0.952    0.983 
   1294.290    0.990    0.982 
   1294.300    0.935    0.980 
   1294.310    0.923    0.978 
   1294.320    0.942    0.975 
   1294.330    0.938    0.971 
   1294.340    0.954    0.966 
   1294.350    0.945    0.961 
   1294.360    0.917    0.954 
   1294.370    0.907    0.947 
   1294.380    0.894    0.938 
   1294.390    0.862    0.929 
   1294.400    0.846    0.920 
   1294.410    0.829    0.911 
   1294.420    0.777    0.902 
   1294.430    0.782    0.893 
   1294.440    0.819    0.885 
   1294.450    0.819    0.877 
   1294.460    0.781    0.870 
   1294.470    0.799    0.864 
   1294.480    0.802    0.859 
   1294.490    0.787    0.854 
   1294.500    0.799    0.850 
   1294.510    0.819    0.847 
   1294.520    0.766    0.844 
   1294.530    0.745    0.843 
   1294.540    0.797    0.842 
   1294.550    0.827    0.842 
   1294.560    0.816    0.843 
   1294.570    0.770    0.844 
   1294.580    0.851    0.847 
   1294.590    0.878    0.850 
   1294.600    0.882    0.854 
   1294.610    0.863    0.858 
   1294.620    0.883    0.864 
   1294.630    0.879    0.870 
   1294.640    0.879    0.877 
   1294.650    0.899    0.884 
   1294.660    0.875    0.893 
   1294.670    0.934    0.901 
   1294.680    0.957    0.911 
   1294.690    0.985    0.920 
   1294.700    0.934    0.929 
   1294.710    0.909    0.938 
   1294.720    1.000    0.946 
   1294.730    1.029    0.954 
   1294.740    0.998    0.961 
   1294.750    0.899    0.966 
   1294.760    0.923    0.971 
   1294.770    0.952    0.974 
   1294.780    0.927    0.977 
   1294.790    0.967    0.980 
   1294.800    0.911    0.982 
   1294.810    0.871    0.983 
   1294.820    0.876    0.984 
   1294.830    0.908    0.985 
   1294.840    0.923    0.986 
   1294.850    0.979    0.986 
   1294.860    0.904    0.987 
   1294.870    0.955    0.987 
   1294.880    0.955    0.987 
   1294.890    0.979    0.987 
   1294.900    0.940    0.987 
   1294.910    0.938    0.987 
   1294.920    1.025    0.987 
   1294.930    1.022    0.986 
   1294.940    0.931    0.985 
   1294.950    0.972    0.984 
   1294.960    1.021    0.983 
   1294.970    1.054    0.981 
   1294.980    1.079    0.979 
   1294.990    1.002    0.977 
   1295.000    1.048    0.974 
   1295.010    1.086    0.970 
   1295.020    1.040    0.966 
   1295.030    1.055    0.962 
   1295.040    0.993    0.958 
   1295.050    1.002    0.953 
   1295.060    1.050    0.948 
   1295.070    1.005    0.943 
   1295.080    0.904    0.938 
   1295.090    0.928    0.932 
   1295.100    0.937    0.927 
   1295.110    0.907    0.921 
   1295.120    0.977    0.916 
   1295.130    0.960    0.910 
   1295.140    0.989    0.905 
   1295.150    0.876    0.900 
   1295.160    0.901    0.895 
   1295.170    0.794    0.890 
   1295.180    0.876    0.886 
   1295.190    0.868    0.882 
   1295.200    0.830    0.878 
   1295.210    0.870    0.874 
   1295.220    0.870    0.870 
   1295.230    0.832    0.866 
   1295.240    0.795    0.862 
   1295.250    0.879    0.858 
   1295.260    0.828    0.855 
   1295.270    0.853    0.852 
   1295.280    0.792    0.850 
   1295.290    0.840    0.849 
   1295.300    0.807    0.849 
   1295.310    0.810    0.849 
   1295.320    0.831    0.850 
   1295.330    0.824    0.852 
   1295.340    0.850    0.854 
   1295.350    0.865    0.857 
   1295.360    0.886    0.860 
   1295.370    0.824    0.864 
   1295.380    0.860    0.869 
   1295.390    0.910    0.875 
   1295.400    0.900    0.882 
   1295.410    0.857    0.889 
   1295.420    0.881    0.896 
   1295.430    0.954    0.904 
   1295.440    0.934    0.911 
   1295.450    0.923    0.919 
   1295.460    0.974    0.926 
   1295.470    0.934    0.933 
   1295.480    0.897    0.940 
   1295.490    0.839    0.946 
   1295.500    0.841    0.953 
   1295.510    0.950    0.959 
   1295.520    0.943    0.964 
   1295.530    0.870    0.969 
   1295.540    0.986    0.972 
   1295.550    1.007    0.976 
   1295.560    0.854    0.978 
   1295.570    0.860    0.980 
   1295.580    0.890    0.981 
   1295.590    0.880    0.983 
   1295.600    0.833    0.983 
   1295.610    0.948    0.984 
   1295.620    0.961    0.984 
   1295.630    0.923    0.985 
   1295.640    0.885    0.985 
   1295.650    0.935    0.985 
   1295.660    0.914    0.984 
   1295.670    0.906    0.984 
   1295.680    0.900    0.983 
   1295.690    0.939    0.982 
   1295.700    0.918    0.981 
   1295.710    0.935    0.979 
   1295.720    0.876    0.977 
   1295.730    0.893    0.974 
   1295.740    0.862    0.970 
   1295.750    0.969    0.966 
   1295.760    0.960    0.961 
   1295.770    0.880    0.955 
   1295.780    0.840    0.949 
   1295.790    0.911    0.943 
   1295.800    0.905    0.936 
   1295.810    0.919    0.929 
   1295.820    0.993    0.923 
   1295.830    0.919    0.916 
   1295.840    0.936    0.909 
   1295.850    0.930    0.901 
   1295.860    0.930    0.894 
   1295.870    0.865    0.887 
   1295.880    0.925    0.881 
   1295.890    0.806    0.876 
   1295.900    0.930    0.871 
   1295.910    0.835    0.867 
   1295.920    0.817    0.864 
   1295.930    0.954    0.862 
   1295.940    0.836    0.860 
   1295.950    0.866    0.859 
   1295.960    0.842    0.858 
   1295.970    0.860    0.857 
   1295.980    0.854    0.857 
   1295.990    0.930    0.859 
   1296.000    0.855    0.861 
   1296.010    0.871    0.864 
   1296.020    1.011    0.867 
   1296.030    0.963    0.871 
   1296.040    0.955    0.875 
   1296.050    0.973    0.879 
   1296.060    0.983    0.882 
   1296.070    0.922    0.886 
   1296.080    0.995    0.890 
   1296.090    0.906    0.893 
   1296.100    0.998    0.898 
   1296.110    0.972    0.902 
   1296.120    0.888    0.907 
   1296.130    0.860    0.912 
   1296.140    0.908    0.917 
   1296.150    0.969    0.922 
   1296.160    0.964    0.927 
   1296.170    1.005    0.932 
   1296.180    1.059    0.938 
   1296.190    0.994    0.943 
   1296.200    0.977    0.948 
   1296.210    1.001    0.953 
   1296.220    0.918    0.957 
   1296.230    0.943    0.962 
   1296.240    0.988    0.966 
   1296.250    0.993    0.970 
   1296.260    0.984    0.973 
   1296.270    0.999    0.976 
   1296.280    0.960    0.979 
   1296.290    0.962    0.981 
   1296.300    1.008    0.983 
   1296.310    0.991    0.985 
   1296.320    1.010    0.986 
   1296.330    0.969    0.987 
   1296.340    1.024    0.987 
   1296.350    0.982    0.988 
   1296.360    0.955    0.988 
   1296.370    1.063    0.988 
   1296.380    1.000    0.988 
   1296.390    0.918    0.988 
   1296.400    0.937    0.988 
   1296.410    0.924    0.988 
   1296.420    0.904    0.988 
   1296.430    0.958    0.987 
   1296.440    0.935    0.986 
   1296.450    0.993    0.986 
   1296.460    0.950    0.985 
   1296.470    0.943    0.983 
   1296.480    0.948    0.982 
   1296.490    0.939    0.980 
   1296.500    0.890    0.977 
   1296.510    0.868    0.974 
   1296.520    0.843    0.970 
   1296.530    0.829    0.964 
   1296.540    0.810    0.958 
   1296.550    0.824    0.951 
   1296.560    0.839    0.943 
   1296.570    0.786    0.934 
   1296.580    0.815    0.925 
   1296.590    0.815    0.916 
   1296.600    0.840    0.908 
   1296.610    0.855    0.899 
   1296.620    0.844    0.891 
   1296.630    0.839    0.884 
   1296.640    0.839    0.878 
   1296.650    0.827    0.872 
   1296.660    0.780    0.867 
   1296.670    0.810    0.863 
   1296.680    0.830    0.859 
   1296.690    0.890    0.857 
   1296.700    0.856    0.854 
   1296.710    0.871    0.853 
   1296.720    0.824    0.852 
   1296.730    0.829    0.852 
   1296.740    0.860    0.853 
   1296.750    0.876    0.854 
   1296.760    0.946    0.856 
   1296.770    1.003    0.859 
   1296.780    1.010    0.862 
   1296.790    0.937    0.866 
   1296.800    0.897    0.871 
   1296.810    0.926    0.876 
   1296.820    0.964    0.883 
   1296.830    0.959    0.890 
   1296.840    0.969    0.897 
   1296.850    1.006    0.905 
   1296.860    0.994    0.914 
   1296.870    0.961    0.923 
   1296.880    1.010    0.932 
   1296.890    1.020    0.941 
   1296.900    0.967    0.949 
   1296.910    0.948    0.956 
   1296.920    0.987    0.963 
   1296.930    1.064    0.968 
   1296.940    1.032    0.972 
   1296.950    1.016    0.976 
   1296.960    0.975    0.979 
   1296.970    0.983    0.981 
   1296.980    1.058    0.982 
   1296.990    1.012    0.984 
   1297.000    0.969    0.985 
   1297.010    1.004    0.985 
   1297.020    1.020    0.986 
   1297.030    0.962    0.987 
   1297.040    0.968    0.987 
   1297.050    0.997    0.987 
   1297.060    0.965    0.987 
   1297.070    0.947    0.987 
   1297.080    0.984    0.987 
   1297.090    1.001    0.987 
   1297.100    1.026    0.987 
   1297.110    1.010    0.986 
   1297.120    0.975    0.986 
   1297.130    1.011    0.985 
   1297.140    0.985    0.984 
   1297.150    0.931    0.982 
   1297.160    0.970    0.980 
   1297.170    0.974    0.978 
   1297.180    0.916    0.975 
   1297.190    0.904    0.972 
   1297.200    0.951    0.969 
   1297.210    0.920    0.965 
   1297.220    0.920    0.961 
   1297.230    0.925    0.956 
   1297.240    0.934    0.952 
   1297.250    0.926    0.947 
   1297.260    0.880    0.942 
   1297.270    0.931    0.937 
   1297.280    0.934    0.931 
   1297.290    0.872    0.926 
   1297.300    0.885    0.921 
   1297.310    0.893    0.915 
   1297.320    0.870    0.910 
   1297.330    0.886    0.905 
   1297.340    0.870    0.900 
   1297.350    0.762    0.896 
   1297.360    0.783    0.892 
   1297.370    0.866    0.888 
   1297.380    0.849    0.884 
   1297.390    0.830    0.880 
   1297.400    0.840    0.876 
   1297.410    0.844    0.873 
   1297.420    0.838    0.869 
   1297.430    0.845    0.865 
   1297.440    0.834    0.861 
   1297.450    0.820    0.858 
   1297.460    0.844    0.855 
   1297.470    0.851    0.854 
   1297.480    0.843    0.853 
   1297.490    0.835    0.853 
   1297.500    0.830    0.854 
   1297.510    0.837    0.855 
   1297.520    0.900    0.857 
   1297.530    0.887    0.859 
   1297.540    0.872    0.862 
   1297.550    0.904    0.865 
   1297.560    0.879    0.869 
   1297.570    0.890    0.875 
   1297.580    0.952    0.881 
   1297.590    0.927    0.887 
   1297.600    0.908    0.894 
   1297.610    0.902    0.901 
   1297.620    0.936    0.908 
   1297.630    0.959    0.915 
   1297.640    0.976    0.921 
   1297.650    0.988    0.928 
   1297.660    0.980    0.934 
   1297.670    0.903    0.940 
   1297.680    0.943    0.946 
   1297.690    0.962    0.952 
   1297.700    0.910    0.957 
   1297.710    0.933    0.961 
   1297.720    0.910    0.964 
   1297.730    0.906    0.967 
   1297.740    0.948    0.969 
   1297.750    0.932    0.970 
   1297.760    0.979    0.971 
   1297.770    0.986    0.972 
   1297.780    1.010    0.972 
   1297.790    0.912    0.972 
   1297.800    0.985    0.971 
   1297.810    1.034    0.971 
   1297.820    0.988    0.970 
   1297.830    0.973    0.969 
   1297.840    0.946    0.967 
   1297.850    0.924    0.965 
   1297.860    0.900    0.963 
   1297.870    0.929    0.961 
   1297.880    0.874    0.958 
   1297.890    0.920    0.955 
   1297.900    0.950    0.950 
   1297.910    0.935    0.946 
   1297.920    0.881    0.940 
   1297.930    0.884    0.934 
   1297.940    0.882    0.927 
   1297.950    0.859    0.919 
   1297.960    0.857    0.911 
   1297.970    0.881    0.903 
   1297.980    0.896    0.894 
   1297.990    0.783    0.884 
   1298.000    0.862    0.874 
   1298.010    0.879    0.863 
   1298.020    0.896    0.852 
   1298.030    0.838    0.842 
   1298.040    0.884    0.832 
   1298.050    0.895    0.822 
   1298.060    0.793    0.812 
   1298.070    0.833    0.803 
   1298.080    0.777    0.795 
   1298.090    0.792    0.787 
   1298.100    0.816    0.779 
   1298.110    0.895    0.772 
   1298.120    0.873    0.766 
   1298.130    0.772    0.761 
   1298.140    0.852    0.757 
   1298.150    0.784    0.755 
   1298.160    0.806    0.753 
   1298.170    0.869    0.753 
   1298.180    0.868    0.753 
   1298.190    0.838    0.754 
   1298.200    0.768    0.756 
   1298.210    0.826    0.758 
   1298.220    0.814    0.761 
   1298.230    0.838    0.764 
   1298.240    0.782    0.768 
   1298.250    0.797    0.773 
   1298.260    0.836    0.779 
   1298.270    0.798    0.784 
   1298.280    0.771    0.790 
   1298.290    0.752    0.796 
   1298.300    0.830    0.803 
   1298.310    0.807    0.810 
   1298.320    0.807    0.817 
   1298.330    0.895    0.825 
   1298.340    0.844    0.833 
   1298.350    0.863    0.841 
   1298.360    0.953    0.849 
   1298.370    0.826    0.858 
   1298.380    0.790    0.866 
   1298.390    0.849    0.874 
   1298.400    0.895    0.882 
   1298.410    0.881    0.890 
   1298.420    0.866    0.898 
   1298.430    0.868    0.905 
   1298.440    0.844    0.912 
   1298.450    0.854    0.919 
   1298.460    0.934    0.925 
   1298.470    0.901    0.931 
   1298.480    0.935    0.936 
   1298.490    0.890    0.940 
   1298.500    1.002    0.944 
   1298.510    0.959    0.948 
   1298.520    0.993    0.951 
   1298.530    0.897    0.953 
   1298.540    0.904    0.955 
   1298.550    0.866    0.956 
   1298.560    0.937    0.958 
   1298.570    0.948    0.958 
   1298.580    0.961    0.959 
   1298.590    0.999    0.959 
   1298.600    0.956    0.959 
   1298.610    1.018    0.958 
   1298.620    0.997    0.957 
   1298.630    0.938    0.956 
   1298.640    0.890    0.955 
   1298.650    0.948    0.953 
   1298.660    0.916    0.950 
   1298.670    0.893    0.947 
   1298.680    0.882    0.943 
   1298.690    0.875    0.939 
   1298.700    0.857    0.933 
   1298.710    0.872    0.926 
   1298.720    0.875    0.919 
   1298.730    0.862    0.910 
   1298.740    0.890    0.900 
   1298.750    0.831    0.890 
   1298.760    0.830    0.879 
   1298.770    0.767    0.867 
   1298.780    0.854    0.854 
   1298.790    0.884    0.841 
   1298.800    0.841    0.828 
   1298.810    0.805    0.815 
   1298.820    0.792    0.802 
   1298.830    0.843    0.789 
   1298.840    0.756    0.776 
   1298.850    0.795    0.765 
   1298.860    0.744    0.753 
   1298.870    0.731    0.743 
   1298.880    0.748    0.734 
   1298.890    0.696    0.726 
   1298.900    0.708    0.720 
   1298.910    0.647    0.715 
   1298.920    0.709    0.712 
   1298.930    0.793    0.711 
   1298.940    0.735    0.712 
   1298.950    0.707    0.714 
   1298.960    0.733    0.719 
   1298.970    0.774    0.725 
   1298.980    0.755    0.733 
   1298.990    0.762    0.742 
   1299.000    0.765    0.753 
   1299.010    0.723    0.764 
   1299.020    0.748    0.777 
   1299.030    0.828    0.790 
   1299.040    0.756    0.803 
   1299.050    0.765    0.816 
   1299.060    0.808    0.830 
   1299.070    0.859    0.843 
   1299.080    0.770    0.855 
   1299.090    0.752    0.867 
   1299.100    0.903    0.879 
   1299.110    0.876    0.890 
   1299.120    0.898    0.900 
   1299.130    0.870    0.909 
   1299.140    0.879    0.917 
   1299.150    0.856    0.924 
   1299.160    0.839    0.930 
   1299.170    0.904    0.936 
   1299.180    0.900    0.941 
   1299.190    0.889    0.944 
   1299.200    0.929    0.948 
   1299.210    0.884    0.950 
   1299.220    0.899    0.953 
   1299.230    0.895    0.955 
   1299.240    0.925    0.956 
   1299.250    0.905    0.957 
   1299.260    0.925    0.958 
   1299.270    0.875    0.959 
   1299.280    0.929    0.959 
   1299.290    0.857    0.959 
   1299.300    0.943    0.958 
   1299.310    0.944    0.957 
   1299.320    0.839    0.956 
   1299.330    0.849    0.954 
   1299.340    0.903    0.952 
   1299.350    0.924    0.949 
   1299.360    0.827    0.946 
   1299.370    0.874    0.942 
   1299.380    0.886    0.937 
   1299.390    0.920    0.932 
   1299.400    0.935    0.927 
   1299.410    0.921    0.921 
   1299.420    0.917    0.914 
   1299.430    0.831    0.907 
   1299.440    0.863    0.900 
   1299.450    0.846    0.892 
   1299.460    0.903    0.884 
   1299.470    0.935    0.876 
   1299.480    0.807    0.868 
   1299.490    0.933    0.860 
   1299.500    0.882    0.852 
   1299.510    0.852    0.844 
   1299.520    0.816    0.835 
   1299.530    0.845    0.828 
   1299.540    0.893    0.820 
   1299.550    0.805    0.813 
   1299.560    0.825    0.806 
   1299.570    0.796    0.799 
   1299.580    0.850    0.792 
   1299.590    0.759    0.786 
   1299.600    0.786    0.780 
   1299.610    0.773    0.774 
   1299.620    0.741    0.769 
   1299.630    0.785    0.765 
   1299.640    0.750    0.761 
   1299.650    0.742    0.758 
   1299.660    0.747    0.755 
   1299.670    0.698    0.753 
   1299.680    0.720    0.752 
   1299.690    0.751    0.751 
   1299.700    0.753    0.751 
   1299.710    0.740    0.753 
   1299.720    0.776    0.756 
   1299.730    0.757    0.760 
   1299.740    0.747    0.765 
   1299.750    0.730    0.771 
   1299.760    0.756    0.777 
   1299.770    0.816    0.785 
   1299.780    0.844    0.793 
   1299.790    0.784    0.801 
   1299.800    0.781    0.810 
   1299.810    0.783    0.820 
   1299.820    0.835    0.830 
   1299.830    0.829    0.840 
   1299.840    0.850    0.851 
   1299.850    0.872    0.861 
   1299.860    0.858    0.872 
   1299.870    0.900    0.881 
   1299.880    0.876    0.891 
   1299.890    0.826    0.900 
   1299.900    0.828    0.909 
   1299.910    0.827    0.917 
   1299.920    0.865    0.924 
   1299.930    0.867    0.931 
   1299.940    0.902    0.937 
   1299.950    0.915    0.943 
   1299.960    0.843    0.947 
   1299.970    0.876    0.952 
   1299.980    0.950    0.955 
   1299.990    0.890    0.958 
   1300.000    0.931    0.961 
   1300.010    0.995    0.963 
   1300.020    0.967    0.965 
   1300.030    0.891    0.967 
   1300.040    0.886    0.968 
   1300.050    0.921    0.969 
   1300.060    0.945    0.970 
   1300.070    0.941    0.971 
   1300.080    0.931    0.971 
   1300.090    0.943    0.971 
   1300.100    0.915    0.971 
   1300.110    0.895    0.971 
   1300.120    0.995    0.970 
   1300.130    0.958    0.969 
   1300.140    0.871    0.967 
   1300.150    0.902    0.964 
   1300.160    0.939    0.960 
   1300.170    0.957    0.956 
   1300.180    1.011    0.951 
   1300.190    0.977    0.946 
   1300.200    0.892    0.940 
   1300.210    0.884    0.933 
   1300.220    0.866    0.927 
   1300.230    0.858    0.921 
   1300.240    0.894    0.914 
   1300.250    0.916    0.907 
   1300.260    0.921    0.901 
   1300.270    0.911    0.894 
   1300.280    0.918    0.887 
   1300.290    0.907    0.880 
   1300.300    0.901    0.874 
   1300.310    0.957    0.869 
   1300.320    0.979    0.865 
   1300.330    0.870    0.862 
   1300.340    0.846    0.859 
   1300.350    0.889    0.857 
   1300.360    0.873    0.855 
   1300.370    0.848    0.854 
   1300.380    0.892    0.853 
   1300.390    0.882    0.853 
   1300.400    0.815    0.854 
   1300.410    0.882    0.855 
   1300.420    0.938    0.858 
   1300.430    0.891    0.861 
   1300.440    0.856    0.865 
   1300.450    0.888    0.869 
   1300.460    0.879    0.873 
   1300.470    0.877    0.876 
   1300.480    0.899    0.880 
   1300.490    0.873    0.884 
   1300.500    0.870    0.887 
   1300.510    0.880    0.891 
   1300.520    0.862    0.896 
   1300.530    0.842    0.900 
   1300.540    0.860    0.905 
   1300.550    0.881    0.910 
   1300.560    0.871    0.915 
   1300.570    0.888    0.920 
   1300.580    0.887    0.926 
   1300.590    0.891    0.931 
   1300.600    0.925    0.936 
   1300.610    0.894    0.942 
   1300.620    0.875    0.947 
   1300.630    0.976    0.952 
   1300.640    0.953    0.956 
   1300.650    0.907    0.960 
   1300.660    0.968    0.964 
   1300.670    1.009    0.968 
   1300.680    1.005    0.972 
   1300.690    0.998    0.975 
   1300.700    0.985    0.978 
   1300.710    0.993    0.980 
   1300.720    0.998    0.982 
   1300.730    0.998    0.983 
   1300.740    0.992    0.985 
   1300.750    0.961    0.985 
   1300.760    0.926    0.986 
   1300.770    0.924    0.987 
   1300.780    1.007    0.987 
   1300.790    1.068    0.987 
   1300.800    1.041    0.987 
   1300.810    0.975    0.987 
   1300.820    1.025    0.987 
   1300.830    1.006    0.987 
   1300.840    0.974    0.987 
   1300.850    0.925    0.986 
   1300.860    0.985    0.986 
   1300.870    0.941    0.985 
   1300.880    0.982    0.984 
   1300.890    1.034    0.983 
   1300.900    1.037    0.981 
   1300.910    0.957    0.980 
   1300.920    0.907    0.977 
   1300.930    0.916    0.974 
   1300.940    0.935    0.970 
   1300.950    1.016    0.965 
   1300.960    0.991    0.959 
   1300.970    0.968    0.952 
   1300.980    0.922    0.945 
   1300.990    0.903    0.936 
   1301.000    0.974    0.927 
   1301.010    1.000    0.918 
   1301.020    0.980    0.909 
   1301.030    1.002    0.901 
   1301.040    0.945    0.893 
   1301.050    0.974    0.886 
   1301.060    1.069    0.879 
   1301.070    0.955    0.873 
   1301.080    0.967    0.868 
   1301.090    0.998    0.864 
   1301.100    0.994    0.860 
   1301.110    0.927    0.857 
   1301.120    0.985    0.855 
   1301.130    0.933    0.853 
   1301.140    0.908    0.852 
   1301.150    0.960    0.852 
   1301.160    0.980    0.852 
   1301.170    0.931    0.853 
   1301.180    0.909    0.855 
   1301.190    0.943    0.858 
   1301.200    0.919    0.861 
   1301.210    0.874    0.865 
   1301.220    0.875    0.869 
   1301.230    0.882    0.875 
   1301.240    0.870    0.880 
   1301.250    0.874    0.887 
   1301.260    0.876    0.895 
   1301.270    0.924    0.903 
   1301.280    0.890    0.912 
   1301.290    0.875    0.921 
   1301.300    0.818    0.930 
   1301.310    0.856    0.938 
   1301.320    0.843    0.947 
   1301.330    0.873    0.954 
   1301.340    0.879    0.961 
   1301.350    0.871    0.967 
   1301.360    0.906    0.972 
   1301.370    0.872    0.975 
   1301.380    0.965    0.978 
   1301.390    0.948    0.981 
   1301.400    0.946    0.983 
   1301.410    0.919    0.984 
   1301.420    0.954    0.985 
   1301.430    0.905    0.986 
   1301.440    0.944    0.987 
   1301.450    1.001    0.987 
   1301.460    1.044    0.988 
   1301.470    0.931    0.988 
   1301.480    0.979    0.988 
   1301.490    0.990    0.988 
   1301.500    0.940    0.988 
   1301.510    0.921    0.988 
   1301.520    1.041    0.988 
   1301.530    1.041    0.988 
   1301.540    0.944    0.987 
   1301.550    1.011    0.987 
   1301.560    0.964    0.986 
   1301.570    0.983    0.985 
   1301.580    0.871    0.983 
   1301.590    0.921    0.981 
   1301.600    0.935    0.979 
   1301.610    0.917    0.976 
   1301.620    0.917    0.973 
   1301.630    0.916    0.969 
   1301.640    0.977    0.965 
   1301.650    1.019    0.961 
   1301.660    0.934    0.957 
   1301.670    0.996    0.952 
   1301.680    0.928    0.948 
   1301.690    0.992    0.943 
   1301.700    0.947    0.937 
   1301.710    0.978    0.932 
   1301.720    0.838    0.927 
   1301.730    1.083    0.921 
   1301.740    0.943    0.916 
   1301.750    0.967    0.911 
   1301.760    0.946    0.906 
   1301.770    0.950    0.902 
   1301.780    0.968    0.897 
   1301.790    0.957    0.893 
   1301.800    1.015    0.889 
   1301.810    0.960    0.886 
   1301.820    0.873    0.882 
   1301.830    0.857    0.879 
   1301.840    0.898    0.875 
   1301.850    0.925    0.871 
   1301.860    0.900    0.867 
   1301.870    0.900    0.864 
   1301.880    0.900    0.861 
   1301.890    0.900    0.859 
   1301.900    0.900    0.857 
   1301.910    0.900    0.857 
   1301.920    0.900    0.858 
   1301.930    0.900    0.859 
   1301.940    0.900    0.860 
   1301.950    0.900    0.862 
   1301.960    0.900    0.864 
   1301.970    0.900    0.867 
   1301.980    0.900    0.871 
   1301.990    0.900    0.875 
   1302.000    0.900    0.881 
   1302.010    0.900    0.887 
   1302.020    0.900    0.894 
   1302.030    0.900    0.901 
   1302.040    0.900    0.908 
   1302.050    0.900    0.915 
   1302.060    0.900    0.922 
   1302.070    0.900    0.929 
   1302.080    0.900    0.935 
   1302.090    0.900    0.942 
   1302.100    0.900    0.948 
   1302.110    0.900    0.954 
   1302.120    0.900    0.960 
   1302.130    0.900    0.965 
   1302.140    0.900    0.970 
   1302.150    0.900    0.973 
   1302.160    0.900    0.976 
   1302.170    0.900    0.978 
   1302.180    0.902    0.980 
   1302.190    0.912    0.981 
   1302.200    0.881    0.982 
   1302.210    0.941    0.983 
   1302.220    0.879    0.983 
   1302.230    0.955    0.983 
   1302.240    0.925    0.983 
   1302.250    0.947    0.983 
   1302.260    0.944    0.982 
   1302.270    1.009    0.981 
   1302.280    0.979    0.980 
   1302.290    0.917    0.979 
   1302.300    0.932    0.977 
   1302.310    0.889    0.974 
   1302.320    0.949    0.971 
   1302.330    0.897    0.967 
   1302.340    0.922    0.962 
   1302.350    0.857    0.956 
   1302.360    0.833    0.950 
   1302.370    0.891    0.944 
   1302.380    0.839    0.937 
   1302.390    0.911    0.930 
   1302.400    0.885    0.923 
   1302.410    0.873    0.916 
   1302.420    0.946    0.909 
   1302.430    0.877    0.902 
   1302.440    0.896    0.894 
   1302.450    0.915    0.887 
   1302.460    0.906    0.880 
   1302.470    0.910    0.873 
   1302.480    0.875    0.868 
   1302.490    0.835    0.863 
   1302.500    0.876    0.859 
   1302.510    0.814    0.856 
   1302.520    0.839    0.854 
   1302.530    0.789    0.852 
   1302.540    0.825    0.850 
   1302.550    0.826    0.849 
   1302.560    0.828    0.849 
   1302.570    0.837    0.849 
   1302.580    0.827    0.850 
   1302.590    0.804    0.852 
   1302.600    0.791    0.855 
   1302.610    0.771    0.859 
   1302.620    0.832    0.863 
   1302.630    0.846    0.867 
   1302.640    0.829    0.871 
   1302.650    0.829    0.874 
   1302.660    0.854    0.878 
   1302.670    0.900    0.882 
   1302.680    0.896    0.886 
   1302.690    0.945    0.890 
   1302.700    0.964    0.895 
   1302.710    0.930    0.900 
   1302.720    0.921    0.905 
   1302.730    0.874    0.910 
   1302.740    0.882    0.916 
   1302.750    0.898    0.922 
   1302.760    0.911    0.927 
   1302.770    0.887    0.933 
   1302.780    0.856    0.938 
   1302.790    0.913    0.944 
   1302.800    0.986    0.949 
   1302.810    1.024    0.954 
   1302.820    1.014    0.958 
   1302.830    0.942    0.962 
   1302.840    0.976    0.967 
   1302.850    0.974    0.970 
   1302.860    0.958    0.974 
   1302.870    1.000    0.977 
   1302.880    0.976    0.979 
   1302.890    0.938    0.981 
   1302.900    1.009    0.983 
   1302.910    1.011    0.984 
   1302.920    1.018    0.985 
   1302.930    1.060    0.986 
   1302.940    0.967    0.987 
   1302.950    0.947    0.987 
   1302.960    0.890    0.987 
   1302.970    0.916    0.987 
   1302.980    0.960    0.987 
   1302.990    0.947    0.987 
   1303.000    0.960    0.987 
   1303.010    0.981    0.987 
   1303.020    1.014    0.986 
   1303.030    0.993    0.986 
   1303.040    0.969    0.985 
   1303.050    0.989    0.984 
   1303.060    0.972    0.983 
   1303.070    0.946    0.981 
   1303.080    0.973    0.979 
   1303.090    0.997    0.977 
   1303.100    1.009    0.974 
   1303.110    1.018    0.970 
   1303.120    0.988    0.965 
   1303.130    0.889    0.959 
   1303.140    0.894    0.952 
   1303.150    1.000    0.944 
   1303.160    0.988    0.936 
   1303.170    0.923    0.927 
   1303.180    0.965    0.918 
   1303.190    0.934    0.908 
   1303.200    0.959    0.899 
   1303.210    0.957    0.890 
   1303.220    0.937    0.882 
   1303.230    0.886    0.875 
   1303.240    0.820    0.868 
   1303.250    0.780    0.862 
   1303.260    0.717    0.857 
   1303.270    0.765    0.852 
   1303.280    0.798    0.849 
   1303.290    0.809    0.846 
   1303.300    0.799    0.843 
   1303.310    0.749    0.842 
   1303.320    0.774    0.841 
   1303.330    0.779    0.841 
   1303.340    0.797    0.842 
   1303.350    0.814    0.844 
   1303.360    0.765    0.847 
   1303.370    0.792    0.850 
   1303.380    0.815    0.854 
   1303.390    0.807    0.859 
   1303.400    0.838    0.865 
   1303.410    0.842    0.871 
   1303.420    0.833    0.878 
   1303.430    0.833    0.885 
   1303.440    0.854    0.894 
   1303.450    0.884    0.902 
   1303.460    0.921    0.910 
   1303.470    0.970    0.919 
   1303.480    0.953    0.926 
   1303.490    0.915    0.933 
   1303.500    0.961    0.939 
   1303.510    0.925    0.944 
   1303.520    0.857    0.948 
   1303.530    0.871    0.952 
   1303.540    0.941    0.954 
   1303.550    0.965    0.956 
   1303.560    0.940    0.957 
   1303.570    0.932    0.956 
   1303.580    0.920    0.955 
   1303.590    0.941    0.953 
   1303.600    0.944    0.952 
   1303.610    0.963    0.951 
   1303.620    0.937    0.950 
   1303.630    0.952    0.950 
   1303.640    0.938    0.951 
   1303.650    0.925    0.952 
   1303.660    0.997    0.952 
   1303.670    0.989    0.952 
   1303.680    0.897    0.952 
   1303.690    0.919    0.951 
   1303.700    0.954    0.951 
   1303.710    1.006    0.952 
   1303.720    1.011    0.952 
   1303.730    0.998    0.954 
   1303.740    1.032    0.955 
   1303.750    1.081    0.956 
   1303.760    1.067    0.955 
   1303.770    0.985    0.954 
   1303.780    0.960    0.952 
   1303.790    0.978    0.950 
   1303.800    0.939    0.947 
   1303.810    0.964    0.944 
   1303.820    0.988    0.941 
   1303.830    0.911    0.937 
   1303.840    0.908    0.933 
   1303.850    0.861    0.928 
   1303.860    0.912    0.922 
   1303.870    0.915    0.916 
   1303.880    0.899    0.910 
   1303.890    0.917    0.903 
   1303.900    0.925    0.897 
   1303.910    0.887    0.891 
   1303.920    0.911    0.886 
   1303.930    0.908    0.881 
   1303.940    0.884    0.877 
   1303.950    0.941    0.873 
   1303.960    0.864    0.870 
   1303.970    0.940    0.867 
   1303.980    0.953    0.864 
   1303.990    0.895    0.861 
   1304.000    0.883    0.858 
   1304.010    0.870    0.855 
   1304.020    0.849    0.851 
   1304.030    0.849    0.847 
   1304.040    0.802    0.844 
   1304.050    0.801    0.840 
   1304.060    0.774    0.838 
   1304.070    0.728    0.836 
   1304.080    0.750    0.835 
   1304.090    0.802    0.835 
   1304.100    0.804    0.836 
   1304.110    0.800    0.838 
   1304.120    0.800    0.840 
   1304.130    0.800    0.842 
   1304.140    0.800    0.845 
   1304.150    0.800    0.849 
   1304.160    0.800    0.854 
   1304.170    0.800    0.860 
   1304.180    0.800    0.866 
   1304.190    0.800    0.874 
   1304.200    0.800    0.882 
   1304.210    0.800    0.890 
   1304.220    0.800    0.899 
   1304.230    0.800    0.908 
   1304.240    0.800    0.916 
   1304.250    0.800    0.924 
   1304.260    0.800    0.933 
   1304.270    0.800    0.941 
   1304.280    0.800    0.948 
   1304.290    0.800    0.955 
   1304.300    0.800    0.962 
   1304.310    0.800    0.967 
   1304.320    0.800    0.972 
   1304.330    0.853    0.976 
   1304.340    0.874    0.979 
   1304.350    0.931    0.982 
   1304.360    0.914    0.984 
   1304.370    0.874    0.986 
   1304.380    0.955    0.987 
   1304.390    0.909    0.988 
   1304.400    0.860    0.989 
   1304.410    0.952    0.990 
   1304.420    0.945    0.991 
   1304.430    0.975    0.991 
   1304.440    0.944    0.991 
   1304.450    0.918    0.992 
   1304.460    0.923    0.991 
   1304.470    0.972    0.991 
   1304.480    0.911    0.990 
   1304.490    0.959    0.989 
   1304.500    0.962    0.988 
   1304.510    1.000    0.987 
   1304.520    0.974    0.986 
   1304.530    1.028    0.985 
   1304.540    0.943    0.984 
   1304.550    0.926    0.983 
   1304.560    1.011    0.983 
   1304.570    0.981    0.982 
   1304.580    1.068    0.981 
   1304.590    1.089    0.981 
   1304.600    1.101    0.980 
   1304.610    1.034    0.980 
   1304.620    0.983    0.979 
   1304.630    1.075    0.979 
   1304.640    1.062    0.978 
   1304.650    1.060    0.978 
   1304.660    0.940    0.978 
   1304.670    0.942    0.977 
   1304.680    0.930    0.977 
   1304.690    0.957    0.977 
   1304.700    0.940    0.977 
   1304.710    0.934    0.977 
   1304.720    0.912    0.976 
   1304.730    0.972    0.976 
   1304.740    1.008    0.975 
   1304.750    0.974    0.974 
   1304.760    0.997    0.973 
   1304.770    0.956    0.972 
   1304.780    1.048    0.970 
   1304.790    1.092    0.969 
   1304.800    0.926    0.968 
   1304.810    0.952    0.967 
   1304.820    0.908    0.966 
   1304.830    1.064    0.966 
   1304.840    0.968    0.966 
   1304.850    1.039    0.966 
   1304.860    1.042    0.967 
   1304.870    1.006    0.967 
   1304.880    1.084    0.968 
   1304.890    1.033    0.968 
   1304.900    1.015    0.967 
   1304.910    1.015    0.966 
   1304.920    0.959    0.965 
   1304.930    1.000    0.964 
   1304.940    0.997    0.962 
   1304.950    0.978    0.961 
   1304.960    0.938    0.959 
   1304.970    0.947    0.958 
   1304.980    0.945    0.957 
   1304.990    0.919    0.955 
   1305.000    0.997    0.952 
   1305.010    0.963    0.950 
   1305.020    0.895    0.948 
   1305.030    0.981    0.946 
   1305.040    0.949    0.945 
   1305.050    0.914    0.945 
   1305.060    0.842    0.945 
   1305.070    0.889    0.945 
   1305.080    0.891    0.946 
   1305.090    0.956    0.946 
   1305.100    0.903    0.946 
   1305.110    0.933    0.946 
   1305.120    0.950    0.947 
   1305.130    1.017    0.948 
   1305.140    0.956    0.951 
   1305.150    1.026    0.954 
   1305.160    0.934    0.958 
   1305.170    0.964    0.961 
   1305.180    0.900    0.964 
   1305.190    0.939    0.967 
   1305.200    0.983    0.969 
   1305.210    1.037    0.972 
   1305.220    0.985    0.974 
   1305.230    0.933    0.977 
   1305.240    0.985    0.980 
   1305.250    0.962    0.982 
   1305.260    0.935    0.985 
   1305.270    0.973    0.987 
   1305.280    0.988    0.988 
   1305.290    0.857    0.989 
   1305.300    0.943    0.990 
   1305.310    1.042    0.990 
   1305.320    0.966    0.990 
   1305.330    0.870    0.991 
   1305.340    0.957    0.991 
   1305.350    0.977    0.991 
   1305.360    1.040    0.991 
   1305.370    1.021    0.991 
   1305.380    0.945    0.990 
   1305.390    1.050    0.990 
   1305.400    0.986    0.990 
   1305.410    0.983    0.990 
   1305.420    1.002    0.989 
   1305.430    0.991    0.989 
   1305.440    0.952    0.988 
   1305.450    0.979    0.988 
   1305.460    0.966    0.987 
   1305.470    0.979    0.987 
   1305.480    0.974    0.986 
   1305.490    0.970    0.986 
   1305.500    0.907    0.985 
   1305.510    0.973    0.985 
   1305.520    1.029    0.985 
   1305.530    1.056    0.984 
   1305.540    0.954    0.984 
   1305.550    0.979    0.984 
   1305.560    0.935    0.983 
   1305.570    0.911    0.983 
   1305.580    0.949    0.983 
   1305.590    0.984    0.983 
   1305.600    0.968    0.983 
   1305.610    0.956    0.983 
   1305.620    0.985    0.983 
   1305.630    0.921    0.983 
   1305.640    0.910    0.983 
   1305.650    0.920    0.983 
   1305.660    0.987    0.983 
   1305.670    1.019    0.983 
   1305.680    1.014    0.984 
   1305.690    1.018    0.984 
   1305.700    0.989    0.985 
   1305.710    1.010    0.985 
   1305.720    0.981    0.986 
   1305.730    1.003    0.986 
   1305.740    0.963    0.987 
   1305.750    0.971    0.988 
   1305.760    0.940    0.988 
   1305.770    1.023    0.989 
   1305.780    0.969    0.990 
   1305.790    1.018    0.990 
   1305.800    1.012    0.991 
   1305.810    0.990    0.991 
   1305.820    0.969    0.992 
   1305.830    1.010    0.992 
   1305.840    1.015    0.992 
   1305.850    0.950    0.993 
   1305.860    1.012    0.993 
   1305.870    0.997    0.993 
   1305.880    1.048    0.993 
   1305.890    1.073    0.993 
   1305.900    1.055    0.992 
   1305.910    1.028    0.992 
   1305.920    0.956    0.992 
   1305.930    0.932    0.991 
   1305.940    0.992    0.991 
   1305.950    1.005    0.991 
   1305.960    1.009    0.990 
   1305.970    1.004    0.990 
   1305.980    1.031    0.989 
   1305.990    1.024    0.989 
   1306.000    1.005    0.988 
   1306.010    1.040    0.988 
   1306.020    1.063    0.987 
   1306.030    1.027    0.987 
   1306.040    1.046    0.986 
   1306.050    1.019    0.986 
   1306.060    0.975    0.985 
   1306.070    1.015    0.985 
   1306.080    1.022    0.985 
   1306.090    0.996    0.984 
   1306.100    0.969    0.984 
   1306.110    1.019    0.984 
   1306.120    1.110    0.984 
   1306.130    1.091    0.983 
   1306.140    1.015    0.983 
   1306.150    0.987    0.983 
   1306.160    0.958    0.983 
   1306.170    0.949    0.984 
   1306.180    0.913    0.984 
   1306.190    0.988    0.984 
   1306.200    1.030    0.984 
   1306.210    1.011    0.985 
   1306.220    1.013    0.985 
   1306.230    1.046    0.986 
   1306.240    1.059    0.987 
   1306.250    1.012    0.987 
   1306.260    0.990    0.988 
   1306.270    1.043    0.989 
   1306.280    1.110    0.989 
   1306.290    1.065    0.990 
   1306.300    1.048    0.991 
   1306.310    1.044    0.992 
   1306.320    1.009    0.992 
   1306.330    1.003    0.993 
   1306.340    1.034    0.993 
   1306.350    1.038    0.994 
   1306.360    0.982    0.994 
   1306.370    1.028    0.995 
   1306.380    1.023    0.995 
   1306.390    0.974    0.996 
   1306.400    1.000    0.996 
   1306.410    0.990    0.996 
   1306.420    0.969    0.997 
   1306.430    0.944    0.997 
   1306.440    0.921    0.997 
   1306.450    0.933    0.997 
   1306.460    0.940    0.998 
   1306.470    0.963    0.998 
   1306.480    0.987    0.998 
   1306.490    1.015    0.998 
   1306.500    1.057    0.998 
   1306.510    1.031    0.998 
   1306.520    0.967    0.998 
   1306.530    0.967    0.998 
   1306.540    0.985    0.998 
   1306.550    0.995    0.998 
   1306.560    0.983    0.999 
   1306.570    0.971    0.999 
   1306.580    0.998    0.999 
   1306.590    0.992    0.999 
   1306.600    0.989    0.999 
   1306.610    1.050    0.999 
   1306.620    1.114    0.999 
   1306.630    1.076    0.999 
   1306.640    1.037    0.999 
   1306.650    1.023    0.999 
   1306.660    1.075    0.999 
   1306.670    1.107    0.999 
   1306.680    1.036    0.999 
   1306.690    1.011    0.999 
   1306.700    0.986    0.999 
   1306.710    0.976    0.999 
   1306.720    0.969    0.999 
   1306.730    0.945    0.999 
   1306.740    0.978    0.999 
   1306.750    0.967    0.999 
   1306.760    0.972    0.999 
   1306.770    0.985    0.999 
   1306.780    0.988    0.999 
   1306.790    0.987    0.999 
   1306.800    1.064    0.999 
   1306.810    1.017    0.999 
   1306.820    0.973    0.999 
   1306.830    0.970    0.999 
   1306.840    0.957    0.999 
   1306.850    0.935    0.999 
   1306.860    0.975    0.999 
   1306.870    1.011    0.999 
   1306.880    1.019    0.999 
   1306.890    1.024    0.999 
   1306.900    0.989    0.999 
   1306.910    0.996    0.999 
   1306.920    1.016    0.999 
   1306.930    0.991    0.999 
   1306.940    0.938    0.999 
   1306.950    0.962    0.999 
   1306.960    0.931    0.999 
   1306.970    0.981    0.999 
   1306.980    0.995    0.999 
   1306.990    1.006    0.999 
   1307.000    1.012    0.999 
   1307.010    0.972    0.999 
   1307.020    0.959    0.999 
   1307.030    0.978    0.999 
   1307.040    1.042    0.999 
   1307.050    1.068    0.999 
   1307.060    0.972    0.999 
   1307.070    1.015    0.999 
   1307.080    1.068    0.999 
   1307.090    1.008    0.999 
   1307.100    1.031    0.999 
   1307.110    0.980    0.999 
   1307.120    1.018    1.000 
   1307.130    1.034    1.000 
   1307.140    1.062    1.000 
   1307.150    0.998    1.000 
   1307.160    1.023    1.000 
   1307.170    0.982    1.000 
   1307.180    1.034    1.000 
   1307.190    0.963    1.000 
   1307.200    1.048    1.000 
   1307.210    1.027    1.000 
   1307.220    1.040    1.000 
   1307.230    0.939    1.000 
   1307.240    0.989    1.000 
   1307.250    1.059    1.000 
   1307.260    1.061    1.000 
   1307.270    1.047    1.000 
   1307.280    1.065    1.000 
   1307.290    1.055    1.000 
   1307.300    1.028    1.000 
   1307.310    1.003    1.000 
   1307.320    0.993    1.000 
   1307.330    0.929    1.000 
   1307.340    0.975    1.000 
   1307.350    0.997    1.000 
   1307.360    0.905    1.000 
   1307.370    1.001    1.000 
   1307.380    0.953    1.000 
   1307.390    0.964    1.000 
   1307.400    0.967    1.000 
   1307.410    0.959    1.000 
   1307.420    0.990    1.000 
   1307.430    1.043    1.000 
   1307.440    0.943    1.000 
   1307.450    0.974    1.000 
   1307.460    0.991    1.000 
   1307.470    0.965    1.000 
   1307.480    0.946    1.000 
   1307.490    0.928    1.000 
   1307.500    1.059    1.000 
   1307.510    0.980    1.000 
   1307.520    1.059    1.000 
   1307.530    1.022    1.000 
   1307.540    1.013    1.000 
   1307.550    1.015    1.000 
   1307.560    0.991    1.000 
   1307.570    1.065    1.000 
   1307.580    1.050    1.000 
   1307.590    1.089    1.000 
   1307.600    1.019    1.000 
   1307.610    1.069    1.000 
   1307.620    1.011    1.000 
   1307.630    1.050    1.000 
   1307.640    0.946    1.000 
   1307.650    0.983    1.000 
   1307.660    0.996    1.000 
   1307.670    1.001    1.000 
   1307.680    1.004    1.000 
   1307.690    0.920    1.000 
   1307.700    1.022    1.000 
   1307.710    1.061    1.000 
   1307.720    1.054    1.000 
   1307.730    0.995    1.000 
   1307.740    1.016    1.000 
   1307.750    0.978    1.000 
   1307.760    0.963    1.000 
   1307.770    0.990    1.000 
   1307.780    0.920    1.000 
   1307.790    1.023    1.000 
   1307.800    0.933    1.000 
   1307.810    0.914    1.000 
   1307.820    0.923    1.000 
   1307.830    1.031    1.000 
   1307.840    0.936    1.000 
   1307.850    0.940    1.000 
   1307.860    0.937    1.000 
   1307.870    1.031    1.000 
   1307.880    0.936    1.000 
   1307.890    1.086    1.000 
   1307.900    1.032    1.000 
   1307.910    1.034    1.000 
   1307.920    1.004    1.000 
   1307.930    0.973    1.000 
   1307.940    1.084    1.000 
   1307.950    0.979    1.000 
   1307.960    0.973    1.000 
   1307.970    0.988    1.000 
   1307.980    1.058    1.000 
   1307.990    0.998    1.000 
   1308.000    1.075    1.000 
   1308.010    1.048    1.000 
   1308.020    0.911    1.000 
   1308.030    1.054    1.000 
   1308.040    0.973    1.000 
   1308.050    0.893    1.000 
   1308.060    1.011    1.000 
   1308.070    1.037    0.999 
   1308.080    0.988    0.999 
   1308.090    0.952    0.999 
   1308.100    1.081    0.999 
   1308.110    0.993    0.999 
   1308.120    1.015    0.999 
   1308.130    1.016    0.999 
   1308.140    1.052    0.999 
   1308.150    0.914    0.999 
   1308.160    0.963    0.999 
   1308.170    1.016    0.999 
   1308.180    0.987    0.998 
   1308.190    0.913    0.997 
   1308.200    0.918    0.996 
   1308.210    0.980    0.995 
   1308.220    0.900    0.993 
   1308.230    0.918    0.992 
   1308.240    0.909    0.991 
   1308.250    0.933    0.990 
   1308.260    0.827    0.989 
   1308.270    1.023    0.988 
   1308.280    0.897    0.987 
   1308.290    0.982    0.986 
   1308.300    1.004    0.984 
   1308.310    0.972    0.982 
   1308.320    1.002    0.981 
   1308.330    0.947    0.979 
   1308.340    0.998    0.979 
   1308.350    1.000    0.979 
   1308.360    1.012    0.979 
   1308.370    0.959    0.980 
   1308.380    0.983    0.980 
   1308.390    0.983    0.981 
   1308.400    1.024    0.981 
   1308.410    1.014    0.980 
   1308.420    0.923    0.980 
   1308.430    1.013    0.980 
   1308.440    1.052    0.980 
   1308.450    1.052    0.980 
   1308.460    1.006    0.981 
   1308.470    1.063    0.982 
   1308.480    1.018    0.984 
   1308.490    1.025    0.985 
   1308.500    1.112    0.986 
   1308.510    1.044    0.986 
   1308.520    1.029    0.987 
   1308.530    1.014    0.987 
   1308.540    1.008    0.987 
   1308.550    0.926    0.986 
   1308.560    0.953    0.985 
   1308.570    0.945    0.984 
   1308.580    0.893    0.982 
   1308.590    0.861    0.979 
   1308.600    0.927    0.976 
   1308.610    0.963    0.973 
   1308.620    0.965    0.970 
   1308.630    0.971    0.968 
   1308.640    0.937    0.965 
   1308.650    0.932    0.962 
   1308.660    0.947    0.959 
   1308.670    0.961    0.955 
   1308.680    0.927    0.952 
   1308.690    0.967    0.950 
   1308.700    0.970    0.949 
   1308.710    0.963    0.949 
   1308.720    0.960    0.949 
   1308.730    0.913    0.950 
   1308.740    0.892    0.950 
   1308.750    0.852    0.950 
   1308.760    0.878    0.949 
   1308.770    0.916    0.949 
   1308.780    0.915    0.950 
   1308.790    0.930    0.951 
   1308.800    0.976    0.952 
   1308.810    0.985    0.954 
   1308.820    1.012    0.955 
   1308.830    1.004    0.956 
   1308.840    0.972    0.957 
   1308.850    0.988    0.957 
   1308.860    0.949    0.958 
   1308.870    0.963    0.958 
   1308.880    0.908    0.959 
   1308.890    0.846    0.959 
   1308.900    0.961    0.960 
   1308.910    1.006    0.959 
   1308.920    0.988    0.959 
   1308.930    0.960    0.958 
   1308.940    0.988    0.956 
   1308.950    0.971    0.953 
   1308.960    0.955    0.951 
   1308.970    1.023    0.949 
   1308.980    1.028    0.948 
   1308.990    0.962    0.948 
   1309.000    0.954    0.948 
   1309.010    0.964    0.950 
   1309.020    0.964    0.952 
   1309.030    0.918    0.954 
   1309.040    0.916    0.956 
   1309.050    0.932    0.958 
   1309.060    0.925    0.959 
   1309.070    0.925    0.961 
   1309.080    0.921    0.961 
   1309.090    0.909    0.962 
   1309.100    0.926    0.963 
   1309.110    0.959    0.963 
   1309.120    0.958    0.963 
   1309.130    0.929    0.964 
   1309.140    0.945    0.964 
   1309.150    0.976    0.965 
   1309.160    0.972    0.965 
   1309.170    1.044    0.966 
   1309.180    1.029    0.967 
   1309.190    0.990    0.968 
   1309.200    0.916    0.969 
   1309.210    0.903    0.969 
   1309.220    0.934    0.970 
   1309.230    0.953    0.970 
   1309.240    0.970    0.970 
   1309.250    0.991    0.970 
   1309.260    0.988    0.969 
   1309.270    1.024    0.969 
   1309.280    1.009    0.968 
   1309.290    0.957    0.968 
   1309.300    0.941    0.967 
   1309.310    1.003    0.966 
   1309.320    1.017    0.966 
   1309.330    0.966    0.965 
   1309.340    0.964    0.964 
   1309.350    0.926    0.964 
   1309.360    0.936    0.963 
   1309.370    0.930    0.962 
   1309.380    0.961    0.962 
   1309.390    0.997    0.962 
   1309.400    1.013    0.962 
   1309.410    0.994    0.962 
   1309.420    0.951    0.962 
   1309.430    0.992    0.962 
   1309.440    1.024    0.963 
   1309.450    1.034    0.963 
   1309.460    1.011    0.963 
   1309.470    1.017    0.963 
   1309.480    1.045    0.963 
   1309.490    0.987    0.963 
   1309.500    1.004    0.962 
   1309.510    1.058    0.961 
   1309.520    1.024    0.960 
   1309.530    0.960    0.958 
   1309.540    0.946    0.957 
   1309.550    0.945    0.956 
   1309.560    0.988    0.956 
   1309.570    1.006    0.957 
   1309.580    1.019    0.959 
   1309.590    1.040    0.961 
   1309.600    0.997    0.963 
   1309.610    1.043    0.966 
   1309.620    0.992    0.968 
   1309.630    0.927    0.970 
   1309.640    0.938    0.970 
   1309.650    0.975    0.970 
   1309.660    0.985    0.970 
   1309.670    0.968    0.968 
   1309.680    0.945    0.967 
   1309.690    0.997    0.965 
   1309.700    0.960    0.963 
   1309.710    0.937    0.961 
   1309.720    0.938    0.958 
   1309.730    0.940    0.956 
   1309.740    0.902    0.953 
   1309.750    0.932    0.950 
   1309.760    0.976    0.947 
   1309.770    1.065    0.945 
   1309.780    1.044    0.943 
   1309.790    0.999    0.942 
   1309.800    1.030    0.941 
   1309.810    1.051    0.940 
   1309.820    1.031    0.939 
   1309.830    1.036    0.938 
   1309.840    1.054    0.937 
   1309.850    1.004    0.936 
   1309.860    0.994    0.937 
   1309.870    1.004    0.938 
   1309.880    1.015    0.940 
   1309.890    1.044    0.943 
   1309.900    1.040    0.946 
   1309.910    1.055    0.949 
   1309.920    1.048    0.951 
   1309.930    1.006    0.953 
   1309.940    1.014    0.956 
   1309.950    1.018    0.959 
   1309.960    0.990    0.962 
   1309.970    1.017    0.965 
   1309.980    0.998    0.968 
   1309.990    1.005    0.970 
   1310.000    1.011    0.971 
   1310.010    0.984    0.973 
   1310.020    1.024    0.974 
   1310.030    1.036    0.975 
   1310.040    0.945    0.976 
   1310.050    0.870    0.976 
   1310.060    0.920    0.977 
   1310.070    1.012    0.977 
   1310.080    0.950    0.977 
   1310.090    0.935    0.976 
   1310.100    0.961    0.976 
   1310.110    0.913    0.977 
   1310.120    0.993    0.977 
   1310.130    1.002    0.978 
   1310.140    1.044    0.979 
   1310.150    1.012    0.980 
   1310.160    0.992    0.980 
   1310.170    1.030    0.980 
   1310.180    1.039    0.979 
   1310.190    1.017    0.979 
   1310.200    1.010    0.978 
   1310.210    1.000    0.978 
   1310.220    0.986    0.979 
   1310.230    1.022    0.980 
   1310.240    0.990    0.982 
   1310.250    1.058    0.984 
   1310.260    0.992    0.985 
   1310.270    1.055    0.987 
   1310.280    1.007    0.988 
   1310.290    1.031    0.989 
   1310.300    0.982    0.990 
   1310.310    1.014    0.991 
   1310.320    1.048    0.992 
   1310.330    1.062    0.993 
   1310.340    1.046    0.995 
   1310.350    1.059    0.996 
   1310.360    1.018    0.997 
   1310.370    1.017    0.998 
   1310.380    0.966    0.999 
   1310.390    1.007    0.999 
   1310.400    1.009    0.999 
   1310.410    0.996    0.999 
   1310.420    0.976    0.999 
   1310.430    1.122    0.999 
   1310.440    0.961    1.000 
   1310.450    1.076    1.000 
   1310.460    1.093    1.000 
   1310.470    1.056    1.000 
   1310.480    1.072    1.000 
   1310.490    1.002    1.000 
   1310.500    1.044    1.000 
   1310.510    0.957    1.000 
   1310.520    0.950    1.000 
   1310.530    1.013    1.000 
   1310.540    0.983    1.000 
   1310.550    0.943    1.000 
   1310.560    0.984    1.000 
   1310.570    1.013    1.000 
   1310.580    0.969    1.000 
   1310.590    0.934    1.000 
   1310.600    0.926    1.000 
   1310.610    0.996    1.000 
   1310.620    1.013    1.000 
   1310.630    1.005    1.000 
   1310.640    1.120    1.000 
   1310.650    1.079    1.000 
   1310.660    1.052    1.000 
   1310.670    1.023    1.000 
   1310.680    1.045    1.000 
   1310.690    0.999    1.000 
   1310.700    0.969    1.000 
   1310.710    1.028    1.000 
   1310.720    1.064    1.000 
   1310.730    0.978    1.000 
   1310.740    0.969    1.000 
   1310.750    0.958    1.000 
   1310.760    1.025    1.000 
   1310.770    1.036    1.000 
   1310.780    1.028    1.000 
   1310.790    0.979    1.000 
   1310.800    1.018    1.000 
   1310.810    0.950    1.000 
   1310.820    0.962    1.000 
   1310.830    0.945    1.000 
   1310.840    1.081    1.000 
   1310.850    1.026    1.000 
   1310.860    1.064    1.000 
   1310.870    0.933    1.000 
   1310.880    1.010    1.000 
   1310.890    1.089    1.000 
   1310.900    1.007    1.000 
   1310.910    1.017    1.000 
   1310.920    1.015    1.000 
   1310.930    1.111    1.000 
   1310.940    0.981    1.000 
   1310.950    0.983    1.000 
   1310.960    1.002    1.000 
   1310.970    1.036    1.000 
   1310.980    0.953    1.000 
   1310.990    0.949    1.000 
   1311.000    0.995    1.000 
   1311.010    1.005    1.000 
   1311.020    0.934    1.000 
   1311.030    1.012    1.000 
   1311.040    1.031    1.000 
   1311.050    0.940    1.000 
   1311.060    1.004    1.000 
   1311.070    0.949    1.000 
   1311.080    1.019    1.000 
   1311.090    1.047    1.000 
   1311.100    1.044    1.000 
   1311.110    1.044    1.000 
   1311.120    1.112    1.000 
   1311.130    1.092    1.000 
   1311.140    0.974    1.000 
   1311.150    0.918    1.000 
   1311.160    0.936    1.000 
   1311.170    1.050    1.000 
   1311.180    1.031    1.000 
   1311.190    1.000    1.000 
   1311.200    1.064    1.000 
   1311.210    1.090    1.000 
   1311.220    0.975    1.000 
   1311.230    0.979    1.000 
   1311.240    0.998    1.000 
   1311.250    1.051    1.000 
   1311.260    0.995    1.000 
   1311.270    0.975    1.000 
   1311.280    0.924    1.000 
   1311.290    1.001    1.000 
   1311.300    0.982    1.000 
   1311.310    0.995    1.000 
   1311.320    0.972    1.000 
   1311.330    0.929    1.000 
   1311.340    0.900    1.000 
   1311.350    0.989    1.000 
   1311.360    0.946    1.000 
   1311.370    0.954    1.000 
   1311.380    1.052    1.000 
   1311.390    1.076    1.000 
   1311.400    1.087    1.000 
   1311.410    1.030    1.000 
   1311.420    1.025    1.000 
   1311.430    1.029    1.000 
   1311.440    0.981    1.000 
   1311.450    1.050    1.000 
   1311.460    1.133    1.000 
   1311.470    1.104    1.000 
   1311.480    1.102    1.000 
   1311.490    1.018    1.000 
   1311.500    1.005    1.000 
   1311.510    1.026    1.000 
   1311.520    1.017    1.000 
   1311.530    1.153    1.000 
   1311.540    1.026    1.000 
   1311.550    1.071    1.000 
   1311.560    1.000    1.000 
   1311.570    0.989    1.000 
   1311.580    1.041    1.000 
   1311.590    1.015    1.000 
   1311.600    0.952    1.000 
   1311.610    0.983    1.000 
   1311.620    0.972    1.000 
   1311.630    1.015    1.000 
   1311.640    1.014    1.000 
   1311.650    0.963    1.000 
   1311.660    0.992    1.000 
   1311.670    0.991    1.000 
   1311.680    1.010    1.000 
   1311.690    1.042    1.000 
   1311.700    0.962    1.000 
   1311.710    0.972    1.000 
   1311.720    1.002    1.000 
   1311.730    0.939    1.000 
   1311.740    1.010    1.000 
   1311.750    0.986    1.000 
   1311.760    0.936    1.000 
   1311.770    0.939    1.000 
   1311.780    0.943    1.000 
   1311.790    0.936    1.000 
   1311.800    0.973    1.000 
   1311.810    0.985    1.000 
   1311.820    0.938    1.000 
   1311.830    0.969    1.000 
   1311.840    0.998    1.000 
   1311.850    0.933    1.000 
   1311.860    0.959    1.000 
   1311.870    0.988    1.000 
   1311.880    0.957    1.000 
   1311.890    0.952    1.000 
   1311.900    0.955    1.000 
   1311.910    0.990    1.000 
   1311.920    1.010    1.000 
   1311.930    0.975    1.000 
   1311.940    0.968    1.000 
   1311.950    1.001    1.000 
   1311.960    1.005    1.000 
   1311.970    0.948    1.000 
   1311.980    0.937    1.000 
   1311.990    0.977    1.000 
   1312.000    0.966    1.000 
