   1292.0000     0.9074     1.0000  
   1292.0100     0.9291     1.0000  
   1292.0200     0.8757     1.0000  
   1292.0300     0.9587     1.0000  
   1292.0400     0.8771     1.0000  
   1292.0500     0.9151     1.0000  
   1292.0600     0.8682     1.0000  
   1292.0700     0.8986     1.0000  
   1292.0800     0.8370     1.0000  
   1292.0900     0.8753     1.0000  
   1292.1000     0.8660     1.0000  
   1292.1100     0.8730     1.0000  
   1292.1200     0.8839     1.0000  
   1292.1300     0.8783     1.0000  
   1292.1400     0.8832     1.0000  
   1292.1500     0.8388     1.0000  
   1292.1600     0.8478     1.0000  
   1292.1700     0.8948     1.0000  
   1292.1800     0.9080     1.0000  
   1292.1900     0.9052     1.0000  
   1292.2000     0.9083     1.0000  
   1292.2100     0.9428     1.0000  
   1292.2200     0.9279     1.0000  
   1292.2300     0.9535     1.0000  
   1292.2400     0.9779     1.0000  
   1292.2500     1.1178     1.0000  
   1292.2600     1.0095     1.0000  
   1292.2700     1.0427     1.0000  
   1292.2800     1.0478     1.0000  
   1292.2900     1.0352     1.0000  
   1292.3000     1.1021     1.0000  
   1292.3100     0.9636     1.0000  
   1292.3200     0.9572     1.0000  
   1292.3300     1.0383     1.0000  
   1292.3400     1.0457     1.0000  
   1292.3500     1.0353     1.0000  
   1292.3600     1.0267     1.0000  
   1292.3700     1.0147     1.0000  
   1292.3800     0.9008     1.0000  
   1292.3900     1.0130     1.0000  
   1292.4000     1.0174     1.0000  
   1292.4100     1.0747     1.0000  
   1292.4200     0.9913     1.0000  
   1292.4300     0.9993     1.0000  
   1292.4400     0.9917     1.0000  
   1292.4500     1.0153     1.0000  
   1292.4600     0.9678     1.0000  
   1292.4700     0.9293     1.0000  
   1292.4800     0.9052     1.0000  
   1292.4900     0.9190     1.0000  
   1292.5000     0.9419     1.0000  
   1292.5100     0.9495     1.0000  
   1292.5200     0.9488     1.0000  
   1292.5300     0.9538     1.0000  
   1292.5400     0.9471     1.0000  
   1292.5500     0.9553     1.0000  
   1292.5600     0.8964     1.0000  
   1292.5700     0.9120     1.0000  
   1292.5800     0.9091     0.9999  
   1292.5900     0.9249     0.9999  
   1292.6000     0.9669     0.9999  
   1292.6100     0.9430     0.9999  
   1292.6200     0.9328     0.9999  
   1292.6300     0.9129     0.9999  
   1292.6400     0.9182     0.9999  
   1292.6500     0.9290     0.9999  
   1292.6600     0.9857     0.9999  
   1292.6700     1.1230     0.9999  
   1292.6800     1.0316     0.9999  
   1292.6900     1.0335     0.9999  
   1292.7000     1.1302     0.9999  
   1292.7100     1.0870     0.9999  
   1292.7200     1.0997     0.9999  
   1292.7300     1.0922     0.9999  
   1292.7400     1.0282     0.9999  
   1292.7500     1.0259     0.9999  
   1292.7600     1.0852     0.9999  
   1292.7700     1.1496     0.9999  
   1292.7800     1.1291     0.9999  
   1292.7900     1.0178     0.9999  
   1292.8000     1.0213     0.9999  
   1292.8100     0.9747     0.9999  
   1292.8200     0.9555     0.9999  
   1292.8300     1.0340     0.9999  
   1292.8400     1.0615     0.9999  
   1292.8500     1.0903     0.9999  
   1292.8600     1.0516     0.9999  
   1292.8700     1.0541     0.9999  
   1292.8800     1.1004     0.9999  
   1292.8900     1.0108     0.9999  
   1292.9000     0.9833     0.9999  
   1292.9100     1.0439     0.9999  
   1292.9200     1.0708     0.9999  
   1292.9300     0.9817     0.9999  
   1292.9400     0.9489     0.9999  
   1292.9500     1.0561     0.9999  
   1292.9600     1.0330     0.9999  
   1292.9700     0.9460     0.9999  
   1292.9800     1.0567     0.9999  
   1292.9900     1.0154     0.9999  
   1293.0000     0.9617     0.9999  
   1293.0100     0.9605     0.9999  
   1293.0200     1.0241     0.9999  
   1293.0300     1.0691     0.9999  
   1293.0400     1.0079     0.9999  
   1293.0500     0.9584     0.9999  
   1293.0600     0.9557     0.9999  
   1293.0700     0.9815     0.9999  
   1293.0800     1.0635     0.9999  
   1293.0900     0.9646     0.9999  
   1293.1000     0.9336     0.9999  
   1293.1100     1.0124     0.9999  
   1293.1200     1.0036     0.9999  
   1293.1300     1.0281     0.9999  
   1293.1400     0.9800     0.9999  
   1293.1500     0.9198     0.9999  
   1293.1600     0.9708     0.9999  
   1293.1700     1.0370     0.9999  
   1293.1800     0.9740     0.9999  
   1293.1900     0.9927     0.9999  
   1293.2000     1.0657     0.9999  
   1293.2100     1.0437     0.9999  
   1293.2200     1.0691     0.9999  
   1293.2300     1.0538     0.9999  
   1293.2400     1.0282     0.9999  
   1293.2500     1.0199     0.9999  
   1293.2600     1.0354     0.9999  
   1293.2700     1.0142     0.9999  
   1293.2800     1.0486     0.9999  
   1293.2900     1.0826     0.9999  
   1293.3000     1.0448     0.9999  
   1293.3100     1.0464     0.9999  
   1293.3200     1.0790     0.9999  
   1293.3300     1.1244     0.9999  
   1293.3400     1.0512     0.9999  
   1293.3500     1.0362     0.9999  
   1293.3600     1.0344     0.9999  
   1293.3700     1.0750     0.9999  
   1293.3800     1.1459     0.9999  
   1293.3900     1.0729     0.9999  
   1293.4000     1.0253     0.9999  
   1293.4100     1.0305     0.9999  
   1293.4200     1.0478     0.9999  
   1293.4300     1.0266     0.9999  
   1293.4400     1.0472     0.9999  
   1293.4500     1.1085     0.9999  
   1293.4600     1.1428     0.9999  
   1293.4700     1.0184     0.9999  
   1293.4800     1.0103     0.9999  
   1293.4900     1.0090     0.9999  
   1293.5000     0.9041     0.9999  
   1293.5100     0.9515     0.9999  
   1293.5200     1.0721     0.9999  
   1293.5300     1.0785     0.9998  
   1293.5400     1.0226     0.9998  
   1293.5500     0.9365     0.9998  
   1293.5600     0.9621     0.9998  
   1293.5700     1.0081     0.9998  
   1293.5800     1.0778     0.9998  
   1293.5900     0.9512     0.9998  
   1293.6000     0.9473     0.9998  
   1293.6100     1.0242     0.9998  
   1293.6200     1.0436     0.9998  
   1293.6300     1.0350     0.9998  
   1293.6400     0.9688     0.9998  
   1293.6500     0.9594     0.9998  
   1293.6600     0.9145     0.9998  
   1293.6700     0.9743     0.9998  
   1293.6800     0.9595     0.9998  
   1293.6900     0.9611     0.9998  
   1293.7000     0.9357     0.9998  
   1293.7100     0.9768     0.9998  
   1293.7200     0.9856     0.9998  
   1293.7300     1.0297     0.9998  
   1293.7400     1.1213     0.9998  
   1293.7500     1.0666     0.9998  
   1293.7600     1.0456     0.9998  
   1293.7700     0.9972     0.9997  
   1293.7800     1.0016     0.9997  
   1293.7900     0.9809     0.9997  
   1293.8000     0.8727     0.9997  
   1293.8100     0.9766     0.9997  
   1293.8200     1.0074     0.9997  
   1293.8300     1.0496     0.9997  
   1293.8400     1.0081     0.9997  
   1293.8500     0.9590     0.9997  
   1293.8600     0.9609     0.9997  
   1293.8700     0.9182     0.9997  
   1293.8800     1.0609     0.9997  
   1293.8900     1.0415     0.9996  
   1293.9000     0.9429     0.9996  
   1293.9100     0.9119     0.9996  
   1293.9200     0.9153     0.9996  
   1293.9300     0.9627     0.9996  
   1293.9400     0.9489     0.9996  
   1293.9500     0.9379     0.9996  
   1293.9600     0.9180     0.9995  
   1293.9700     0.9245     0.9995  
   1293.9800     0.9276     0.9995  
   1293.9900     1.0335     0.9995  
   1294.0000     0.9961     0.9995  
   1294.0100     1.0205     0.9994  
   1294.0200     0.9831     0.9994  
   1294.0300     0.9267     0.9994  
   1294.0400     1.0293     0.9993  
   1294.0500     1.0001     0.9993  
   1294.0600     1.0085     0.9993  
   1294.0700     1.0115     0.9992  
   1294.0800     0.9609     0.9992  
   1294.0900     1.0205     0.9991  
   1294.1000     0.9673     0.9991  
   1294.1100     1.0363     0.9990  
   1294.1200     1.0880     0.9989  
   1294.1300     1.0686     0.9988  
   1294.1400     1.1412     0.9987  
   1294.1500     1.1447     0.9986  
   1294.1600     1.0529     0.9985  
   1294.1700     1.0265     0.9983  
   1294.1800     1.0365     0.9981  
   1294.1900     0.9901     0.9978  
   1294.2000     1.0068     0.9974  
   1294.2100     0.9498     0.9967  
   1294.2200     0.9574     0.9955  
   1294.2300     1.0770     0.9937  
   1294.2400     1.0314     0.9907  
   1294.2500     0.9869     0.9864  
   1294.2600     1.0074     0.9803  
   1294.2700     0.9471     0.9722  
   1294.2800     0.9754     0.9622  
   1294.2900     0.9737     0.9507  
   1294.3000     0.9805     0.9384  
   1294.3100     0.9727     0.9259  
   1294.3200     0.9565     0.9142  
   1294.3300     0.9428     0.9038  
   1294.3400     0.9021     0.8953  
   1294.3500     0.8968     0.8887  
   1294.3600     0.8451     0.8841  
   1294.3700     0.9455     0.8811  
   1294.3800     1.0229     0.8793  
   1294.3900     0.9849     0.8779  
   1294.4000     1.0062     0.8767  
   1294.4100     1.0022     0.8750  
   1294.4200     0.8931     0.8728  
   1294.4300     0.9251     0.8700  
   1294.4400     0.9607     0.8667  
   1294.4500     1.0158     0.8633  
   1294.4600     0.9652     0.8602  
   1294.4700     0.8996     0.8581  
   1294.4800     0.8133     0.8571  
   1294.4900     0.8434     0.8577  
   1294.5000     0.7815     0.8597  
   1294.5100     0.7330     0.8628  
   1294.5200     0.7415     0.8661  
   1294.5300     0.6701     0.8690  
   1294.5400     0.6694     0.8707  
   1294.5500     0.7305     0.8707  
   1294.5600     0.6651     0.8690  
   1294.5700     0.7176     0.8661  
   1294.5800     0.7118     0.8627  
   1294.5900     0.7547     0.8597  
   1294.6000     0.8929     0.8577  
   1294.6100     0.9145     0.8571  
   1294.6200     0.9189     0.8581  
   1294.6300     0.7710     0.8602  
   1294.6400     0.9014     0.8633  
   1294.6500     0.8849     0.8666  
   1294.6600     0.9309     0.8699  
   1294.6700     0.8710     0.8728  
   1294.6800     0.9489     0.8750  
   1294.6900     0.9773     0.8767  
   1294.7000     0.9406     0.8779  
   1294.7100     0.9835     0.8793  
   1294.7200     0.9528     0.8811  
   1294.7300     0.9770     0.8841  
   1294.7400     0.9560     0.8887  
   1294.7500     0.9026     0.8952  
   1294.7600     0.9695     0.9038  
   1294.7700     0.9912     0.9141  
   1294.7800     1.0244     0.9259  
   1294.7900     0.9111     0.9384  
   1294.8000     0.9828     0.9507  
   1294.8100     0.9401     0.9622  
   1294.8200     1.0015     0.9722  
   1294.8300     0.9045     0.9803  
   1294.8400     1.0039     0.9864  
   1294.8500     0.9610     0.9907  
   1294.8600     0.9503     0.9936  
   1294.8700     0.9826     0.9955  
   1294.8800     0.8775     0.9966  
   1294.8900     1.0249     0.9973  
   1294.9000     1.0970     0.9978  
   1294.9100     1.0127     0.9981  
   1294.9200     0.9806     0.9983  
   1294.9300     1.0833     0.9985  
   1294.9400     0.9324     0.9986  
   1294.9500     0.9698     0.9987  
   1294.9600     1.1468     0.9988  
   1294.9700     1.0749     0.9989  
   1294.9800     0.9767     0.9990  
   1294.9900     0.9751     0.9990  
   1295.0000     1.0641     0.9991  
   1295.0100     0.9375     0.9991  
   1295.0200     0.9749     0.9992  
   1295.0300     1.0263     0.9992  
   1295.0400     1.0903     0.9993  
   1295.0500     0.8864     0.9993  
   1295.0600     1.1837     0.9993  
   1295.0700     1.0474     0.9994  
   1295.0800     0.9937     0.9994  
   1295.0900     1.1025     0.9994  
   1295.1000     1.0227     0.9994  
   1295.1100     1.0360     0.9995  
   1295.1200     1.0665     0.9995  
   1295.1300     1.1134     0.9995  
   1295.1400     0.9805     0.9995  
   1295.1500     1.0017     0.9995  
   1295.1600     1.0149     0.9995  
   1295.1700     1.0318     0.9996  
   1295.1800     0.9308     0.9996  
   1295.1900     0.9787     0.9996  
   1295.2000     0.8558     0.9996  
   1295.2100     0.9453     0.9996  
   1295.2200     0.9418     0.9996  
   1295.2300     1.0298     0.9996  
   1295.2400     1.0000     0.9996  
   1295.2500     0.9755     0.9996  
   1295.2600     0.9754     0.9997  
   1295.2700     1.0323     0.9997  
   1295.2800     0.9760     0.9997  
   1295.2900     0.9210     0.9997  
   1295.3000     0.9859     0.9997  
   1295.3100     0.9404     0.9997  
   1295.3200     0.8630     0.9997  
   1295.3300     1.0192     0.9997  
   1295.3400     0.9391     0.9997  
   1295.3500     1.0041     0.9997  
   1295.3600     1.1025     0.9997  
   1295.3700     1.1501     0.9997  
   1295.3800     0.9871     0.9997  
   1295.3900     0.9993     0.9997  
   1295.4000     1.0307     0.9997  
   1295.4100     0.9555     0.9997  
   1295.4200     0.8657     0.9997  
   1295.4300     0.9767     0.9997  
   1295.4400     0.9483     0.9997  
   1295.4500     0.9345     0.9997  
   1295.4600     0.9484     0.9997  
   1295.4700     0.9740     0.9997  
   1295.4800     0.9431     0.9997  
   1295.4900     1.0119     0.9997  
   1295.5000     1.0057     0.9997  
   1295.5100     0.9729     0.9998  
   1295.5200     1.0783     0.9998  
   1295.5300     1.0958     0.9998  
   1295.5400     0.9990     0.9998  
   1295.5500     1.0773     0.9998  
   1295.5600     1.0860     0.9998  
   1295.5700     1.1031     0.9998  
   1295.5800     1.0589     0.9998  
   1295.5900     1.0594     0.9998  
   1295.6000     1.0662     0.9998  
   1295.6100     1.0336     0.9998  
   1295.6200     1.0334     0.9998  
   1295.6300     1.0946     0.9998  
   1295.6400     0.9817     0.9998  
   1295.6500     0.9717     0.9998  
   1295.6600     0.9892     0.9998  
   1295.6700     0.9494     0.9998  
   1295.6800     0.9815     0.9998  
   1295.6900     0.9198     0.9998  
   1295.7000     1.0477     0.9998  
   1295.7100     0.9896     0.9998  
   1295.7200     0.9400     0.9998  
   1295.7300     1.0230     0.9998  
   1295.7400     1.1608     0.9998  
   1295.7500     1.0898     0.9998  
   1295.7600     0.8996     0.9998  
   1295.7700     0.9834     0.9998  
   1295.7800     0.9907     0.9998  
   1295.7900     0.9875     0.9997  
   1295.8000     1.1135     0.9997  
   1295.8100     1.0943     0.9997  
   1295.8200     1.0287     0.9997  
   1295.8300     0.9351     0.9997  
   1295.8400     1.0180     0.9997  
   1295.8500     0.9624     0.9997  
   1295.8600     0.9607     0.9997  
   1295.8700     0.9623     0.9997  
   1295.8800     1.0469     0.9997  
   1295.8900     1.0142     0.9997  
   1295.9000     1.0180     0.9997  
   1295.9100     0.8616     0.9997  
   1295.9200     0.9431     0.9997  
   1295.9300     1.0508     0.9997  
   1295.9400     1.0271     0.9997  
   1295.9500     1.0032     0.9997  
   1295.9600     0.9943     0.9997  
   1295.9700     1.0716     0.9997  
   1295.9800     1.0571     0.9997  
   1295.9900     1.0199     0.9997  
   1296.0000     1.0840     0.9997  
   1296.0100     1.0245     0.9997  
   1296.0200     1.0552     0.9997  
   1296.0300     0.9470     0.9997  
   1296.0400     1.0659     0.9996  
   1296.0500     1.1161     0.9996  
   1296.0600     1.0304     0.9996  
   1296.0700     0.9933     0.9996  
   1296.0800     1.0383     0.9996  
   1296.0900     1.0285     0.9996  
   1296.1000     0.9758     0.9996  
   1296.1100     0.9694     0.9996  
   1296.1200     0.9201     0.9996  
   1296.1300     0.8631     0.9996  
   1296.1400     0.8909     0.9995  
   1296.1500     0.9892     0.9995  
   1296.1600     0.9251     0.9995  
   1296.1700     0.9640     0.9995  
   1296.1800     1.0155     0.9995  
   1296.1900     0.9868     0.9995  
   1296.2000     0.9178     0.9994  
   1296.2100     0.9676     0.9994  
   1296.2200     0.9840     0.9994  
   1296.2300     0.9215     0.9993  
   1296.2400     0.9142     0.9993  
   1296.2500     0.9226     0.9993  
   1296.2600     0.9398     0.9992  
   1296.2700     0.9569     0.9992  
   1296.2800     0.9769     0.9992  
   1296.2900     0.9794     0.9991  
   1296.3000     0.9590     0.9990  
   1296.3100     1.0140     0.9990  
   1296.3200     1.0795     0.9989  
   1296.3300     1.0375     0.9988  
   1296.3400     0.9850     0.9987  
   1296.3500     0.9519     0.9986  
   1296.3600     0.9424     0.9984  
   1296.3700     0.9358     0.9981  
   1296.3800     0.9256     0.9977  
   1296.3900     0.9957     0.9971  
   1296.4000     0.9817     0.9961  
   1296.4100     0.9929     0.9945  
   1296.4200     0.9354     0.9919  
   1296.4300     0.8682     0.9880  
   1296.4400     0.9002     0.9824  
   1296.4500     0.9748     0.9749  
   1296.4600     0.9256     0.9657  
   1296.4700     0.9635     0.9549  
   1296.4800     1.0491     0.9433  
   1296.4900     1.0428     0.9316  
   1296.5000     1.0339     0.9206  
   1296.5100     0.9736     0.9109  
   1296.5200     0.9728     0.9029  
   1296.5300     0.9602     0.8968  
   1296.5400     0.9317     0.8926  
   1296.5500     1.0127     0.8899  
   1296.5600     1.0318     0.8883  
   1296.5700     1.0535     0.8873  
   1296.5800     1.0679     0.8863  
   1296.5900     1.0669     0.8850  
   1296.6000     1.0328     0.8830  
   1296.6100     0.9529     0.8805  
   1296.6200     0.9005     0.8774  
   1296.6300     0.8881     0.8743  
   1296.6400     0.9021     0.8714  
   1296.6500     0.9780     0.8694  
   1296.6600     0.9135     0.8686  
   1296.6700     0.7747     0.8692  
   1296.6800     0.7699     0.8712  
   1296.6900     0.7776     0.8742  
   1296.7000     0.7890     0.8776  
   1296.7100     0.8187     0.8805  
   1296.7200     0.8223     0.8824  
   1296.7300     0.7694     0.8825  
   1296.7400     0.7028     0.8810  
   1296.7500     0.6895     0.8782  
   1296.7600     0.7336     0.8749  
   1296.7700     0.7388     0.8717  
   1296.7800     0.7634     0.8695  
   1296.7900     0.7816     0.8686  
   1296.8000     0.7918     0.8691  
   1296.8100     0.8360     0.8709  
   1296.8200     0.8697     0.8737  
   1296.8300     0.8779     0.8768  
   1296.8400     0.8785     0.8799  
   1296.8500     0.9286     0.8825  
   1296.8600     0.9220     0.8846  
   1296.8700     0.8503     0.8861  
   1296.8800     0.9446     0.8871  
   1296.8900     1.0047     0.8881  
   1296.9000     0.9965     0.8895  
   1296.9100     0.9545     0.8919  
   1296.9200     0.8737     0.8958  
   1296.9300     0.9514     0.9015  
   1296.9400     1.0283     0.9091  
   1296.9500     1.0424     0.9185  
   1296.9600     1.0585     0.9293  
   1296.9700     1.0187     0.9409  
   1296.9800     1.0218     0.9526  
   1296.9900     0.9910     0.9636  
   1297.0000     0.9341     0.9732  
   1297.0100     0.9549     0.9810  
   1297.0200     1.0004     0.9870  
   1297.0300     1.0223     0.9912  
   1297.0400     1.0083     0.9940  
   1297.0500     1.0012     0.9958  
   1297.0600     1.0085     0.9969  
   1297.0700     0.9378     0.9976  
   1297.0800     1.0685     0.9980  
   1297.0900     1.0690     0.9983  
   1297.1000     0.9997     0.9985  
   1297.1100     1.0029     0.9986  
   1297.1200     0.9775     0.9987  
   1297.1300     1.0129     0.9988  
   1297.1400     1.0151     0.9989  
   1297.1500     1.0354     0.9990  
   1297.1600     1.0432     0.9990  
   1297.1700     1.0162     0.9991  
   1297.1800     1.0695     0.9991  
   1297.1900     1.1499     0.9992  
   1297.2000     1.0944     0.9992  
   1297.2100     1.0196     0.9992  
   1297.2200     1.0531     0.9993  
   1297.2300     0.9722     0.9993  
   1297.2400     0.9237     0.9993  
   1297.2500     1.0125     0.9994  
   1297.2600     1.0487     0.9994  
   1297.2700     0.9638     0.9994  
   1297.2800     0.9388     0.9994  
   1297.2900     0.9821     0.9994  
   1297.3000     1.0095     0.9994  
   1297.3100     0.9871     0.9995  
   1297.3200     0.9343     0.9995  
   1297.3300     0.9958     0.9995  
   1297.3400     1.0733     0.9995  
   1297.3500     1.0708     0.9995  
   1297.3600     0.9540     0.9995  
   1297.3700     1.0332     0.9995  
   1297.3800     1.0447     0.9995  
   1297.3900     1.0368     0.9995  
   1297.4000     1.0308     0.9995  
   1297.4100     1.0003     0.9995  
   1297.4200     1.0135     0.9995  
   1297.4300     1.0413     0.9996  
   1297.4400     1.0359     0.9996  
   1297.4500     1.0285     0.9996  
   1297.4600     1.0258     0.9996  
   1297.4700     1.0499     0.9996  
   1297.4800     1.0291     0.9996  
   1297.4900     1.0373     0.9996  
   1297.5000     0.9528     0.9996  
   1297.5100     0.9618     0.9996  
   1297.5200     0.9382     0.9996  
   1297.5300     0.9826     0.9996  
   1297.5400     0.9665     0.9996  
   1297.5500     1.0016     0.9996  
   1297.5600     1.0203     0.9996  
   1297.5700     1.0310     0.9996  
   1297.5800     1.0230     0.9996  
   1297.5900     1.0193     0.9996  
   1297.6000     0.8712     0.9996  
   1297.6100     0.9222     0.9996  
   1297.6200     0.9491     0.9996  
   1297.6300     0.9510     0.9996  
   1297.6400     1.0137     0.9996  
   1297.6500     0.9953     0.9996  
   1297.6600     1.0143     0.9996  
   1297.6700     1.0477     0.9996  
   1297.6800     1.0582     0.9996  
   1297.6900     1.0069     0.9996  
   1297.7000     1.0329     0.9996  
   1297.7100     1.0509     0.9996  
   1297.7200     1.0196     0.9996  
   1297.7300     0.9608     0.9996  
   1297.7400     1.0442     0.9996  
   1297.7500     0.9829     0.9996  
   1297.7600     1.0366     0.9996  
   1297.7700     1.0937     0.9995  
   1297.7800     1.0099     0.9995  
   1297.7900     1.0932     0.9995  
   1297.8000     1.0857     0.9995  
   1297.8100     1.0924     0.9995  
   1297.8200     1.0512     0.9995  
   1297.8300     1.0091     0.9995  
   1297.8400     1.0596     0.9995  
   1297.8500     0.9503     0.9995  
   1297.8600     0.9661     0.9995  
   1297.8700     0.9338     0.9995  
   1297.8800     0.9840     0.9995  
   1297.8900     1.0034     0.9995  
   1297.9000     1.0569     0.9995  
   1297.9100     1.0288     0.9995  
   1297.9200     1.0265     0.9995  
   1297.9300     0.9551     0.9994  
   1297.9400     0.9853     0.9994  
   1297.9500     1.0501     0.9994  
   1297.9600     0.9479     0.9994  
   1297.9700     0.9242     0.9994  
   1297.9800     0.9706     0.9994  
   1297.9900     0.9303     0.9994  
   1298.0000     1.0107     0.9994  
   1298.0100     0.9748     0.9994  
   1298.0200     0.9362     0.9994  
   1298.0300     1.0736     0.9993  
   1298.0400     1.0405     0.9993  
   1298.0500     0.9972     0.9993  
   1298.0600     1.0578     0.9993  
   1298.0700     0.9594     0.9993  
   1298.0800     0.9809     0.9993  
   1298.0900     0.9837     0.9993  
   1298.1000     1.0573     0.9992  
   1298.1100     1.0726     0.9992  
   1298.1200     0.9289     0.9992  
   1298.1300     1.0157     0.9992  
   1298.1400     1.0997     0.9992  
   1298.1500     1.0389     0.9991  
   1298.1600     0.9961     0.9991  
   1298.1700     0.9726     0.9991  
   1298.1800     0.9106     0.9991  
   1298.1900     0.9555     0.9991  
   1298.2000     1.0389     0.9990  
   1298.2100     0.9364     0.9990  
   1298.2200     1.0180     0.9990  
   1298.2300     1.0975     0.9989  
   1298.2400     1.0214     0.9989  
   1298.2500     0.9858     0.9989  
   1298.2600     0.9073     0.9988  
   1298.2700     0.9152     0.9988  
   1298.2800     0.9823     0.9988  
   1298.2900     1.0027     0.9987  
   1298.3000     1.0844     0.9987  
   1298.3100     0.9460     0.9986  
   1298.3200     0.9883     0.9986  
   1298.3300     1.0805     0.9985  
   1298.3400     0.9637     0.9984  
   1298.3500     1.0145     0.9984  
   1298.3600     1.0726     0.9983  
   1298.3700     1.0004     0.9982  
   1298.3800     0.9413     0.9982  
   1298.3900     0.9321     0.9981  
   1298.4000     1.0537     0.9980  
   1298.4100     1.1445     0.9979  
   1298.4200     0.9939     0.9978  
   1298.4300     1.0113     0.9977  
   1298.4400     0.9426     0.9975  
   1298.4500     1.0561     0.9974  
   1298.4600     0.9142     0.9972  
   1298.4700     1.0225     0.9971  
   1298.4800     1.0357     0.9969  
   1298.4900     1.0765     0.9967  
   1298.5000     1.0146     0.9964  
   1298.5100     1.0833     0.9961  
   1298.5200     1.0840     0.9958  
   1298.5300     0.9286     0.9954  
   1298.5400     1.0240     0.9949  
   1298.5500     1.0499     0.9942  
   1298.5600     1.0283     0.9932  
   1298.5700     1.0314     0.9918  
   1298.5800     1.0367     0.9896  
   1298.5900     1.0077     0.9864  
   1298.6000     0.9361     0.9817  
   1298.6100     0.9998     0.9752  
   1298.6200     0.9016     0.9667  
   1298.6300     0.9804     0.9560  
   1298.6400     0.9024     0.9432  
   1298.6500     0.8934     0.9284  
   1298.6600     0.8978     0.9120  
   1298.6700     1.0179     0.8942  
   1298.6800     0.8653     0.8755  
   1298.6900     0.9969     0.8565  
   1298.7000     1.0215     0.8379  
   1298.7100     0.9008     0.8202  
   1298.7200     0.8728     0.8041  
   1298.7300     1.1061     0.7898  
   1298.7400     0.9832     0.7776  
   1298.7500     0.8650     0.7673  
   1298.7600     0.8928     0.7588  
   1298.7700     0.9242     0.7516  
   1298.7800     0.8406     0.7453  
   1298.7900     0.8976     0.7397  
   1298.8000     0.9030     0.7345  
   1298.8100     0.9608     0.7296  
   1298.8200     0.8036     0.7250  
   1298.8300     0.7877     0.7208  
   1298.8400     0.8196     0.7171  
   1298.8500     0.7380     0.7141  
   1298.8600     0.7319     0.7117  
   1298.8700     0.6669     0.7098  
   1298.8800     0.5279     0.7083  
   1298.8900     0.5260     0.7071  
   1298.9000     0.5695     0.7061  
   1298.9100     0.4816     0.7054  
   1298.9200     0.5192     0.7049  
   1298.9300     0.5161     0.7045  
   1298.9400     0.5153     0.7041  
   1298.9500     0.4724     0.7035  
   1298.9600     0.4350     0.7030  
   1298.9700     0.5123     0.7027  
   1298.9800     0.5755     0.7031  
   1298.9900     0.5921     0.7044  
   1299.0000     0.6812     0.7068  
   1299.0100     0.6521     0.7104  
   1299.0200     0.7445     0.7149  
   1299.0300     0.7738     0.7200  
   1299.0400     0.8156     0.7253  
   1299.0500     0.8705     0.7307  
   1299.0600     0.8774     0.7360  
   1299.0700     0.9680     0.7415  
   1299.0800     0.8498     0.7472  
   1299.0900     0.9078     0.7537  
   1299.1000     0.9494     0.7613  
   1299.1100     0.8729     0.7704  
   1299.1200     0.9348     0.7813  
   1299.1300     1.0506     0.7943  
   1299.1400     0.9623     0.8094  
   1299.1500     0.8086     0.8262  
   1299.1600     0.9021     0.8443  
   1299.1700     0.8850     0.8633  
   1299.1800     1.0230     0.8826  
   1299.1900     1.0242     0.9014  
   1299.2000     0.9942     0.9193  
   1299.2100     0.9214     0.9356  
   1299.2200     0.9540     0.9498  
   1299.2300     1.0214     0.9617  
   1299.2400     0.8833     0.9711  
   1299.2500     0.9403     0.9783  
   1299.2600     0.9838     0.9835  
   1299.2700     0.9294     0.9872  
   1299.2800     0.9191     0.9897  
   1299.2900     0.9483     0.9915  
   1299.3000     0.9765     0.9927  
   1299.3100     1.0110     0.9936  
   1299.3200     0.9071     0.9943  
   1299.3300     0.8956     0.9949  
   1299.3400     0.9755     0.9953  
   1299.3500     0.9308     0.9957  
   1299.3600     0.9784     0.9961  
   1299.3700     0.9671     0.9963  
   1299.3800     0.9001     0.9966  
   1299.3900     0.9378     0.9968  
   1299.4000     1.0045     0.9970  
   1299.4100     0.9836     0.9972  
   1299.4200     1.0366     0.9973  
   1299.4300     0.9884     0.9975  
   1299.4400     0.9979     0.9976  
   1299.4500     1.0659     0.9977  
   1299.4600     0.9775     0.9979  
   1299.4700     0.9106     0.9980  
   1299.4800     1.0032     0.9980  
   1299.4900     1.0115     0.9981  
   1299.5000     1.0509     0.9982  
   1299.5100     1.0381     0.9983  
   1299.5200     1.0664     0.9984  
   1299.5300     1.0518     0.9984  
   1299.5400     1.0216     0.9985  
   1299.5500     1.0270     0.9985  
   1299.5600     0.9713     0.9986  
   1299.5700     1.1008     0.9986  
   1299.5800     0.9177     0.9987  
   1299.5900     1.0193     0.9987  
   1299.6000     1.0470     0.9988  
   1299.6100     1.0577     0.9988  
   1299.6200     1.0673     0.9989  
   1299.6300     1.0097     0.9989  
   1299.6400     0.9529     0.9989  
   1299.6500     0.9188     0.9990  
   1299.6600     0.9331     0.9990  
   1299.6700     0.9839     0.9990  
   1299.6800     0.9788     0.9990  
   1299.6900     1.0037     0.9991  
   1299.7000     1.0306     0.9991  
   1299.7100     1.0687     0.9991  
   1299.7200     1.0321     0.9991  
   1299.7300     1.0492     0.9992  
   1299.7400     0.9695     0.9992  
   1299.7500     0.9470     0.9992  
   1299.7600     0.8863     0.9992  
   1299.7700     0.9250     0.9992  
   1299.7800     0.9837     0.9993  
   1299.7900     1.0775     0.9993  
   1299.8000     0.9518     0.9993  
   1299.8100     0.9481     0.9993  
   1299.8200     1.0001     0.9993  
   1299.8300     1.0082     0.9993  
   1299.8400     1.0592     0.9993  
   1299.8500     1.0292     0.9994  
   1299.8600     1.0114     0.9994  
   1299.8700     1.0754     0.9994  
   1299.8800     1.0460     0.9994  
   1299.8900     0.9934     0.9994  
   1299.9000     1.0340     0.9994  
   1299.9100     1.1215     0.9994  
   1299.9200     0.9646     0.9994  
   1299.9300     0.9205     0.9994  
   1299.9400     0.9119     0.9994  
   1299.9500     0.9060     0.9995  
   1299.9600     0.9610     0.9995  
   1299.9700     1.0175     0.9995  
   1299.9800     1.0134     0.9995  
   1299.9900     1.0321     0.9995  
   1300.0000     1.0293     0.9995  
   1300.0100     0.9570     0.9995  
   1300.0200     0.8724     0.9995  
   1300.0300     0.9730     0.9995  
   1300.0400     0.9831     0.9995  
   1300.0500     0.9750     0.9995  
   1300.0600     0.9914     0.9995  
   1300.0700     1.0411     0.9995  
   1300.0800     1.0416     0.9995  
   1300.0900     1.0440     0.9995  
   1300.1000     1.0033     0.9995  
   1300.1100     0.9967     0.9995  
   1300.1200     0.9542     0.9996  
   1300.1300     1.0085     0.9996  
   1300.1400     0.9547     0.9996  
   1300.1500     1.0197     0.9996  
   1300.1600     1.0892     0.9996  
   1300.1700     1.0814     0.9996  
   1300.1800     1.0002     0.9996  
   1300.1900     0.9294     0.9996  
   1300.2000     1.0235     0.9996  
   1300.2100     0.9878     0.9996  
   1300.2200     1.0487     0.9996  
   1300.2300     1.0707     0.9996  
   1300.2400     1.0394     0.9996  
   1300.2500     1.0115     0.9996  
   1300.2600     0.9558     0.9996  
   1300.2700     0.9447     0.9996  
   1300.2800     1.0459     0.9996  
   1300.2900     1.0360     0.9996  
   1300.3000     0.9652     0.9996  
   1300.3100     0.9618     0.9996  
   1300.3200     0.9263     0.9996  
   1300.3300     0.9839     0.9996  
   1300.3400     1.0431     0.9996  
   1300.3500     1.0222     0.9996  
   1300.3600     0.9531     0.9996  
   1300.3700     0.9170     0.9996  
   1300.3800     1.0166     0.9996  
   1300.3900     1.0425     0.9996  
   1300.4000     1.0193     0.9996  
   1300.4100     1.0619     0.9996  
   1300.4200     0.9620     0.9996  
   1300.4300     0.9814     0.9995  
   1300.4400     1.0426     0.9995  
   1300.4500     0.9994     0.9995  
   1300.4600     0.9416     0.9995  
   1300.4700     0.9778     0.9995  
   1300.4800     1.1374     0.9995  
   1300.4900     1.0913     0.9995  
   1300.5000     0.9836     0.9995  
   1300.5100     0.9487     0.9995  
   1300.5200     0.9433     0.9995  
   1300.5300     0.9356     0.9995  
   1300.5400     0.9325     0.9995  
   1300.5500     0.9954     0.9994  
   1300.5600     1.0116     0.9994  
   1300.5700     1.0221     0.9994  
   1300.5800     1.0178     0.9994  
   1300.5900     1.0052     0.9994  
   1300.6000     0.9715     0.9994  
   1300.6100     0.8871     0.9993  
   1300.6200     0.9170     0.9993  
   1300.6300     0.9770     0.9993  
   1300.6400     0.9877     0.9993  
   1300.6500     0.9990     0.9993  
   1300.6600     1.0231     0.9992  
   1300.6700     0.9808     0.9992  
   1300.6800     1.0047     0.9992  
   1300.6900     1.0613     0.9991  
   1300.7000     1.0299     0.9991  
   1300.7100     1.0236     0.9990  
   1300.7200     1.0358     0.9990  
   1300.7300     0.9557     0.9989  
   1300.7400     0.9258     0.9988  
   1300.7500     0.9528     0.9987  
   1300.7600     0.9704     0.9986  
   1300.7700     0.9183     0.9985  
   1300.7800     0.9006     0.9983  
   1300.7900     1.0116     0.9981  
   1300.8000     1.0655     0.9977  
   1300.8100     1.0064     0.9972  
   1300.8200     0.9296     0.9963  
   1300.8300     0.9235     0.9948  
   1300.8400     0.9479     0.9924  
   1300.8500     0.9585     0.9887  
   1300.8600     0.9673     0.9834  
   1300.8700     1.0038     0.9763  
   1300.8800     1.0024     0.9673  
   1300.8900     0.9485     0.9569  
   1300.9000     1.0230     0.9454  
   1300.9100     1.0160     0.9337  
   1300.9200     0.9858     0.9225  
   1300.9300     1.0589     0.9125  
   1300.9400     1.1080     0.9042  
   1300.9500     1.0548     0.8978  
   1300.9600     1.0017     0.8933  
   1300.9700     0.9482     0.8903  
   1300.9800     1.0278     0.8886  
   1300.9900     1.0285     0.8876  
   1301.0000     0.9712     0.8867  
   1301.0100     0.9386     0.8856  
   1301.0200     0.9047     0.8840  
   1301.0300     0.9311     0.8816  
   1301.0400     0.9759     0.8788  
   1301.0500     1.0027     0.8757  
   1301.0600     0.9614     0.8727  
   1301.0700     0.8827     0.8704  
   1301.0800     0.8956     0.8692  
   1301.0900     0.9250     0.8694  
   1301.1000     0.8806     0.8710  
   1301.1100     0.8231     0.8738  
   1301.1200     0.7328     0.8771  
   1301.1300     0.7947     0.8803  
   1301.1400     0.7502     0.8825  
   1301.1500     0.6971     0.8832  
   1301.1600     0.7574     0.8822  
   1301.1700     0.7398     0.8797  
   1301.1800     0.6886     0.8764  
   1301.1900     0.7538     0.8731  
   1301.2000     0.7728     0.8706  
   1301.2100     0.8007     0.8692  
   1301.2200     0.8312     0.8694  
   1301.2300     0.8014     0.8708  
   1301.2400     0.8468     0.8733  
   1301.2500     0.8315     0.8763  
   1301.2600     0.8975     0.8794  
   1301.2700     0.8923     0.8822  
   1301.2800     0.9323     0.8844  
   1301.2900     0.9380     0.8859  
   1301.3000     0.9348     0.8870  
   1301.3100     0.9893     0.8878  
   1301.3200     1.0423     0.8889  
   1301.3300     1.0277     0.8909  
   1301.3400     1.0192     0.8941  
   1301.3500     1.0701     0.8990  
   1301.3600     1.0034     0.9057  
   1301.3700     0.9027     0.9144  
   1301.3800     0.9862     0.9247  
   1301.3900     0.9916     0.9361  
   1301.4000     1.0464     0.9478  
   1301.4100     1.0128     0.9591  
   1301.4200     1.0569     0.9693  
   1301.4300     1.0084     0.9779  
   1301.4400     1.0296     0.9847  
   1301.4500     0.9634     0.9896  
   1301.4600     1.0174     0.9930  
   1301.4700     0.9952     0.9952  
   1301.4800     0.9935     0.9966  
   1301.4900     1.0219     0.9974  
   1301.5000     1.0002     0.9979  
   1301.5100     0.9181     0.9982  
   1301.5200     1.0395     0.9984  
   1301.5300     1.0535     0.9986  
   1301.5400     0.9632     0.9987  
   1301.5500     1.0448     0.9988  
   1301.5600     1.0813     0.9989  
   1301.5700     1.0286     0.9990  
   1301.5800     1.0496     0.9991  
   1301.5900     1.0436     0.9991  
   1301.6000     0.9403     0.9992  
   1301.6100     1.0007     0.9992  
   1301.6200     1.0189     0.9993  
   1301.6300     1.0513     0.9993  
   1301.6400     1.0401     0.9993  
   1301.6500     1.0794     0.9994  
   1301.6600     1.0049     0.9994  
   1301.6700     1.1665     0.9994  
   1301.6800     1.1405     0.9994  
   1301.6900     1.0731     0.9994  
   1301.7000     1.0575     0.9995  
   1301.7100     1.0742     0.9995  
   1301.7200     1.0926     0.9995  
   1301.7300     0.9009     0.9995  
   1301.7400     0.9982     0.9995  
   1301.7500     1.0126     0.9995  
   1301.7600     0.9980     0.9996  
   1301.7700     0.9956     0.9996  
   1301.7800     1.0029     0.9996  
   1301.7900     1.0695     0.9996  
   1301.8000     0.9996     0.9996  
   1301.8100     1.0409     0.9996  
   1301.8200     1.0709     0.9996  
   1301.8300     1.0525     0.9996  
   1301.8400     0.9711     0.9996  
   1301.8500     1.0636     0.9997  
   1301.8600     1.0759     0.9997  
   1301.8700     0.9372     0.9997  
   1301.8800     1.0433     0.9997  
   1301.8900     1.0024     0.9997  
   1301.9000     0.9804     0.9997  
   1301.9100     1.0237     0.9997  
   1301.9200     1.0424     0.9997  
   1301.9300     1.0404     0.9997  
   1301.9400     1.0741     0.9997  
   1301.9500     0.9878     0.9997  
   1301.9600     1.0164     0.9997  
   1301.9700     0.9267     0.9997  
   1301.9800     1.0670     0.9997  
   1301.9900     1.0920     0.9997  
   1302.0000     1.0926     0.9997  
   1302.0100     0.9761     0.9997  
   1302.0200     1.1522     0.9997  
   1302.0300     0.9649     0.9997  
   1302.0400     1.0493     0.9997  
   1302.0500     1.1211     0.9997  
   1302.0600     1.0174     0.9997  
   1302.0700     1.1081     0.9997  
   1302.0800     1.0398     0.9997  
   1302.0900     0.9838     0.9997  
   1302.1000     1.1389     0.9997  
   1302.1100     1.0942     0.9997  
   1302.1200     1.1368     0.9998  
   1302.1300     0.9962     0.9998  
   1302.1400     0.9918     0.9998  
   1302.1500     1.1221     0.9998  
   1302.1600     1.0919     0.9998  
   1302.1700     1.0766     0.9998  
   1302.1800     1.0185     0.9998  
   1302.1900     1.0965     0.9998  
   1302.2000     1.0158     0.9998  
   1302.2100     1.0060     0.9998  
   1302.2200     1.0927     0.9998  
   1302.2300     1.1185     0.9998  
   1302.2400     1.0117     0.9998  
   1302.2500     0.9893     0.9998  
   1302.2600     0.9592     0.9998  
   1302.2700     0.9830     0.9998  
   1302.2800     0.9841     0.9998  
   1302.2900     0.7901     0.9998  
   1302.3000     0.8252     0.9998  
   1302.3100     0.8818     0.9998  
   1302.3200     0.6328     0.9998  
   1302.3300     0.6083     0.9998  
   1302.3400     0.5822     0.9997  
   1302.3500     0.5773     0.9997  
   1302.3600     0.4612     0.9997  
   1302.3700     0.4461     0.9997  
   1302.3800     0.3854     0.9997  
   1302.3900     0.3543     0.9997  
   1302.4000     0.3627     0.9997  
   1302.4100     0.3585     0.9997  
   1302.4200     0.3060     0.9997  
   1302.4300     0.3935     0.9997  
   1302.4400     0.4069     0.9997  
   1302.4500     0.4594     0.9997  
   1302.4600     0.4765     0.9997  
   1302.4700     0.4524     0.9997  
   1302.4800     0.6038     0.9997  
   1302.4900     0.6097     0.9997  
   1302.5000     0.6919     0.9997  
   1302.5100     0.7153     0.9997  
   1302.5200     0.6157     0.9997  
   1302.5300     0.7331     0.9997  
   1302.5400     0.9492     0.9997  
   1302.5500     0.7904     0.9997  
   1302.5600     0.7373     0.9997  
   1302.5700     0.7904     0.9997  
   1302.5800     0.8463     0.9997  
   1302.5900     0.7839     0.9997  
   1302.6000     0.8819     0.9996  
   1302.6100     0.9150     0.9996  
   1302.6200     0.8374     0.9996  
   1302.6300     0.9366     0.9996  
   1302.6400     1.0041     0.9996  
   1302.6500     1.0285     0.9996  
   1302.6600     1.0839     0.9996  
   1302.6700     1.0558     0.9996  
   1302.6800     1.1212     0.9996  
   1302.6900     1.1203     0.9996  
   1302.7000     1.1072     0.9995  
   1302.7100     1.0904     0.9995  
   1302.7200     1.0391     0.9995  
   1302.7300     1.1035     0.9995  
   1302.7400     1.1535     0.9995  
   1302.7500     1.2058     0.9995  
   1302.7600     1.1280     0.9994  
   1302.7700     1.1368     0.9994  
   1302.7800     1.0310     0.9994  
   1302.7900     1.0450     0.9994  
   1302.8000     1.0648     0.9993  
   1302.8100     1.0666     0.9993  
   1302.8200     1.0922     0.9993  
   1302.8300     1.1624     0.9992  
   1302.8400     1.0763     0.9992  
   1302.8500     1.1587     0.9992  
   1302.8600     1.0952     0.9991  
   1302.8700     1.0357     0.9991  
   1302.8800     1.1084     0.9990  
   1302.8900     1.1073     0.9989  
   1302.9000     1.1254     0.9989  
   1302.9100     1.1010     0.9988  
   1302.9200     1.0084     0.9987  
   1302.9300     1.1210     0.9985  
   1302.9400     1.1086     0.9984  
   1302.9500     1.0691     0.9982  
   1302.9600     1.0230     0.9979  
   1302.9700     1.0790     0.9976  
   1302.9800     1.0546     0.9970  
   1302.9900     1.0422     0.9962  
   1303.0000     1.0238     0.9947  
   1303.0100     0.9896     0.9924  
   1303.0200     1.1182     0.9889  
   1303.0300     1.0977     0.9838  
   1303.0400     1.1153     0.9768  
   1303.0500     1.1635     0.9679  
   1303.0600     1.1309     0.9573  
   1303.0700     1.0514     0.9454  
   1303.0800     1.0939     0.9329  
   1303.0900     1.1133     0.9207  
   1303.1000     1.0573     0.9095  
   1303.1100     1.0164     0.8999  
   1303.1200     1.0819     0.8922  
   1303.1300     1.0470     0.8866  
   1303.1400     0.9994     0.8827  
   1303.1500     0.9851     0.8804  
   1303.1600     1.0159     0.8789  
   1303.1700     1.0061     0.8779  
   1303.1800     0.9535     0.8768  
   1303.1900     1.0534     0.8752  
   1303.2000     1.0268     0.8730  
   1303.2100     1.0180     0.8702  
   1303.2200     0.9317     0.8669  
   1303.2300     0.9504     0.8636  
   1303.2400     0.8935     0.8608  
   1303.2500     0.9138     0.8589  
   1303.2600     0.8324     0.8583  
   1303.2700     0.8086     0.8591  
   1303.2800     0.8118     0.8614  
   1303.2900     0.7045     0.8646  
   1303.3000     0.6708     0.8680  
   1303.3100     0.6684     0.8707  
   1303.3200     0.7942     0.8721  
   1303.3300     0.7584     0.8717  
   1303.3400     0.7303     0.8697  
   1303.3500     0.7974     0.8667  
   1303.3600     0.6687     0.8633  
   1303.3700     0.8076     0.8604  
   1303.3800     0.8207     0.8586  
   1303.3900     0.8437     0.8583  
   1303.4000     0.9074     0.8595  
   1303.4100     0.8549     0.8619  
   1303.4200     0.7791     0.8649  
   1303.4300     0.9537     0.8683  
   1303.4400     0.9764     0.8714  
   1303.4500     0.9289     0.8740  
   1303.4600     0.8946     0.8759  
   1303.4700     0.8982     0.8773  
   1303.4800     0.9847     0.8783  
   1303.4900     0.8756     0.8794  
   1303.5000     0.9000     0.8812  
   1303.5100     0.9953     0.8841  
   1303.5200     1.0137     0.8886  
   1303.5300     0.9199     0.8951  
   1303.5400     0.9189     0.9035  
   1303.5500     1.0392     0.9138  
   1303.5600     1.0543     0.9255  
   1303.5700     0.9647     0.9379  
   1303.5800     0.9345     0.9502  
   1303.5900     1.0269     0.9617  
   1303.6000     0.9426     0.9717  
   1303.6100     0.9585     0.9799  
   1303.6200     0.9894     0.9861  
   1303.6300     1.0128     0.9905  
   1303.6400     1.0381     0.9935  
   1303.6500     1.0440     0.9954  
   1303.6600     0.9931     0.9966  
   1303.6700     1.0710     0.9973  
   1303.6800     1.1328     0.9978  
   1303.6900     1.0993     0.9981  
   1303.7000     1.0581     0.9983  
   1303.7100     0.9452     0.9985  
   1303.7200     0.8843     0.9986  
   1303.7300     0.9389     0.9987  
   1303.7400     1.0060     0.9988  
   1303.7500     1.0338     0.9989  
   1303.7600     0.9811     0.9990  
   1303.7700     0.9759     0.9991  
   1303.7800     1.0022     0.9991  
   1303.7900     1.0167     0.9992  
   1303.8000     0.9088     0.9992  
   1303.8100     1.0537     0.9993  
   1303.8200     1.0955     0.9993  
   1303.8300     1.0267     0.9993  
   1303.8400     0.9600     0.9994  
   1303.8500     0.8146     0.9994  
   1303.8600     0.8991     0.9994  
   1303.8700     0.9905     0.9994  
   1303.8800     0.9550     0.9995  
   1303.8900     1.0056     0.9995  
   1303.9000     1.0569     0.9995  
   1303.9100     1.1138     0.9995  
   1303.9200     1.1173     0.9995  
   1303.9300     0.9994     0.9996  
   1303.9400     0.9821     0.9996  
   1303.9500     1.0420     0.9996  
   1303.9600     1.0261     0.9996  
   1303.9700     1.0559     0.9996  
   1303.9800     1.0097     0.9996  
   1303.9900     1.0072     0.9996  
   1304.0000     1.0088     0.9997  
   1304.0100     0.9392     0.9997  
   1304.0200     0.9977     0.9997  
   1304.0300     1.0489     0.9997  
   1304.0400     1.0445     0.9997  
   1304.0500     0.9749     0.9997  
   1304.0600     0.9501     0.9997  
   1304.0700     0.9964     0.9997  
   1304.0800     1.0282     0.9996  
   1304.0900     1.0633     0.9995  
   1304.1000     0.9599     0.9994  
   1304.1100     0.9256     0.9992  
   1304.1200     0.9267     0.9989  
   1304.1300     0.9366     0.9986  
   1304.1400     0.9789     0.9983  
   1304.1500     0.9728     0.9979  
   1304.1600     1.0228     0.9976  
   1304.1700     1.0286     0.9973  
   1304.1800     0.9733     0.9970  
   1304.1900     1.0340     0.9968  
   1304.2000     1.0756     0.9966  
   1304.2100     1.0627     0.9965  
   1304.2200     1.0449     0.9964  
   1304.2300     1.0274     0.9964  
   1304.2400     1.0097     0.9964  
   1304.2500     0.9922     0.9965  
   1304.2600     0.9811     0.9966  
   1304.2700     1.0009     0.9968  
   1304.2800     1.0628     0.9970  
   1304.2900     1.1044     0.9971  
   1304.3000     1.0820     0.9972  
   1304.3100     0.9862     0.9973  
   1304.3200     0.9603     0.9973  
   1304.3300     0.9669     0.9973  
   1304.3400     0.9603     0.9974  
   1304.3500     0.9995     0.9974  
   1304.3600     0.9937     0.9974  
   1304.3700     0.9306     0.9974  
   1304.3800     0.9006     0.9974  
   1304.3900     0.9672     0.9974  
   1304.4000     0.9483     0.9974  
   1304.4100     0.8937     0.9974  
   1304.4200     0.8692     0.9973  
   1304.4300     0.9096     0.9973  
   1304.4400     0.8580     0.9972  
   1304.4500     0.8379     0.9971  
   1304.4600     0.8886     0.9970  
   1304.4700     0.8896     0.9968  
   1304.4800     0.9303     0.9967  
   1304.4900     0.9054     0.9966  
   1304.5000     0.7935     0.9965  
   1304.5100     0.7941     0.9965  
   1304.5200     0.7189     0.9965  
   1304.5300     0.6495     0.9966  
   1304.5400     0.6040     0.9967  
   1304.5500     0.5361     0.9969  
   1304.5600     0.5193     0.9971  
   1304.5700     0.5065     0.9974  
   1304.5800     0.4587     0.9977  
   1304.5900     0.4312     0.9980  
   1304.6000     0.3949     0.9984  
   1304.6100     0.3539     0.9988  
   1304.6200     0.3536     0.9991  
   1304.6300     0.3871     0.9994  
   1304.6400     0.4947     0.9996  
   1304.6500     0.4511     0.9997  
   1304.6600     0.5161     0.9998  
   1304.6700     0.6540     0.9998  
   1304.6800     0.6599     0.9999  
   1304.6900     0.7563     0.9999  
   1304.7000     0.7844     0.9999  
   1304.7100     0.8392     0.9999  
   1304.7200     0.8075     0.9999  
   1304.7300     0.8125     0.9999  
   1304.7400     0.8650     0.9999  
   1304.7500     0.8738     0.9999  
   1304.7600     0.7997     0.9999  
   1304.7700     0.8193     0.9999  
   1304.7800     0.9334     0.9999  
   1304.7900     0.9554     0.9999  
   1304.8000     0.9910     0.9999  
   1304.8100     1.0320     0.9999  
   1304.8200     1.0713     0.9999  
   1304.8300     1.0683     0.9999  
   1304.8400     1.1296     0.9999  
   1304.8500     1.1504     0.9999  
   1304.8600     1.0919     0.9999  
   1304.8700     1.1307     0.9999  
   1304.8800     1.1282     0.9999  
   1304.8900     1.0841     0.9999  
   1304.9000     1.1064     0.9999  
   1304.9100     1.0526     0.9999  
   1304.9200     1.1105     0.9999  
   1304.9300     1.0829     0.9999  
   1304.9400     1.1212     0.9999  
   1304.9500     1.1699     0.9999  
   1304.9600     1.2193     0.9999  
   1304.9700     1.1291     0.9999  
   1304.9800     1.1623     0.9999  
   1304.9900     1.1776     0.9999  
   1305.0000     1.1467     0.9998  
   1305.0100     1.1558     0.9998  
   1305.0200     1.1732     0.9998  
   1305.0300     1.1585     0.9998  
   1305.0400     1.0788     0.9997  
   1305.0500     1.0775     0.9997  
   1305.0600     0.9977     0.9997  
   1305.0700     1.0686     0.9996  
   1305.0800     1.1207     0.9996  
   1305.0900     1.0734     0.9996  
   1305.1000     1.0667     0.9995  
   1305.1100     1.1036     0.9995  
   1305.1200     1.0834     0.9995  
   1305.1300     1.0586     0.9995  
   1305.1400     1.0864     0.9995  
   1305.1500     1.1860     0.9995  
   1305.1600     1.1257     0.9994  
   1305.1700     1.0839     0.9994  
   1305.1800     1.0903     0.9994  
   1305.1900     1.0904     0.9994  
   1305.2000     1.1723     0.9994  
   1305.2100     1.1963     0.9994  
   1305.2200     1.1452     0.9994  
   1305.2300     1.1493     0.9994  
   1305.2400     1.1758     0.9994  
   1305.2500     1.1956     0.9994  
   1305.2600     1.0507     0.9993  
   1305.2700     1.1519     0.9993  
   1305.2800     1.2603     0.9993  
   1305.2900     1.1389     0.9993  
   1305.3000     1.0366     0.9993  
   1305.3100     1.0777     0.9993  
   1305.3200     1.0146     0.9992  
   1305.3300     1.0656     0.9992  
   1305.3400     1.0888     0.9992  
   1305.3500     1.1492     0.9992  
   1305.3600     1.2561     0.9991  
   1305.3700     1.0685     0.9991  
   1305.3800     1.0078     0.9991  
   1305.3900     1.0667     0.9990  
   1305.4000     1.0205     0.9990  
   1305.4100     1.1368     0.9989  
   1305.4200     1.0917     0.9989  
   1305.4300     1.0325     0.9988  
   1305.4400     1.0856     0.9987  
   1305.4500     1.1416     0.9987  
   1305.4600     1.2562     0.9986  
   1305.4700     1.1311     0.9986  
   1305.4800     1.0293     0.9985  
   1305.4900     1.0712     0.9985  
   1305.5000     1.0189     0.9984  
   1305.5100     1.1912     0.9984  
   1305.5200     1.1278     0.9984  
   1305.5300     1.0655     0.9984  
   1305.5400     1.0285     0.9983  
   1305.5500     1.0377     0.9983  
   1305.5600     1.2358     0.9983  
   1305.5700     1.1000     0.9983  
   1305.5800     1.0257     0.9983  
   1305.5900     0.9831     0.9983  
   1305.6000     1.0480     0.9983  
   1305.6100     1.1433     0.9983  
   1305.6200     1.1223     0.9983  
   1305.6300     1.1783     0.9983  
   1305.6400     1.1800     0.9983  
   1305.6500     1.1056     0.9983  
   1305.6600     1.1878     0.9984  
   1305.6700     1.1583     0.9984  
   1305.6800     1.1135     0.9984  
   1305.6900     1.0536     0.9985  
   1305.7000     1.0347     0.9985  
   1305.7100     1.0450     0.9986  
   1305.7200     0.9322     0.9986  
   1305.7300     0.9817     0.9987  
   1305.7400     1.0963     0.9987  
   1305.7500     1.1124     0.9988  
   1305.7600     1.0890     0.9989  
   1305.7700     1.0624     0.9990  
   1305.7800     1.0398     0.9990  
   1305.7900     1.0983     0.9991  
   1305.8000     1.0517     0.9992  
   1305.8100     0.9779     0.9993  
   1305.8200     1.0204     0.9993  
   1305.8300     1.0777     0.9994  
   1305.8400     1.0659     0.9995  
   1305.8500     0.9662     0.9995  
   1305.8600     0.9667     0.9996  
   1305.8700     0.9385     0.9996  
   1305.8800     1.0274     0.9996  
   1305.8900     0.9797     0.9997  
   1305.9000     1.0179     0.9997  
   1305.9100     1.0288     0.9997  
   1305.9200     1.0210     0.9997  
   1305.9300     1.0709     0.9998  
   1305.9400     1.0105     0.9998  
   1305.9500     0.9947     0.9998  
   1305.9600     1.0364     0.9998  
   1305.9700     1.0129     0.9998  
   1305.9800     1.0416     0.9998  
   1305.9900     1.1111     0.9998  
   1306.0000     0.9382     0.9998  
   1306.0100     0.9796     0.9999  
   1306.0200     1.0197     0.9999  
   1306.0300     0.9648     0.9999  
   1306.0400     1.0066     0.9999  
   1306.0500     0.9903     0.9999  
   1306.0600     0.9507     0.9999  
   1306.0700     0.9502     0.9999  
   1306.0800     0.9196     0.9999  
   1306.0900     0.9588     0.9999  
   1306.1000     0.9987     0.9999  
   1306.1100     1.0254     0.9999  
   1306.1200     1.1889     0.9999  
   1306.1300     1.1665     0.9999  
   1306.1400     1.0122     0.9999  
   1306.1500     1.0131     0.9999  
   1306.1600     1.1074     0.9999  
   1306.1700     0.9218     0.9999  
   1306.1800     1.0795     0.9999  
   1306.1900     0.8754     0.9999  
   1306.2000     1.0974     0.9999  
   1306.2100     0.9534     0.9999  
   1306.2200     1.0603     0.9999  
   1306.2300     1.0331     0.9999  
   1306.2400     0.9871     0.9999  
   1306.2500     1.0235     0.9999  
   1306.2600     1.0757     0.9999  
   1306.2700     0.9984     0.9999  
   1306.2800     0.9745     0.9999  
   1306.2900     0.9214     0.9999  
   1306.3000     1.0442     0.9999  
   1306.3100     1.0638     0.9999  
   1306.3200     1.1722     0.9999  
   1306.3300     0.8748     0.9999  
   1306.3400     0.9413     0.9999  
   1306.3500     1.0641     0.9999  
   1306.3600     0.9733     0.9999  
   1306.3700     0.9880     0.9999  
   1306.3800     1.1285     0.9999  
   1306.3900     1.0835     0.9999  
   1306.4000     1.1306     0.9999  
   1306.4100     1.0607     0.9999  
   1306.4200     1.0916     0.9999  
   1306.4300     0.9838     1.0000  
   1306.4400     1.0076     1.0000  
   1306.4500     1.0439     1.0000  
   1306.4600     1.0477     1.0000  
   1306.4700     1.0881     1.0000  
   1306.4800     1.1307     1.0000  
   1306.4900     1.1391     1.0000  
   1306.5000     1.0104     1.0000  
   1306.5100     1.0932     1.0000  
   1306.5200     1.0360     1.0000  
   1306.5300     1.1440     1.0000  
   1306.5400     1.0803     1.0000  
   1306.5500     0.9927     1.0000  
   1306.5600     1.0782     1.0000  
   1306.5700     1.1355     1.0000  
   1306.5800     1.1427     1.0000  
   1306.5900     1.0559     1.0000  
   1306.6000     1.0548     1.0000  
   1306.6100     1.1181     1.0000  
   1306.6200     1.0780     1.0000  
   1306.6300     1.0524     1.0000  
   1306.6400     0.9648     1.0000  
   1306.6500     0.9821     1.0000  
   1306.6600     1.0862     1.0000  
   1306.6700     1.1015     1.0000  
   1306.6800     1.1201     1.0000  
   1306.6900     1.0970     1.0000  
   1306.7000     1.0967     1.0000  
   1306.7100     1.1310     1.0000  
   1306.7200     1.1845     1.0000  
   1306.7300     1.0659     1.0000  
   1306.7400     1.1712     1.0000  
   1306.7500     1.0414     1.0000  
   1306.7600     0.9881     1.0000  
   1306.7700     1.0184     1.0000  
   1306.7800     1.0594     1.0000  
   1306.7900     1.1279     1.0000  
   1306.8000     1.0414     1.0000  
   1306.8100     1.0320     1.0000  
   1306.8200     1.0527     1.0000  
   1306.8300     1.0671     1.0000  
   1306.8400     1.1318     1.0000  
   1306.8500     1.0786     1.0000  
   1306.8600     1.0330     1.0000  
   1306.8700     1.0195     1.0000  
   1306.8800     1.0145     1.0000  
   1306.8900     1.0378     1.0000  
   1306.9000     1.0862     1.0000  
   1306.9100     1.0396     1.0000  
   1306.9200     1.0637     1.0000  
   1306.9300     0.9907     1.0000  
   1306.9400     1.0239     1.0000  
   1306.9500     1.0535     1.0000  
   1306.9600     1.0062     1.0000  
   1306.9700     1.0743     1.0000  
   1306.9800     0.9940     1.0000  
   1306.9900     1.1557     1.0000  
   1307.0000     1.1676     1.0000  
   1307.0100     1.0918     1.0000  
   1307.0200     1.1428     1.0000  
   1307.0300     1.0345     1.0000  
   1307.0400     1.0314     1.0000  
   1307.0500     1.0344     1.0000  
   1307.0600     1.1155     1.0000  
   1307.0700     1.0890     1.0000  
   1307.0800     1.0823     1.0000  
   1307.0900     1.0361     1.0000  
   1307.1000     1.0534     1.0000  
   1307.1100     1.0643     1.0000  
   1307.1200     0.9885     1.0000  
   1307.1300     1.0754     1.0000  
   1307.1400     1.0660     1.0000  
   1307.1500     1.0406     1.0000  
   1307.1600     1.0904     1.0000  
   1307.1700     1.0758     1.0000  
   1307.1800     1.0525     1.0000  
   1307.1900     0.9955     1.0000  
   1307.2000     0.9082     1.0000  
   1307.2100     0.9997     1.0000  
   1307.2200     0.9429     1.0000  
   1307.2300     1.0993     1.0000  
   1307.2400     1.0792     1.0000  
   1307.2500     0.9748     1.0000  
   1307.2600     1.0888     1.0000  
   1307.2700     1.0600     1.0000  
   1307.2800     0.9810     1.0000  
   1307.2900     0.9933     1.0000  
   1307.3000     1.0355     1.0000  
   1307.3100     0.9741     1.0000  
   1307.3200     0.9486     1.0000  
   1307.3300     0.9894     1.0000  
   1307.3400     1.0456     1.0000  
   1307.3500     1.0487     1.0000  
   1307.3600     1.0279     1.0000  
   1307.3700     0.9413     1.0000  
   1307.3800     0.9786     1.0000  
   1307.3900     0.9874     1.0000  
   1307.4000     0.9257     1.0000  
   1307.4100     0.9310     1.0000  
   1307.4200     0.9134     1.0000  
   1307.4300     0.9356     1.0000  
   1307.4400     0.9645     1.0000  
   1307.4500     0.9031     1.0000  
   1307.4600     0.9484     1.0000  
   1307.4700     0.9322     1.0000  
   1307.4800     0.9139     1.0000  
   1307.4900     0.9588     1.0000  
   1307.5000     0.9879     1.0000  
   1307.5100     0.9775     1.0000  
   1307.5200     1.0343     1.0000  
   1307.5300     1.0575     1.0000  
   1307.5400     1.0192     1.0000  
   1307.5500     0.9923     1.0000  
   1307.5600     0.9981     1.0000  
   1307.5700     1.0302     1.0000  
   1307.5800     1.0569     1.0000  
   1307.5900     1.0447     1.0000  
   1307.6000     0.9913     1.0000  
   1307.6100     1.0023     1.0000  
   1307.6200     1.0275     1.0000  
   1307.6300     1.0138     1.0000  
   1307.6400     1.0151     1.0000  
   1307.6500     1.0169     1.0000  
   1307.6600     1.0413     1.0000  
   1307.6700     1.0391     1.0000  
   1307.6800     1.0326     1.0000  
   1307.6900     1.0661     1.0000  
   1307.7000     1.0435     1.0000  
   1307.7100     0.9930     1.0000  
   1307.7200     1.0622     1.0000  
   1307.7300     1.0631     1.0000  
   1307.7400     1.0137     1.0000  
   1307.7500     1.0426     1.0000  
   1307.7600     1.1040     1.0000  
   1307.7700     1.1350     1.0000  
   1307.7800     1.1140     1.0000  
   1307.7900     1.1286     1.0000  
   1307.8000     1.0488     1.0000  
   1307.8100     0.9483     1.0000  
   1307.8200     1.0080     1.0000  
   1307.8300     1.0965     1.0000  
   1307.8400     1.1474     1.0000  
   1307.8500     1.0276     1.0000  
   1307.8600     0.9742     1.0000  
   1307.8700     1.0535     1.0000  
   1307.8800     1.1068     1.0000  
   1307.8900     1.0179     1.0000  
   1307.9000     0.9825     1.0000  
   1307.9100     0.9702     1.0000  
   1307.9200     0.9429     1.0000  
   1307.9300     0.9690     1.0000  
   1307.9400     1.0094     1.0000  
   1307.9500     0.9435     1.0000  
   1307.9600     0.8986     1.0000  
   1307.9700     0.9497     1.0000  
   1307.9800     0.9966     1.0000  
   1307.9900     0.9644     1.0000  
   1308.0000     0.8646     1.0000  
   1308.0100     0.8595     1.0000  
   1308.0200     0.9492     1.0000  
   1308.0300     0.9732     1.0000  
   1308.0400     0.9593     1.0000  
   1308.0500     1.0092     1.0000  
   1308.0600     1.0361     1.0000  
   1308.0700     1.0321     1.0000  
   1308.0800     0.9870     1.0000  
   1308.0900     1.0356     1.0000  
   1308.1000     1.0808     1.0000  
   1308.1100     1.1144     1.0000  
   1308.1200     1.0760     1.0000  
   1308.1300     0.9916     1.0000  
   1308.1400     0.9880     1.0000  
   1308.1500     0.9753     1.0000  
   1308.1600     1.0346     1.0000  
   1308.1700     1.0478     1.0000  
   1308.1800     1.0842     1.0000  
   1308.1900     1.0414     1.0000  
   1308.2000     0.9910     1.0000  
   1308.2100     1.0930     1.0000  
   1308.2200     1.0535     1.0000  
   1308.2300     1.0582     1.0000  
   1308.2400     1.0629     1.0000  
   1308.2500     1.0779     1.0000  
   1308.2600     1.0264     1.0000  
   1308.2700     0.9489     1.0000  
   1308.2800     0.9545     1.0000  
   1308.2900     0.9716     1.0000  
   1308.3000     0.9377     1.0000  
   1308.3100     0.9870     1.0000  
   1308.3200     0.9598     1.0000  
   1308.3300     0.9807     1.0000  
   1308.3400     1.0385     1.0000  
   1308.3500     1.0251     1.0000  
   1308.3600     1.0506     1.0000  
   1308.3700     0.9748     1.0000  
   1308.3800     0.9351     1.0000  
   1308.3900     0.9588     1.0000  
   1308.4000     0.9667     1.0000  
   1308.4100     0.9684     1.0000  
   1308.4200     1.0045     1.0000  
   1308.4300     1.0235     1.0000  
   1308.4400     1.0778     1.0000  
   1308.4500     1.0882     1.0000  
   1308.4600     0.9652     1.0000  
   1308.4700     0.8905     1.0000  
   1308.4800     1.0064     1.0000  
   1308.4900     1.0694     1.0000  
   1308.5000     0.9889     1.0000  
   1308.5100     0.9751     1.0000  
   1308.5200     1.0573     1.0000  
   1308.5300     1.0582     1.0000  
   1308.5400     1.0339     0.9999  
   1308.5500     1.1626     0.9999  
   1308.5600     1.1192     0.9999  
   1308.5700     1.0620     0.9999  
   1308.5800     1.0116     0.9999  
   1308.5900     1.0013     0.9999  
   1308.6000     1.0146     0.9999  
   1308.6100     0.9676     0.9999  
   1308.6200     0.9435     0.9999  
   1308.6300     0.9436     0.9999  
   1308.6400     1.0196     0.9999  
   1308.6500     0.9785     0.9999  
   1308.6600     0.9692     0.9999  
   1308.6700     1.0106     0.9999  
   1308.6800     0.8998     0.9999  
   1308.6900     0.8923     0.9999  
   1308.7000     0.9190     0.9999  
   1308.7100     0.8827     0.9999  
   1308.7200     0.9118     0.9999  
   1308.7300     0.9113     0.9999  
   1308.7400     1.0146     0.9999  
   1308.7500     1.0798     0.9999  
   1308.7600     0.8963     0.9999  
   1308.7700     1.0059     0.9999  
   1308.7800     0.9588     0.9999  
   1308.7900     1.0595     0.9999  
   1308.8000     0.9748     0.9999  
   1308.8100     1.0627     0.9999  
   1308.8200     1.0421     1.0000  
   1308.8300     0.9942     1.0000  
   1308.8400     1.0510     1.0000  
   1308.8500     0.9876     1.0000  
   1308.8600     0.9876     1.0000  
   1308.8700     0.9851     1.0000  
   1308.8800     1.0243     1.0000  
   1308.8900     1.0916     1.0000  
   1308.9000     0.9802     1.0000  
   1308.9100     0.9281     1.0000  
   1308.9200     0.9620     1.0000  
   1308.9300     1.0449     1.0000  
   1308.9400     1.0468     0.9999  
   1308.9500     1.0133     0.9999  
   1308.9600     1.0701     0.9999  
   1308.9700     1.0690     0.9998  
   1308.9800     0.9629     0.9997  
   1308.9900     1.0343     0.9995  
   1309.0000     1.1115     0.9993  
   1309.0100     1.0242     0.9992  
   1309.0200     0.9403     0.9990  
   1309.0300     0.9391     0.9987  
   1309.0400     0.9640     0.9985  
   1309.0500     1.0861     0.9981  
   1309.0600     1.0101     0.9977  
   1309.0700     0.9723     0.9972  
   1309.0800     0.9839     0.9967  
   1309.0900     1.0018     0.9961  
   1309.1000     1.0018     0.9956  
   1309.1100     0.9395     0.9951  
   1309.1200     0.9542     0.9947  
   1309.1300     0.8991     0.9943  
   1309.1400     0.8852     0.9940  
   1309.1500     0.9109     0.9937  
   1309.1600     0.9898     0.9935  
   1309.1700     0.9834     0.9933  
   1309.1800     1.0119     0.9932  
   1309.1900     0.9855     0.9932  
   1309.2000     0.9789     0.9932  
   1309.2100     0.9378     0.9932  
   1309.2200     0.8439     0.9933  
   1309.2300     0.9363     0.9933  
   1309.2400     0.8926     0.9933  
   1309.2500     0.8960     0.9933  
   1309.2600     0.9631     0.9932  
   1309.2700     0.8642     0.9931  
   1309.2800     0.9940     0.9929  
   1309.2900     0.9770     0.9928  
   1309.3000     0.8779     0.9926  
   1309.3100     1.0327     0.9924  
   1309.3200     0.9819     0.9922  
   1309.3300     1.0709     0.9920  
   1309.3400     0.8957     0.9919  
   1309.3500     0.9730     0.9917  
   1309.3600     1.0194     0.9916  
   1309.3700     0.9570     0.9916  
   1309.3800     0.9048     0.9916  
   1309.3900     1.0451     0.9918  
   1309.4000     0.9096     0.9920  
   1309.4100     1.0491     0.9922  
   1309.4200     1.0565     0.9926  
   1309.4300     1.0551     0.9930  
   1309.4400     0.9349     0.9934  
   1309.4500     1.0140     0.9939  
   1309.4600     1.0321     0.9944  
   1309.4700     0.9764     0.9950  
   1309.4800     1.0923     0.9955  
   1309.4900     1.0066     0.9960  
   1309.5000     0.9525     0.9964  
   1309.5100     0.9444     0.9967  
   1309.5200     1.0220     0.9970  
   1309.5300     0.9505     0.9972  
   1309.5400     0.8574     0.9974  
   1309.5500     0.9541     0.9977  
   1309.5600     0.9744     0.9979  
   1309.5700     1.0503     0.9982  
   1309.5800     1.0263     0.9984  
   1309.5900     1.0076     0.9986  
   1309.6000     0.9646     0.9987  
   1309.6100     0.9958     0.9989  
   1309.6200     0.9174     0.9990  
   1309.6300     1.0105     0.9992  
   1309.6400     1.0113     0.9994  
   1309.6500     1.0538     0.9995  
   1309.6600     0.9146     0.9996  
   1309.6700     0.9729     0.9997  
   1309.6800     1.0486     0.9998  
   1309.6900     0.8186     0.9998  
   1309.7000     0.9922     0.9999  
   1309.7100     0.9848     0.9999  
   1309.7200     1.0497     0.9999  
   1309.7300     0.8596     0.9999  
   1309.7400     0.9515     0.9999  
   1309.7500     0.9928     0.9999  
   1309.7600     0.8660     0.9999  
   1309.7700     0.9613     0.9999  
   1309.7800     0.9403     0.9999  
   1309.7900     1.0288     0.9999  
   1309.8000     0.9538     0.9999  
   1309.8100     1.0070     0.9999  
   1309.8200     1.0025     0.9999  
   1309.8300     0.9808     0.9999  
   1309.8400     1.0645     0.9999  
   1309.8500     0.9988     0.9999  
   1309.8600     1.0460     0.9999  
   1309.8700     0.9513     0.9999  
   1309.8800     1.0731     0.9999  
   1309.8900     1.0200     0.9999  
   1309.9000     0.9903     0.9999  
   1309.9100     1.0247     0.9999  
   1309.9200     1.0110     0.9999  
   1309.9300     0.9913     0.9999  
   1309.9400     1.1692     1.0000  
   1309.9500     0.9655     1.0000  
   1309.9600     0.9199     1.0000  
   1309.9700     0.9629     1.0000  
   1309.9800     1.0542     1.0000  
   1309.9900     0.9225     1.0000  
   1310.0000     1.0002     1.0000  
   1310.0100     0.9580     1.0000  
   1310.0200     1.1006     1.0000  
   1310.0300     1.0189     1.0000  
   1310.0400     1.0586     1.0000  
   1310.0500     1.0774     1.0000  
   1310.0600     0.9307     1.0000  
   1310.0700     0.9883     1.0000  
   1310.0800     1.1357     1.0000  
   1310.0900     1.0074     1.0000  
   1310.1000     1.0053     1.0000  
   1310.1100     1.0358     1.0000  
   1310.1200     1.0822     1.0000  
   1310.1300     0.8907     1.0000  
   1310.1400     1.0581     1.0000  
   1310.1500     0.9773     1.0000  
   1310.1600     0.9524     1.0000  
   1310.1700     1.0495     1.0000  
   1310.1800     0.9624     1.0000  
   1310.1900     1.1463     1.0000  
   1310.2000     1.0600     1.0000  
   1310.2100     0.9762     1.0000  
   1310.2200     1.0173     1.0000  
   1310.2300     1.0811     1.0000  
   1310.2400     0.9933     1.0000  
   1310.2500     1.0217     1.0000  
   1310.2600     1.0468     1.0000  
   1310.2700     0.9624     1.0000  
   1310.2800     0.9262     1.0000  
   1310.2900     1.1510     1.0000  
   1310.3000     1.0900     1.0000  
   1310.3100     1.0712     1.0000  
   1310.3200     1.0682     1.0000  
   1310.3300     1.0360     1.0000  
   1310.3400     1.0768     1.0000  
   1310.3500     0.9663     1.0000  
   1310.3600     1.0237     1.0000  
   1310.3700     0.9916     1.0000  
   1310.3800     1.1471     1.0000  
   1310.3900     1.0311     1.0000  
   1310.4000     1.1699     1.0000  
   1310.4100     1.1258     1.0000  
   1310.4200     1.0917     1.0000  
   1310.4300     0.9889     1.0000  
   1310.4400     0.9729     1.0000  
   1310.4500     1.0225     1.0000  
   1310.4600     0.9390     1.0000  
   1310.4700     0.9463     1.0000  
   1310.4800     1.0598     1.0000  
   1310.4900     1.1757     1.0000  
   1310.5000     1.0999     1.0000  
   1310.5100     1.0632     1.0000  
   1310.5200     1.0521     1.0000  
   1310.5300     1.1066     1.0000  
   1310.5400     0.9567     1.0000  
   1310.5500     0.9611     1.0000  
   1310.5600     1.0064     1.0000  
   1310.5700     0.9561     1.0000  
   1310.5800     0.9838     1.0000  
   1310.5900     0.9236     1.0000  
   1310.6000     0.9093     1.0000  
   1310.6100     1.1071     1.0000  
   1310.6200     1.0913     1.0000  
   1310.6300     1.0007     1.0000  
   1310.6400     1.0827     1.0000  
   1310.6500     1.0126     1.0000  
   1310.6600     0.9824     1.0000  
   1310.6700     1.0639     1.0000  
   1310.6800     0.9713     1.0000  
   1310.6900     0.9350     1.0000  
   1310.7000     0.9507     1.0000  
   1310.7100     1.0088     1.0000  
   1310.7200     0.9804     1.0000  
   1310.7300     1.0173     1.0000  
   1310.7400     1.0083     1.0000  
   1310.7500     0.9907     1.0000  
   1310.7600     1.0150     1.0000  
   1310.7700     1.0129     1.0000  
   1310.7800     1.0437     1.0000  
   1310.7900     1.0634     1.0000  
   1310.8000     0.9791     1.0000  
   1310.8100     1.0039     1.0000  
   1310.8200     1.0396     1.0000  
   1310.8300     0.9520     1.0000  
   1310.8400     1.0467     1.0000  
   1310.8500     0.9717     1.0000  
   1310.8600     0.9408     1.0000  
   1310.8700     1.0871     1.0000  
   1310.8800     1.0165     1.0000  
   1310.8900     0.9630     1.0000  
   1310.9000     1.0901     1.0000  
   1310.9100     1.0379     1.0000  
   1310.9200     1.0084     1.0000  
   1310.9300     1.0398     1.0000  
   1310.9400     0.9684     1.0000  
   1310.9500     0.9863     1.0000  
   1310.9600     0.9862     1.0000  
   1310.9700     0.9266     1.0000  
   1310.9800     0.9923     1.0000  
   1310.9900     1.0098     1.0000  
   1311.0000     1.0359     1.0000  
   1311.0100     1.0109     1.0000  
   1311.0200     0.9998     1.0000  
   1311.0300     1.0789     1.0000  
   1311.0400     1.0973     1.0000  
   1311.0500     1.0186     1.0000  
   1311.0600     1.1025     1.0000  
   1311.0700     1.1475     1.0000  
   1311.0800     1.0504     1.0000  
   1311.0900     0.9970     1.0000  
   1311.1000     1.0529     1.0000  
   1311.1100     1.0815     1.0000  
   1311.1200     1.0340     1.0000  
   1311.1300     1.0640     1.0000  
   1311.1400     1.0806     1.0000  
   1311.1500     1.0527     1.0000  
   1311.1600     1.0696     1.0000  
   1311.1700     1.0101     1.0000  
   1311.1800     1.0002     1.0000  
   1311.1900     1.0067     1.0000  
   1311.2000     0.9972     1.0000  
   1311.2100     0.9976     1.0000  
   1311.2200     1.1190     1.0000  
   1311.2300     1.0309     1.0000  
   1311.2400     0.9173     1.0000  
   1311.2500     0.9361     1.0000  
   1311.2600     0.9795     1.0000  
   1311.2700     1.0089     1.0000  
   1311.2800     0.9933     1.0000  
   1311.2900     0.9797     1.0000  
   1311.3000     1.0373     1.0000  
   1311.3100     1.0029     1.0000  
   1311.3200     0.9895     1.0000  
   1311.3300     0.9602     1.0000  
   1311.3400     0.9860     1.0000  
   1311.3500     1.0038     1.0000  
   1311.3600     1.0461     1.0000  
   1311.3700     1.0732     1.0000  
   1311.3800     1.0556     1.0000  
   1311.3900     1.0251     1.0000  
   1311.4000     0.9624     1.0000  
   1311.4100     0.9459     1.0000  
   1311.4200     0.9638     1.0000  
   1311.4300     1.0283     1.0000  
   1311.4400     1.0548     1.0000  
   1311.4500     0.9632     1.0000  
   1311.4600     0.9241     1.0000  
   1311.4700     1.0174     1.0000  
   1311.4800     1.0741     1.0000  
   1311.4900     1.0741     1.0000  
   1311.5000     1.0414     1.0000  
   1311.5100     1.0418     1.0000  
   1311.5200     1.0360     1.0000  
   1311.5300     1.0384     1.0000  
   1311.5400     1.1774     1.0000  
   1311.5500     1.0956     1.0000  
   1311.5600     1.0283     1.0000  
   1311.5700     1.1146     1.0000  
   1311.5800     1.0577     1.0000  
   1311.5900     1.0262     1.0000  
   1311.6000     0.9367     1.0000  
   1311.6100     0.9587     1.0000  
   1311.6200     0.9810     1.0000  
   1311.6300     0.9606     1.0000  
   1311.6400     1.0441     1.0000  
   1311.6500     1.0110     1.0000  
   1311.6600     0.8946     1.0000  
   1311.6700     0.8954     1.0000  
   1311.6800     0.9935     1.0000  
   1311.6900     0.9655     1.0000  
   1311.7000     0.9359     1.0000  
   1311.7100     0.9921     1.0000  
   1311.7200     1.0133     1.0000  
   1311.7300     1.0187     1.0000  
   1311.7400     0.9383     1.0000  
   1311.7500     0.9234     1.0000  
   1311.7600     1.0177     1.0000  
   1311.7700     1.0120     1.0000  
   1311.7800     0.9731     1.0000  
   1311.7900     0.9816     1.0000  
   1311.8000     1.0105     1.0000  
   1311.8100     0.9624     1.0000  
   1311.8200     0.9283     1.0000  
   1311.8300     0.9744     1.0000  
   1311.8400     0.9515     1.0000  
   1311.8500     0.9508     1.0000  
   1311.8600     0.9457     1.0000  
   1311.8700     0.9160     1.0000  
   1311.8800     0.9485     1.0000  
   1311.8900     0.9791     1.0000  
   1311.9000     0.9638     1.0000  
   1311.9100     0.9056     1.0000  
   1311.9200     0.9342     1.0000  
   1311.9300     0.9700     1.0000  
   1311.9400     0.9598     1.0000  
   1311.9500     0.9579     1.0000  
   1311.9600     0.9813     1.0000  
   1311.9700     1.0227     1.0000  
   1311.9800     1.1148     1.0000  
   1311.9900     1.1057     1.0000  
   1312.0000     1.0802     1.0000  
