  1390.000    0.8987    0.9997 
  1390.010    0.8866    0.9997 
  1390.020    0.9784    0.9997 
  1390.030    0.9747    0.9997 
  1390.040    1.0044    0.9996 
  1390.050    1.0438    0.9996 
  1390.060    0.9267    0.9996 
  1390.070    0.9853    0.9996 
  1390.080    1.0214    0.9996 
  1390.090    0.9741    0.9995 
  1390.100    1.0392    0.9995 
  1390.110    1.1383    0.9995 
  1390.120    0.9809    0.9995 
  1390.130    0.9211    0.9995 
  1390.140    1.0056    0.9995 
  1390.150    1.0300    0.9995 
  1390.160    0.9694    0.9995 
  1390.170    0.9663    0.9995 
  1390.180    0.9936    0.9995 
  1390.190    1.0759    0.9995 
  1390.200    1.0324    0.9995 
  1390.210    1.0268    0.9995 
  1390.220    1.0640    0.9995 
  1390.230    1.0411    0.9995 
  1390.240    1.0656    0.9994 
  1390.250    1.0268    0.9994 
  1390.260    0.9585    0.9994 
  1390.270    0.9224    0.9994 
  1390.280    0.8912    0.9994 
  1390.290    0.9812    0.9994 
  1390.300    1.2363    0.9994 
  1390.310    1.2653    0.9994 
  1390.320    1.1106    0.9994 
  1390.330    1.1059    0.9994 
  1390.340    1.0848    0.9994 
  1390.350    1.1119    0.9994 
  1390.360    1.0039    0.9994 
  1390.370    1.0032    0.9994 
  1390.380    1.0234    0.9994 
  1390.390    1.0508    0.9994 
  1390.400    1.1489    0.9994 
  1390.410    1.1572    0.9994 
  1390.420    1.0849    0.9994 
  1390.430    0.9694    0.9994 
  1390.440    1.0009    0.9994 
  1390.450    1.0252    0.9994 
  1390.460    1.1010    0.9994 
  1390.470    1.1898    0.9994 
  1390.480    1.1178    0.9994 
  1390.490    1.0783    0.9994 
  1390.500    1.0044    0.9994 
  1390.510    1.0471    0.9994 
  1390.520    1.0870    0.9994 
  1390.530    1.0071    0.9993 
  1390.540    1.0780    0.9993 
  1390.550    1.1130    0.9993 
  1390.560    1.1108    0.9993 
  1390.570    1.1309    0.9993 
  1390.580    1.0894    0.9993 
  1390.590    1.0196    0.9993 
  1390.600    1.0327    0.9993 
  1390.610    1.0273    0.9993 
  1390.620    0.9553    0.9993 
  1390.630    1.0028    0.9993 
  1390.640    1.0527    0.9993 
  1390.650    1.0347    0.9993 
  1390.660    1.0533    0.9993 
  1390.670    1.0004    0.9993 
  1390.680    0.9700    0.9993 
  1390.690    1.0537    0.9993 
  1390.700    1.0315    0.9993 
  1390.710    1.0351    0.9993 
  1390.720    1.0054    0.9993 
  1390.730    1.0627    0.9993 
  1390.740    1.0410    0.9993 
  1390.750    0.9809    0.9993 
  1390.760    0.9385    0.9992 
  1390.770    0.9862    0.9992 
  1390.780    0.9894    0.9992 
  1390.790    0.9321    0.9992 
  1390.800    0.9972    0.9992 
  1390.810    0.9992    0.9992 
  1390.820    1.0481    0.9992 
  1390.830    1.0512    0.9992 
  1390.840    0.8959    0.9992 
  1390.850    0.8616    0.9992 
  1390.860    0.9749    0.9992 
  1390.870    1.0588    0.9992 
  1390.880    0.9991    0.9992 
  1390.890    0.9506    0.9992 
  1390.900    0.9386    0.9992 
  1390.910    0.9730    0.9992 
  1390.920    1.0083    0.9992 
  1390.930    1.0277    0.9992 
  1390.940    0.8599    0.9992 
  1390.950    0.8917    0.9991 
  1390.960    0.9776    0.9991 
  1390.970    0.9244    0.9991 
  1390.980    0.9898    0.9991 
  1390.990    1.0060    0.9991 
  1391.000    1.0236    0.9991 
  1391.010    0.9754    0.9991 
  1391.020    1.0679    0.9991 
  1391.030    1.0549    0.9991 
  1391.040    0.9985    0.9991 
  1391.050    0.9750    0.9991 
  1391.060    0.9296    0.9991 
  1391.070    0.9850    0.9991 
  1391.080    0.9969    0.9991 
  1391.090    0.9590    0.9991 
  1391.100    1.0534    0.9990 
  1391.110    1.0563    0.9990 
  1391.120    0.9669    0.9990 
  1391.130    1.0269    0.9990 
  1391.140    1.0723    0.9990 
  1391.150    1.0482    0.9990 
  1391.160    0.9761    0.9990 
  1391.170    0.9514    0.9990 
  1391.180    1.0023    0.9990 
  1391.190    1.0578    0.9990 
  1391.200    1.0647    0.9990 
  1391.210    0.9951    0.9990 
  1391.220    0.8871    0.9990 
  1391.230    0.9066    0.9989 
  1391.240    0.9009    0.9989 
  1391.250    0.8592    0.9989 
  1391.260    0.9226    0.9989 
  1391.270    1.0727    0.9989 
  1391.280    1.0963    0.9989 
  1391.290    0.9669    0.9989 
  1391.300    1.0899    0.9989 
  1391.310    1.1279    0.9989 
  1391.320    1.0388    0.9989 
  1391.330    0.9571    0.9989 
  1391.340    0.9895    0.9989 
  1391.350    1.0224    0.9988 
  1391.360    0.8962    0.9988 
  1391.370    0.9581    0.9988 
  1391.380    0.9890    0.9988 
  1391.390    1.0304    0.9988 
  1391.400    0.9704    0.9988 
  1391.410    0.9178    0.9988 
  1391.420    0.9344    0.9988 
  1391.430    1.0015    0.9988 
  1391.440    0.9309    0.9988 
  1391.450    1.0419    0.9987 
  1391.460    0.9737    0.9987 
  1391.470    0.9788    0.9987 
  1391.480    1.0330    0.9987 
  1391.490    1.1100    0.9987 
  1391.500    1.1205    0.9987 
  1391.510    0.9745    0.9987 
  1391.520    1.0068    0.9987 
  1391.530    0.9772    0.9987 
  1391.540    1.0048    0.9986 
  1391.550    0.9323    0.9986 
  1391.560    0.9326    0.9986 
  1391.570    0.9533    0.9986 
  1391.580    0.9808    0.9986 
  1391.590    1.0347    0.9986 
  1391.600    0.9993    0.9986 
  1391.610    1.0208    0.9986 
  1391.620    1.0004    0.9985 
  1391.630    0.9066    0.9985 
  1391.640    0.9243    0.9985 
  1391.650    1.1035    0.9985 
  1391.660    1.0897    0.9985 
  1391.670    1.0335    0.9985 
  1391.680    0.9305    0.9985 
  1391.690    0.9197    0.9984 
  1391.700    0.9416    0.9984 
  1391.710    0.9162    0.9984 
  1391.720    0.8950    0.9984 
  1391.730    0.8520    0.9984 
  1391.740    1.0241    0.9984 
  1391.750    0.9041    0.9983 
  1391.760    0.9799    0.9983 
  1391.770    0.9191    0.9983 
  1391.780    0.9295    0.9983 
  1391.790    1.0207    0.9983 
  1391.800    0.9850    0.9983 
  1391.810    1.0682    0.9982 
  1391.820    0.9864    0.9982 
  1391.830    0.9548    0.9982 
  1391.840    0.9832    0.9982 
  1391.850    1.0712    0.9982 
  1391.860    1.0686    0.9982 
  1391.870    1.0088    0.9981 
  1391.880    1.0213    0.9981 
  1391.890    1.0663    0.9981 
  1391.900    1.0566    0.9981 
  1391.910    1.0438    0.9981 
  1391.920    0.9152    0.9980 
  1391.930    1.0102    0.9980 
  1391.940    0.9285    0.9980 
  1391.950    1.0504    0.9980 
  1391.960    1.0290    0.9979 
  1391.970    1.0085    0.9979 
  1391.980    0.9096    0.9979 
  1391.990    0.8393    0.9979 
  1392.000    0.9849    0.9978 
  1392.010    0.9845    0.9978 
  1392.020    0.9064    0.9978 
  1392.030    0.9812    0.9978 
  1392.040    0.9175    0.9977 
  1392.050    0.9938    0.9977 
  1392.060    1.0288    0.9977 
  1392.070    1.0035    0.9977 
  1392.080    1.0681    0.9976 
  1392.090    1.0064    0.9976 
  1392.100    0.9118    0.9976 
  1392.110    0.9953    0.9976 
  1392.120    0.8495    0.9975 
  1392.130    0.8904    0.9975 
  1392.140    1.0238    0.9975 
  1392.150    1.0545    0.9974 
  1392.160    0.8794    0.9974 
  1392.170    1.0127    0.9974 
  1392.180    1.1116    0.9973 
  1392.190    1.0645    0.9973 
  1392.200    1.1601    0.9973 
  1392.210    1.1356    0.9972 
  1392.220    1.1461    0.9972 
  1392.230    1.0420    0.9972 
  1392.240    1.1844    0.9971 
  1392.250    1.0544    0.9971 
  1392.260    1.0449    0.9970 
  1392.270    0.9803    0.9970 
  1392.280    1.0556    0.9970 
  1392.290    1.0691    0.9969 
  1392.300    0.9389    0.9969 
  1392.310    0.7648    0.9968 
  1392.320    0.9420    0.9968 
  1392.330    0.9435    0.9968 
  1392.340    0.9557    0.9967 
  1392.350    1.0579    0.9967 
  1392.360    0.9627    0.9966 
  1392.370    1.1476    0.9966 
  1392.380    1.0289    0.9965 
  1392.390    1.0832    0.9965 
  1392.400    1.1410    0.9964 
  1392.410    1.0255    0.9964 
  1392.420    1.1758    0.9963 
  1392.430    0.9316    0.9962 
  1392.440    0.8388    0.9962 
  1392.450    1.1130    0.9961 
  1392.460    0.8527    0.9961 
  1392.470    0.9456    0.9960 
  1392.480    0.9371    0.9960 
  1392.490    1.0120    0.9959 
  1392.500    0.8485    0.9958 
  1392.510    0.8215    0.9958 
  1392.520    0.8618    0.9957 
  1392.530    0.8661    0.9956 
  1392.540    0.9509    0.9955 
  1392.550    1.0352    0.9955 
  1392.560    1.0039    0.9954 
  1392.570    0.9571    0.9953 
  1392.580    0.9375    0.9952 
  1392.590    0.9876    0.9952 
  1392.600    1.0578    0.9951 
  1392.610    1.0785    0.9950 
  1392.620    0.9142    0.9949 
  1392.630    0.9566    0.9948 
  1392.640    0.9456    0.9947 
  1392.650    1.1213    0.9946 
  1392.660    0.9186    0.9945 
  1392.670    1.0046    0.9944 
  1392.680    1.0274    0.9943 
  1392.690    0.9485    0.9942 
  1392.700    1.1729    0.9941 
  1392.710    0.9693    0.9940 
  1392.720    0.9978    0.9939 
  1392.730    0.9442    0.9938 
  1392.740    0.8330    0.9936 
  1392.750    1.0106    0.9935 
  1392.760    0.8552    0.9934 
  1392.770    1.0261    0.9932 
  1392.780    0.9480    0.9931 
  1392.790    1.0078    0.9930 
  1392.800    1.0467    0.9928 
  1392.810    0.9796    0.9927 
  1392.820    0.9533    0.9925 
  1392.830    0.9604    0.9923 
  1392.840    1.0005    0.9922 
  1392.850    0.9602    0.9920 
  1392.860    1.0027    0.9918 
  1392.870    0.9953    0.9916 
  1392.880    0.9255    0.9915 
  1392.890    1.0023    0.9913 
  1392.900    1.1639    0.9911 
  1392.910    1.0816    0.9908 
  1392.920    1.0264    0.9906 
  1392.930    0.9054    0.9904 
  1392.940    0.9713    0.9902 
  1392.950    0.9998    0.9899 
  1392.960    1.0155    0.9897 
  1392.970    1.0243    0.9894 
  1392.980    1.0711    0.9891 
  1392.990    1.1119    0.9888 
  1393.000    0.8785    0.9885 
  1393.010    0.9136    0.9882 
  1393.020    1.0073    0.9879 
  1393.030    0.9843    0.9876 
  1393.040    0.9494    0.9872 
  1393.050    0.9403    0.9869 
  1393.060    0.8173    0.9865 
  1393.070    0.9751    0.9861 
  1393.080    1.0369    0.9857 
  1393.090    0.9191    0.9853 
  1393.100    1.0498    0.9848 
  1393.110    0.9225    0.9844 
  1393.120    1.0450    0.9839 
  1393.130    0.9840    0.9834 
  1393.140    0.8960    0.9828 
  1393.150    0.9976    0.9822 
  1393.160    1.1357    0.9817 
  1393.170    1.2387    0.9810 
  1393.180    0.8772    0.9804 
  1393.190    0.8987    0.9797 
  1393.200    0.8938    0.9790 
  1393.210    0.7834    0.9782 
  1393.220    0.9179    0.9774 
  1393.230    0.9704    0.9765 
  1393.240    0.9461    0.9756 
  1393.250    0.9767    0.9747 
  1393.260    1.1209    0.9736 
  1393.270    1.1497    0.9726 
  1393.280    1.2987    0.9714 
  1393.290    1.2521    0.9702 
  1393.300    1.2826    0.9689 
  1393.310    1.2108    0.9675 
  1393.320    1.1801    0.9661 
  1393.330    1.0510    0.9645 
  1393.340    0.9498    0.9628 
  1393.350    0.8496    0.9610 
  1393.360    0.9199    0.9590 
  1393.370    0.8232    0.9570 
  1393.380    0.9297    0.9547 
  1393.390    0.8268    0.9523 
  1393.400    0.9054    0.9497 
  1393.410    0.9198    0.9468 
  1393.420    0.8618    0.9438 
  1393.430    0.9162    0.9404 
  1393.440    1.0379    0.9368 
  1393.450    0.9513    0.9328 
  1393.460    0.9274    0.9285 
  1393.470    0.9308    0.9237 
  1393.480    0.8778    0.9185 
  1393.490    0.8187    0.9128 
  1393.500    0.7546    0.9064 
  1393.510    0.8793    0.8994 
  1393.520    0.8272    0.8915 
  1393.530    0.8844    0.8827 
  1393.540    0.9355    0.8727 
  1393.550    0.8100    0.8614 
  1393.560    0.9116    0.8486 
  1393.570    0.9805    0.8339 
  1393.580    0.7889    0.8173 
  1393.590    0.6325    0.7987 
  1393.600    0.6443    0.7779 
  1393.610    0.6380    0.7553 
  1393.620    0.7120    0.7311 
  1393.630    0.6665    0.7057 
  1393.640    0.6436    0.6798 
  1393.650    0.6443    0.6538 
  1393.660    0.6892    0.6285 
  1393.670    0.6017    0.6043 
  1393.680    0.6247    0.5818 
  1393.690    0.5721    0.5613 
  1393.700    0.5081    0.5432 
  1393.710    0.4830    0.5278 
  1393.720    0.5450    0.5152 
  1393.730    0.5138    0.5056 
  1393.740    0.4955    0.4992 
  1393.750    0.5045    0.4959 
  1393.760    0.5872    0.4959 
  1393.770    0.5206    0.4992 
  1393.780    0.4920    0.5056 
  1393.790    0.5602    0.5152 
  1393.800    0.5987    0.5278 
  1393.810    0.5647    0.5432 
  1393.820    0.5499    0.5613 
  1393.830    0.5670    0.5818 
  1393.840    0.5868    0.6043 
  1393.850    0.6342    0.6285 
  1393.860    0.6375    0.6538 
  1393.870    0.7022    0.6798 
  1393.880    0.7765    0.7057 
  1393.890    0.7100    0.7311 
  1393.900    0.7407    0.7553 
  1393.910    0.7804    0.7779 
  1393.920    0.7244    0.7987 
  1393.930    0.7349    0.8173 
  1393.940    0.7752    0.8339 
  1393.950    0.8470    0.8486 
  1393.960    0.8552    0.8614 
  1393.970    0.8683    0.8727 
  1393.980    0.9368    0.8827 
  1393.990    0.8983    0.8915 
  1394.000    0.9287    0.8993 
  1394.010    0.9224    0.9064 
  1394.020    0.8786    0.9128 
  1394.030    0.9664    0.9185 
  1394.040    1.0444    0.9237 
  1394.050    1.0494    0.9285 
  1394.060    1.0079    0.9328 
  1394.070    0.9959    0.9368 
  1394.080    1.0209    0.9404 
  1394.090    1.0250    0.9438 
  1394.100    0.9693    0.9468 
  1394.110    0.9968    0.9497 
  1394.120    0.9717    0.9523 
  1394.130    1.0073    0.9547 
  1394.140    1.0598    0.9570 
  1394.150    0.9748    0.9590 
  1394.160    0.9128    0.9610 
  1394.170    0.9246    0.9628 
  1394.180    0.9433    0.9645 
  1394.190    0.8824    0.9660 
  1394.200    0.9226    0.9675 
  1394.210    1.0600    0.9689 
  1394.220    1.0063    0.9702 
  1394.230    0.9163    0.9714 
  1394.240    0.9195    0.9726 
  1394.250    0.9510    0.9736 
  1394.260    0.9809    0.9746 
  1394.270    1.0126    0.9756 
  1394.280    0.9556    0.9765 
  1394.290    0.8899    0.9774 
  1394.300    0.9634    0.9782 
  1394.310    0.9623    0.9789 
  1394.320    0.9894    0.9797 
  1394.330    1.0018    0.9804 
  1394.340    0.8910    0.9810 
  1394.350    0.8576    0.9816 
  1394.360    0.9813    0.9822 
  1394.370    1.0266    0.9828 
  1394.380    0.9166    0.9833 
  1394.390    0.9445    0.9839 
  1394.400    1.0326    0.9843 
  1394.410    1.0428    0.9848 
  1394.420    0.9817    0.9853 
  1394.430    1.0123    0.9857 
  1394.440    1.0779    0.9861 
  1394.450    1.0168    0.9865 
  1394.460    1.0162    0.9869 
  1394.470    1.0457    0.9872 
  1394.480    1.0335    0.9876 
  1394.490    0.8968    0.9879 
  1394.500    0.8805    0.9882 
  1394.510    0.9905    0.9885 
  1394.520    1.0610    0.9888 
  1394.530    0.9750    0.9891 
  1394.540    0.9585    0.9894 
  1394.550    1.0312    0.9896 
  1394.560    1.0461    0.9899 
  1394.570    0.9822    0.9901 
  1394.580    0.9917    0.9904 
  1394.590    1.0379    0.9906 
  1394.600    1.0476    0.9908 
  1394.610    1.0176    0.9910 
  1394.620    0.9874    0.9912 
  1394.630    1.0146    0.9914 
  1394.640    0.9169    0.9916 
  1394.650    0.9632    0.9918 
  1394.660    1.0461    0.9920 
  1394.670    1.0106    0.9922 
  1394.680    1.0632    0.9923 
  1394.690    1.0314    0.9925 
  1394.700    1.0579    0.9926 
  1394.710    1.0389    0.9928 
  1394.720    0.9585    0.9929 
  1394.730    0.8729    0.9931 
  1394.740    0.9718    0.9932 
  1394.750    0.9588    0.9934 
  1394.760    0.9381    0.9935 
  1394.770    0.9347    0.9936 
  1394.780    1.0924    0.9937 
  1394.790    1.0885    0.9939 
  1394.800    0.9859    0.9940 
  1394.810    0.9695    0.9941 
  1394.820    1.0538    0.9942 
  1394.830    0.9931    0.9943 
  1394.840    1.0454    0.9944 
  1394.850    1.0268    0.9945 
  1394.860    1.0539    0.9946 
  1394.870    1.0098    0.9947 
  1394.880    1.1204    0.9948 
  1394.890    1.1476    0.9949 
  1394.900    1.0454    0.9950 
  1394.910    1.0248    0.9951 
  1394.920    1.0108    0.9951 
  1394.930    0.9714    0.9952 
  1394.940    1.0451    0.9953 
  1394.950    0.9948    0.9954 
  1394.960    0.9936    0.9954 
  1394.970    1.0212    0.9955 
  1394.980    1.0529    0.9956 
  1394.990    1.0231    0.9957 
  1395.000    1.0116    0.9957 
  1395.010    1.0666    0.9958 
  1395.020    1.0248    0.9959 
  1395.030    1.0549    0.9959 
  1395.040    0.9718    0.9960 
  1395.050    0.9653    0.9960 
  1395.060    0.9904    0.9961 
  1395.070    0.9863    0.9962 
  1395.080    0.9513    0.9962 
  1395.090    0.9495    0.9963 
  1395.100    0.9986    0.9963 
  1395.110    0.9683    0.9964 
  1395.120    0.9669    0.9964 
  1395.130    1.0134    0.9965 
  1395.140    1.0598    0.9965 
  1395.150    1.0283    0.9966 
  1395.160    1.1324    0.9966 
  1395.170    1.0561    0.9967 
  1395.180    0.9979    0.9967 
  1395.190    1.0467    0.9968 
  1395.200    0.9826    0.9968 
  1395.210    0.9542    0.9969 
  1395.220    0.9721    0.9969 
  1395.230    0.9921    0.9969 
  1395.240    0.9625    0.9970 
  1395.250    0.9776    0.9970 
  1395.260    0.9745    0.9971 
  1395.270    1.0793    0.9971 
  1395.280    0.9557    0.9971 
  1395.290    1.0102    0.9972 
  1395.300    0.9941    0.9972 
  1395.310    0.9881    0.9972 
  1395.320    1.0554    0.9973 
  1395.330    0.9938    0.9973 
  1395.340    1.0484    0.9973 
  1395.350    0.8494    0.9974 
  1395.360    1.0188    0.9974 
  1395.370    1.0271    0.9974 
  1395.380    1.0175    0.9975 
  1395.390    0.9929    0.9975 
  1395.400    1.0183    0.9975 
  1395.410    1.0748    0.9976 
  1395.420    1.1253    0.9976 
  1395.430    1.0704    0.9976 
  1395.440    1.0456    0.9976 
  1395.450    1.0113    0.9977 
  1395.460    0.9761    0.9977 
  1395.470    1.0434    0.9977 
  1395.480    1.0836    0.9977 
  1395.490    0.9772    0.9978 
  1395.500    1.0054    0.9978 
  1395.510    1.0041    0.9978 
  1395.520    1.0335    0.9978 
  1395.530    1.0023    0.9979 
  1395.540    1.1702    0.9979 
  1395.550    1.0032    0.9979 
  1395.560    1.0426    0.9979 
  1395.570    1.1230    0.9980 
  1395.580    1.0442    0.9980 
  1395.590    1.0089    0.9980 
  1395.600    1.0245    0.9980 
  1395.610    1.1797    0.9980 
  1395.620    1.0262    0.9981 
  1395.630    1.1487    0.9981 
  1395.640    1.1356    0.9981 
  1395.650    1.0114    0.9981 
  1395.660    1.1052    0.9981 
  1395.670    1.1853    0.9982 
  1395.680    1.1088    0.9982 
  1395.690    0.9825    0.9982 
  1395.700    1.0757    0.9982 
  1395.710    1.1019    0.9982 
  1395.720    1.0399    0.9982 
  1395.730    1.0615    0.9983 
  1395.740    1.0002    0.9983 
  1395.750    1.0125    0.9983 
  1395.760    0.9129    0.9983 
  1395.770    0.9014    0.9983 
  1395.780    0.9909    0.9983 
  1395.790    0.9424    0.9984 
  1395.800    1.0465    0.9984 
  1395.810    1.0103    0.9984 
  1395.820    1.0063    0.9984 
  1395.830    1.0118    0.9984 
  1395.840    0.9173    0.9984 
  1395.850    0.8975    0.9984 
  1395.860    1.0854    0.9985 
  1395.870    1.0712    0.9985 
  1395.880    0.9340    0.9985 
  1395.890    0.8567    0.9985 
  1395.900    0.9372    0.9985 
  1395.910    0.9346    0.9985 
  1395.920    0.9945    0.9985 
  1395.930    0.9785    0.9985 
  1395.940    0.9478    0.9986 
  1395.950    0.9592    0.9986 
  1395.960    1.0264    0.9986 
  1395.970    0.9121    0.9986 
  1395.980    1.0630    0.9986 
  1395.990    0.8879    0.9986 
  1396.000    0.9655    0.9986 
  1396.010    0.9963    0.9986 
  1396.020    0.9595    0.9987 
  1396.030    0.9720    0.9987 
  1396.040    1.0094    0.9987 
  1396.050    1.0897    0.9987 
  1396.060    1.0340    0.9987 
  1396.070    0.9740    0.9987 
  1396.080    0.9755    0.9987 
  1396.090    1.0780    0.9987 
  1396.100    0.9689    0.9987 
  1396.110    1.0024    0.9987 
  1396.120    1.1405    0.9988 
  1396.130    1.0586    0.9988 
  1396.140    0.9447    0.9988 
  1396.150    1.0001    0.9988 
  1396.160    1.0382    0.9988 
  1396.170    1.0880    0.9988 
  1396.180    0.9694    0.9988 
  1396.190    0.8540    0.9988 
  1396.200    1.0684    0.9988 
  1396.210    0.9567    0.9988 
  1396.220    1.1129    0.9988 
  1396.230    1.0503    0.9989 
  1396.240    1.0825    0.9989 
  1396.250    1.0242    0.9989 
  1396.260    0.9289    0.9989 
  1396.270    0.9031    0.9989 
  1396.280    0.9526    0.9989 
  1396.290    0.9979    0.9989 
  1396.300    1.0472    0.9989 
  1396.310    0.8673    0.9989 
  1396.320    0.9281    0.9989 
  1396.330    1.0325    0.9989 
  1396.340    0.9792    0.9989 
  1396.350    0.9745    0.9989 
  1396.360    1.1458    0.9990 
  1396.370    0.9210    0.9990 
  1396.380    0.9419    0.9990 
  1396.390    0.9785    0.9990 
  1396.400    0.9461    0.9990 
  1396.410    0.9255    0.9990 
  1396.420    1.0644    0.9990 
  1396.430    0.8879    0.9990 
  1396.440    1.0347    0.9990 
  1396.450    1.0050    0.9990 
  1396.460    0.9711    0.9990 
  1396.470    1.1685    0.9990 
  1396.480    1.1029    0.9990 
  1396.490    0.9691    0.9990 
  1396.500    1.1364    0.9990 
  1396.510    1.0837    0.9991 
  1396.520    1.0745    0.9991 
  1396.530    1.1682    0.9991 
  1396.540    1.0173    0.9991 
  1396.550    1.0599    0.9991 
  1396.560    0.9485    0.9991 
  1396.570    1.0789    0.9991 
  1396.580    1.0522    0.9991 
  1396.590    1.0028    0.9991 
  1396.600    1.0830    0.9991 
  1396.610    1.0942    0.9991 
  1396.620    1.0931    0.9991 
  1396.630    0.9347    0.9991 
  1396.640    1.0077    0.9991 
  1396.650    1.0099    0.9991 
  1396.660    1.0382    0.9991 
  1396.670    1.0833    0.9991 
  1396.680    0.9373    0.9991 
  1396.690    1.1742    0.9991 
  1396.700    0.9546    0.9991 
  1396.710    0.9349    0.9991 
  1396.720    1.0506    0.9992 
  1396.730    1.0351    0.9992 
  1396.740    1.0087    0.9992 
  1396.750    1.1054    0.9992 
  1396.760    1.1607    0.9992 
  1396.770    1.1220    0.9992 
  1396.780    1.0977    0.9992 
  1396.790    0.9154    0.9991 
  1396.800    0.9819    0.9991 
  1396.810    1.0198    0.9991 
  1396.820    0.8782    0.9991 
  1396.830    1.0164    0.9991 
  1396.840    1.1108    0.9991 
  1396.850    1.0867    0.9991 
  1396.860    1.0253    0.9991 
  1396.870    1.1401    0.9991 
  1396.880    1.0477    0.9991 
  1396.890    1.0227    0.9991 
  1396.900    0.9903    0.9991 
  1396.910    0.9593    0.9991 
  1396.920    1.0168    0.9991 
  1396.930    1.0511    0.9991 
  1396.940    0.9646    0.9991 
  1396.950    0.9506    0.9992 
  1396.960    0.9492    0.9992 
  1396.970    1.0032    0.9992 
  1396.980    0.9690    0.9992 
  1396.990    1.0621    0.9992 
  1397.000    1.0204    0.9992 
  1397.010    1.0488    0.9992 
  1397.020    0.9588    0.9992 
  1397.030    0.9660    0.9992 
  1397.040    0.9472    0.9992 
  1397.050    1.0219    0.9992 
  1397.060    0.9623    0.9993 
  1397.070    0.9377    0.9993 
  1397.080    0.9463    0.9993 
  1397.090    1.0304    0.9993 
  1397.100    1.0027    0.9993 
  1397.110    0.9126    0.9993 
  1397.120    0.8280    0.9993 
  1397.130    0.9202    0.9993 
  1397.140    0.8809    0.9993 
  1397.150    0.9097    0.9993 
  1397.160    0.9360    0.9993 
  1397.170    0.9997    0.9993 
  1397.180    0.9870    0.9993 
  1397.190    1.0107    0.9993 
  1397.200    1.0583    0.9993 
  1397.210    1.0180    0.9993 
  1397.220    0.9440    0.9993 
  1397.230    0.9233    0.9993 
  1397.240    0.9065    0.9993 
  1397.250    0.9123    0.9994 
  1397.260    0.9074    0.9994 
  1397.270    0.8720    0.9994 
  1397.280    0.8891    0.9994 
  1397.290    0.9817    0.9994 
  1397.300    1.1258    0.9994 
  1397.310    1.1579    0.9994 
  1397.320    1.0277    0.9994 
  1397.330    1.0452    0.9994 
  1397.340    1.1153    0.9994 
  1397.350    1.0220    0.9994 
  1397.360    1.0211    0.9994 
  1397.370    0.9669    0.9994 
  1397.380    0.9858    0.9994 
  1397.390    1.0233    0.9994 
  1397.400    1.0473    0.9994 
  1397.410    1.0129    0.9994 
  1397.420    0.9464    0.9994 
  1397.430    1.0730    0.9994 
  1397.440    1.0028    0.9994 
  1397.450    0.8925    0.9994 
  1397.460    0.9411    0.9994 
  1397.470    0.9528    0.9994 
  1397.480    0.9674    0.9994 
  1397.490    0.9490    0.9994 
  1397.500    0.9547    0.9994 
  1397.510    1.0026    0.9994 
  1397.520    0.9762    0.9994 
  1397.530    0.9955    0.9994 
  1397.540    1.0197    0.9994 
  1397.550    1.0570    0.9994 
  1397.560    1.0673    0.9994 
  1397.570    0.9853    0.9994 
  1397.580    1.0480    0.9994 
  1397.590    1.0721    0.9994 
  1397.600    1.0316    0.9994 
  1397.610    0.9657    0.9994 
  1397.620    0.9269    0.9994 
  1397.630    0.8982    0.9994 
  1397.640    0.9803    0.9994 
  1397.650    0.9866    0.9994 
  1397.660    1.0082    0.9994 
  1397.670    1.0211    0.9994 
  1397.680    0.9192    0.9994 
  1397.690    0.9661    0.9994 
  1397.700    1.0330    0.9995 
  1397.710    0.9213    0.9995 
  1397.720    0.9755    0.9995 
  1397.730    1.0800    0.9995 
  1397.740    1.0748    0.9995 
  1397.750    1.0183    0.9995 
  1397.760    0.9432    0.9995 
  1397.770    0.9237    0.9995 
  1397.780    0.9350    0.9995 
  1397.790    1.0236    0.9995 
  1397.800    1.0333    0.9995 
  1397.810    0.9942    0.9995 
  1397.820    1.0157    0.9995 
  1397.830    1.0072    0.9995 
  1397.840    0.9635    0.9995 
  1397.850    0.9929    0.9995 
  1397.860    0.9709    0.9995 
  1397.870    0.9396    0.9995 
  1397.880    0.9239    0.9995 
  1397.890    0.9746    0.9995 
  1397.900    1.0343    0.9995 
  1397.910    1.0363    0.9995 
  1397.920    1.0297    0.9995 
  1397.930    0.9875    0.9995 
  1397.940    1.0134    0.9995 
  1397.950    0.9985    0.9995 
  1397.960    1.0350    0.9995 
  1397.970    1.0313    0.9995 
  1397.980    0.9593    0.9995 
  1397.990    1.1236    0.9995 
  1398.000    1.2539    0.9995 
  1398.010    1.1324    0.9995 
  1398.020    0.9907    0.9995 
  1398.030    0.9311    0.9995 
  1398.040    0.8642    0.9995 
  1398.050    0.8779    0.9995 
  1398.060    1.0009    0.9995 
  1398.070    1.0551    0.9995 
  1398.080    1.0195    0.9995 
  1398.090    0.9157    0.9995 
  1398.100    0.9972    0.9995 
  1398.110    1.0141    0.9995 
  1398.120    1.0263    0.9995 
  1398.130    1.0445    0.9995 
  1398.140    1.0030    0.9995 
  1398.150    0.9100    0.9995 
  1398.160    0.8503    0.9995 
  1398.170    0.8885    0.9995 
  1398.180    0.9234    0.9995 
  1398.190    0.9535    0.9995 
  1398.200    0.9803    0.9995 
  1398.210    0.9658    0.9995 
  1398.220    0.9690    0.9995 
  1398.230    1.0569    0.9995 
  1398.240    0.9986    0.9995 
  1398.250    0.9896    0.9995 
  1398.260    1.0057    0.9995 
  1398.270    1.0455    0.9995 
  1398.280    1.0443    0.9995 
  1398.290    0.8849    0.9995 
  1398.300    0.9853    0.9995 
  1398.310    1.1017    0.9995 
  1398.320    1.0704    0.9995 
  1398.330    0.9533    0.9995 
  1398.340    0.9057    0.9995 
  1398.350    0.9958    0.9995 
  1398.360    1.0132    0.9995 
  1398.370    0.8710    0.9995 
  1398.380    0.9436    0.9995 
  1398.390    1.0342    0.9995 
  1398.400    0.9944    0.9995 
  1398.410    0.9534    0.9995 
  1398.420    1.0138    0.9995 
  1398.430    0.9492    0.9995 
  1398.440    1.0505    0.9995 
  1398.450    1.0180    0.9995 
  1398.460    1.0112    0.9995 
  1398.470    1.0267    0.9995 
  1398.480    1.0496    0.9995 
  1398.490    1.0351    0.9995 
  1398.500    1.1063    0.9995 
  1398.510    1.2294    0.9995 
  1398.520    1.0476    0.9995 
  1398.530    1.0009    0.9995 
  1398.540    0.9576    0.9995 
  1398.550    0.8953    0.9995 
  1398.560    0.9642    0.9995 
  1398.570    0.9824    0.9995 
  1398.580    0.8867    0.9995 
  1398.590    0.9368    0.9995 
  1398.600    1.0616    0.9995 
  1398.610    1.0106    0.9995 
  1398.620    1.0125    0.9995 
  1398.630    1.0706    0.9995 
  1398.640    1.1629    0.9995 
  1398.650    0.9654    0.9995 
  1398.660    0.8705    0.9995 
  1398.670    0.8962    0.9995 
  1398.680    1.0045    0.9995 
  1398.690    1.0346    0.9995 
  1398.700    0.9396    0.9995 
  1398.710    0.9556    0.9995 
  1398.720    1.0421    0.9995 
  1398.730    1.0123    0.9995 
  1398.740    1.0509    0.9995 
  1398.750    1.1278    0.9995 
  1398.760    0.9327    0.9995 
  1398.770    1.0104    0.9995 
  1398.780    1.0768    0.9995 
  1398.790    1.0270    0.9995 
  1398.800    1.0553    0.9995 
  1398.810    1.0334    0.9995 
  1398.820    0.8947    0.9995 
  1398.830    0.9140    0.9995 
  1398.840    1.0002    0.9995 
  1398.850    1.0587    0.9995 
  1398.860    0.9706    0.9995 
  1398.870    0.9777    0.9995 
  1398.880    1.0719    0.9995 
  1398.890    1.0601    0.9995 
  1398.900    1.0415    0.9995 
  1398.910    1.2338    0.9995 
  1398.920    1.0824    0.9995 
  1398.930    1.0366    0.9995 
  1398.940    0.9884    0.9995 
  1398.950    1.0502    0.9995 
  1398.960    1.0354    0.9995 
  1398.970    1.0202    0.9995 
  1398.980    1.1311    0.9995 
  1398.990    1.0016    0.9995 
  1399.000    1.0447    0.9995 
  1399.010    1.0765    0.9995 
  1399.020    1.0984    0.9995 
  1399.030    0.9772    0.9995 
  1399.040    1.0274    0.9995 
  1399.050    1.0281    0.9995 
  1399.060    1.0350    0.9995 
  1399.070    0.9961    0.9995 
  1399.080    0.9167    0.9995 
  1399.090    1.0133    0.9995 
  1399.100    1.0569    0.9995 
  1399.110    0.9957    0.9995 
  1399.120    0.9931    0.9995 
  1399.130    0.9054    0.9995 
  1399.140    0.8909    0.9995 
  1399.150    0.9182    0.9995 
  1399.160    0.8856    0.9995 
  1399.170    0.9543    0.9995 
  1399.180    0.9299    0.9995 
  1399.190    1.1509    0.9995 
  1399.200    0.9339    0.9995 
  1399.210    0.9736    0.9995 
  1399.220    0.9815    0.9995 
  1399.230    0.9970    0.9995 
  1399.240    1.0932    0.9995 
  1399.250    1.0024    0.9995 
  1399.260    1.1146    0.9995 
  1399.270    1.0328    0.9995 
  1399.280    1.1304    0.9995 
  1399.290    1.1064    0.9995 
  1399.300    0.9611    0.9995 
  1399.310    1.1290    0.9995 
  1399.320    0.9490    0.9995 
  1399.330    1.0036    0.9995 
  1399.340    1.0244    0.9995 
  1399.350    1.0886    0.9995 
  1399.360    0.9642    0.9995 
  1399.370    1.0302    0.9995 
  1399.380    1.1480    0.9995 
  1399.390    0.9919    0.9995 
  1399.400    1.0333    0.9995 
  1399.410    1.1839    0.9995 
  1399.420    1.0227    0.9995 
  1399.430    1.1064    0.9995 
  1399.440    1.0096    0.9995 
  1399.450    0.8364    0.9995 
  1399.460    0.9119    0.9995 
  1399.470    0.8242    0.9995 
  1399.480    1.0720    0.9995 
  1399.490    0.9590    0.9995 
  1399.500    0.9145    0.9995 
  1399.510    0.9599    0.9995 
  1399.520    0.9569    0.9995 
  1399.530    0.9161    0.9995 
  1399.540    1.0103    0.9995 
  1399.550    1.0518    0.9995 
  1399.560    0.9807    0.9995 
  1399.570    0.7399    0.9995 
  1399.580    1.1206    0.9995 
  1399.590    1.0875    0.9995 
  1399.600    0.9935    0.9995 
  1399.610    0.9597    0.9995 
  1399.620    0.9649    0.9995 
  1399.630    0.9094    0.9995 
  1399.640    0.9329    0.9995 
  1399.650    1.1454    0.9995 
  1399.660    1.0308    0.9995 
  1399.670    0.9420    0.9995 
  1399.680    1.0666    0.9995 
  1399.690    1.0365    0.9995 
  1399.700    1.0300    0.9995 
  1399.710    1.0023    0.9995 
  1399.720    1.0086    0.9995 
  1399.730    1.0465    0.9995 
  1399.740    0.9077    0.9995 
  1399.750    0.9820    0.9995 
  1399.760    0.7889    0.9995 
  1399.770    0.9824    0.9995 
  1399.780    0.8869    0.9995 
  1399.790    0.7908    0.9994 
  1399.800    0.9786    0.9994 
  1399.810    1.0290    0.9994 
  1399.820    1.2789    0.9994 
  1399.830    0.9167    0.9994 
  1399.840    1.0017    0.9994 
  1399.850    0.9679    0.9994 
  1399.860    0.8808    0.9994 
  1399.870    0.9999    0.9994 
  1399.880    0.9259    0.9994 
  1399.890    1.0437    0.9994 
  1399.900    1.0826    0.9994 
  1399.910    1.0077    0.9994 
  1399.920    0.9647    0.9994 
  1399.930    1.0573    0.9994 
  1399.940    1.0816    0.9994 
  1399.950    0.9027    0.9994 
  1399.960    0.9946    0.9994 
  1399.970    0.9312    0.9994 
  1399.980    0.8037    0.9994 
  1399.990    0.9331    0.9994 
  1400.000    0.9346    0.9994 
  1400.010    1.0203    0.9994 
  1400.020    1.0143    0.9994 
  1400.030    1.2454    0.9994 
  1400.040    0.9010    0.9994 
  1400.050    0.9731    0.9994 
  1400.060    1.1495    0.9994 
  1400.070    0.9068    0.9994 
  1400.080    1.0493    0.9994 
  1400.090    0.8881    0.9994 
  1400.100    0.9834    0.9994 
  1400.110    0.9509    0.9994 
  1400.120    0.8215    0.9994 
  1400.130    0.8491    0.9994 
  1400.140    0.9841    0.9994 
  1400.150    1.0013    0.9994 
  1400.160    0.8641    0.9994 
  1400.170    1.0655    0.9994 
  1400.180    0.8718    0.9994 
  1400.190    0.9380    0.9993 
  1400.200    1.0251    0.9993 
  1400.210    0.8697    0.9993 
  1400.220    0.8986    0.9993 
  1400.230    0.8813    0.9993 
  1400.240    0.9343    0.9993 
  1400.250    0.9389    0.9993 
  1400.260    1.0251    0.9993 
  1400.270    0.9965    0.9993 
  1400.280    1.0370    0.9993 
  1400.290    0.9545    0.9993 
  1400.300    0.9217    0.9993 
  1400.310    0.9362    0.9993 
  1400.320    0.8740    0.9993 
  1400.330    0.8836    0.9993 
  1400.340    0.9008    0.9993 
  1400.350    1.0207    0.9993 
  1400.360    1.0607    0.9993 
  1400.370    1.0239    0.9993 
  1400.380    0.9335    0.9993 
  1400.390    0.9945    0.9993 
  1400.400    0.9820    0.9993 
  1400.410    1.0701    0.9993 
  1400.420    1.0558    0.9993 
  1400.430    0.9094    0.9993 
  1400.440    0.9022    0.9992 
  1400.450    0.8580    0.9992 
  1400.460    1.0202    0.9992 
  1400.470    0.8649    0.9992 
  1400.480    0.8529    0.9992 
  1400.490    0.9358    0.9992 
  1400.500    0.9651    0.9992 
  1400.510    0.8858    0.9992 
  1400.520    0.8503    0.9992 
  1400.530    0.9487    0.9992 
  1400.540    0.9038    0.9992 
  1400.550    1.0316    0.9992 
  1400.560    0.8779    0.9992 
  1400.570    0.9339    0.9992 
  1400.580    1.0015    0.9992 
  1400.590    0.8124    0.9992 
  1400.600    0.9592    0.9992 
  1400.610    1.0033    0.9992 
  1400.620    0.9936    0.9991 
  1400.630    1.0035    0.9991 
  1400.640    1.0051    0.9991 
  1400.650    1.0498    0.9991 
  1400.660    1.0664    0.9991 
  1400.670    1.0998    0.9991 
  1400.680    1.0016    0.9991 
  1400.690    1.0524    0.9991 
  1400.700    0.9972    0.9991 
  1400.710    1.0060    0.9991 
  1400.720    1.0252    0.9991 
  1400.730    1.0095    0.9991 
  1400.740    0.9766    0.9991 
  1400.750    1.0734    0.9991 
  1400.760    0.9975    0.9991 
  1400.770    0.9926    0.9990 
  1400.780    1.0966    0.9990 
  1400.790    1.0802    0.9990 
  1400.800    0.9570    0.9990 
  1400.810    0.9642    0.9990 
  1400.820    1.0269    0.9990 
  1400.830    1.0544    0.9990 
  1400.840    1.0358    0.9990 
  1400.850    0.9999    0.9990 
  1400.860    0.9552    0.9990 
  1400.870    0.9720    0.9990 
  1400.880    1.0252    0.9989 
  1400.890    0.9263    0.9989 
  1400.900    0.9435    0.9989 
  1400.910    0.9358    0.9989 
  1400.920    0.9627    0.9989 
  1400.930    0.9028    0.9989 
  1400.940    0.9277    0.9989 
  1400.950    1.0069    0.9989 
  1400.960    0.9434    0.9989 
  1400.970    0.9708    0.9989 
  1400.980    0.9472    0.9988 
  1400.990    1.0321    0.9988 
  1401.000    1.1665    0.9988 
  1401.010    1.0683    0.9988 
  1401.020    1.0327    0.9988 
  1401.030    0.9639    0.9988 
  1401.040    1.0698    0.9988 
  1401.050    0.9921    0.9988 
  1401.060    1.0057    0.9988 
  1401.070    0.9838    0.9987 
  1401.080    0.9738    0.9987 
  1401.090    0.8965    0.9987 
  1401.100    0.9435    0.9987 
  1401.110    1.0164    0.9987 
  1401.120    0.9870    0.9987 
  1401.130    0.9348    0.9987 
  1401.140    0.9499    0.9986 
  1401.150    1.1140    0.9986 
  1401.160    1.0763    0.9986 
  1401.170    1.0144    0.9986 
  1401.180    1.0342    0.9986 
  1401.190    1.0344    0.9986 
  1401.200    0.9123    0.9985 
  1401.210    0.9372    0.9985 
  1401.220    0.9833    0.9985 
  1401.230    0.9802    0.9985 
  1401.240    1.0766    0.9985 
  1401.250    1.0875    0.9985 
  1401.260    1.1164    0.9984 
  1401.270    1.1023    0.9984 
  1401.280    0.9868    0.9984 
  1401.290    0.9200    0.9984 
  1401.300    0.9857    0.9984 
  1401.310    1.1275    0.9983 
  1401.320    1.0074    0.9983 
  1401.330    0.8618    0.9983 
  1401.340    0.8498    0.9983 
  1401.350    0.9048    0.9983 
  1401.360    0.9582    0.9982 
  1401.370    0.9869    0.9982 
  1401.380    0.9730    0.9982 
  1401.390    0.9488    0.9982 
  1401.400    0.9081    0.9981 
  1401.410    0.9264    0.9981 
  1401.420    1.0098    0.9981 
  1401.430    0.9442    0.9981 
  1401.440    0.9500    0.9980 
  1401.450    0.9875    0.9980 
  1401.460    1.0148    0.9980 
  1401.470    1.0302    0.9979 
  1401.480    0.9279    0.9979 
  1401.490    0.9572    0.9979 
  1401.500    0.9576    0.9978 
  1401.510    0.8833    0.9978 
  1401.520    0.8660    0.9978 
  1401.530    0.8515    0.9977 
  1401.540    0.9000    0.9977 
  1401.550    0.9768    0.9977 
  1401.560    0.9968    0.9976 
  1401.570    1.0098    0.9976 
  1401.580    1.0029    0.9976 
  1401.590    0.9425    0.9975 
  1401.600    0.9524    0.9975 
  1401.610    0.9323    0.9974 
  1401.620    1.0199    0.9974 
  1401.630    1.0092    0.9974 
  1401.640    0.9850    0.9973 
  1401.650    1.1658    0.9973 
  1401.660    1.0447    0.9972 
  1401.670    0.9008    0.9972 
  1401.680    0.9977    0.9971 
  1401.690    1.0426    0.9971 
  1401.700    1.0706    0.9970 
  1401.710    1.0420    0.9970 
  1401.720    1.0435    0.9969 
  1401.730    1.0846    0.9968 
  1401.740    1.0425    0.9968 
  1401.750    1.0323    0.9967 
  1401.760    1.0490    0.9967 
  1401.770    0.9927    0.9966 
  1401.780    1.0468    0.9965 
  1401.790    0.9647    0.9965 
  1401.800    0.8879    0.9964 
  1401.810    0.9353    0.9963 
  1401.820    0.9913    0.9962 
  1401.830    0.9538    0.9962 
  1401.840    0.9359    0.9961 
  1401.850    0.8556    0.9960 
  1401.860    0.8962    0.9959 
  1401.870    0.9302    0.9958 
  1401.880    0.9455    0.9957 
  1401.890    0.9828    0.9956 
  1401.900    1.0171    0.9955 
  1401.910    0.9035    0.9954 
  1401.920    0.8471    0.9953 
  1401.930    1.0341    0.9952 
  1401.940    1.0110    0.9951 
  1401.950    0.9631    0.9950 
  1401.960    1.0120    0.9948 
  1401.970    1.0037    0.9947 
  1401.980    0.9337    0.9946 
  1401.990    0.9938    0.9944 
  1402.000    0.9538    0.9943 
  1402.010    0.9325    0.9942 
  1402.020    0.9169    0.9940 
  1402.030    0.8968    0.9938 
  1402.040    0.9154    0.9937 
  1402.050    0.9575    0.9935 
  1402.060    0.9888    0.9933 
  1402.070    1.0288    0.9931 
  1402.080    0.9324    0.9929 
  1402.090    0.9337    0.9927 
  1402.100    0.9250    0.9925 
  1402.110    1.0709    0.9923 
  1402.120    1.0004    0.9920 
  1402.130    0.9382    0.9918 
  1402.140    0.9262    0.9915 
  1402.150    0.9301    0.9912 
  1402.160    1.0282    0.9909 
  1402.170    0.9928    0.9906 
  1402.180    0.8745    0.9903 
  1402.190    0.8705    0.9900 
  1402.200    0.9566    0.9896 
  1402.210    0.9774    0.9892 
  1402.220    0.9581    0.9888 
  1402.230    0.9125    0.9884 
  1402.240    1.0215    0.9880 
  1402.250    1.0057    0.9875 
  1402.260    1.0201    0.9870 
  1402.270    0.9889    0.9864 
  1402.280    0.9606    0.9859 
  1402.290    0.9183    0.9853 
  1402.300    0.9188    0.9846 
  1402.310    1.0036    0.9839 
  1402.320    0.9816    0.9832 
  1402.330    0.9907    0.9824 
  1402.340    0.8438    0.9815 
  1402.350    0.8475    0.9806 
  1402.360    0.8799    0.9796 
  1402.370    0.9003    0.9786 
  1402.380    0.9401    0.9774 
  1402.390    0.8968    0.9762 
  1402.400    0.7445    0.9748 
  1402.410    0.8737    0.9734 
  1402.420    0.8552    0.9717 
  1402.430    0.9425    0.9700 
  1402.440    0.9426    0.9680 
  1402.450    0.8940    0.9659 
  1402.460    0.8966    0.9636 
  1402.470    0.9449    0.9610 
  1402.480    0.9692    0.9581 
  1402.490    0.9531    0.9548 
  1402.500    1.0633    0.9512 
  1402.510    1.1012    0.9471 
  1402.520    0.9838    0.9424 
  1402.530    0.9319    0.9371 
  1402.540    0.8189    0.9310 
  1402.550    0.8843    0.9239 
  1402.560    0.9689    0.9156 
  1402.570    0.9354    0.9058 
  1402.580    0.9557    0.8942 
  1402.590    0.7854    0.8807 
  1402.600    0.8798    0.8649 
  1402.610    0.8198    0.8468 
  1402.620    0.7877    0.8265 
  1402.630    0.8629    0.8042 
  1402.640    0.7454    0.7802 
  1402.650    0.7553    0.7550 
  1402.660    0.6951    0.7294 
  1402.670    0.6923    0.7039 
  1402.680    0.7014    0.6792 
  1402.690    0.6560    0.6558 
  1402.700    0.5925    0.6341 
  1402.710    0.5748    0.6147 
  1402.720    0.5999    0.5978 
  1402.730    0.5796    0.5836 
  1402.740    0.6212    0.5724 
  1402.750    0.5682    0.5643 
  1402.760    0.5012    0.5594 
  1402.770    0.5912    0.5577 
  1402.780    0.5643    0.5594 
  1402.790    0.4685    0.5643 
  1402.800    0.5483    0.5724 
  1402.810    0.6377    0.5836 
  1402.820    0.5266    0.5978 
  1402.830    0.6391    0.6147 
  1402.840    0.6425    0.6341 
  1402.850    0.7099    0.6558 
  1402.860    0.6786    0.6792 
  1402.870    0.6379    0.7039 
  1402.880    0.7373    0.7294 
  1402.890    0.7439    0.7551 
  1402.900    0.7255    0.7802 
  1402.910    0.7788    0.8042 
  1402.920    0.7540    0.8265 
  1402.930    0.9176    0.8468 
  1402.940    0.8808    0.8649 
  1402.950    0.8378    0.8807 
  1402.960    0.9580    0.8942 
  1402.970    0.9013    0.9058 
  1402.980    0.9714    0.9156 
  1402.990    1.0450    0.9239 
  1403.000    1.0991    0.9310 
  1403.010    1.0356    0.9371 
  1403.020    0.9462    0.9424 
  1403.030    0.9716    0.9471 
  1403.040    0.8943    0.9512 
  1403.050    1.0312    0.9548 
  1403.060    0.9182    0.9581 
  1403.070    0.9635    0.9610 
  1403.080    0.8635    0.9636 
  1403.090    0.9418    0.9659 
  1403.100    1.0332    0.9681 
  1403.110    1.0839    0.9700 
  1403.120    0.9744    0.9718 
  1403.130    0.8509    0.9734 
  1403.140    0.9438    0.9748 
  1403.150    0.8675    0.9762 
  1403.160    0.9822    0.9774 
  1403.170    0.9545    0.9786 
  1403.180    0.8853    0.9797 
  1403.190    0.9481    0.9806 
  1403.200    1.0074    0.9816 
  1403.210    0.9311    0.9824 
  1403.220    1.1912    0.9832 
  1403.230    1.0700    0.9839 
  1403.240    1.0259    0.9846 
  1403.250    1.0180    0.9853 
  1403.260    1.0052    0.9859 
  1403.270    0.9985    0.9865 
  1403.280    1.0423    0.9870 
  1403.290    0.9811    0.9875 
  1403.300    0.8909    0.9880 
  1403.310    0.9642    0.9884 
  1403.320    0.8332    0.9888 
  1403.330    0.9254    0.9892 
  1403.340    0.9467    0.9896 
  1403.350    0.9587    0.9900 
  1403.360    0.8822    0.9903 
  1403.370    0.9067    0.9906 
  1403.380    0.8364    0.9909 
  1403.390    0.8950    0.9912 
  1403.400    1.0639    0.9915 
  1403.410    0.9150    0.9918 
  1403.420    0.9666    0.9920 
  1403.430    0.8898    0.9923 
  1403.440    1.0126    0.9925 
  1403.450    1.0316    0.9927 
  1403.460    0.9928    0.9929 
  1403.470    0.9809    0.9931 
  1403.480    1.0182    0.9933 
  1403.490    0.9687    0.9935 
  1403.500    1.0267    0.9937 
  1403.510    0.9344    0.9939 
  1403.520    0.9585    0.9940 
  1403.530    1.1853    0.9942 
  1403.540    1.2054    0.9943 
  1403.550    1.0550    0.9945 
  1403.560    0.9443    0.9946 
  1403.570    0.9661    0.9947 
  1403.580    1.0946    0.9949 
  1403.590    1.0075    0.9950 
  1403.600    1.1961    0.9951 
  1403.610    1.0875    0.9952 
  1403.620    1.0118    0.9953 
  1403.630    0.9930    0.9954 
  1403.640    1.1203    0.9955 
  1403.650    1.1173    0.9956 
  1403.660    1.1760    0.9957 
  1403.670    0.9942    0.9958 
  1403.680    1.1292    0.9959 
  1403.690    1.1324    0.9960 
  1403.700    1.0375    0.9961 
  1403.710    1.0322    0.9962 
  1403.720    0.9724    0.9963 
  1403.730    0.9554    0.9963 
  1403.740    1.0153    0.9964 
  1403.750    1.0502    0.9965 
  1403.760    0.9597    0.9965 
  1403.770    1.0788    0.9966 
  1403.780    0.8881    0.9967 
  1403.790    0.8306    0.9967 
  1403.800    1.0184    0.9968 
  1403.810    0.9100    0.9969 
  1403.820    0.8940    0.9969 
  1403.830    1.0245    0.9970 
  1403.840    0.9101    0.9970 
  1403.850    1.1406    0.9971 
  1403.860    1.0067    0.9971 
  1403.870    1.0509    0.9972 
  1403.880    1.0144    0.9972 
  1403.890    0.9638    0.9973 
  1403.900    1.0463    0.9973 
  1403.910    0.9893    0.9974 
  1403.920    1.0794    0.9974 
  1403.930    1.1244    0.9975 
  1403.940    0.9811    0.9975 
  1403.950    1.1699    0.9976 
  1403.960    0.9868    0.9976 
  1403.970    0.9143    0.9976 
  1403.980    1.0597    0.9977 
  1403.990    1.1321    0.9977 
  1404.000    1.1554    0.9977 
  1404.010    1.0692    0.9978 
  1404.020    1.0327    0.9978 
  1404.030    1.0383    0.9978 
  1404.040    1.0428    0.9979 
  1404.050    0.9624    0.9979 
  1404.060    0.9359    0.9979 
  1404.070    0.9656    0.9980 
  1404.080    1.0238    0.9980 
  1404.090    0.9181    0.9980 
  1404.100    0.9486    0.9981 
  1404.110    1.0998    0.9981 
  1404.120    1.0823    0.9981 
  1404.130    0.9398    0.9981 
  1404.140    0.8881    0.9982 
  1404.150    0.9483    0.9982 
  1404.160    1.0488    0.9982 
  1404.170    1.0680    0.9982 
  1404.180    0.9050    0.9983 
  1404.190    1.0463    0.9983 
  1404.200    1.0670    0.9983 
  1404.210    1.1274    0.9983 
  1404.220    0.9818    0.9984 
  1404.230    1.1330    0.9984 
  1404.240    1.1164    0.9984 
  1404.250    1.0628    0.9984 
  1404.260    1.0176    0.9984 
  1404.270    1.0116    0.9985 
  1404.280    1.0041    0.9985 
  1404.290    1.0738    0.9985 
  1404.300    1.1557    0.9985 
  1404.310    1.0987    0.9985 
  1404.320    1.0802    0.9986 
  1404.330    1.1556    0.9986 
  1404.340    1.0844    0.9986 
  1404.350    1.1324    0.9986 
  1404.360    1.0282    0.9986 
  1404.370    1.0004    0.9986 
  1404.380    1.0395    0.9987 
  1404.390    0.9884    0.9987 
  1404.400    1.0092    0.9987 
  1404.410    1.0328    0.9987 
  1404.420    0.9896    0.9987 
  1404.430    0.9839    0.9987 
  1404.440    0.9307    0.9987 
  1404.450    0.9679    0.9988 
  1404.460    0.9351    0.9988 
  1404.470    1.0240    0.9988 
  1404.480    1.0781    0.9988 
  1404.490    1.0257    0.9988 
  1404.500    0.9133    0.9988 
  1404.510    1.0001    0.9988 
  1404.520    0.9189    0.9988 
  1404.530    1.0313    0.9989 
  1404.540    1.0664    0.9989 
  1404.550    1.0526    0.9989 
  1404.560    1.1040    0.9989 
  1404.570    0.9756    0.9989 
  1404.580    0.8817    0.9989 
  1404.590    0.8650    0.9989 
  1404.600    0.9289    0.9989 
  1404.610    1.1068    0.9990 
  1404.620    1.0582    0.9990 
  1404.630    1.0456    0.9990 
  1404.640    1.0086    0.9990 
  1404.650    1.0516    0.9990 
  1404.660    1.0493    0.9990 
  1404.670    1.2073    0.9990 
  1404.680    1.1702    0.9990 
  1404.690    1.0749    0.9990 
  1404.700    1.0842    0.9990 
  1404.710    0.9977    0.9991 
  1404.720    0.9532    0.9991 
  1404.730    1.0052    0.9991 
  1404.740    0.9692    0.9991 
  1404.750    1.0086    0.9991 
  1404.760    1.0145    0.9991 
  1404.770    0.9960    0.9991 
  1404.780    1.0234    0.9991 
  1404.790    1.0006    0.9991 
  1404.800    1.0028    0.9991 
  1404.810    1.0079    0.9991 
  1404.820    0.9206    0.9992 
  1404.830    0.9591    0.9992 
  1404.840    0.8972    0.9992 
  1404.850    0.8767    0.9992 
  1404.860    0.9021    0.9992 
  1404.870    0.8761    0.9992 
  1404.880    1.0626    0.9992 
  1404.890    1.1676    0.9992 
  1404.900    1.0746    0.9992 
  1404.910    1.0277    0.9992 
  1404.920    1.0941    0.9992 
  1404.930    1.1224    0.9992 
  1404.940    1.0632    0.9992 
  1404.950    1.1234    0.9992 
  1404.960    1.1093    0.9993 
  1404.970    1.0663    0.9993 
  1404.980    0.9752    0.9993 
  1404.990    0.9430    0.9993 
  1405.000    0.9057    0.9993 
  1405.010    0.9492    0.9993 
  1405.020    0.9921    0.9993 
  1405.030    1.0025    0.9993 
  1405.040    0.9771    0.9993 
  1405.050    0.9961    0.9993 
  1405.060    0.9977    0.9993 
  1405.070    0.9166    0.9993 
  1405.080    0.9910    0.9993 
  1405.090    1.0861    0.9993 
  1405.100    1.0275    0.9993 
  1405.110    0.9398    0.9993 
  1405.120    0.8991    0.9993 
  1405.130    0.8941    0.9994 
  1405.140    0.9573    0.9994 
  1405.150    0.9977    0.9994 
  1405.160    0.9960    0.9994 
  1405.170    0.9348    0.9994 
  1405.180    0.9129    0.9994 
  1405.190    0.9441    0.9994 
  1405.200    0.9604    0.9994 
  1405.210    0.9477    0.9994 
  1405.220    0.9008    0.9994 
  1405.230    0.9912    0.9994 
  1405.240    0.9998    0.9994 
  1405.250    0.9730    0.9994 
  1405.260    0.9629    0.9994 
  1405.270    0.9975    0.9994 
  1405.280    1.1482    0.9994 
  1405.290    1.0600    0.9994 
  1405.300    0.9812    0.9994 
  1405.310    1.0236    0.9994 
  1405.320    0.9548    0.9994 
  1405.330    0.9646    0.9994 
  1405.340    1.0507    0.9994 
  1405.350    1.0256    0.9995 
  1405.360    0.9912    0.9995 
  1405.370    0.9778    0.9995 
  1405.380    0.9475    0.9995 
  1405.390    0.9506    0.9995 
  1405.400    0.9227    0.9995 
  1405.410    0.9291    0.9995 
  1405.420    1.0000    0.9995 
  1405.430    1.0054    0.9995 
  1405.440    0.9950    0.9995 
  1405.450    1.0192    0.9995 
  1405.460    1.0010    0.9995 
  1405.470    1.0228    0.9995 
  1405.480    0.9717    0.9995 
  1405.490    0.9435    0.9995 
  1405.500    1.0500    0.9995 
  1405.510    1.0846    0.9995 
  1405.520    1.0223    0.9995 
  1405.530    0.8975    0.9995 
  1405.540    0.9601    0.9995 
  1405.550    1.0585    0.9995 
  1405.560    1.0076    0.9995 
  1405.570    0.9962    0.9995 
  1405.580    1.1008    0.9995 
  1405.590    1.0357    0.9995 
  1405.600    0.8789    0.9995 
  1405.610    0.9609    0.9995 
  1405.620    1.0388    0.9995 
  1405.630    1.0523    0.9995 
  1405.640    1.0414    0.9996 
  1405.650    1.0137    0.9996 
  1405.660    1.0302    0.9996 
  1405.670    1.0497    0.9996 
  1405.680    1.0401    0.9996 
  1405.690    1.0449    0.9996 
  1405.700    1.0483    0.9996 
  1405.710    1.0211    0.9996 
  1405.720    0.9605    0.9996 
  1405.730    0.9292    0.9996 
  1405.740    0.9268    0.9996 
  1405.750    0.9731    0.9996 
  1405.760    0.8603    0.9996 
  1405.770    0.8916    0.9996 
  1405.780    0.9621    0.9996 
  1405.790    1.0568    0.9996 
  1405.800    0.9084    0.9996 
  1405.810    0.9095    0.9996 
  1405.820    1.0020    0.9996 
  1405.830    0.9552    0.9996 
  1405.840    0.9957    0.9996 
  1405.850    0.9593    0.9996 
  1405.860    1.0010    0.9996 
  1405.870    0.9790    0.9996 
  1405.880    1.0106    0.9996 
  1405.890    1.0280    0.9996 
  1405.900    0.9365    0.9996 
  1405.910    0.9497    0.9996 
  1405.920    1.0343    0.9996 
  1405.930    1.1392    0.9996 
  1405.940    0.9917    0.9996 
  1405.950    0.9952    0.9996 
  1405.960    1.0345    0.9996 
  1405.970    1.0439    0.9996 
  1405.980    0.8907    0.9996 
  1405.990    0.9063    0.9996 
  1406.000    0.9749    0.9996 
  1406.010    1.0638    0.9996 
  1406.020    0.9116    0.9996 
  1406.030    0.9166    0.9996 
  1406.040    1.0962    0.9996 
  1406.050    0.9935    0.9996 
  1406.060    1.0680    0.9997 
  1406.070    0.9592    0.9997 
  1406.080    0.9012    0.9997 
  1406.090    0.9515    0.9997 
  1406.100    0.8678    0.9997 
  1406.110    0.9082    0.9997 
  1406.120    0.8927    0.9997 
  1406.130    0.9997    0.9997 
  1406.140    1.0530    0.9997 
  1406.150    1.0516    0.9997 
  1406.160    0.9904    0.9997 
  1406.170    0.9362    0.9997 
  1406.180    1.1002    0.9997 
  1406.190    1.0826    0.9997 
  1406.200    1.0280    0.9997 
  1406.210    0.9677    0.9997 
  1406.220    0.9721    0.9997 
  1406.230    1.0703    0.9997 
  1406.240    0.9298    0.9997 
  1406.250    0.9507    0.9997 
  1406.260    0.9155    0.9997 
  1406.270    0.9869    0.9997 
  1406.280    0.9956    0.9997 
  1406.290    1.0129    0.9997 
  1406.300    1.0243    0.9997 
  1406.310    0.9681    0.9997 
  1406.320    1.0053    0.9997 
  1406.330    0.8819    0.9997 
  1406.340    0.9839    0.9997 
  1406.350    0.9503    0.9997 
  1406.360    1.0290    0.9997 
  1406.370    0.9834    0.9997 
  1406.380    1.1009    0.9997 
  1406.390    1.0202    0.9997 
  1406.400    1.0097    0.9997 
  1406.410    1.0679    0.9997 
  1406.420    0.9224    0.9997 
  1406.430    1.1004    0.9997 
  1406.440    0.9554    0.9997 
  1406.450    1.0352    0.9997 
  1406.460    0.9174    0.9997 
  1406.470    0.9097    0.9997 
  1406.480    0.8532    0.9997 
  1406.490    0.9639    0.9997 
  1406.500    1.0778    0.9997 
  1406.510    0.9715    0.9997 
  1406.520    0.8863    0.9997 
  1406.530    0.9203    0.9997 
  1406.540    0.9627    0.9997 
  1406.550    0.8663    0.9997 
  1406.560    1.0200    0.9997 
  1406.570    0.9633    0.9997 
  1406.580    0.9203    0.9997 
  1406.590    0.9388    0.9997 
  1406.600    1.0584    0.9997 
  1406.610    1.1229    0.9997 
  1406.620    0.9727    0.9997 
  1406.630    0.9555    0.9997 
  1406.640    0.8742    0.9997 
  1406.650    0.9393    0.9997 
  1406.660    0.9617    0.9997 
  1406.670    0.8745    0.9997 
  1406.680    1.0949    0.9997 
  1406.690    0.9216    0.9997 
  1406.700    0.8728    0.9997 
  1406.710    1.0200    0.9997 
  1406.720    1.0002    0.9997 
  1406.730    1.0772    0.9998 
  1406.740    0.8764    0.9998 
  1406.750    1.0137    0.9998 
  1406.760    1.1576    0.9998 
  1406.770    1.1487    0.9998 
  1406.780    1.0286    0.9998 
  1406.790    0.9870    0.9998 
  1406.800    0.9816    0.9998 
  1406.810    1.1925    0.9998 
  1406.820    1.0795    0.9998 
  1406.830    1.0950    0.9998 
  1406.840    1.2095    0.9998 
  1406.850    1.1334    0.9998 
  1406.860    1.2240    0.9998 
  1406.870    1.0270    0.9998 
  1406.880    0.8936    0.9998 
  1406.890    1.1896    0.9998 
  1406.900    1.0543    0.9998 
  1406.910    0.9380    0.9998 
  1406.920    1.0281    0.9998 
  1406.930    1.1235    0.9998 
  1406.940    1.1042    0.9998 
  1406.950    0.9430    0.9998 
  1406.960    0.9186    0.9998 
  1406.970    1.0257    0.9998 
  1406.980    0.9994    0.9998 
  1406.990    0.9719    0.9998 
  1407.000    1.1854    0.9998 
  1407.010    1.1132    0.9998 
  1407.020    0.8740    0.9998 
  1407.030    0.8048    0.9998 
  1407.040    1.0271    0.9998 
  1407.050    0.9581    0.9998 
  1407.060    1.0830    0.9998 
  1407.070    0.9795    0.9998 
  1407.080    1.0407    0.9998 
  1407.090    1.0277    0.9998 
  1407.100    1.1409    0.9998 
  1407.110    0.8962    0.9998 
  1407.120    1.0006    0.9998 
  1407.130    1.0561    0.9998 
  1407.140    0.8612    0.9998 
  1407.150    0.9660    0.9998 
  1407.160    1.0078    0.9998 
  1407.170    1.0964    0.9998 
  1407.180    1.1029    0.9998 
  1407.190    1.0810    0.9998 
  1407.200    1.0056    0.9998 
  1407.210    1.0104    0.9998 
  1407.220    1.0245    0.9998 
  1407.230    1.0390    0.9998 
  1407.240    0.9552    0.9998 
  1407.250    0.8748    0.9998 
  1407.260    1.0408    0.9998 
  1407.270    1.0145    0.9998 
  1407.280    1.0392    0.9998 
  1407.290    0.9492    0.9998 
  1407.300    1.0974    0.9998 
  1407.310    0.9756    0.9998 
  1407.320    1.0393    0.9998 
  1407.330    0.8946    0.9998 
  1407.340    1.0704    0.9998 
  1407.350    0.9561    0.9998 
  1407.360    0.9139    0.9998 
  1407.370    0.9907    0.9998 
  1407.380    0.9557    0.9998 
  1407.390    0.9416    0.9998 
  1407.400    1.1196    0.9998 
  1407.410    1.0449    0.9998 
  1407.420    0.9208    0.9998 
  1407.430    0.9815    0.9998 
  1407.440    1.0347    0.9998 
  1407.450    1.0959    0.9998 
  1407.460    0.9954    0.9998 
  1407.470    1.0640    0.9998 
  1407.480    0.9927    0.9998 
  1407.490    1.0984    0.9998 
  1407.500    1.0024    0.9998 
  1407.510    0.8773    0.9998 
  1407.520    1.0272    0.9998 
  1407.530    1.0337    0.9998 
  1407.540    0.9915    0.9998 
  1407.550    0.9956    0.9998 
  1407.560    1.0660    0.9998 
  1407.570    1.0594    0.9998 
  1407.580    1.0750    0.9998 
  1407.590    1.2197    0.9998 
  1407.600    1.1997    0.9998 
  1407.610    0.9447    0.9998 
  1407.620    1.0417    0.9998 
  1407.630    0.9407    0.9998 
  1407.640    1.0177    0.9998 
  1407.650    0.9453    0.9998 
  1407.660    0.8898    0.9998 
  1407.670    1.0727    0.9998 
  1407.680    0.9831    0.9998 
  1407.690    1.0243    0.9998 
  1407.700    1.0356    0.9998 
  1407.710    1.0482    0.9998 
  1407.720    0.9577    0.9998 
  1407.730    0.9167    0.9998 
  1407.740    0.9815    0.9998 
  1407.750    0.9353    0.9998 
  1407.760    0.8970    0.9998 
  1407.770    0.8687    0.9998 
  1407.780    0.8588    0.9998 
  1407.790    0.9451    0.9998 
  1407.800    0.9932    0.9998 
  1407.810    1.0251    0.9998 
  1407.820    1.0016    0.9998 
  1407.830    1.0019    0.9998 
  1407.840    0.9506    0.9998 
  1407.850    0.9901    0.9998 
  1407.860    1.0088    0.9998 
  1407.870    1.0125    0.9998 
  1407.880    1.1060    0.9998 
  1407.890    0.9580    0.9998 
  1407.900    0.9695    0.9998 
  1407.910    0.9878    0.9998 
  1407.920    1.0261    0.9998 
  1407.930    1.1503    0.9998 
  1407.940    1.0278    0.9998 
  1407.950    1.1132    0.9998 
  1407.960    1.0824    0.9998 
  1407.970    1.1361    0.9998 
  1407.980    1.1202    0.9998 
  1407.990    1.0500    0.9998 
  1408.000    1.0281    0.9998 
  1408.010    0.9941    0.9998 
  1408.020    1.0301    0.9998 
  1408.030    1.0614    0.9998 
  1408.040    0.9190    0.9998 
  1408.050    1.0218    0.9998 
  1408.060    1.0894    0.9999 
  1408.070    1.2115    0.9999 
  1408.080    1.0851    0.9999 
  1408.090    1.1426    0.9999 
  1408.100    1.0951    0.9999 
  1408.110    1.0210    0.9999 
  1408.120    1.0003    0.9999 
  1408.130    0.9559    0.9999 
  1408.140    1.0055    0.9999 
  1408.150    1.0534    0.9999 
  1408.160    1.0088    0.9999 
  1408.170    0.9904    0.9999 
  1408.180    0.9990    0.9999 
  1408.190    1.0038    0.9999 
  1408.200    0.9519    0.9999 
  1408.210    0.9993    0.9999 
  1408.220    0.8934    0.9999 
  1408.230    0.9023    0.9999 
  1408.240    0.9014    0.9999 
  1408.250    0.8481    0.9999 
  1408.260    0.9866    0.9999 
  1408.270    0.9756    0.9999 
  1408.280    0.9530    0.9999 
  1408.290    0.9478    0.9999 
  1408.300    0.9890    0.9999 
  1408.310    0.9897    0.9999 
  1408.320    0.9372    0.9999 
  1408.330    0.9326    0.9999 
  1408.340    0.9607    0.9999 
  1408.350    1.0582    0.9999 
  1408.360    1.0390    0.9999 
  1408.370    0.9906    0.9999 
  1408.380    1.0293    0.9999 
  1408.390    1.0110    0.9999 
  1408.400    0.9261    0.9999 
  1408.410    0.9036    0.9999 
  1408.420    0.9440    0.9999 
  1408.430    1.0218    0.9999 
  1408.440    0.9744    0.9999 
  1408.450    0.9451    0.9999 
  1408.460    1.0119    0.9999 
  1408.470    1.0108    0.9999 
  1408.480    1.0272    0.9999 
  1408.490    1.0885    0.9999 
  1408.500    0.8995    0.9999 
  1408.510    0.8982    0.9999 
  1408.520    0.9493    0.9999 
  1408.530    0.9423    0.9999 
  1408.540    0.9266    0.9999 
  1408.550    0.9569    0.9999 
  1408.560    1.0252    0.9999 
  1408.570    0.9470    0.9999 
  1408.580    0.8964    0.9999 
  1408.590    0.8983    0.9999 
  1408.600    0.9589    0.9999 
  1408.610    0.9856    0.9999 
  1408.620    0.9457    0.9999 
  1408.630    0.9291    0.9999 
  1408.640    0.9480    0.9999 
  1408.650    1.0216    0.9999 
  1408.660    1.0761    0.9999 
  1408.670    1.0132    0.9999 
  1408.680    0.9553    0.9999 
  1408.690    0.9077    0.9999 
  1408.700    0.9843    0.9999 
  1408.710    1.0551    0.9999 
  1408.720    0.9816    0.9999 
  1408.730    0.8995    0.9999 
  1408.740    0.9410    0.9999 
  1408.750    0.9953    0.9999 
  1408.760    1.0386    0.9999 
  1408.770    1.0633    0.9999 
  1408.780    1.0648    0.9999 
  1408.790    1.0735    0.9999 
  1408.800    1.0917    0.9999 
  1408.810    1.0639    0.9999 
  1408.820    1.0171    0.9999 
  1408.830    1.0846    0.9999 
  1408.840    1.1331    0.9999 
  1408.850    1.0285    0.9999 
  1408.860    0.9860    0.9999 
  1408.870    1.0880    0.9999 
  1408.880    1.0832    0.9999 
  1408.890    1.0746    0.9999 
  1408.900    1.1299    0.9999 
  1408.910    1.0189    0.9999 
  1408.920    0.9711    0.9999 
  1408.930    1.0377    0.9999 
  1408.940    0.9789    0.9999 
  1408.950    0.9341    0.9999 
  1408.960    0.9589    0.9999 
  1408.970    0.9331    0.9999 
  1408.980    0.9182    0.9999 
  1408.990    0.9903    0.9999 
  1409.000    0.9246    0.9999 
