   1292.0000     0.8934     1.0000  
   1292.0100     0.9243     1.0000  
   1292.0200     0.9149     1.0000  
   1292.0300     0.9014     1.0000  
   1292.0400     0.8875     1.0000  
   1292.0500     0.8909     1.0000  
   1292.0600     0.8646     1.0000  
   1292.0700     0.8564     1.0000  
   1292.0800     0.8705     1.0000  
   1292.0900     0.8677     1.0000  
   1292.1000     0.8795     1.0000  
   1292.1100     0.8790     1.0000  
   1292.1200     0.8865     1.0000  
   1292.1300     0.8621     1.0000  
   1292.1400     0.8372     1.0000  
   1292.1500     0.8689     1.0000  
   1292.1600     0.9013     1.0000  
   1292.1700     0.9081     1.0000  
   1292.1800     0.9004     1.0000  
   1292.1900     0.9294     1.0000  
   1292.2000     0.9299     1.0000  
   1292.2100     0.9458     1.0000  
   1292.2200     0.9373     1.0000  
   1292.2300     1.0672     1.0000  
   1292.2400     1.0589     1.0000  
   1292.2500     1.0225     1.0000  
   1292.2600     1.0540     1.0000  
   1292.2700     1.0219     1.0000  
   1292.2800     1.0920     1.0000  
   1292.2900     1.0372     1.0000  
   1292.3000     0.9457     1.0000  
   1292.3100     0.9978     1.0000  
   1292.3200     1.0422     1.0000  
   1292.3300     1.0457     1.0000  
   1292.3400     1.0207     1.0000  
   1292.3500     1.0534     1.0000  
   1292.3600     0.9287     1.0000  
   1292.3700     0.9673     1.0000  
   1292.3800     0.9953     1.0000  
   1292.3900     1.0676     1.0000  
   1292.4000     1.0261     1.0000  
   1292.4100     1.0010     1.0000  
   1292.4200     0.9863     1.0000  
   1292.4300     1.0127     1.0000  
   1292.4400     0.9958     1.0000  
   1292.4500     0.9532     1.0000  
   1292.4600     0.9147     1.0000  
   1292.4700     0.9084     1.0000  
   1292.4800     0.9287     1.0000  
   1292.4900     0.9483     1.0000  
   1292.5000     0.9446     1.0000  
   1292.5100     0.9585     1.0000  
   1292.5200     0.9392     1.0000  
   1292.5300     0.9698     1.0000  
   1292.5400     0.9180     1.0000  
   1292.5500     0.9045     1.0000  
   1292.5600     0.9136     1.0000  
   1292.5700     0.9026     1.0000  
   1292.5800     0.9557     1.0000  
   1292.5900     0.9540     0.9999  
   1292.6000     0.9413     0.9999  
   1292.6100     0.9247     0.9999  
   1292.6200     0.9064     0.9999  
   1292.6300     0.9360     0.9999  
   1292.6400     0.9079     0.9999  
   1292.6500     1.0845     0.9999  
   1292.6600     1.0916     0.9999  
   1292.6700     0.9909     0.9999  
   1292.6800     1.1066     0.9999  
   1292.6900     1.1042     0.9999  
   1292.7000     1.0870     0.9999  
   1292.7100     1.1127     0.9999  
   1292.7200     1.0630     0.9999  
   1292.7300     1.0119     0.9999  
   1292.7400     1.0503     0.9999  
   1292.7500     1.1046     0.9999  
   1292.7600     1.1821     0.9999  
   1292.7700     1.0576     0.9999  
   1292.7800     1.0210     0.9999  
   1292.7900     1.0196     0.9999  
   1292.8000     0.9324     0.9999  
   1292.8100     1.0010     0.9999  
   1292.8200     1.0405     0.9999  
   1292.8300     1.0778     0.9999  
   1292.8400     1.0936     0.9999  
   1292.8500     1.0110     0.9999  
   1292.8600     1.1142     0.9999  
   1292.8700     1.0582     0.9999  
   1292.8800     0.9880     0.9999  
   1292.8900     0.9899     0.9999  
   1292.9000     1.0894     0.9999  
   1292.9100     1.0334     0.9999  
   1292.9200     0.9524     0.9999  
   1292.9300     0.9586     0.9999  
   1292.9400     1.1374     0.9999  
   1292.9500     0.9078     0.9999  
   1292.9600     1.0305     0.9999  
   1292.9700     1.0454     0.9999  
   1292.9800     0.9942     0.9999  
   1292.9900     0.9422     0.9999  
   1293.0000     0.9832     0.9999  
   1293.0100     1.0501     0.9999  
   1293.0200     1.0756     0.9999  
   1293.0300     0.9493     0.9999  
   1293.0400     0.9861     0.9999  
   1293.0500     0.9215     0.9999  
   1293.0600     1.0416     0.9999  
   1293.0700     1.0619     0.9999  
   1293.0800     0.8865     0.9999  
   1293.0900     0.9953     0.9999  
   1293.1000     1.0076     0.9999  
   1293.1100     1.0019     0.9999  
   1293.1200     1.0492     0.9999  
   1293.1300     0.9198     0.9999  
   1293.1400     0.9360     0.9999  
   1293.1500     0.9936     0.9999  
   1293.1600     1.0646     0.9999  
   1293.1700     0.8975     0.9999  
   1293.1800     1.0838     0.9999  
   1293.1900     1.0306     0.9999  
   1293.2000     1.0616     0.9999  
   1293.2100     1.0708     0.9999  
   1293.2200     1.0407     0.9999  
   1293.2300     1.0217     0.9999  
   1293.2400     1.0199     0.9999  
   1293.2500     1.0468     0.9999  
   1293.2600     0.9881     0.9999  
   1293.2700     1.0974     0.9999  
   1293.2800     1.0630     0.9999  
   1293.2900     1.0350     0.9999  
   1293.3000     1.0562     0.9999  
   1293.3100     1.0937     0.9999  
   1293.3200     1.1440     0.9999  
   1293.3300     0.9828     0.9999  
   1293.3400     1.0834     0.9999  
   1293.3500     0.9936     0.9999  
   1293.3600     1.1370     0.9999  
   1293.3700     1.1443     0.9999  
   1293.3800     1.0240     0.9999  
   1293.3900     1.0318     0.9999  
   1293.4000     1.0288     0.9999  
   1293.4100     1.0608     0.9999  
   1293.4200     1.0022     0.9999  
   1293.4300     1.0798     0.9999  
   1293.4400     1.1248     0.9999  
   1293.4500     1.1534     0.9999  
   1293.4600     0.9279     0.9999  
   1293.4700     1.0714     0.9999  
   1293.4800     0.9638     0.9999  
   1293.4900     0.8679     0.9999  
   1293.5000     1.0081     0.9999  
   1293.5100     1.1107     0.9999  
   1293.5200     1.0558     0.9999  
   1293.5300     1.0022     0.9999  
   1293.5400     0.8952     0.9999  
   1293.5500     1.0060     0.9999  
   1293.5600     1.0082     0.9998  
   1293.5700     1.1218     0.9998  
   1293.5800     0.8431     0.9998  
   1293.5900     1.0142     0.9998  
   1293.6000     1.0297     0.9998  
   1293.6100     1.0522     0.9998  
   1293.6200     1.0243     0.9998  
   1293.6300     0.9351     0.9998  
   1293.6400     0.9735     0.9998  
   1293.6500     0.8805     0.9998  
   1293.6600     1.0289     0.9998  
   1293.6700     0.9194     0.9998  
   1293.6800     0.9843     0.9998  
   1293.6900     0.9096     0.9998  
   1293.7000     1.0146     0.9998  
   1293.7100     0.9714     0.9998  
   1293.7200     1.0656     0.9998  
   1293.7300     1.1485     0.9998  
   1293.7400     1.0218     0.9998  
   1293.7500     1.0555     0.9998  
   1293.7600     0.9671     0.9998  
   1293.7700     1.0180     0.9998  
   1293.7800     0.9548     0.9998  
   1293.7900     0.8389     0.9998  
   1293.8000     1.0471     0.9997  
   1293.8100     0.9913     0.9997  
   1293.8200     1.0743     0.9997  
   1293.8300     0.9723     0.9997  
   1293.8400     0.9528     0.9997  
   1293.8500     0.9606     0.9997  
   1293.8600     0.9126     0.9997  
   1293.8700     1.1262     0.9997  
   1293.8800     0.9932     0.9997  
   1293.8900     0.9173     0.9997  
   1293.9000     0.9100     0.9997  
   1293.9100     0.9230     0.9997  
   1293.9200     0.9780     0.9997  
   1293.9300     0.9353     0.9996  
   1293.9400     0.9366     0.9996  
   1293.9500     0.9113     0.9996  
   1293.9600     0.9302     0.9996  
   1293.9700     0.9408     0.9996  
   1293.9800     1.0649     0.9996  
   1293.9900     0.9727     0.9996  
   1294.0000     1.0334     0.9995  
   1294.0100     0.9558     0.9995  
   1294.0200     0.9313     0.9995  
   1294.0300     1.0609     0.9995  
   1294.0400     0.9794     0.9995  
   1294.0500     1.0194     0.9995  
   1294.0600     1.0005     0.9994  
   1294.0700     0.9569     0.9994  
   1294.0800     1.0333     0.9994  
   1294.0900     0.9567     0.9994  
   1294.1000     1.0719     0.9993  
   1294.1100     1.0898     0.9993  
   1294.1200     1.0749     0.9993  
   1294.1300     1.1631     0.9992  
   1294.1400     1.1217     0.9992  
   1294.1500     1.0265     0.9991  
   1294.1600     1.0284     0.9991  
   1294.1700     1.0299     0.9990  
   1294.1800     0.9817     0.9990  
   1294.1900     1.0026     0.9989  
   1294.2000     0.9362     0.9989  
   1294.2100     0.9882     0.9988  
   1294.2200     1.0921     0.9987  
   1294.2300     1.0053     0.9986  
   1294.2400     0.9863     0.9985  
   1294.2500     0.9999     0.9984  
   1294.2600     0.9395     0.9982  
   1294.2700     0.9842     0.9981  
   1294.2800     0.9725     0.9979  
   1294.2900     0.9807     0.9977  
   1294.3000     0.9670     0.9974  
   1294.3100     0.9508     0.9971  
   1294.3200     0.9313     0.9968  
   1294.3300     0.8941     0.9963  
   1294.3400     0.8850     0.9956  
   1294.3500     0.8607     0.9946  
   1294.3600     0.9832     0.9931  
   1294.3700     1.0220     0.9908  
   1294.3800     0.9824     0.9871  
   1294.3900     1.0101     0.9815  
   1294.4000     0.9726     0.9732  
   1294.4100     0.8855     0.9616  
   1294.4200     0.9422     0.9463  
   1294.4300     0.9787     0.9271  
   1294.4400     1.0093     0.9046  
   1294.4500     0.9394     0.8793  
   1294.4600     0.8690     0.8526  
   1294.4700     0.8117     0.8258  
   1294.4800     0.8319     0.8001  
   1294.4900     0.7595     0.7768  
   1294.5000     0.7310     0.7567  
   1294.5100     0.7231     0.7403  
   1294.5200     0.6615     0.7281  
   1294.5300     0.6882     0.7200  
   1294.5400     0.7180     0.7159  
   1294.5500     0.6726     0.7159  
   1294.5600     0.7223     0.7200  
   1294.5700     0.7230     0.7281  
   1294.5800     0.8002     0.7403  
   1294.5900     0.9118     0.7567  
   1294.6000     0.9162     0.7768  
   1294.6100     0.8743     0.8001  
   1294.6200     0.7981     0.8258  
   1294.6300     0.9087     0.8526  
   1294.6400     0.8964     0.8793  
   1294.6500     0.9161     0.9046  
   1294.6600     0.8906     0.9271  
   1294.6700     0.9641     0.9463  
   1294.6800     0.9670     0.9616  
   1294.6900     0.9517     0.9732  
   1294.7000     0.9767     0.9815  
   1294.7100     0.9585     0.9871  
   1294.7200     0.9718     0.9908  
   1294.7300     0.9370     0.9931  
   1294.7400     0.9219     0.9946  
   1294.7500     0.9806     0.9956  
   1294.7600     1.0031     0.9963  
   1294.7700     0.9879     0.9968  
   1294.7800     0.9298     0.9971  
   1294.7900     0.9719     0.9974  
   1294.8000     0.9590     0.9977  
   1294.8100     0.9708     0.9979  
   1294.8200     0.9350     0.9981  
   1294.8300     0.9929     0.9982  
   1294.8400     0.9556     0.9984  
   1294.8500     0.9614     0.9985  
   1294.8600     0.9464     0.9986  
   1294.8700     0.9269     0.9987  
   1294.8800     1.0547     0.9988  
   1294.8900     1.0684     0.9988  
   1294.9000     0.9992     0.9989  
   1294.9100     1.0172     0.9990  
   1294.9200     1.0304     0.9990  
   1294.9300     0.9435     0.9991  
   1294.9400     1.0355     0.9991  
   1294.9500     1.1226     0.9992  
   1294.9600     1.0376     0.9992  
   1294.9700     0.9751     0.9992  
   1294.9800     1.0084     0.9993  
   1294.9900     1.0170     0.9993  
   1295.0000     0.9511     0.9993  
   1295.0100     0.9945     0.9994  
   1295.0200     1.0509     0.9994  
   1295.0300     1.0115     0.9994  
   1295.0400     1.0013     0.9994  
   1295.0500     1.1313     0.9994  
   1295.0600     1.0261     0.9995  
   1295.0700     1.0364     0.9995  
   1295.0800     1.0714     0.9995  
   1295.0900     1.0276     0.9995  
   1295.1000     1.0475     0.9995  
   1295.1100     1.0863     0.9995  
   1295.1200     1.0608     0.9996  
   1295.1300     0.9888     0.9996  
   1295.1400     1.0067     0.9996  
   1295.1500     1.0232     0.9996  
   1295.1600     0.9907     0.9996  
   1295.1700     0.9522     0.9996  
   1295.1800     0.9278     0.9996  
   1295.1900     0.8919     0.9996  
   1295.2000     0.9420     0.9996  
   1295.2100     0.9780     0.9996  
   1295.2200     1.0183     0.9997  
   1295.2300     0.9902     0.9997  
   1295.2400     0.9739     0.9997  
   1295.2500     1.0001     0.9997  
   1295.2600     1.0110     0.9997  
   1295.2700     0.9514     0.9997  
   1295.2800     0.9489     0.9997  
   1295.2900     0.9701     0.9997  
   1295.3000     0.9027     0.9997  
   1295.3100     0.9310     0.9997  
   1295.3200     0.9837     0.9997  
   1295.3300     0.9627     0.9997  
   1295.3400     1.0428     0.9997  
   1295.3500     1.1294     0.9997  
   1295.3600     1.0810     0.9997  
   1295.3700     0.9906     0.9997  
   1295.3800     1.0156     0.9997  
   1295.3900     1.0036     0.9997  
   1295.4000     0.9114     0.9997  
   1295.4100     0.9146     0.9997  
   1295.4200     0.9653     0.9997  
   1295.4300     0.9418     0.9997  
   1295.4400     0.9388     0.9997  
   1295.4500     0.9619     0.9998  
   1295.4600     0.9565     0.9998  
   1295.4700     0.9731     0.9998  
   1295.4800     1.0121     0.9998  
   1295.4900     0.9848     0.9998  
   1295.5000     1.0170     0.9998  
   1295.5100     1.0935     0.9998  
   1295.5200     1.0474     0.9998  
   1295.5300     1.0335     0.9998  
   1295.5400     1.0794     0.9998  
   1295.5500     1.0970     0.9998  
   1295.5600     1.0834     0.9998  
   1295.5700     1.0581     0.9998  
   1295.5800     1.0649     0.9998  
   1295.5900     1.0527     0.9998  
   1295.6000     1.0265     0.9998  
   1295.6100     1.0709     0.9998  
   1295.6200     1.0443     0.9998  
   1295.6300     0.9746     0.9998  
   1295.6400     0.9844     0.9998  
   1295.6500     0.9659     0.9998  
   1295.6600     0.9733     0.9998  
   1295.6700     0.9390     0.9998  
   1295.6800     0.9841     0.9998  
   1295.6900     1.0268     0.9998  
   1295.7000     0.9609     0.9998  
   1295.7100     0.9636     0.9998  
   1295.7200     1.0905     0.9998  
   1295.7300     1.1509     0.9998  
   1295.7400     0.9900     0.9998  
   1295.7500     0.9377     0.9998  
   1295.7600     0.9913     0.9998  
   1295.7700     0.9733     0.9998  
   1295.7800     1.0497     0.9998  
   1295.7900     1.1085     0.9998  
   1295.8000     1.0782     0.9998  
   1295.8100     0.9699     0.9998  
   1295.8200     0.9835     0.9998  
   1295.8300     0.9898     0.9998  
   1295.8400     0.9654     0.9998  
   1295.8500     0.9471     0.9997  
   1295.8600     1.0116     0.9997  
   1295.8700     1.0222     0.9997  
   1295.8800     1.0422     0.9997  
   1295.8900     0.9323     0.9997  
   1295.9000     0.8846     0.9997  
   1295.9100     1.0006     0.9997  
   1295.9200     1.0409     0.9997  
   1295.9300     1.0205     0.9997  
   1295.9400     0.9861     0.9997  
   1295.9500     1.0323     0.9997  
   1295.9600     1.0765     0.9997  
   1295.9700     1.0207     0.9997  
   1295.9800     1.0694     0.9997  
   1295.9900     1.0378     0.9997  
   1296.0000     1.0674     0.9997  
   1296.0100     0.9809     0.9997  
   1296.0200     0.9949     0.9997  
   1296.0300     1.1055     0.9997  
   1296.0400     1.0814     0.9997  
   1296.0500     1.0024     0.9997  
   1296.0600     1.0148     0.9997  
   1296.0700     1.0449     0.9997  
   1296.0800     0.9988     0.9996  
   1296.0900     0.9791     0.9996  
   1296.1000     0.9529     0.9996  
   1296.1100     0.8953     0.9996  
   1296.1200     0.8482     0.9996  
   1296.1300     0.9618     0.9996  
   1296.1400     0.9496     0.9996  
   1296.1500     0.9350     0.9996  
   1296.1600     0.9904     0.9996  
   1296.1700     1.0204     0.9996  
   1296.1800     0.9407     0.9995  
   1296.1900     0.9343     0.9995  
   1296.2000     0.9923     0.9995  
   1296.2100     0.9510     0.9995  
   1296.2200     0.9166     0.9995  
   1296.2300     0.9158     0.9995  
   1296.2400     0.9292     0.9995  
   1296.2500     0.9464     0.9994  
   1296.2600     0.9635     0.9994  
   1296.2700     0.9868     0.9994  
   1296.2800     0.9629     0.9994  
   1296.2900     0.9678     0.9993  
   1296.3000     1.0586     0.9993  
   1296.3100     1.0680     0.9993  
   1296.3200     1.0127     0.9993  
   1296.3300     0.9735     0.9992  
   1296.3400     0.9370     0.9992  
   1296.3500     0.9589     0.9991  
   1296.3600     0.8995     0.9991  
   1296.3700     0.9785     0.9990  
   1296.3800     0.9775     0.9990  
   1296.3900     0.9983     0.9989  
   1296.4000     0.9763     0.9989  
   1296.4100     0.9040     0.9988  
   1296.4200     0.8517     0.9987  
   1296.4300     0.9597     0.9986  
   1296.4400     0.9534     0.9985  
   1296.4500     0.9107     0.9984  
   1296.4600     1.0248     0.9982  
   1296.4700     1.0376     0.9980  
   1296.4800     1.0543     0.9978  
   1296.4900     1.0074     0.9976  
   1296.5000     0.9554     0.9973  
   1296.5100     0.9994     0.9969  
   1296.5200     0.9089     0.9964  
   1296.5300     0.9797     0.9956  
   1296.5400     1.0194     0.9943  
   1296.5500     1.0401     0.9923  
   1296.5600     1.0618     0.9891  
   1296.5700     1.0696     0.9842  
   1296.5800     1.0636     0.9768  
   1296.5900     1.0063     0.9664  
   1296.6000     0.9165     0.9524  
   1296.6100     0.9022     0.9347  
   1296.6200     0.8749     0.9137  
   1296.6300     0.9320     0.8900  
   1296.6400     1.0062     0.8648  
   1296.6500     0.8206     0.8394  
   1296.6600     0.7714     0.8150  
   1296.6700     0.7699     0.7928  
   1296.6800     0.7842     0.7736  
   1296.6900     0.7907     0.7580  
   1296.7000     0.8419     0.7462  
   1296.7100     0.7974     0.7383  
   1296.7200     0.7544     0.7342  
   1296.7300     0.6646     0.7338  
   1296.7400     0.7226     0.7372  
   1296.7500     0.7320     0.7443  
   1296.7600     0.7449     0.7553  
   1296.7700     0.7766     0.7702  
   1296.7800     0.7816     0.7887  
   1296.7900     0.8001     0.8104  
   1296.8000     0.8626     0.8344  
   1296.8100     0.8681     0.8597  
   1296.8200     0.8862     0.8850  
   1296.8300     0.8702     0.9091  
   1296.8400     0.9766     0.9307  
   1296.8500     0.8673     0.9491  
   1296.8600     0.8503     0.9638  
   1296.8700     1.0174     0.9750  
   1296.8800     0.9782     0.9829  
   1296.8900     1.0164     0.9883  
   1296.9000     0.9032     0.9918  
   1296.9100     0.8621     0.9940  
   1296.9200     1.0209     0.9953  
   1296.9300     1.0201     0.9962  
   1296.9400     1.0606     0.9968  
   1296.9500     1.0535     0.9972  
   1296.9600     0.9939     0.9975  
   1296.9700     1.0466     0.9978  
   1296.9800     0.9463     0.9980  
   1296.9900     0.9324     0.9981  
   1297.0000     0.9715     0.9983  
   1297.0100     1.0186     0.9984  
   1297.0200     1.0223     0.9985  
   1297.0300     0.9984     0.9986  
   1297.0400     1.0045     0.9987  
   1297.0500     1.0109     0.9988  
   1297.0600     0.8863     0.9989  
   1297.0700     1.2014     0.9989  
   1297.0800     0.9627     0.9990  
   1297.0900     1.0362     0.9990  
   1297.1000     0.9763     0.9991  
   1297.1100     0.9807     0.9991  
   1297.1200     1.0345     0.9992  
   1297.1300     1.0002     0.9992  
   1297.1400     1.0603     0.9992  
   1297.1500     1.0300     0.9993  
   1297.1600     1.0079     0.9993  
   1297.1700     1.1110     0.9993  
   1297.1800     1.1732     0.9993  
   1297.1900     1.0413     0.9993  
   1297.2000     1.0080     0.9994  
   1297.2100     1.0830     0.9994  
   1297.2200     0.8991     0.9994  
   1297.2300     0.9420     0.9994  
   1297.2400     1.0573     0.9994  
   1297.2500     1.0421     0.9994  
   1297.2600     0.9139     0.9995  
   1297.2700     0.9554     0.9995  
   1297.2800     0.9988     0.9995  
   1297.2900     1.0161     0.9995  
   1297.3000     0.9688     0.9995  
   1297.3100     0.9134     0.9995  
   1297.3200     1.0467     0.9995  
   1297.3300     1.0893     0.9995  
   1297.3400     1.0574     0.9995  
   1297.3500     0.8951     0.9995  
   1297.3600     1.1136     0.9995  
   1297.3700     1.0049     0.9996  
   1297.3800     1.0546     0.9996  
   1297.3900     1.0162     0.9996  
   1297.4000     0.9921     0.9996  
   1297.4100     1.0265     0.9996  
   1297.4200     1.0491     0.9996  
   1297.4300     1.0284     0.9996  
   1297.4400     1.0283     0.9996  
   1297.4500     1.0260     0.9996  
   1297.4600     1.0608     0.9996  
   1297.4700     1.0134     0.9996  
   1297.4800     1.0430     0.9996  
   1297.4900     0.9087     0.9996  
   1297.5000     0.9859     0.9996  
   1297.5100     0.9189     0.9996  
   1297.5200     1.0116     0.9996  
   1297.5300     0.9485     0.9996  
   1297.5400     1.0282     0.9996  
   1297.5500     1.0178     0.9996  
   1297.5600     1.0362     0.9996  
   1297.5700     1.0166     0.9996  
   1297.5800     1.0038     0.9996  
   1297.5900     0.8187     0.9996  
   1297.6000     0.9703     0.9996  
   1297.6100     0.9403     0.9996  
   1297.6200     0.9634     0.9996  
   1297.6300     1.0324     0.9996  
   1297.6400     0.9825     0.9996  
   1297.6500     1.0317     0.9996  
   1297.6600     1.0556     0.9996  
   1297.6700     1.0519     0.9996  
   1297.6800     0.9931     0.9996  
   1297.6900     1.0509     0.9996  
   1297.7000     1.0462     0.9996  
   1297.7100     1.0005     0.9996  
   1297.7200     0.9593     0.9996  
   1297.7300     1.0652     0.9996  
   1297.7400     0.9622     0.9996  
   1297.7500     1.0725     0.9996  
   1297.7600     1.0869     0.9996  
   1297.7700     0.9977     0.9996  
   1297.7800     1.1245     0.9996  
   1297.7900     1.0739     0.9996  
   1297.8000     1.0911     0.9996  
   1297.8100     1.0304     0.9995  
   1297.8200     1.0118     0.9995  
   1297.8300     1.0539     0.9995  
   1297.8400     0.9210     0.9995  
   1297.8500     0.9736     0.9995  
   1297.8600     0.9318     0.9995  
   1297.8700     1.0035     0.9995  
   1297.8800     1.0144     0.9995  
   1297.8900     1.0633     0.9995  
   1297.9000     1.0185     0.9995  
   1297.9100     1.0134     0.9995  
   1297.9200     0.9456     0.9995  
   1297.9300     1.0102     0.9995  
   1297.9400     1.0381     0.9995  
   1297.9500     0.9189     0.9995  
   1297.9600     0.9361     0.9995  
   1297.9700     0.9701     0.9994  
   1297.9800     0.9391     0.9994  
   1297.9900     1.0199     0.9994  
   1298.0000     0.9548     0.9994  
   1298.0100     0.9648     0.9994  
   1298.0200     1.0909     0.9994  
   1298.0300     1.0184     0.9994  
   1298.0400     1.0075     0.9994  
   1298.0500     1.0442     0.9994  
   1298.0600     0.9465     0.9993  
   1298.0700     0.9889     0.9993  
   1298.0800     1.0015     0.9993  
   1298.0900     1.0726     0.9993  
   1298.1000     1.0349     0.9993  
   1298.1100     0.9308     0.9993  
   1298.1200     1.0545     0.9993  
   1298.1300     1.0919     0.9992  
   1298.1400     1.0174     0.9992  
   1298.1500     0.9858     0.9992  
   1298.1600     0.9531     0.9992  
   1298.1700     0.9157     0.9992  
   1298.1800     0.9857     0.9992  
   1298.1900     1.0187     0.9991  
   1298.2000     0.9463     0.9991  
   1298.2100     1.0523     0.9991  
   1298.2200     1.0824     0.9991  
   1298.2300     1.0017     0.9990  
   1298.2400     0.9603     0.9990  
   1298.2500     0.9020     0.9990  
   1298.2600     0.9371     0.9990  
   1298.2700     0.9947     0.9989  
   1298.2800     1.0285     0.9989  
   1298.2900     1.0495     0.9989  
   1298.3000     0.9457     0.9988  
   1298.3100     1.0221     0.9988  
   1298.3200     1.0512     0.9988  
   1298.3300     0.9693     0.9987  
   1298.3400     1.0380     0.9987  
   1298.3500     1.0535     0.9986  
   1298.3600     0.9758     0.9986  
   1298.3700     0.9348     0.9985  
   1298.3800     0.9713     0.9985  
   1298.3900     1.0914     0.9984  
   1298.4000     1.1001     0.9984  
   1298.4100     0.9900     0.9983  
   1298.4200     0.9903     0.9982  
   1298.4300     0.9764     0.9982  
   1298.4400     1.0150     0.9981  
   1298.4500     0.9428     0.9980  
   1298.4600     1.0330     0.9979  
   1298.4700     1.0499     0.9978  
   1298.4800     1.0571     0.9977  
   1298.4900     1.0355     0.9976  
   1298.5000     1.0866     0.9975  
   1298.5100     1.0295     0.9974  
   1298.5200     0.9564     0.9973  
   1298.5300     1.0368     0.9971  
   1298.5400     1.0429     0.9970  
   1298.5500     1.0287     0.9968  
   1298.5600     1.0335     0.9966  
   1298.5700     1.0264     0.9964  
   1298.5800     0.9810     0.9962  
   1298.5900     0.9577     0.9959  
   1298.6000     0.9654     0.9956  
   1298.6100     0.9286     0.9953  
   1298.6200     0.9531     0.9950  
   1298.6300     0.8978     0.9946  
   1298.6400     0.8949     0.9941  
   1298.6500     0.9428     0.9936  
   1298.6600     0.9617     0.9930  
   1298.6700     0.9137     0.9923  
   1298.6800     1.0072     0.9915  
   1298.6900     0.9755     0.9904  
   1298.7000     0.8897     0.9890  
   1298.7100     0.9626     0.9871  
   1298.7200     1.0585     0.9842  
   1298.7300     0.9372     0.9801  
   1298.7400     0.8757     0.9740  
   1298.7500     0.9055     0.9653  
   1298.7600     0.8912     0.9533  
   1298.7700     0.8629     0.9375  
   1298.7800     0.8993     0.9174  
   1298.7900     0.9272     0.8929  
   1298.8000     0.8986     0.8641  
   1298.8100     0.7969     0.8312  
   1298.8200     0.8014     0.7948  
   1298.8300     0.7870     0.7554  
   1298.8400     0.7365     0.7142  
   1298.8500     0.7080     0.6723  
   1298.8600     0.6109     0.6310  
   1298.8700     0.5263     0.5918  
   1298.8800     0.5454     0.5562  
   1298.8900     0.5330     0.5255  
   1298.9000     0.4970     0.5008  
   1298.9100     0.5179     0.4831  
   1298.9200     0.5168     0.4731  
   1298.9300     0.4988     0.4711  
   1298.9400     0.4550     0.4771  
   1298.9500     0.4652     0.4910  
   1298.9600     0.5382     0.5122  
   1298.9700     0.5796     0.5398  
   1298.9800     0.6305     0.5730  
   1298.9900     0.6659     0.6104  
   1299.0000     0.6899     0.6506  
   1299.0100     0.7554     0.6924  
   1299.0200     0.7893     0.7342  
   1299.0300     0.8390     0.7749  
   1299.0400     0.8691     0.8132  
   1299.0500     0.9214     0.8483  
   1299.0600     0.9151     0.8793  
   1299.0700     0.8723     0.9058  
   1299.0800     0.9297     0.9276  
   1299.0900     0.9140     0.9449  
   1299.1000     0.8933     0.9581  
   1299.1100     0.9886     0.9678  
   1299.1200     1.0212     0.9748  
   1299.1300     0.8898     0.9798  
   1299.1400     0.8516     0.9833  
   1299.1500     0.8865     0.9859  
   1299.1600     0.9456     0.9878  
   1299.1700     1.0247     0.9893  
   1299.1800     1.0158     0.9904  
   1299.1900     0.9605     0.9914  
   1299.2000     0.9298     0.9922  
   1299.2100     0.9944     0.9929  
   1299.2200     0.9558     0.9935  
   1299.2300     0.9051     0.9940  
   1299.2400     0.9639     0.9945  
   1299.2500     0.9603     0.9949  
   1299.2600     0.9227     0.9952  
   1299.2700     0.9310     0.9955  
   1299.2800     0.9568     0.9958  
   1299.2900     1.0007     0.9961  
   1299.3000     0.9657     0.9963  
   1299.3100     0.8937     0.9965  
   1299.3200     0.9376     0.9967  
   1299.3300     0.9503     0.9969  
   1299.3400     0.9526     0.9971  
   1299.3500     0.9801     0.9972  
   1299.3600     0.9335     0.9973  
   1299.3700     0.9102     0.9975  
   1299.3800     0.9730     0.9976  
   1299.3900     0.9878     0.9977  
   1299.4000     1.0138     0.9978  
   1299.4100     1.0147     0.9979  
   1299.4200     0.9834     0.9980  
   1299.4300     1.0383     0.9981  
   1299.4400     1.0339     0.9981  
   1299.4500     0.9338     0.9982  
   1299.4600     0.9560     0.9983  
   1299.4700     1.0016     0.9983  
   1299.4800     1.0334     0.9984  
   1299.4900     1.0408     0.9985  
   1299.5000     1.0525     0.9985  
   1299.5100     1.0648     0.9986  
   1299.5200     1.0316     0.9986  
   1299.5300     1.0401     0.9987  
   1299.5400     0.9714     0.9987  
   1299.5500     1.0675     0.9987  
   1299.5600     0.9946     0.9988  
   1299.5700     0.9649     0.9988  
   1299.5800     1.0328     0.9989  
   1299.5900     1.0487     0.9989  
   1299.6000     1.0695     0.9989  
   1299.6100     1.0454     0.9990  
   1299.6200     0.9860     0.9990  
   1299.6300     0.9360     0.9990  
   1299.6400     0.9166     0.9990  
   1299.6500     0.9618     0.9991  
   1299.6600     0.9772     0.9991  
   1299.6700     0.9907     0.9991  
   1299.6800     1.0071     0.9991  
   1299.6900     1.0610     0.9991  
   1299.7000     1.0401     0.9992  
   1299.7100     1.0574     0.9992  
   1299.7200     1.0054     0.9992  
   1299.7300     0.9728     0.9992  
   1299.7400     0.9065     0.9992  
   1299.7500     0.9065     0.9993  
   1299.7600     0.9267     0.9993  
   1299.7700     1.0595     0.9993  
   1299.7800     1.0151     0.9993  
   1299.7900     0.9366     0.9993  
   1299.8000     0.9802     0.9993  
   1299.8100     0.9917     0.9993  
   1299.8200     1.0386     0.9994  
   1299.8300     1.0542     0.9994  
   1299.8400     1.0022     0.9994  
   1299.8500     1.0502     0.9994  
   1299.8600     1.0688     0.9994  
   1299.8700     1.0240     0.9994  
   1299.8800     0.9766     0.9994  
   1299.8900     1.1202     0.9994  
   1299.9000     1.0437     0.9994  
   1299.9100     0.9393     0.9994  
   1299.9200     0.9205     0.9995  
   1299.9300     0.9018     0.9995  
   1299.9400     0.9195     0.9995  
   1299.9500     0.9982     0.9995  
   1299.9600     1.0091     0.9995  
   1299.9700     1.0252     0.9995  
   1299.9800     1.0305     0.9995  
   1299.9900     1.0293     0.9995  
   1300.0000     0.8759     0.9995  
   1300.0100     0.9298     0.9995  
   1300.0200     0.9781     0.9995  
   1300.0300     0.9848     0.9995  
   1300.0400     0.9632     0.9995  
   1300.0500     1.0302     0.9995  
   1300.0600     1.0259     0.9995  
   1300.0700     1.0687     0.9995  
   1300.0800     1.0001     0.9996  
   1300.0900     1.0354     0.9996  
   1300.1000     0.9359     0.9996  
   1300.1100     1.0116     0.9996  
   1300.1200     0.9696     0.9996  
   1300.1300     0.9631     0.9996  
   1300.1400     1.0721     0.9996  
   1300.1500     1.0757     0.9996  
   1300.1600     1.0948     0.9996  
   1300.1700     0.8988     0.9996  
   1300.1800     1.0156     0.9996  
   1300.1900     0.9847     0.9996  
   1300.2000     1.0114     0.9996  
   1300.2100     1.0723     0.9996  
   1300.2200     1.0572     0.9996  
   1300.2300     1.0293     0.9996  
   1300.2400     0.9997     0.9996  
   1300.2500     0.9202     0.9996  
   1300.2600     0.9843     0.9996  
   1300.2700     1.0847     0.9996  
   1300.2800     0.9734     0.9996  
   1300.2900     0.9855     0.9996  
   1300.3000     0.9313     0.9996  
   1300.3100     0.9348     0.9996  
   1300.3200     1.0245     0.9996  
   1300.3300     1.0432     0.9996  
   1300.3400     1.0036     0.9996  
   1300.3500     0.9158     0.9996  
   1300.3600     0.9323     0.9996  
   1300.3700     1.0843     0.9996  
   1300.3800     0.9816     0.9996  
   1300.3900     1.0735     0.9996  
   1300.4000     1.0332     0.9996  
   1300.4100     0.9111     0.9996  
   1300.4200     1.0576     0.9996  
   1300.4300     1.0054     0.9996  
   1300.4400     1.0062     0.9996  
   1300.4500     0.8857     0.9996  
   1300.4600     1.0710     0.9996  
   1300.4700     1.1646     0.9996  
   1300.4800     1.0236     0.9996  
   1300.4900     0.9700     0.9996  
   1300.5000     0.9351     0.9995  
   1300.5100     0.9535     0.9995  
   1300.5200     0.9187     0.9995  
   1300.5300     0.9478     0.9995  
   1300.5400     1.0293     0.9995  
   1300.5500     0.9896     0.9995  
   1300.5600     1.0526     0.9995  
   1300.5700     0.9840     0.9995  
   1300.5800     1.0289     0.9995  
   1300.5900     0.9223     0.9995  
   1300.6000     0.8701     0.9995  
   1300.6100     0.9559     0.9994  
   1300.6200     0.9855     0.9994  
   1300.6300     0.9877     0.9994  
   1300.6400     1.0074     0.9994  
   1300.6500     1.0333     0.9994  
   1300.6600     0.9401     0.9994  
   1300.6700     1.0590     0.9993  
   1300.6800     1.0545     0.9993  
   1300.6900     1.0129     0.9993  
   1300.7000     1.0338     0.9993  
   1300.7100     1.0358     0.9992  
   1300.7200     0.8980     0.9992  
   1300.7300     0.9529     0.9992  
   1300.7400     0.9494     0.9992  
   1300.7500     0.9857     0.9991  
   1300.7600     0.8691     0.9991  
   1300.7700     0.9277     0.9990  
   1300.7800     1.0676     0.9990  
   1300.7900     1.0587     0.9990  
   1300.8000     0.9708     0.9989  
   1300.8100     0.9041     0.9988  
   1300.8200     0.9388     0.9988  
   1300.8300     0.9530     0.9987  
   1300.8400     0.9619     0.9986  
   1300.8500     0.9707     0.9985  
   1300.8600     1.0259     0.9984  
   1300.8700     0.9854     0.9983  
   1300.8800     0.9247     0.9982  
   1300.8900     1.0893     0.9980  
   1300.9000     0.9650     0.9978  
   1300.9100     1.0010     0.9976  
   1300.9200     1.0962     0.9973  
   1300.9300     1.1148     0.9970  
   1300.9400     1.0158     0.9965  
   1300.9500     0.9932     0.9958  
   1300.9600     0.9194     0.9947  
   1300.9700     1.0975     0.9929  
   1300.9800     0.9846     0.9902  
   1300.9900     0.9626     0.9858  
   1301.0000     0.9234     0.9792  
   1301.0100     0.8937     0.9697  
   1301.0200     0.9546     0.9568  
   1301.0300     0.9893     0.9402  
   1301.0400     1.0094     0.9200  
   1301.0500     0.9308     0.8970  
   1301.0600     0.8555     0.8722  
   1301.0700     0.9197     0.8466  
   1301.0800     0.9259     0.8218  
   1301.0900     0.8525     0.7988  
   1301.1000     0.8021     0.7786  
   1301.1100     0.6986     0.7618  
   1301.1200     0.8436     0.7488  
   1301.1300     0.6972     0.7397  
   1301.1400     0.7013     0.7345  
   1301.1500     0.7852     0.7330  
   1301.1600     0.7126     0.7352  
   1301.1700     0.6818     0.7413  
   1301.1800     0.7914     0.7511  
   1301.1900     0.7660     0.7649  
   1301.2000     0.8205     0.7824  
   1301.2100     0.8335     0.8032  
   1301.2200     0.7907     0.8266  
   1301.2300     0.8716     0.8517  
   1301.2400     0.8200     0.8772  
   1301.2500     0.9324     0.9018  
   1301.2600     0.8788     0.9243  
   1301.2700     0.9568     0.9438  
   1301.2800     0.9294     0.9597  
   1301.2900     0.9438     0.9719  
   1301.3000     1.0155     0.9808  
   1301.3100     1.0517     0.9869  
   1301.3200     1.0165     0.9909  
   1301.3300     1.0272     0.9934  
   1301.3400     1.0782     0.9950  
   1301.3500     0.9589     0.9960  
   1301.3600     0.8927     0.9966  
   1301.3700     1.0236     0.9971  
   1301.3800     0.9877     0.9974  
   1301.3900     1.0636     0.9977  
   1301.4000     1.0008     0.9979  
   1301.4100     1.0698     0.9981  
   1301.4200     0.9895     0.9983  
   1301.4300     1.0328     0.9984  
   1301.4400     0.9480     0.9985  
   1301.4500     1.0379     0.9986  
   1301.4600     0.9801     0.9987  
   1301.4700     1.0032     0.9988  
   1301.4800     1.0242     0.9989  
   1301.4900     0.9769     0.9989  
   1301.5000     0.9219     0.9990  
   1301.5100     1.0801     0.9990  
   1301.5200     1.0273     0.9991  
   1301.5300     0.9593     0.9991  
   1301.5400     1.0785     0.9992  
   1301.5500     1.0714     0.9992  
   1301.5600     1.0201     0.9993  
   1301.5700     1.0570     0.9993  
   1301.5800     1.0178     0.9993  
   1301.5900     0.9313     0.9993  
   1301.6000     1.0241     0.9994  
   1301.6100     1.0246     0.9994  
   1301.6200     1.0561     0.9994  
   1301.6300     1.0447     0.9994  
   1301.6400     1.0716     0.9994  
   1301.6500     1.0249     0.9995  
   1301.6600     1.1966     0.9995  
   1301.6700     1.1105     0.9995  
   1301.6800     1.0602     0.9995  
   1301.6900     1.0609     0.9995  
   1301.7000     1.0819     0.9995  
   1301.7100     1.0478     0.9996  
   1301.7200     0.8914     0.9996  
   1301.7300     1.0259     0.9996  
   1301.7400     1.0059     0.9996  
   1301.7500     0.9956     0.9996  
   1301.7600     0.9975     0.9996  
   1301.7700     1.0215     0.9996  
   1301.7800     1.0610     0.9996  
   1301.7900     0.9981     0.9996  
   1301.8000     1.0575     0.9996  
   1301.8100     1.0685     0.9997  
   1301.8200     1.0272     0.9997  
   1301.8300     0.9861     0.9997  
   1301.8400     1.0812     0.9997  
   1301.8500     1.0360     0.9997  
   1301.8600     0.9498     0.9997  
   1301.8700     1.0477     0.9997  
   1301.8800     0.9884     0.9997  
   1301.8900     0.9917     0.9997  
   1301.9000     1.0343     0.9997  
   1301.9100     1.0430     0.9997  
   1301.9200     1.0500     0.9997  
   1301.9300     1.0520     0.9997  
   1301.9400     0.9871     0.9997  
   1301.9500     0.9934     0.9997  
   1301.9600     0.9601     0.9997  
   1301.9700     1.0892     0.9997  
   1301.9800     1.0925     0.9997  
   1301.9900     1.0563     0.9997  
   1302.0000     1.0212     0.9997  
   1302.0100     1.1091     0.9997  
   1302.0200     0.9745     0.9997  
   1302.0300     1.0809     0.9997  
   1302.0400     1.0922     0.9997  
   1302.0500     1.0386     0.9998  
   1302.0600     1.0931     0.9998  
   1302.0700     1.0160     0.9998  
   1302.0800     1.0318     0.9998  
   1302.0900     1.1342     0.9998  
   1302.1000     1.1048     0.9998  
   1302.1100     1.0924     0.9998  
   1302.1200     0.9864     0.9998  
   1302.1300     1.0365     0.9998  
   1302.1400     1.1186     0.9998  
   1302.1500     1.0846     0.9998  
   1302.1600     1.0560     0.9998  
   1302.1700     1.0430     0.9998  
   1302.1800     1.0719     0.9998  
   1302.1900     1.0088     0.9998  
   1302.2000     1.0365     0.9998  
   1302.2100     1.1051     0.9998  
   1302.2200     1.0811     0.9998  
   1302.2300     1.0000     0.9998  
   1302.2400     0.9779     0.9998  
   1302.2500     0.9669     0.9998  
   1302.2600     0.9841     0.9998  
   1302.2700     0.9131     0.9998  
   1302.2800     0.7985     0.9998  
   1302.2900     0.8470     0.9998  
   1302.3000     0.7905     0.9998  
   1302.3100     0.6191     0.9998  
   1302.3200     0.5982     0.9998  
   1302.3300     0.5800     0.9998  
   1302.3400     0.5334     0.9998  
   1302.3500     0.4542     0.9998  
   1302.3600     0.4228     0.9998  
   1302.3700     0.3731     0.9998  
   1302.3800     0.3574     0.9998  
   1302.3900     0.3611     0.9998  
   1302.4000     0.3381     0.9998  
   1302.4100     0.3402     0.9997  
   1302.4200     0.3987     0.9997  
   1302.4300     0.4275     0.9997  
   1302.4400     0.4663     0.9997  
   1302.4500     0.4662     0.9997  
   1302.4600     0.5124     0.9997  
   1302.4700     0.6056     0.9997  
   1302.4800     0.6423     0.9997  
   1302.4900     0.7023     0.9997  
   1302.5000     0.6742     0.9997  
   1302.5100     0.6603     0.9997  
   1302.5200     0.8223     0.9997  
   1302.5300     0.8857     0.9997  
   1302.5400     0.7681     0.9997  
   1302.5500     0.7579     0.9997  
   1302.5600     0.8145     0.9997  
   1302.5700     0.8189     0.9997  
   1302.5800     0.8234     0.9997  
   1302.5900     0.8974     0.9997  
   1302.6000     0.8807     0.9997  
   1302.6100     0.8768     0.9997  
   1302.6200     0.9640     0.9997  
   1302.6300     1.0127     0.9997  
   1302.6400     1.0526     0.9997  
   1302.6500     1.0702     0.9996  
   1302.6600     1.0832     0.9996  
   1302.6700     1.1212     0.9996  
   1302.6800     1.1152     0.9996  
   1302.6900     1.1021     0.9996  
   1302.7000     1.0663     0.9996  
   1302.7100     1.0649     0.9996  
   1302.7200     1.1225     0.9996  
   1302.7300     1.1792     0.9996  
   1302.7400     1.1715     0.9996  
   1302.7500     1.1366     0.9995  
   1302.7600     1.0904     0.9995  
   1302.7700     1.0361     0.9995  
   1302.7800     1.0536     0.9995  
   1302.7900     1.0648     0.9995  
   1302.8000     1.0735     0.9995  
   1302.8100     1.1283     0.9994  
   1302.8200     1.1195     0.9994  
   1302.8300     1.1158     0.9994  
   1302.8400     1.1347     0.9994  
   1302.8500     1.0642     0.9994  
   1302.8600     1.0683     0.9993  
   1302.8700     1.1067     0.9993  
   1302.8800     1.1160     0.9993  
   1302.8900     1.1220     0.9992  
   1302.9000     1.0511     0.9992  
   1302.9100     1.0600     0.9992  
   1302.9200     1.1176     0.9991  
   1302.9300     1.0949     0.9991  
   1302.9400     1.0433     0.9990  
   1302.9500     1.0504     0.9990  
   1302.9600     1.0687     0.9989  
   1302.9700     1.0495     0.9989  
   1302.9800     1.0387     0.9988  
   1302.9900     0.9963     0.9987  
   1303.0000     1.0516     0.9986  
   1303.0100     1.1079     0.9985  
   1303.0200     1.1011     0.9984  
   1303.0300     1.1394     0.9983  
   1303.0400     1.1567     0.9982  
   1303.0500     1.0896     0.9980  
   1303.0600     1.0686     0.9978  
   1303.0700     1.1077     0.9976  
   1303.0800     1.0927     0.9973  
   1303.0900     1.0298     0.9970  
   1303.1000     1.0508     0.9966  
   1303.1100     1.0699     0.9961  
   1303.1200     1.0264     0.9954  
   1303.1300     0.9891     0.9943  
   1303.1400     0.9988     0.9926  
   1303.1500     1.0211     0.9900  
   1303.1600     0.9666     0.9860  
   1303.1700     1.0068     0.9798  
   1303.1800     1.0379     0.9709  
   1303.1900     1.0354     0.9585  
   1303.2000     0.9698     0.9423  
   1303.2100     0.9506     0.9224  
   1303.2200     0.9159     0.8991  
   1303.2300     0.9142     0.8734  
   1303.2400     0.8777     0.8465  
   1303.2500     0.8152     0.8197  
   1303.2600     0.8258     0.7943  
   1303.2700     0.7601     0.7715  
   1303.2800     0.6942     0.7521  
   1303.2900     0.6485     0.7365  
   1303.3000     0.7355     0.7250  
   1303.3100     0.7874     0.7177  
   1303.3200     0.7223     0.7144  
   1303.3300     0.7958     0.7153  
   1303.3400     0.7061     0.7201  
   1303.3500     0.7394     0.7291  
   1303.3600     0.8145     0.7422  
   1303.3700     0.8207     0.7594  
   1303.3800     0.8782     0.7803  
   1303.3900     0.9057     0.8042  
   1303.4000     0.7825     0.8303  
   1303.4100     0.8653     0.8574  
   1303.4200     0.9744     0.8839  
   1303.4300     0.9539     0.9088  
   1303.4400     0.9203     0.9308  
   1303.4500     0.8688     0.9493  
   1303.4600     0.9689     0.9639  
   1303.4700     0.9261     0.9748  
   1303.4800     0.8721     0.9826  
   1303.4900     0.9414     0.9878  
   1303.5000     1.0229     0.9912  
   1303.5100     0.9723     0.9934  
   1303.5200     0.8940     0.9948  
   1303.5300     0.9776     0.9957  
   1303.5400     1.0599     0.9963  
   1303.5500     1.0267     0.9968  
   1303.5600     0.9130     0.9972  
   1303.5700     1.0104     0.9975  
   1303.5800     0.9769     0.9977  
   1303.5900     0.9461     0.9979  
   1303.6000     0.9706     0.9981  
   1303.6100     1.0015     0.9982  
   1303.6200     1.0159     0.9984  
   1303.6300     1.0620     0.9985  
   1303.6400     1.0027     0.9986  
   1303.6500     1.0157     0.9987  
   1303.6600     1.1172     0.9988  
   1303.6700     1.1142     0.9988  
   1303.6800     1.0967     0.9989  
   1303.6900     1.0162     0.9990  
   1303.7000     0.8965     0.9990  
   1303.7100     0.9066     0.9991  
   1303.7200     0.9586     0.9991  
   1303.7300     1.0442     0.9992  
   1303.7400     0.9959     0.9992  
   1303.7500     0.9911     0.9993  
   1303.7600     0.9529     0.9993  
   1303.7700     1.0700     0.9993  
   1303.7800     0.9162     0.9993  
   1303.7900     0.9646     0.9994  
   1303.8000     1.1123     0.9994  
   1303.8100     1.0422     0.9994  
   1303.8200     1.0428     0.9994  
   1303.8300     0.8656     0.9995  
   1303.8400     0.8174     0.9995  
   1303.8500     0.9802     0.9995  
   1303.8600     0.9557     0.9995  
   1303.8700     0.9732     0.9995  
   1303.8800     1.0279     0.9996  
   1303.8900     1.0738     0.9996  
   1303.9000     1.1443     0.9996  
   1303.9100     1.0757     0.9996  
   1303.9200     0.9463     0.9996  
   1303.9300     1.0421     0.9996  
   1303.9400     1.0135     0.9996  
   1303.9500     1.0513     0.9996  
   1303.9600     1.0488     0.9997  
   1303.9700     0.9765     0.9997  
   1303.9800     1.0503     0.9997  
   1303.9900     0.9519     0.9997  
   1304.0000     0.9514     0.9997  
   1304.0100     1.0348     0.9997  
   1304.0200     1.0468     0.9997  
   1304.0300     1.0432     0.9997  
   1304.0400     0.9145     0.9997  
   1304.0500     1.0043     0.9997  
   1304.0600     0.9697     0.9997  
   1304.0700     1.0891     0.9997  
   1304.0800     1.0195     0.9997  
   1304.0900     0.9233     0.9998  
   1304.1000     0.9399     0.9998  
   1304.1100     0.9107     0.9998  
   1304.1200     0.9636     0.9998  
   1304.1300     0.9835     0.9998  
   1304.1400     0.9624     0.9998  
   1304.1500     1.0765     0.9998  
   1304.1600     0.9733     0.9998  
   1304.1700     0.9888     0.9998  
   1304.1800     1.0669     0.9998  
   1304.1900     1.0739     0.9998  
   1304.2000     1.0541     0.9997  
   1304.2100     1.0397     0.9996  
   1304.2200     1.0188     0.9995  
   1304.2300     1.0045     0.9992  
   1304.2400     0.9836     0.9988  
   1304.2500     0.9811     0.9983  
   1304.2600     1.0165     0.9976  
   1304.2700     1.0958     0.9968  
   1304.2800     1.1044     0.9960  
   1304.2900     1.0647     0.9953  
   1304.3000     0.9291     0.9946  
   1304.3100     0.9950     0.9940  
   1304.3200     0.9393     0.9935  
   1304.3300     0.9810     0.9931  
   1304.3400     1.0099     0.9928  
   1304.3500     0.9798     0.9927  
   1304.3600     0.8959     0.9926  
   1304.3700     0.9092     0.9926  
   1304.3800     1.0088     0.9926  
   1304.3900     0.8980     0.9927  
   1304.4000     0.8972     0.9929  
   1304.4100     0.8485     0.9931  
   1304.4200     0.9563     0.9935  
   1304.4300     0.7818     0.9940  
   1304.4400     0.8864     0.9946  
   1304.4500     0.8851     0.9953  
   1304.4600     0.8930     0.9961  
   1304.4700     0.9563     0.9969  
   1304.4800     0.8673     0.9976  
   1304.4900     0.7450     0.9983  
   1304.5000     0.8322     0.9989  
   1304.5100     0.6375     0.9993  
   1304.5200     0.6633     0.9995  
   1304.5300     0.5624     0.9997  
   1304.5400     0.5205     0.9998  
   1304.5500     0.5193     0.9998  
   1304.5600     0.4979     0.9999  
   1304.5700     0.4327     0.9999  
   1304.5800     0.4312     0.9999  
   1304.5900     0.3706     0.9999  
   1304.6000     0.3435     0.9999  
   1304.6100     0.3605     0.9999  
   1304.6200     0.4045     0.9999  
   1304.6300     0.5537     0.9999  
   1304.6400     0.3835     0.9999  
   1304.6500     0.6029     0.9999  
   1304.6600     0.6868     0.9999  
   1304.6700     0.6437     0.9999  
   1304.6800     0.8273     0.9999  
   1304.6900     0.7588     0.9999  
   1304.7000     0.8878     0.9999  
   1304.7100     0.7589     0.9999  
   1304.7200     0.8461     0.9999  
   1304.7300     0.8764     0.9999  
   1304.7400     0.8694     0.9999  
   1304.7500     0.7603     0.9999  
   1304.7600     0.8582     0.9999  
   1304.7700     0.9768     0.9999  
   1304.7800     0.9455     0.9999  
   1304.7900     1.0185     0.9999  
   1304.8000     1.0418     0.9999  
   1304.8100     1.0870     0.9999  
   1304.8200     1.0626     0.9999  
   1304.8300     1.1665     0.9999  
   1304.8400     1.1375     0.9999  
   1304.8500     1.0716     0.9999  
   1304.8600     1.1604     0.9999  
   1304.8700     1.1082     0.9999  
   1304.8800     1.0742     0.9999  
   1304.8900     1.1169     0.9999  
   1304.9000     1.0273     0.9999  
   1304.9100     1.1472     0.9999  
   1304.9200     1.0568     0.9999  
   1304.9300     1.1565     0.9999  
   1304.9400     1.1817     0.9999  
   1304.9500     1.2257     0.9999  
   1304.9600     1.0900     0.9999  
   1304.9700     1.1963     0.9999  
   1304.9800     1.1655     0.9999  
   1304.9900     1.1398     0.9999  
   1305.0000     1.1650     0.9999  
   1305.0100     1.1746     0.9999  
   1305.0200     1.1406     0.9999  
   1305.0300     1.0533     0.9999  
   1305.0400     1.0755     0.9999  
   1305.0500     0.9774     0.9999  
   1305.0600     1.1125     0.9998  
   1305.0700     1.1164     0.9998  
   1305.0800     1.0559     0.9998  
   1305.0900     1.0768     0.9997  
   1305.1000     1.1102     0.9997  
   1305.1100     1.0693     0.9996  
   1305.1200     1.0595     0.9995  
   1305.1300     1.1136     0.9995  
   1305.1400     1.2008     0.9994  
   1305.1500     1.0919     0.9993  
   1305.1600     1.0823     0.9993  
   1305.1700     1.0931     0.9993  
   1305.1800     1.1052     0.9992  
   1305.1900     1.1990     0.9992  
   1305.2000     1.1853     0.9992  
   1305.2100     1.1332     0.9992  
   1305.2200     1.1598     0.9992  
   1305.2300     1.1849     0.9992  
   1305.2400     1.1687     0.9992  
   1305.2500     1.0367     0.9992  
   1305.2600     1.2092     0.9992  
   1305.2700     1.2489     0.9993  
   1305.2800     1.0849     0.9993  
   1305.2900     1.0321     0.9994  
   1305.3000     1.0763     0.9994  
   1305.3100     1.0092     0.9995  
   1305.3200     1.0862     0.9995  
   1305.3300     1.1036     0.9995  
   1305.3400     1.1863     0.9996  
   1305.3500     1.2294     0.9996  
   1305.3600     1.0132     0.9996  
   1305.3700     1.0207     0.9996  
   1305.3800     1.0665     0.9995  
   1305.3900     1.0383     0.9995  
   1305.4000     1.1487     0.9994  
   1305.4100     1.0635     0.9994  
   1305.4200     1.0390     0.9993  
   1305.4300     1.1105     0.9992  
   1305.4400     1.1784     0.9991  
   1305.4500     1.2400     0.9990  
   1305.4600     1.0811     0.9989  
   1305.4700     1.0297     0.9987  
   1305.4800     1.0655     0.9986  
   1305.4900     1.0565     0.9984  
   1305.5000     1.2002     0.9983  
   1305.5100     1.0965     0.9981  
   1305.5200     1.0493     0.9980  
   1305.5300     1.0273     0.9979  
   1305.5400     1.0959     0.9977  
   1305.5500     1.2216     0.9976  
   1305.5600     1.0575     0.9976  
   1305.5700     1.0079     0.9975  
   1305.5800     0.9981     0.9975  
   1305.5900     1.0842     0.9974  
   1305.6000     1.1464     0.9974  
   1305.6100     1.1354     0.9975  
   1305.6200     1.1853     0.9975  
   1305.6300     1.1565     0.9976  
   1305.6400     1.1234     0.9977  
   1305.6500     1.1878     0.9978  
   1305.6600     1.1403     0.9979  
   1305.6700     1.0912     0.9981  
   1305.6800     1.0428     0.9982  
   1305.6900     1.0370     0.9984  
   1305.7000     1.0100     0.9985  
   1305.7100     0.9388     0.9987  
   1305.7200     1.0238     0.9988  
   1305.7300     1.1097     0.9989  
   1305.7400     1.1050     0.9991  
   1305.7500     1.0785     0.9992  
   1305.7600     1.0533     0.9993  
   1305.7700     1.0580     0.9993  
   1305.7800     1.0865     0.9994  
   1305.7900     1.0235     0.9995  
   1305.8000     0.9883     0.9995  
   1305.8100     1.0428     0.9996  
   1305.8200     1.0766     0.9996  
   1305.8300     1.0306     0.9996  
   1305.8400     0.9614     0.9997  
   1305.8500     0.9573     0.9997  
   1305.8600     0.9684     0.9997  
   1305.8700     1.0146     0.9997  
   1305.8800     0.9910     0.9998  
   1305.8900     1.0234     0.9998  
   1305.9000     1.0263     0.9998  
   1305.9100     1.0387     0.9998  
   1305.9200     1.0507     0.9998  
   1305.9300     1.0027     0.9998  
   1305.9400     1.0096     0.9998  
   1305.9500     1.0289     0.9998  
   1305.9600     1.0229     0.9998  
   1305.9700     1.0681     0.9998  
   1305.9800     1.0482     0.9999  
   1305.9900     0.9501     0.9999  
   1306.0000     0.9955     0.9999  
   1306.0100     0.9996     0.9999  
   1306.0200     0.9798     0.9999  
   1306.0300     1.0009     0.9999  
   1306.0400     0.9749     0.9999  
   1306.0500     0.9501     0.9999  
   1306.0600     0.9383     0.9999  
   1306.0700     0.9346     0.9999  
   1306.0800     0.9745     0.9999  
   1306.0900     1.0092     0.9999  
   1306.1000     1.0899     0.9999  
   1306.1100     1.1803     0.9999  
   1306.1200     1.1052     0.9999  
   1306.1300     1.0123     0.9999  
   1306.1400     1.0516     0.9999  
   1306.1500     1.0322     0.9999  
   1306.1600     0.9865     0.9999  
   1306.1700     0.9956     0.9999  
   1306.1800     0.9664     0.9999  
   1306.1900     1.0380     0.9999  
   1306.2000     0.9971     0.9999  
   1306.2100     1.0498     0.9999  
   1306.2200     1.0139     0.9999  
   1306.2300     1.0012     0.9999  
   1306.2400     1.0462     0.9999  
   1306.2500     1.0443     0.9999  
   1306.2600     0.9897     0.9999  
   1306.2700     0.9500     0.9999  
   1306.2800     0.9722     0.9999  
   1306.2900     1.0495     0.9999  
   1306.3000     1.1163     0.9999  
   1306.3100     1.0462     0.9999  
   1306.3200     0.8993     0.9999  
   1306.3300     0.9956     0.9999  
   1306.3400     1.0256     0.9999  
   1306.3500     0.9750     0.9999  
   1306.3600     1.0493     0.9999  
   1306.3700     1.1075     0.9999  
   1306.3800     1.1062     0.9999  
   1306.3900     1.0991     0.9999  
   1306.4000     1.0782     0.9999  
   1306.4100     1.0443     0.9999  
   1306.4200     0.9926     1.0000  
   1306.4300     1.0234     1.0000  
   1306.4400     1.0439     1.0000  
   1306.4500     1.0635     1.0000  
   1306.4600     1.1056     1.0000  
   1306.4700     1.1412     1.0000  
   1306.4800     1.0778     1.0000  
   1306.4900     1.0507     1.0000  
   1306.5000     1.0616     1.0000  
   1306.5100     1.0868     1.0000  
   1306.5200     1.1212     1.0000  
   1306.5300     1.0365     1.0000  
   1306.5400     1.0277     1.0000  
   1306.5500     1.1028     1.0000  
   1306.5600     1.1443     1.0000  
   1306.5700     1.1042     1.0000  
   1306.5800     1.0507     1.0000  
   1306.5900     1.0864     1.0000  
   1306.6000     1.1006     1.0000  
   1306.6100     1.0727     1.0000  
   1306.6200     1.0120     1.0000  
   1306.6300     0.9648     1.0000  
   1306.6400     1.0294     1.0000  
   1306.6500     1.0915     1.0000  
   1306.6600     1.1120     1.0000  
   1306.6700     1.1096     1.0000  
   1306.6800     1.0952     1.0000  
   1306.6900     1.1055     1.0000  
   1306.7000     1.1695     1.0000  
   1306.7100     1.1162     1.0000  
   1306.7200     1.1273     1.0000  
   1306.7300     1.1151     1.0000  
   1306.7400     1.0133     1.0000  
   1306.7500     1.0004     1.0000  
   1306.7600     1.0289     1.0000  
   1306.7700     1.1015     1.0000  
   1306.7800     1.0876     1.0000  
   1306.7900     1.0344     1.0000  
   1306.8000     1.0425     1.0000  
   1306.8100     1.0510     1.0000  
   1306.8200     1.1040     1.0000  
   1306.8300     1.1108     1.0000  
   1306.8400     1.0575     1.0000  
   1306.8500     1.0271     1.0000  
   1306.8600     1.0162     1.0000  
   1306.8700     1.0176     1.0000  
   1306.8800     1.0700     1.0000  
   1306.8900     1.0564     1.0000  
   1306.9000     1.0628     1.0000  
   1306.9100     1.0241     1.0000  
   1306.9200     0.9999     1.0000  
   1306.9300     1.0507     1.0000  
   1306.9400     1.0132     1.0000  
   1306.9500     1.0606     1.0000  
   1306.9600     1.0095     1.0000  
   1306.9700     1.0705     1.0000  
   1306.9800     1.1787     1.0000  
   1306.9900     1.1138     1.0000  
   1307.0000     1.1371     1.0000  
   1307.0100     1.0849     1.0000  
   1307.0200     1.0377     1.0000  
   1307.0300     1.0166     1.0000  
   1307.0400     1.0828     1.0000  
   1307.0500     1.0996     1.0000  
   1307.0600     1.0940     1.0000  
   1307.0700     1.0577     1.0000  
   1307.0800     1.0355     1.0000  
   1307.0900     1.0807     1.0000  
   1307.1000     1.0061     1.0000  
   1307.1100     1.0342     1.0000  
   1307.1200     1.0798     1.0000  
   1307.1300     1.0410     1.0000  
   1307.1400     1.0690     1.0000  
   1307.1500     1.0877     1.0000  
   1307.1600     1.0623     1.0000  
   1307.1700     1.0538     1.0000  
   1307.1800     0.9142     1.0000  
   1307.1900     0.9866     1.0000  
   1307.2000     0.9350     1.0000  
   1307.2100     1.0198     1.0000  
   1307.2200     1.1262     1.0000  
   1307.2300     0.9912     1.0000  
   1307.2400     1.0392     1.0000  
   1307.2500     1.0907     1.0000  
   1307.2600     1.0191     1.0000  
   1307.2700     0.9708     1.0000  
   1307.2800     1.0306     1.0000  
   1307.2900     1.0082     1.0000  
   1307.3000     0.9560     1.0000  
   1307.3100     0.9550     1.0000  
   1307.3200     1.0256     1.0000  
   1307.3300     1.0394     1.0000  
   1307.3400     1.0648     1.0000  
   1307.3500     0.9717     1.0000  
   1307.3600     0.9501     1.0000  
   1307.3700     1.0050     1.0000  
   1307.3800     0.9472     1.0000  
   1307.3900     0.9310     1.0000  
   1307.4000     0.9272     1.0000  
   1307.4100     0.9008     1.0000  
   1307.4200     0.9834     1.0000  
   1307.4300     0.9107     1.0000  
   1307.4400     0.9312     1.0000  
   1307.4500     0.9484     1.0000  
   1307.4600     0.9146     1.0000  
   1307.4700     0.9245     1.0000  
   1307.4800     0.9887     1.0000  
   1307.4900     0.9686     1.0000  
   1307.5000     0.9986     1.0000  
   1307.5100     1.0589     1.0000  
   1307.5200     1.0417     1.0000  
   1307.5300     1.0051     1.0000  
   1307.5400     0.9870     1.0000  
   1307.5500     1.0122     1.0000  
   1307.5600     1.0407     1.0000  
   1307.5700     1.0675     1.0000  
   1307.5800     1.0165     1.0000  
   1307.5900     0.9808     1.0000  
   1307.6000     1.0287     1.0000  
   1307.6100     1.0134     1.0000  
   1307.6200     1.0208     1.0000  
   1307.6300     1.0063     1.0000  
   1307.6400     1.0309     1.0000  
   1307.6500     1.0449     1.0000  
   1307.6600     1.0320     1.0000  
   1307.6700     1.0361     1.0000  
   1307.6800     1.0925     1.0000  
   1307.6900     0.9871     1.0000  
   1307.7000     1.0211     1.0000  
   1307.7100     1.0887     1.0000  
   1307.7200     1.0296     1.0000  
   1307.7300     1.0119     1.0000  
   1307.7400     1.0709     1.0000  
   1307.7500     1.1234     1.0000  
   1307.7600     1.1386     1.0000  
   1307.7700     1.0911     1.0000  
   1307.7800     1.1691     1.0000  
   1307.7900     0.9307     1.0000  
   1307.8000     1.0011     1.0000  
   1307.8100     0.9974     1.0000  
   1307.8200     1.1847     1.0000  
   1307.8300     1.0892     1.0000  
   1307.8400     0.9923     1.0000  
   1307.8500     0.9689     1.0000  
   1307.8600     1.1259     1.0000  
   1307.8700     1.0716     1.0000  
   1307.8800     0.9826     1.0000  
   1307.8900     0.9913     1.0000  
   1307.9000     0.9508     1.0000  
   1307.9100     0.9412     1.0000  
   1307.9200     0.9920     1.0000  
   1307.9300     1.0182     1.0000  
   1307.9400     0.8818     1.0000  
   1307.9500     0.9250     1.0000  
   1307.9600     0.9639     1.0000  
   1307.9700     1.0195     1.0000  
   1307.9800     0.9168     1.0000  
   1307.9900     0.8328     1.0000  
   1308.0000     0.8860     1.0000  
   1308.0100     0.9933     1.0000  
   1308.0200     0.9503     1.0000  
   1308.0300     0.9698     1.0000  
   1308.0400     1.0374     1.0000  
   1308.0500     1.0308     1.0000  
   1308.0600     1.0339     1.0000  
   1308.0700     0.9517     1.0000  
   1308.0800     1.1027     1.0000  
   1308.0900     1.0561     1.0000  
   1308.1000     1.1603     1.0000  
   1308.1100     1.0090     1.0000  
   1308.1200     0.9862     1.0000  
   1308.1300     0.9898     1.0000  
   1308.1400     0.9647     1.0000  
   1308.1500     1.0859     1.0000  
   1308.1600     1.0160     1.0000  
   1308.1700     1.1354     1.0000  
   1308.1800     0.9708     1.0000  
   1308.1900     1.0105     1.0000  
   1308.2000     1.1496     1.0000  
   1308.2100     0.9827     1.0000  
   1308.2200     1.1148     1.0000  
   1308.2300     1.0241     1.0000  
   1308.2400     1.1168     1.0000  
   1308.2500     0.9628     1.0000  
   1308.2600     0.9418     1.0000  
   1308.2700     0.9634     1.0000  
   1308.2800     0.9769     1.0000  
   1308.2900     0.9112     1.0000  
   1308.3000     1.0383     1.0000  
   1308.3100     0.9068     1.0000  
   1308.3200     1.0301     1.0000  
   1308.3300     1.0438     1.0000  
   1308.3400     1.0130     1.0000  
   1308.3500     1.0741     1.0000  
   1308.3600     0.9110     1.0000  
   1308.3700     0.9507     1.0000  
   1308.3800     0.9639     1.0000  
   1308.3900     0.9684     1.0000  
   1308.4000     0.9695     1.0000  
   1308.4100     1.0261     1.0000  
   1308.4200     1.0240     1.0000  
   1308.4300     1.1097     1.0000  
   1308.4400     1.0699     1.0000  
   1308.4500     0.9013     1.0000  
   1308.4600     0.8909     1.0000  
   1308.4700     1.0748     1.0000  
   1308.4800     1.0613     1.0000  
   1308.4900     0.9483     1.0000  
   1308.5000     0.9954     1.0000  
   1308.5100     1.0904     1.0000  
   1308.5200     1.0393     1.0000  
   1308.5300     1.0417     1.0000  
   1308.5400     1.2212     1.0000  
   1308.5500     1.0620     1.0000  
   1308.5600     1.0573     1.0000  
   1308.5700     0.9878     0.9999  
   1308.5800     1.0093     0.9999  
   1308.5900     1.0123     0.9999  
   1308.6000     0.9436     0.9999  
   1308.6100     0.9435     0.9999  
   1308.6200     0.9524     0.9999  
   1308.6300     1.0457     0.9999  
   1308.6400     0.9468     0.9999  
   1308.6500     0.9845     0.9999  
   1308.6600     1.0079     0.9999  
   1308.6700     0.8513     0.9999  
   1308.6800     0.9137     0.9999  
   1308.6900     0.9162     0.9999  
   1308.7000     0.8727     0.9999  
   1308.7100     0.9280     0.9999  
   1308.7200     0.9198     0.9999  
   1308.7300     1.0630     0.9999  
   1308.7400     1.0580     0.9999  
   1308.7500     0.8499     0.9999  
   1308.7600     1.0591     0.9999  
   1308.7700     0.9369     1.0000  
   1308.7800     1.0917     1.0000  
   1308.7900     0.9462     1.0000  
   1308.8000     1.1021     1.0000  
   1308.8100     1.0118     1.0000  
   1308.8200     0.9981     1.0000  
   1308.8300     1.0582     1.0000  
   1308.8400     0.9629     1.0000  
   1308.8500     0.9956     1.0000  
   1308.8600     0.9890     1.0000  
   1308.8700     1.0492     1.0000  
   1308.8800     1.0835     1.0000  
   1308.8900     0.9361     1.0000  
   1308.9000     0.9324     1.0000  
   1308.9100     0.9885     1.0000  
   1308.9200     1.0629     1.0000  
   1308.9300     1.0347     1.0000  
   1308.9400     1.0190     1.0000  
   1308.9500     1.0851     1.0000  
   1308.9600     1.0408     1.0000  
   1308.9700     0.9564     1.0000  
   1308.9800     1.0739     1.0000  
   1308.9900     1.1021     1.0000  
   1309.0000     0.9833     1.0000  
   1309.0100     0.9283     1.0000  
   1309.0200     0.9478     1.0000  
   1309.0300     0.9975     1.0000  
   1309.0400     1.0906     1.0000  
   1309.0500     0.9805     1.0000  
   1309.0600     0.9732     1.0000  
   1309.0700     0.9910     1.0000  
   1309.0800     1.0044     1.0000  
   1309.0900     0.9853     0.9999  
   1309.1000     0.9327     0.9999  
   1309.1100     0.9448     0.9997  
   1309.1200     0.8852     0.9995  
   1309.1300     0.8920     0.9991  
   1309.1400     0.9361     0.9985  
   1309.1500     0.9995     0.9976  
   1309.1600     0.9878     0.9964  
   1309.1700     1.0097     0.9951  
   1309.1800     0.9788     0.9935  
   1309.1900     0.9674     0.9920  
   1309.2000     0.9057     0.9905  
   1309.2100     0.8584     0.9892  
   1309.2200     0.9383     0.9882  
   1309.2300     0.8853     0.9873  
   1309.2400     0.9175     0.9867  
   1309.2500     0.9421     0.9862  
   1309.2600     0.8893     0.9860  
   1309.2700     1.0064     0.9859  
   1309.2800     0.9425     0.9858  
   1309.2900     0.9144     0.9859  
   1309.3000     1.0356     0.9861  
   1309.3100     1.0011     0.9864  
   1309.3200     1.0272     0.9869  
   1309.3300     0.9005     0.9875  
   1309.3400     0.9978     0.9883  
   1309.3500     1.0027     0.9893  
   1309.3600     0.9343     0.9904  
   1309.3700     0.9457     0.9916  
   1309.3800     1.0144     0.9928  
   1309.3900     0.9416     0.9940  
   1309.4000     1.0645     0.9949  
   1309.4100     1.0551     0.9957  
   1309.4200     1.0155     0.9962  
   1309.4300     0.9522     0.9965  
   1309.4400     1.0267     0.9967  
   1309.4500     1.0140     0.9969  
   1309.4600     1.0117     0.9969  
   1309.4700     1.0711     0.9970  
   1309.4800     0.9821     0.9971  
   1309.4900     0.9470     0.9972  
   1309.5000     0.9709     0.9973  
   1309.5100     1.0015     0.9975  
   1309.5200     0.9138     0.9977  
   1309.5300     0.8868     0.9980  
   1309.5400     0.9663     0.9983  
   1309.5500     1.0019     0.9987  
   1309.5600     1.0451     0.9990  
   1309.5700     1.0184     0.9993  
   1309.5800     0.9914     0.9995  
   1309.5900     0.9743     0.9997  
   1309.6000     0.9685     0.9998  
   1309.6100     0.9487     0.9998  
   1309.6200     1.0140     0.9999  
   1309.6300     1.0269     0.9999  
   1309.6400     1.0033     0.9999  
   1309.6500     0.9327     0.9998  
   1309.6600     1.0029     0.9998  
   1309.6700     0.9638     0.9998  
   1309.6800     0.8793     0.9998  
   1309.6900     0.9929     0.9998  
   1309.7000     1.0094     0.9998  
   1309.7100     0.9779     0.9998  
   1309.7200     0.8924     0.9998  
   1309.7300     0.9686     0.9998  
   1309.7400     0.9440     0.9998  
   1309.7500     0.9022     0.9998  
   1309.7600     0.9537     0.9998  
   1309.7700     0.9750     0.9998  
   1309.7800     0.9994     0.9998  
   1309.7900     0.9748     0.9998  
   1309.8000     1.0052     0.9999  
   1309.8100     0.9936     0.9999  
   1309.8200     1.0146     0.9999  
   1309.8300     1.0379     0.9999  
   1309.8400     1.0184     0.9999  
   1309.8500     1.0069     1.0000  
   1309.8600     1.0012     1.0000  
   1309.8700     1.0517     1.0000  
   1309.8800     1.0075     1.0000  
   1309.8900     1.0046     1.0000  
   1309.9000     1.0194     1.0000  
   1309.9100     1.0003     1.0000  
   1309.9200     1.0679     1.0000  
   1309.9300     1.0856     1.0000  
   1309.9400     0.9458     1.0000  
   1309.9500     0.9359     1.0000  
   1309.9600     1.0038     1.0000  
   1309.9700     0.9973     1.0000  
   1309.9800     0.9563     1.0000  
   1309.9900     0.9789     1.0000  
   1310.0000     1.0203     1.0000  
   1310.0100     1.0650     1.0000  
   1310.0200     1.0349     1.0000  
   1310.0300     1.0711     1.0000  
   1310.0400     1.0133     1.0000  
   1310.0500     0.9503     1.0000  
   1310.0600     1.0560     1.0000  
   1310.0700     1.0805     1.0000  
   1310.0800     1.0056     1.0000  
   1310.0900     1.0160     1.0000  
   1310.1000     1.0643     1.0000  
   1310.1100     0.9913     1.0000  
   1310.1200     0.9673     1.0000  
   1310.1300     1.0242     1.0000  
   1310.1400     0.9613     1.0000  
   1310.1500     1.0006     1.0000  
   1310.1600     1.0015     1.0000  
   1310.1700     1.0479     1.0000  
   1310.1800     1.1125     1.0000  
   1310.1900     1.0208     1.0000  
   1310.2000     0.9904     1.0000  
   1310.2100     1.0512     1.0000  
   1310.2200     1.0401     1.0000  
   1310.2300     1.0040     1.0000  
   1310.2400     1.0378     1.0000  
   1310.2500     1.0129     1.0000  
   1310.2600     0.9302     1.0000  
   1310.2700     1.0332     1.0000  
   1310.2800     1.1243     1.0000  
   1310.2900     1.0810     1.0000  
   1310.3000     1.0730     1.0000  
   1310.3100     1.0486     1.0000  
   1310.3200     1.0646     1.0000  
   1310.3300     1.0197     1.0000  
   1310.3400     0.9985     1.0000  
   1310.3500     0.9934     1.0000  
   1310.3600     1.0772     1.0000  
   1310.3700     1.0793     1.0000  
   1310.3800     1.1007     1.0000  
   1310.3900     1.1503     1.0000  
   1310.4000     1.1187     1.0000  
   1310.4100     1.0453     1.0000  
   1310.4200     0.9746     1.0000  
   1310.4300     1.0050     1.0000  
   1310.4400     0.9832     1.0000  
   1310.4500     0.9336     1.0000  
   1310.4600     0.9874     1.0000  
   1310.4700     1.1242     1.0000  
   1310.4800     1.1418     1.0000  
   1310.4900     1.0856     1.0000  
   1310.5000     1.0472     1.0000  
   1310.5100     1.0968     1.0000  
   1310.5200     1.0334     1.0000  
   1310.5300     0.9514     1.0000  
   1310.5400     0.9915     1.0000  
   1310.5500     0.9760     1.0000  
   1310.5600     0.9757     1.0000  
   1310.5700     0.9624     1.0000  
   1310.5800     0.8897     1.0000  
   1310.5900     1.0076     1.0000  
   1310.6000     1.1160     1.0000  
   1310.6100     1.0305     1.0000  
   1310.6200     1.0506     1.0000  
   1310.6300     1.0560     1.0000  
   1310.6400     0.9804     1.0000  
   1310.6500     1.0378     1.0000  
   1310.6600     1.0210     1.0000  
   1310.6700     0.9534     1.0000  
   1310.6800     0.9314     1.0000  
   1310.6900     0.9882     1.0000  
   1310.7000     0.9874     1.0000  
   1310.7100     1.0000     1.0000  
   1310.7200     1.0173     1.0000  
   1310.7300     0.9940     1.0000  
   1310.7400     1.0050     1.0000  
   1310.7500     1.0114     1.0000  
   1310.7600     1.0200     1.0000  
   1310.7700     1.0705     1.0000  
   1310.7800     1.0188     1.0000  
   1310.7900     0.9755     1.0000  
   1310.8000     1.0504     1.0000  
   1310.8100     0.9681     1.0000  
   1310.8200     1.0127     1.0000  
   1310.8300     1.0253     1.0000  
   1310.8400     0.9199     1.0000  
   1310.8500     1.0284     1.0000  
   1310.8600     1.0728     1.0000  
   1310.8700     0.9539     1.0000  
   1310.8800     1.0416     1.0000  
   1310.8900     1.0740     1.0000  
   1310.9000     1.0058     1.0000  
   1310.9100     1.0442     1.0000  
   1310.9200     0.9987     1.0000  
   1310.9300     0.9684     1.0000  
   1310.9400     1.0096     1.0000  
   1310.9500     0.9343     1.0000  
   1310.9600     0.9642     1.0000  
   1310.9700     0.9942     1.0000  
   1310.9800     1.0277     1.0000  
   1310.9900     1.0306     1.0000  
   1311.0000     0.9913     1.0000  
   1311.0100     1.0267     1.0000  
   1311.0200     1.1201     1.0000  
   1311.0300     1.0365     1.0000  
   1311.0400     1.0454     1.0000  
   1311.0500     1.1491     1.0000  
   1311.0600     1.1099     1.0000  
   1311.0700     1.0092     1.0000  
   1311.0800     1.0131     1.0000  
   1311.0900     1.0870     1.0000  
   1311.1000     1.0511     1.0000  
   1311.1100     1.0358     1.0000  
   1311.1200     1.0945     1.0000  
   1311.1300     1.0448     1.0000  
   1311.1400     1.0850     1.0000  
   1311.1500     1.0320     1.0000  
   1311.1600     1.0101     1.0000  
   1311.1700     0.9895     1.0000  
   1311.1800     1.0318     1.0000  
   1311.1900     0.9452     1.0000  
   1311.2000     1.0837     1.0000  
   1311.2100     1.1064     1.0000  
   1311.2200     0.9591     1.0000  
   1311.2300     0.9137     1.0000  
   1311.2400     0.9612     1.0000  
   1311.2500     0.9849     1.0000  
   1311.2600     1.0304     1.0000  
   1311.2700     0.9448     1.0000  
   1311.2800     1.0388     1.0000  
   1311.2900     1.0069     1.0000  
   1311.3000     1.0136     1.0000  
   1311.3100     0.9609     1.0000  
   1311.3200     0.9727     1.0000  
   1311.3300     0.9931     1.0000  
   1311.3400     1.0110     1.0000  
   1311.3500     1.0766     1.0000  
   1311.3600     1.0571     1.0000  
   1311.3700     1.0610     1.0000  
   1311.3800     0.9892     1.0000  
   1311.3900     0.9516     1.0000  
   1311.4000     0.9448     1.0000  
   1311.4100     0.9818     1.0000  
   1311.4200     1.0641     1.0000  
   1311.4300     1.0333     1.0000  
   1311.4400     0.9076     1.0000  
   1311.4500     0.9582     1.0000  
   1311.4600     1.0588     1.0000  
   1311.4700     1.0741     1.0000  
   1311.4800     1.0742     1.0000  
   1311.4900     1.0127     1.0000  
   1311.5000     1.0759     1.0000  
   1311.5100     0.9911     1.0000  
   1311.5200     1.0923     1.0000  
   1311.5300     1.2349     1.0000  
   1311.5400     0.9608     1.0000  
   1311.5500     1.1217     1.0000  
   1311.5600     1.0841     1.0000  
   1311.5700     1.0433     1.0000  
   1311.5800     1.0154     1.0000  
   1311.5900     0.8742     1.0000  
   1311.6000     1.0429     1.0000  
   1311.6100     0.9112     1.0000  
   1311.6200     1.0162     1.0000  
   1311.6300     1.0549     1.0000  
   1311.6400     0.9734     1.0000  
   1311.6500     0.8391     1.0000  
   1311.6600     0.9510     1.0000  
   1311.6700     1.0169     1.0000  
   1311.6800     0.9208     1.0000  
   1311.6900     0.9556     1.0000  
   1311.7000     1.0172     1.0000  
   1311.7100     1.0062     1.0000  
   1311.7200     1.0295     1.0000  
   1311.7300     0.8666     1.0000  
   1311.7400     0.9771     1.0000  
   1311.7500     1.0411     1.0000  
   1311.7600     0.9869     1.0000  
   1311.7700     0.9659     1.0000  
   1311.7800     0.9941     1.0000  
   1311.7900     1.0213     1.0000  
   1311.8000     0.9176     1.0000  
   1311.8100     0.9409     1.0000  
   1311.8200     0.9977     1.0000  
   1311.8300     0.9157     1.0000  
   1311.8400     0.9795     1.0000  
   1311.8500     0.9188     1.0000  
   1311.8600     0.9160     1.0000  
   1311.8700     0.9718     1.0000  
   1311.8800     0.9827     1.0000  
   1311.8900     0.9501     1.0000  
   1311.9000     0.8750     1.0000  
   1311.9100     0.9773     1.0000  
   1311.9200     0.9628     1.0000  
   1311.9300     0.9580     1.0000  
   1311.9400     0.9579     1.0000  
   1311.9500     0.9975     1.0000  
   1311.9600     1.0396     1.0000  
   1311.9700     1.1658     1.0000  
   1311.9800     1.0639     1.0000  
   1311.9900     1.0918     1.0000  
   1312.0000     1.1631     1.0000  
