900.000000 8.66088e-17
900.039000 8.66377e-17
900.078000 8.66668e-17
900.117000 8.66958e-17
900.156000 8.67249e-17
900.195000 8.67539e-17
900.234000 8.67829e-17
900.273000 8.6812e-17
900.313000 8.68413e-17
900.352000 8.68703e-17
900.391000 8.68993e-17
900.430000 8.69284e-17
900.469000 8.69575e-17
900.508000 8.69866e-17
900.547000 8.70156e-17
900.586000 8.70447e-17
900.625000 8.70737e-17
900.664000 8.71027e-17
900.703000 8.7132e-17
900.742000 8.71611e-17
900.781000 8.71902e-17
900.820000 8.72193e-17
900.859000 8.72484e-17
900.898000 8.72776e-17
900.938000 8.73069e-17
900.977000 8.73361e-17
901.016000 8.73651e-17
901.055000 8.73943e-17
901.094000 8.74235e-17
901.133000 8.74525e-17
901.172000 8.74816e-17
901.211000 8.75108e-17
901.250000 8.75399e-17
901.289000 8.75692e-17
901.328000 8.75983e-17
901.367000 8.76276e-17
901.406000 8.76567e-17
901.445000 8.76858e-17
901.484000 8.7715e-17
901.523000 8.77442e-17
901.563000 8.77736e-17
901.602000 8.7803e-17
901.641000 8.78322e-17
901.680000 8.78613e-17
901.719000 8.78905e-17
901.758000 8.79197e-17
901.797000 8.7949e-17
901.836000 8.79782e-17
901.875000 8.80074e-17
901.914000 8.80367e-17
901.953000 8.80659e-17
901.992000 8.80952e-17
902.031000 8.81242e-17
902.070000 8.81536e-17
902.109000 8.81829e-17
902.148000 8.82122e-17
902.188000 8.82416e-17
902.227000 8.82708e-17
902.266000 8.83002e-17
902.305000 8.83295e-17
902.344000 8.83589e-17
902.383000 8.83881e-17
902.422000 8.84174e-17
902.461000 8.84468e-17
902.500000 8.84761e-17
902.539000 8.85054e-17
902.578000 8.85349e-17
902.617000 8.85644e-17
902.656000 8.85939e-17
902.695000 8.86233e-17
902.734000 8.86528e-17
902.773000 8.86823e-17
902.813000 8.87119e-17
902.852000 8.87415e-17
902.891000 8.87709e-17
902.930000 8.88003e-17
902.969000 8.88299e-17
903.008000 8.88593e-17
903.047000 8.8889e-17
903.086000 8.89184e-17
903.125000 8.89478e-17
903.164000 8.89774e-17
903.203000 8.90069e-17
903.242000 8.90365e-17
903.281000 8.9066e-17
903.320000 8.90955e-17
903.359000 8.91252e-17
903.398000 8.91546e-17
903.438000 8.91843e-17
903.477000 8.9214e-17
903.516000 8.92435e-17
903.555000 8.9273e-17
903.594000 8.93027e-17
903.633000 8.93322e-17
903.672000 8.93619e-17
903.711000 8.93913e-17
903.750000 8.94209e-17
903.789000 8.94506e-17
903.828000 8.94802e-17
903.867000 8.95097e-17
903.906000 8.95394e-17
903.945000 8.95689e-17
903.984000 8.95986e-17
904.023000 8.96282e-17
904.063000 8.9658e-17
904.102000 8.96877e-17
904.141000 8.97172e-17
904.180000 8.97469e-17
904.219000 8.97765e-17
904.258000 8.98061e-17
904.297000 8.98358e-17
904.336000 8.98656e-17
904.375000 8.98951e-17
904.414000 8.99248e-17
904.453000 8.99545e-17
904.492000 8.99842e-17
904.531000 9.00138e-17
904.570000 9.00435e-17
904.609000 9.00732e-17
904.648000 9.01029e-17
904.688000 9.01329e-17
904.727000 9.01626e-17
904.766000 9.01923e-17
904.805000 9.02219e-17
904.844000 9.02516e-17
904.883000 9.02814e-17
904.922000 9.0311e-17
904.961000 9.03408e-17
905.000000 9.03706e-17
905.078000 9.04303e-17
905.234000 9.055e-17
905.547000 9.07897e-17
906.172000 9.12696e-17
907.422000 9.22334e-17
908.031000 9.27044e-17
908.976000 9.34407e-17
909.922000 9.41804e-17
910.395000 9.45812e-17
910.867000 9.49876e-17
911.104000 9.5231e-17
911.340000 9.54737e-17
911.458000 9.5595e-17
911.577000 9.57171e-17
911.636000 9.57779e-17
911.695000 9.58386e-17
911.724000 9.58685e-17
911.754000 9.58992e-17
911.783000 9.59293e-17
911.813000 9.61407e-17
911.843000 9.61641e-17
911.872000 9.61871e-17
911.931000 9.62335e-17
912.049000 9.63264e-17
912.286000 9.65128e-17
912.758000 9.68887e-17
912.995000 9.71037e-17
913.231000 9.73476e-17
913.468000 9.7712e-17
913.704000 9.829e-17
913.822000 9.87069e-17
913.940000 9.92111e-17
914.059000 9.98486e-17
914.177000 1.00594e-16
914.295000 1.01467e-16
914.413000 1.02512e-16
914.531000 1.03665e-16
914.649000 1.04993e-16
914.768000 1.06432e-16
914.886000 1.08034e-16
915.004000 1.09737e-16
915.240000 1.13555e-16
915.477000 1.17847e-16
915.713000 1.22565e-16
915.949000 1.27647e-16
916.186000 1.33068e-16
916.422000 1.38776e-16
916.659000 1.44745e-16
916.895000 1.50884e-16
917.368000 1.63602e-16
917.604000 1.70003e-16
917.841000 1.76315e-16
917.959000 1.79348e-16
918.077000 1.82205e-16
918.195000 1.84795e-16
918.313000 1.86954e-16
918.372000 1.8777e-16
918.432000 1.88338e-16
918.491000 1.88469e-16
918.550000 1.88095e-16
918.609000 1.87156e-16
918.638000 1.86411e-16
918.668000 1.85383e-16
918.697000 1.84056e-16
918.727000 1.82282e-16
918.756000 1.80153e-16
918.786000 1.77559e-16
918.816000 1.74484e-16
918.845000 1.70898e-16
918.875000 1.6678e-16
918.904000 1.62219e-16
918.934000 1.56714e-16
918.963000 1.5086e-16
918.993000 1.44505e-16
919.022000 1.38687e-16
919.052000 1.3205e-16
919.081000 1.24977e-16
919.111000 1.17141e-16
919.141000 1.09672e-16
919.170000 1.01761e-16
919.200000 9.31026e-17
919.229000 8.45371e-17
919.259000 7.57934e-17
919.284000 6.91287e-17
919.288000 6.82174e-17
919.301000 6.51387e-17
919.318000 6.24979e-17
919.351000 6.02045e-17
919.401000 6.52057e-17
919.451000 7.80703e-17
919.501000 9.321e-17
919.551000 1.07854e-16
919.601000 1.21071e-16
919.651000 1.34339e-16
919.701000 1.45928e-16
919.751000 1.57956e-16
919.801000 1.69214e-16
919.851000 1.78605e-16
919.901000 1.86921e-16
919.951000 1.93617e-16
920.001000 1.98876e-16
920.051000 2.02564e-16
920.101000 2.04655e-16
920.151000 2.05391e-16
920.201000 2.04891e-16
920.251000 2.02976e-16
920.301000 1.99405e-16
920.351000 1.941e-16
920.401000 1.8729e-16
920.451000 1.79331e-16
920.501000 1.70332e-16
920.551000 1.59798e-16
920.601000 1.47821e-16
920.651000 1.36224e-16
920.701000 1.23184e-16
920.751000 1.09589e-16
920.801000 9.49127e-17
920.851000 7.86647e-17
920.901000 6.4361e-17
920.913000 6.12836e-17
920.938000 5.76339e-17
920.951000 5.66978e-17
920.963000 5.64186e-17
921.013000 6.13441e-17
921.063000 7.50197e-17
921.113000 9.13744e-17
921.163000 1.06765e-16
921.213000 1.20575e-16
921.263000 1.34526e-16
921.313000 1.47199e-16
921.363000 1.60173e-16
921.413000 1.72611e-16
921.463000 1.83706e-16
921.513000 1.94654e-16
921.563000 2.0485e-16
921.613000 2.1436e-16
921.663000 2.22594e-16
921.713000 2.29641e-16
921.763000 2.35683e-16
921.813000 2.41028e-16
921.863000 2.45364e-16
921.913000 2.48567e-16
921.963000 2.50725e-16
922.013000 2.52032e-16
922.063000 2.52467e-16
922.113000 2.51984e-16
922.163000 2.50539e-16
922.213000 2.48075e-16
922.263000 2.44532e-16
922.313000 2.39901e-16
922.363000 2.34108e-16
922.413000 2.27887e-16
922.463000 2.20462e-16
922.513000 2.12006e-16
922.563000 2.02383e-16
922.613000 1.92371e-16
922.663000 1.81672e-16
922.713000 1.70557e-16
922.763000 1.58222e-16
922.813000 1.45331e-16
922.863000 1.31925e-16
922.913000 1.17398e-16
922.963000 1.03141e-16
922.975000 9.92003e-17
923.013000 8.66414e-17
923.019000 8.45053e-17
923.063000 6.95158e-17
923.106000 5.79894e-17
923.150000 5.44534e-17
923.194000 5.81744e-17
923.238000 6.97628e-17
923.281000 8.4603e-17
923.325000 9.94464e-17
923.369000 1.1273e-16
923.413000 1.2553e-16
923.456000 1.3802e-16
923.500000 1.49897e-16
923.544000 1.61651e-16
923.588000 1.72945e-16
923.631000 1.8337e-16
923.675000 1.9366e-16
923.719000 2.03743e-16
923.763000 2.13756e-16
923.806000 2.23267e-16
923.850000 2.32279e-16
923.894000 2.40678e-16
923.938000 2.48461e-16
923.982000 2.56374e-16
924.025000 2.637e-16
924.069000 2.70485e-16
924.113000 2.76746e-16
924.157000 2.82448e-16
924.200000 2.87579e-16
924.244000 2.92244e-16
924.288000 2.96432e-16
924.332000 3.00173e-16
924.375000 3.03465e-16
924.419000 3.06268e-16
924.463000 3.08564e-16
924.550000 3.12107e-16
924.638000 3.14171e-16
924.725000 3.14772e-16
924.769000 3.14537e-16
924.813000 3.13802e-16
924.857000 3.12641e-16
924.901000 3.11042e-16
924.944000 3.08983e-16
924.988000 3.06453e-16
925.032000 3.03474e-16
925.076000 2.99979e-16
925.119000 2.95974e-16
925.163000 2.91407e-16
925.207000 2.86371e-16
925.251000 2.80717e-16
925.294000 2.74397e-16
925.338000 2.67788e-16
925.382000 2.60735e-16
925.426000 2.53151e-16
925.469000 2.45508e-16
925.513000 2.37439e-16
925.557000 2.28784e-16
925.601000 2.19615e-16
925.644000 2.09901e-16
925.688000 2.00076e-16
925.732000 1.89865e-16
925.776000 1.79448e-16
925.820000 1.68375e-16
925.863000 1.56715e-16
925.907000 1.44543e-16
925.951000 1.31915e-16
925.995000 1.18081e-16
926.038000 1.04207e-16
926.082000 8.9153e-17
926.126000 7.35248e-17
926.170000 5.96977e-17
926.176000 5.8018e-17
926.201000 5.49085e-17
926.213000 5.43008e-17
926.226000 5.40159e-17
926.276000 5.80746e-17
926.326000 7.35811e-17
926.376000 9.15108e-17
926.426000 1.08731e-16
926.476000 1.24688e-16
926.526000 1.39978e-16
926.576000 1.54307e-16
926.626000 1.68131e-16
926.676000 1.81199e-16
926.726000 1.93429e-16
926.776000 2.05596e-16
926.826000 2.17454e-16
926.876000 2.29053e-16
926.926000 2.40043e-16
926.976000 2.50453e-16
927.026000 2.6045e-16
927.076000 2.70523e-16
927.176000 2.89432e-16
927.226000 2.98387e-16
927.276000 3.06715e-16
927.326000 3.14623e-16
927.376000 3.22164e-16
927.426000 3.29224e-16
927.476000 3.35844e-16
927.576000 3.48075e-16
927.676000 3.58788e-16
927.776000 3.67783e-16
927.876000 3.75639e-16
927.976000 3.82347e-16
928.076000 3.87969e-16
928.176000 3.92565e-16
928.276000 3.95948e-16
928.375000 3.9835e-16
928.475000 3.99833e-16
928.575000 4.00301e-16
928.675000 3.99763e-16
928.725000 3.99094e-16
928.775000 3.98078e-16
928.825000 3.96407e-16
928.875000 3.94368e-16
928.975000 3.89123e-16
929.075000 3.82337e-16
929.175000 3.74081e-16
929.275000 3.63994e-16
929.375000 3.52647e-16
929.475000 3.39661e-16
929.575000 3.26598e-16
929.675000 3.1249e-16
929.725000 3.0499e-16
929.775000 2.97033e-16
929.825000 2.8863e-16
929.875000 2.79677e-16
929.925000 2.70214e-16
929.975000 2.60424e-16
930.025000 2.50452e-16
930.075000 2.39892e-16
930.125000 2.28808e-16
930.175000 2.17167e-16
930.225000 2.05321e-16
930.275000 1.93014e-16
930.325000 1.80154e-16
930.375000 1.66564e-16
930.425000 1.52053e-16
930.475000 1.36991e-16
930.525000 1.20422e-16
930.575000 1.0295e-16
930.602000 9.2804e-17
930.625000 8.40987e-17
930.638000 7.85339e-17
930.675000 6.46391e-17
930.698000 5.83261e-17
930.711000 5.66478e-17
930.748000 5.51551e-17
930.798000 5.83824e-17
930.848000 7.49688e-17
930.898000 9.45299e-17
930.948000 1.12968e-16
930.998000 1.30034e-16
931.048000 1.45959e-16
931.098000 1.60972e-16
931.148000 1.75216e-16
931.198000 1.88692e-16
931.248000 2.01493e-16
931.298000 2.13944e-16
931.348000 2.26046e-16
931.398000 2.37843e-16
931.448000 2.49109e-16
931.498000 2.59878e-16
931.548000 2.7024e-16
931.598000 2.80576e-16
931.648000 2.90482e-16
931.698000 2.99924e-16
931.748000 3.08944e-16
931.848000 3.25928e-16
931.948000 3.42001e-16
932.048000 3.58234e-16
932.148000 3.74559e-16
932.248000 3.90132e-16
932.348000 4.0495e-16
932.448000 4.18804e-16
932.548000 4.32003e-16
932.648000 4.44422e-16
932.748000 4.55605e-16
932.848000 4.65425e-16
932.948000 4.74499e-16
933.148000 4.90764e-16
933.248000 4.98014e-16
933.348000 5.04734e-16
933.448000 5.10764e-16
933.548000 5.15871e-16
933.647000 5.20195e-16
933.847000 5.27539e-16
934.047000 5.32868e-16
934.247000 5.36003e-16
934.348000 5.36581e-16
934.448000 5.36536e-16
934.547000 5.3577e-16
934.648000 5.34206e-16
934.747000 5.31613e-16
934.847000 5.27991e-16
934.947000 5.23463e-16
935.047000 5.18009e-16
935.147000 5.11919e-16
935.247000 5.05275e-16
935.347000 4.97746e-16
935.447000 4.8929e-16
935.547000 4.7999e-16
935.647000 4.69823e-16
935.747000 4.58709e-16
935.947000 4.36503e-16
936.047000 4.2526e-16
936.147000 4.13625e-16
936.247000 4.01365e-16
936.347000 3.88437e-16
936.447000 3.74908e-16
936.547000 3.60552e-16
936.647000 3.45104e-16
936.747000 3.28536e-16
936.847000 3.10754e-16
936.947000 2.91708e-16
936.997000 2.81849e-16
937.047000 2.71603e-16
937.097000 2.60987e-16
937.147000 2.49888e-16
937.197000 2.38284e-16
937.247000 2.26131e-16
937.297000 2.13434e-16
937.347000 2.00213e-16
937.397000 1.86373e-16
937.447000 1.71853e-16
937.497000 1.56499e-16
937.547000 1.4031e-16
937.597000 1.22334e-16
937.647000 1.02726e-16
937.691000 8.37103e-17
937.697000 8.10558e-17
937.719000 7.23322e-17
937.747000 6.1899e-17
937.775000 5.91392e-17
937.803000 5.8323e-17
937.831000 5.94212e-17
937.859000 6.25194e-17
937.887000 7.23612e-17
937.915000 8.3711e-17
937.943000 9.60172e-17
937.971000 1.07678e-16
938.000000 1.19183e-16
938.028000 1.29567e-16
938.056000 1.39711e-16
938.084000 1.4904e-16
938.112000 1.58135e-16
938.140000 1.66899e-16
938.168000 1.7544e-16
938.196000 1.8376e-16
938.224000 1.91806e-16
938.252000 1.99732e-16
938.308000 2.14895e-16
938.365000 2.29622e-16
938.421000 2.43478e-16
938.477000 2.56691e-16
938.533000 2.69308e-16
938.589000 2.81393e-16
938.645000 2.93148e-16
938.758000 3.15747e-16
938.870000 3.36707e-16
938.982000 3.56356e-16
939.094000 3.74769e-16
939.207000 3.92209e-16
939.319000 4.0883e-16
939.544000 4.41056e-16
939.656000 4.56761e-16
939.768000 4.72788e-16
939.881000 4.89544e-16
939.993000 5.0648e-16
940.218000 5.39445e-16
940.442000 5.70694e-16
940.667000 6.02512e-16
940.891000 6.33265e-16
941.116000 6.61379e-16
941.341000 6.87592e-16
941.565000 7.11578e-16
941.790000 7.33237e-16
942.014000 7.53034e-16
942.239000 7.69737e-16
942.464000 7.84439e-16
942.688000 7.97684e-16
942.913000 8.09532e-16
943.137000 8.19416e-16
943.362000 8.27332e-16
943.587000 8.33312e-16
943.811000 8.37191e-16
944.036000 8.38371e-16
944.260000 8.36373e-16
944.485000 8.3125e-16
944.597000 8.27442e-16
944.710000 8.22924e-16
944.822000 8.17362e-16
944.934000 8.10772e-16
945.047000 8.0336e-16
945.159000 7.94807e-16
945.384000 7.75375e-16
945.608000 7.54246e-16
945.833000 7.31282e-16
946.057000 7.0597e-16
946.282000 6.79063e-16
946.507000 6.50262e-16
946.731000 6.21508e-16
946.956000 5.93273e-16
947.180000 5.65762e-16
947.405000 5.38391e-16
947.630000 5.10421e-16
947.854000 4.81649e-16
948.079000 4.51563e-16
948.191000 4.359e-16
948.303000 4.1969e-16
948.416000 4.0256e-16
948.528000 3.84509e-16
948.640000 3.65116e-16
948.753000 3.44161e-16
948.809000 3.33065e-16
948.865000 3.21648e-16
948.921000 3.09766e-16
948.977000 2.97508e-16
949.033000 2.84789e-16
949.090000 2.71235e-16
949.146000 2.57208e-16
949.202000 2.42497e-16
949.258000 2.27006e-16
949.314000 2.10704e-16
949.342000 2.02273e-16
949.370000 1.93574e-16
949.398000 1.84676e-16
949.427000 1.75151e-16
949.455000 1.65737e-16
949.483000 1.5574e-16
949.511000 1.45293e-16
949.539000 1.33932e-16
949.567000 1.21996e-16
949.595000 1.09078e-16
949.623000 9.50681e-17
949.651000 8.01929e-17
949.672000 7.19527e-17
949.679000 6.99483e-17
949.693000 6.62717e-17
949.707000 6.54083e-17
949.743000 6.49703e-17
949.793000 6.6333e-17
949.843000 8.46713e-17
949.893000 1.10347e-16
949.943000 1.32759e-16
949.993000 1.52786e-16
950.043000 1.70633e-16
950.093000 1.87383e-16
950.143000 2.033e-16
950.193000 2.18505e-16
950.243000 2.33055e-16
950.293000 2.46955e-16
950.343000 2.60349e-16
950.393000 2.73196e-16
950.443000 2.85523e-16
950.493000 2.97353e-16
950.543000 3.08763e-16
950.593000 3.19763e-16
950.693000 3.41047e-16
950.793000 3.61075e-16
950.893000 3.79932e-16
950.993000 3.97743e-16
951.093000 4.1454e-16
951.193000 4.30607e-16
951.393000 4.61208e-16
951.593000 4.90636e-16
951.793000 5.19412e-16
952.193000 5.76383e-16
952.393000 6.04977e-16
952.593000 6.35619e-16
952.793000 6.67389e-16
952.993000 7.01632e-16
953.193000 7.37398e-16
953.393000 7.73543e-16
953.593000 8.1103e-16
953.793000 8.49438e-16
953.993000 8.88905e-16
954.193000 9.31451e-16
954.393000 9.75151e-16
954.593000 1.01913e-15
954.993000 1.10549e-15
955.193000 1.148e-15
955.393000 1.18995e-15
955.593000 1.22961e-15
955.793000 1.26582e-15
955.993000 1.30059e-15
956.193000 1.33431e-15
956.393000 1.3664e-15
956.593000 1.39718e-15
956.793000 1.42546e-15
956.993000 1.45284e-15
957.393000 1.50452e-15
957.793000 1.55213e-15
958.193000 1.59533e-15
958.593000 1.63367e-15
958.993000 1.66692e-15
959.393000 1.69501e-15
959.793000 1.71719e-15
960.193000 1.73313e-15
960.593000 1.74257e-15
960.993000 1.74531e-15
961.393000 1.74105e-15
961.793000 1.72967e-15
962.193000 1.71111e-15
962.593000 1.6855e-15
962.993000 1.65314e-15
963.393000 1.61437e-15
963.793000 1.56966e-15
964.193000 1.51965e-15
964.593000 1.46519e-15
964.993000 1.40698e-15
965.393000 1.34583e-15
965.794000 1.28252e-15
966.193000 1.21804e-15
966.994000 1.08875e-15
967.393000 1.02492e-15
967.794000 9.62273e-16
968.194000 9.00994e-16
968.594000 8.415e-16
968.994000 7.83321e-16
969.394000 7.26542e-16
969.794000 6.7042e-16
970.194000 6.14407e-16
970.594000 5.57168e-16
970.794000 5.27514e-16
970.994000 4.96578e-16
971.094000 4.80374e-16
971.194000 4.6358e-16
971.294000 4.45973e-16
971.394000 4.2751e-16
971.494000 4.07852e-16
971.594000 3.86782e-16
971.644000 3.75739e-16
971.694000 3.64185e-16
971.744000 3.52168e-16
971.794000 3.39674e-16
971.844000 3.26633e-16
971.894000 3.12996e-16
971.944000 2.98727e-16
971.994000 2.83877e-16
972.044000 2.68356e-16
972.094000 2.52116e-16
972.143000 2.35419e-16
972.193000 2.17515e-16
972.243000 1.98576e-16
972.293000 1.7813e-16
972.343000 1.54761e-16
972.350000 1.51217e-16
972.393000 1.27072e-16
972.397000 1.24669e-16
972.443000 9.37485e-17
972.490000 7.98095e-17
972.537000 7.96688e-17
972.584000 7.98983e-17
972.627000 9.3059e-17
972.631000 9.49389e-17
972.677000 1.24775e-16
972.727000 1.5307e-16
972.777000 1.76993e-16
972.827000 1.97884e-16
972.877000 2.17156e-16
972.927000 2.35389e-16
972.977000 2.52708e-16
973.027000 2.69276e-16
973.077000 2.85141e-16
973.127000 3.0036e-16
973.177000 3.15092e-16
973.227000 3.29113e-16
973.277000 3.42571e-16
973.327000 3.55481e-16
973.377000 3.67924e-16
973.427000 3.79842e-16
973.527000 4.0253e-16
973.627000 4.23728e-16
973.727000 4.43654e-16
973.827000 4.62598e-16
973.927000 4.80755e-16
974.027000 4.98237e-16
974.127000 5.15192e-16
974.227000 5.31683e-16
974.427000 5.63841e-16
974.827000 6.26392e-16
975.227000 6.88405e-16
975.627000 7.51523e-16
976.027000 8.16926e-16
976.227000 8.51045e-16
976.427000 8.85618e-16
976.627000 9.21765e-16
976.827000 9.58469e-16
977.027000 9.96926e-16
977.227000 1.03644e-15
977.427000 1.07757e-15
977.627000 1.1203e-15
977.827000 1.16475e-15
978.027000 1.21103e-15
978.227000 1.25926e-15
978.427000 1.30954e-15
978.627000 1.36202e-15
978.827000 1.41682e-15
979.027000 1.4741e-15
979.227000 1.53398e-15
979.427000 1.59658e-15
979.627000 1.66199e-15
979.827000 1.73053e-15
980.027000 1.80227e-15
980.227000 1.87737e-15
980.427000 1.95599e-15
980.627000 2.03825e-15
980.827000 2.12437e-15
981.027000 2.21452e-15
981.227000 2.30884e-15
981.427000 2.4075e-15
981.627000 2.51073e-15
981.827000 2.61859e-15
982.027000 2.73123e-15
982.227000 2.84887e-15
982.427000 2.97166e-15
982.627000 3.09974e-15
982.827000 3.23321e-15
983.027000 3.37222e-15
983.227000 3.51695e-15
983.427000 3.66742e-15
983.627000 3.82354e-15
983.827000 3.98542e-15
984.027000 4.15334e-15
984.227000 4.32737e-15
984.427000 4.50759e-15
984.628000 4.69516e-15
984.828000 4.88857e-15
985.028000 5.08855e-15
985.228000 5.29541e-15
985.428000 5.51061e-15
985.628000 5.72898e-15
986.028000 6.18816e-15
986.428000 6.67164e-15
986.828000 7.17721e-15
987.228000 7.70494e-15
987.628000 8.25468e-15
988.028000 8.82717e-15
988.428000 9.42515e-15
988.828000 1.0044e-14
989.228000 1.06769e-14
990.028000 1.19619e-14
990.828000 1.32671e-14
991.628000 1.46104e-14
992.028000 1.52869e-14
992.428000 1.5951e-14
992.828000 1.65725e-14
993.228000 1.7165e-14
994.028000 1.83276e-14
994.428000 1.88975e-14
994.828000 1.94234e-14
995.228000 1.99009e-14
995.628000 2.03376e-14
996.028000 2.07454e-14
996.428000 2.11142e-14
996.828000 2.14236e-14
997.228000 2.16618e-14
997.628000 2.18475e-14
998.028000 2.20181e-14
998.228000 2.21038e-14
998.428000 2.21791e-14
998.628000 2.22157e-14
998.828000 2.22302e-14
999.228000 2.218e-14
999.628000 2.20856e-14
1000.028000 2.2019e-14
1000.228000 2.19882e-14
1000.428000 2.19462e-14
1000.628000 2.18483e-14
1000.828000 2.17131e-14
1001.028000 2.15637e-14
1001.228000 2.13787e-14
1001.428000 2.11867e-14
1001.628000 2.10074e-14
1001.828000 2.0833e-14
1002.028000 2.0653e-14
1002.428000 2.02827e-14
1002.828000 1.98439e-14
1003.228000 1.93561e-14
1003.628000 1.88358e-14
1004.028000 1.82937e-14
1004.428000 1.77035e-14
1004.828000 1.71055e-14
1005.628000 1.58511e-14
1006.428000 1.45571e-14
1007.228000 1.32476e-14
1008.028000 1.1947e-14
1008.428000 1.13049e-14
1008.828000 1.06851e-14
1009.228000 1.00879e-14
1009.628000 9.50415e-15
1010.028000 8.92603e-15
1010.228000 8.64175e-15
1010.428000 8.36098e-15
1010.628000 8.0974e-15
1010.828000 7.83662e-15
1011.028000 7.58289e-15
1011.228000 7.3278e-15
1011.628000 6.83656e-15
1012.028000 6.37387e-15
1012.428000 5.93498e-15
1012.628000 5.72186e-15
1012.828000 5.51462e-15
1013.029000 5.31647e-15
1013.229000 5.12455e-15
1013.429000 4.94253e-15
1013.629000 4.76075e-15
1013.829000 4.58405e-15
1014.029000 4.41629e-15
1014.229000 4.25175e-15
1014.429000 4.09684e-15
1014.629000 3.94564e-15
1014.829000 3.80072e-15
1015.029000 3.66293e-15
1015.229000 3.52542e-15
1015.429000 3.39668e-15
1015.629000 3.27208e-15
1015.829000 3.15341e-15
1016.029000 3.04094e-15
1016.229000 2.92874e-15
1016.429000 2.82411e-15
1016.629000 2.72202e-15
1016.829000 2.62464e-15
1017.029000 2.53284e-15
1017.229000 2.442e-15
1017.429000 2.35761e-15
1017.629000 2.27536e-15
1017.829000 2.197e-15
1018.029000 2.12317e-15
1018.229000 2.0512e-15
1018.429000 1.98155e-15
1018.629000 1.91509e-15
1018.829000 1.85096e-15
1019.029000 1.79079e-15
1019.229000 1.73047e-15
1019.429000 1.67464e-15
1019.629000 1.61943e-15
1019.829000 1.56751e-15
1020.029000 1.517e-15
1020.429000 1.4201e-15
1020.629000 1.37424e-15
1020.829000 1.32918e-15
1021.029000 1.28677e-15
1021.229000 1.24399e-15
1021.629000 1.16402e-15
1022.029000 1.08852e-15
1022.429000 1.01455e-15
1022.829000 9.42535e-16
1023.229000 8.71434e-16
1023.629000 8.00359e-16
1023.829000 7.63795e-16
1023.929000 7.46328e-16
1024.029000 7.27148e-16
1024.129000 7.05055e-16
1024.229000 6.84118e-16
1024.329000 6.63859e-16
1024.429000 6.43709e-16
1024.529000 6.22115e-16
1024.629000 5.98166e-16
1024.729000 5.73853e-16
1024.829000 5.48339e-16
1024.929000 5.20835e-16
1024.979000 5.06118e-16
1025.029000 4.90879e-16
1025.079000 4.74847e-16
1025.129000 4.57471e-16
1025.179000 4.38548e-16
1025.229000 4.18091e-16
1025.279000 3.95872e-16
1025.329000 3.71955e-16
1025.379000 3.46213e-16
1025.429000 3.18256e-16
1025.479000 2.88503e-16
1025.529000 2.56523e-16
1025.539000 2.49973e-16
1025.579000 2.22191e-16
1025.584000 2.18705e-16
1025.629000 1.85372e-16
1025.675000 1.49981e-16
1025.720000 1.22742e-16
1025.765000 1.35269e-16
1025.805000 1.6566e-16
1025.810000 1.69569e-16
1025.855000 2.03947e-16
1025.906000 2.4005e-16
1025.956000 2.7363e-16
1026.006000 3.0482e-16
1026.056000 3.34036e-16
1026.106000 3.61237e-16
1026.156000 3.86561e-16
1026.206000 4.10012e-16
1026.256000 4.31803e-16
1026.306000 4.52015e-16
1026.356000 4.70791e-16
1026.406000 4.88084e-16
1026.456000 5.04057e-16
1026.506000 5.19119e-16
1026.556000 5.33662e-16
1026.656000 5.61172e-16
1026.756000 5.86668e-16
1026.856000 6.11031e-16
1026.956000 6.34815e-16
1027.056000 6.56904e-16
1027.156000 6.77348e-16
1027.256000 6.97717e-16
1027.356000 7.18837e-16
1027.456000 7.40449e-16
1027.556000 7.60221e-16
1027.656000 7.78386e-16
1027.856000 8.1527e-16
1028.256000 8.88783e-16
1029.056000 1.03561e-15
1029.456000 1.10807e-15
1029.856000 1.18265e-15
1030.056000 1.22136e-15
1030.256000 1.25936e-15
1030.456000 1.29977e-15
1030.656000 1.34315e-15
1030.856000 1.3908e-15
1031.056000 1.44244e-15
1031.256000 1.49607e-15
1031.456000 1.55542e-15
1031.656000 1.61377e-15
1032.056000 1.73509e-15
1032.456000 1.85753e-15
1032.856000 1.9861e-15
1033.256000 2.11942e-15
1033.656000 2.25984e-15
1033.856000 2.33532e-15
1033.956000 2.37352e-15
1034.056000 2.40736e-15
1034.156000 2.43547e-15
1034.256000 2.46282e-15
1034.356000 2.49031e-15
1034.456000 2.51762e-15
1034.556000 2.54315e-15
1034.656000 2.56743e-15
1034.756000 2.59121e-15
1034.856000 2.61495e-15
1034.956000 2.63914e-15
1035.056000 2.67003e-15
1035.156000 2.70848e-15
1035.355000 2.78825e-15
1035.455000 2.83065e-15
1035.555000 2.87655e-15
1035.655000 2.92778e-15
1035.755000 2.98112e-15
1035.855000 3.03669e-15
1035.955000 3.09499e-15
1036.055000 3.15892e-15
1036.155000 3.22804e-15
1036.255000 3.30159e-15
1036.355000 3.37906e-15
1036.455000 3.46154e-15
1036.555000 3.55374e-15
1036.655000 3.65693e-15
1036.755000 3.76735e-15
1036.855000 3.88666e-15
1036.955000 4.01527e-15
1037.055000 4.14431e-15
1037.155000 4.27439e-15
1037.255000 4.41394e-15
1037.355000 4.56441e-15
1037.455000 4.72631e-15
1037.555000 4.87634e-15
1037.655000 5.01696e-15
1037.855000 5.31989e-15
1038.055000 5.64353e-15
1038.155000 5.80404e-15
1038.255000 5.96984e-15
1038.355000 6.14631e-15
1038.455000 6.32974e-15
1038.555000 6.51379e-15
1038.655000 6.69932e-15
1038.755000 6.89138e-15
1038.855000 7.09228e-15
1038.955000 7.3049e-15
1039.055000 7.49659e-15
1039.155000 7.67068e-15
1039.354000 8.03487e-15
1039.454000 8.22618e-15
1039.554000 8.39842e-15
1039.654000 8.5479e-15
1039.755000 8.70142e-15
1039.854000 8.85558e-15
1040.054000 9.17305e-15
1040.254000 9.49361e-15
1040.454000 9.82851e-15
1040.654000 1.01929e-14
1040.854000 1.05818e-14
1041.054000 1.09846e-14
1041.454000 1.18077e-14
1041.854000 1.25921e-14
1042.254000 1.33298e-14
1042.654000 1.40472e-14
1043.054000 1.47839e-14
1043.454000 1.55767e-14
1043.854000 1.64169e-14
1044.254000 1.7294e-14
1044.654000 1.82121e-14
1044.854000 1.86899e-14
1045.054000 1.91892e-14
1045.254000 1.97169e-14
1045.454000 2.02626e-14
1045.654000 2.0848e-14
1045.854000 2.14527e-14
1046.054000 2.2067e-14
1046.254000 2.26792e-14
1046.454000 2.32968e-14
1046.654000 2.38666e-14
1046.854000 2.44155e-14
1047.054000 2.49359e-14
1047.254000 2.53857e-14
1047.454000 2.58292e-14
1047.854000 2.66661e-14
1048.054000 2.71032e-14
1048.254000 2.75799e-14
1048.454000 2.80778e-14
1048.654000 2.8649e-14
1048.854000 2.92682e-14
1049.254000 3.05786e-14
1049.654000 3.18858e-14
1049.854000 3.25009e-14
1050.054000 3.30677e-14
1050.254000 3.35085e-14
1050.454000 3.39265e-14
1050.654000 3.42541e-14
1050.854000 3.45232e-14
1051.254000 3.4958e-14
1051.654000 3.53122e-14
1052.054000 3.56332e-14
1052.454000 3.59193e-14
1052.854000 3.61328e-14
1053.254000 3.62626e-14
1053.654000 3.63296e-14
1054.054000 3.63862e-14
1054.454000 3.6511e-14
1054.854000 3.67346e-14
1055.254000 3.69778e-14
1055.654000 3.71614e-14
1055.854000 3.71991e-14
1056.054000 3.71744e-14
1056.254000 3.70699e-14
1056.454000 3.69399e-14
1056.654000 3.67108e-14
1056.854000 3.6444e-14
1057.054000 3.61634e-14
1057.454000 3.55469e-14
1057.654000 3.52846e-14
1057.854000 3.50413e-14
1058.054000 3.48504e-14
1058.254000 3.47516e-14
1058.454000 3.46706e-14
1058.654000 3.47257e-14
1058.854000 3.48294e-14
1059.054000 3.49821e-14
1059.254000 3.52613e-14
1059.454000 3.55577e-14
1059.653000 3.59459e-14
1059.853000 3.63888e-14
1060.053000 3.68732e-14
1060.253000 3.74445e-14
1060.453000 3.80383e-14
1060.653000 3.87326e-14
1060.853000 3.94822e-14
1061.053000 4.02939e-14
1061.253000 4.12383e-14
1061.453000 4.22296e-14
1061.653000 4.33549e-14
1061.853000 4.45803e-14
1062.053000 4.58968e-14
1062.253000 4.73749e-14
1062.453000 4.89327e-14
1062.653000 5.05977e-14
1062.853000 5.23627e-14
1063.053000 5.41921e-14
1063.453000 5.79469e-14
1063.853000 6.1653e-14
1064.053000 6.34422e-14
1064.253000 6.50919e-14
1064.453000 6.67412e-14
1064.653000 6.82019e-14
1064.853000 6.95804e-14
1065.053000 7.08813e-14
1065.252000 7.20793e-14
1065.452000 7.32337e-14
1065.852000 7.54288e-14
1066.252000 7.75722e-14
1066.652000 7.96865e-14
1067.052000 8.16974e-14
1067.253000 8.26304e-14
1067.453000 8.35238e-14
1067.652000 8.41672e-14
1067.853000 8.47293e-14
1068.052000 8.51635e-14
1068.252000 8.5271e-14
1068.452000 8.53403e-14
1068.652000 8.51102e-14
1068.852000 8.47287e-14
1069.052000 8.42393e-14
1069.252000 8.35405e-14
1069.452000 8.27863e-14
1069.852000 8.10792e-14
1070.252000 7.93579e-14
1070.652000 7.77998e-14
1071.052000 7.64751e-14
1071.452000 7.54627e-14
1071.852000 7.46632e-14
1072.252000 7.39537e-14
1072.652000 7.32164e-14
1073.052000 7.23281e-14
1073.452000 7.11774e-14
1073.852000 6.97969e-14
1074.252000 6.8184e-14
1074.652000 6.6476e-14
1075.052000 6.47981e-14
1075.252000 6.4027e-14
1075.452000 6.33091e-14
1075.652000 6.26879e-14
1075.852000 6.21345e-14
1076.052000 6.16768e-14
1076.252000 6.14071e-14
1076.452000 6.11681e-14
1076.652000 6.11401e-14
1076.852000 6.12105e-14
1077.052000 6.13721e-14
1077.252000 6.18093e-14
1077.452000 6.22744e-14
1077.652000 6.29651e-14
1077.852000 6.37808e-14
1078.052000 6.47073e-14
1078.252000 6.58783e-14
1078.452000 6.70991e-14
1078.652000 6.85405e-14
1078.852000 7.01006e-14
1079.052000 7.17655e-14
1079.252000 7.36056e-14
1079.451000 7.55261e-14
1079.651000 7.7591e-14
1079.851000 7.97234e-14
1080.051000 8.19527e-14
1080.451000 8.66234e-14
1080.851000 9.14562e-14
1081.251000 9.63581e-14
1081.651000 1.01191e-13
1082.051000 1.0586e-13
1082.451000 1.10181e-13
1082.851000 1.1422e-13
1083.251000 1.17842e-13
1083.651000 1.21072e-13
1084.052000 1.23966e-13
1084.452000 1.26452e-13
1084.852000 1.28633e-13
1085.252000 1.30538e-13
1085.652000 1.32195e-13
1086.052000 1.33596e-13
1086.452000 1.34862e-13
1087.252000 1.37004e-13
1088.052000 1.38697e-13
1088.852000 1.40072e-13
1089.652000 1.41223e-13
1090.452000 1.42147e-13
1091.252000 1.42888e-13
1092.852000 1.43868e-13
1094.452000 1.44419e-13
1096.052000 1.44676e-13
1097.652000 1.44706e-13
1099.252000 1.44544e-13
1102.452000 1.43827e-13
1105.652000 1.42678e-13
1108.852000 1.41213e-13
1112.052000 1.3942e-13
1115.252000 1.37352e-13
1118.452000 1.35195e-13
1121.651000 1.33085e-13
1124.851000 1.30972e-13
1128.051000 1.28759e-13
1131.251000 1.26242e-13
1134.451000 1.23273e-13
1137.651000 1.20031e-13
1140.851000 1.16695e-13
1144.051000 1.13154e-13
1147.251000 1.09169e-13
1150.451000 1.04791e-13
1153.651000 1.00154e-13
1156.851000 9.52103e-14
1158.451000 9.25438e-14
1160.051000 8.9778e-14
1161.651000 8.68663e-14
1163.251000 8.38804e-14
1166.451000 7.7729e-14
1168.051000 7.45816e-14
1169.651000 7.13637e-14
1171.251000 6.79772e-14
1172.851000 6.44058e-14
1174.451000 6.07178e-14
1176.051000 5.70084e-14
1179.251000 4.9586e-14
1182.451000 4.20509e-14
1184.051000 3.82528e-14
1185.651000 3.45278e-14
1187.250000 3.09319e-14
1188.850000 2.74745e-14
1189.650000 2.57904e-14
1190.450000 2.41511e-14
1191.250000 2.25594e-14
1192.050000 2.10123e-14
1192.851000 1.95242e-14
1193.651000 1.80982e-14
1194.451000 1.67348e-14
1195.251000 1.5435e-14
1196.051000 1.42018e-14
1196.451000 1.36087e-14
1196.851000 1.30357e-14
1197.251000 1.24792e-14
1197.651000 1.19394e-14
1198.051000 1.14195e-14
1198.451000 1.09154e-14
1198.851000 1.04319e-14
1199.251000 9.96461e-15
1199.651000 9.51451e-15
1200.051000 9.08249e-15
1200.451000 8.66584e-15
1200.851000 8.26627e-15
1201.251000 7.88428e-15
1201.651000 7.51881e-15
1202.051000 7.16985e-15
1202.451000 6.83742e-15
1202.851000 6.52061e-15
1203.251000 6.21893e-15
1203.651000 5.93263e-15
1204.051000 5.66044e-15
1204.451000 5.402e-15
1204.851000 5.15604e-15
1205.251000 4.92265e-15
1205.651000 4.70127e-15
1206.051000 4.49113e-15
1206.451000 4.29212e-15
1206.851000 4.10323e-15
1207.251000 3.92426e-15
1207.651000 3.75392e-15
1208.052000 3.59169e-15
1208.452000 3.43809e-15
1208.852000 3.29209e-15
1209.252000 3.15268e-15
1209.652000 3.0194e-15
1210.052000 2.89099e-15
1210.452000 2.76808e-15
1210.852000 2.64793e-15
1211.252000 2.53125e-15
1211.652000 2.41694e-15
1212.052000 2.30458e-15
1212.852000 2.08442e-15
1213.252000 1.97435e-15
1213.452000 1.9184e-15
1213.652000 1.86139e-15
1213.852000 1.80244e-15
1213.952000 1.77192e-15
1214.052000 1.74044e-15
1214.102000 1.7243e-15
1214.152000 1.70726e-15
1214.202000 1.68795e-15
1214.252000 1.66255e-15
1214.302000 1.61888e-15
1214.352000 1.56326e-15
1214.402000 1.5e-15
1214.452000 1.41935e-15
1214.502000 1.32178e-15
1214.552000 1.22101e-15
1214.602000 1.13524e-15
1214.652000 1.05354e-15
1214.702000 9.74415e-16
1214.752000 8.99934e-16
1214.802000 8.41005e-16
1214.852000 7.84129e-16
1214.902000 7.03812e-16
1214.953000 6.08257e-16
1215.003000 5.19371e-16
1215.053000 4.51656e-16
1215.103000 4.1391e-16
1215.153000 3.94858e-16
1215.203000 3.87786e-16
1215.252000 3.85687e-16
1215.253000 3.85658e-16
1215.303000 3.85236e-16
1215.353000 3.85272e-16
1215.453000 3.85445e-16
1215.621000 3.85752e-16
1215.635000 3.85778e-16
1215.653000 3.85811e-16
1215.671000 3.85844e-16
1215.721000 3.85935e-16
1215.821000 3.86118e-16
1215.921000 3.86303e-16
1215.971000 3.86397e-16
1216.021000 3.86527e-16
1216.071000 3.86851e-16
1216.121000 3.88273e-16
1216.171000 3.92706e-16
1216.221000 4.0701e-16
1216.271000 4.36397e-16
1216.321000 4.90643e-16
1216.371000 5.77387e-16
1216.421000 6.70562e-16
1216.471000 7.62643e-16
1216.521000 8.24887e-16
1216.572000 8.79751e-16
1216.621000 9.49158e-16
1216.672000 1.02925e-15
1216.722000 1.11053e-15
1216.772000 1.19399e-15
1216.822000 1.28988e-15
1216.872000 1.39446e-15
1216.922000 1.48371e-15
1216.972000 1.55641e-15
1217.022000 1.61318e-15
1217.072000 1.6669e-15
1217.122000 1.6989e-15
1217.172000 1.72057e-15
1217.222000 1.73874e-15
1217.322000 1.77189e-15
1217.422000 1.80368e-15
1217.522000 1.83428e-15
1217.722000 1.89363e-15
1218.122000 2.00644e-15
1218.522000 2.11617e-15
1219.322000 2.3384e-15
1220.122000 2.56618e-15
1220.522000 2.68174e-15
1220.922000 2.8004e-15
1221.322000 2.92407e-15
1221.722000 3.05453e-15
1222.122000 3.19252e-15
1222.522000 3.33472e-15
1223.322000 3.61965e-15
1223.722000 3.7613e-15
1224.122000 3.90548e-15
1224.522000 4.05752e-15
1224.922000 4.22094e-15
1225.323000 4.39761e-15
1225.723000 4.58772e-15
1226.123000 4.78643e-15
1226.523000 4.98656e-15
1226.923000 5.18205e-15
1227.323000 5.36215e-15
1227.723000 5.53139e-15
1228.123000 5.6905e-15
1228.523000 5.85172e-15
1228.923000 6.01835e-15
1229.123000 6.10471e-15
1229.323000 6.19979e-15
1229.523000 6.30402e-15
1229.723000 6.41179e-15
1229.923000 6.52845e-15
1230.123000 6.65894e-15
1230.323000 6.79655e-15
1230.523000 6.94886e-15
1230.722000 7.11082e-15
1230.922000 7.28228e-15
1231.122000 7.47448e-15
1231.322000 7.67426e-15
1231.522000 7.88926e-15
1231.722000 8.11765e-15
1231.922000 8.35981e-15
1232.122000 8.61499e-15
1232.322000 8.88479e-15
1232.522000 9.16674e-15
1232.722000 9.45964e-15
1232.922000 9.76693e-15
1233.122000 1.00862e-14
1233.522000 1.07556e-14
1233.922000 1.14643e-14
1234.322000 1.22074e-14
1234.722000 1.29757e-14
1235.122000 1.37611e-14
1235.922000 1.53688e-14
1236.722000 1.70095e-14
1237.522000 1.86956e-14
1238.322000 2.04629e-14
1239.122000 2.23202e-14
1239.922000 2.42613e-14
1240.722000 2.62612e-14
1242.322000 3.03321e-14
1243.922000 3.4503e-14
1245.522000 3.87564e-14
1246.322000 4.08623e-14
1247.122000 4.2915e-14
1247.922000 4.49386e-14
1248.722000 4.69042e-14
1249.522000 4.88394e-14
1250.322000 5.07985e-14
1251.122000 5.26543e-14
1251.922000 5.44068e-14
1252.722000 5.61058e-14
1253.522000 5.77368e-14
1255.122000 6.09314e-14
1256.722000 6.40423e-14
1258.322000 6.68744e-14
1259.922000 6.94e-14
1261.522000 7.17595e-14
1263.122000 7.40535e-14
1264.722000 7.62533e-14
1266.322000 7.8134e-14
1267.922000 7.98031e-14
1269.522000 8.12971e-14
1271.122000 8.27837e-14
1272.722000 8.41897e-14
1274.322000 8.54767e-14
1275.922000 8.66344e-14
1277.522000 8.7678e-14
1280.722000 8.95552e-14
1283.922000 9.11165e-14
1287.122000 9.23674e-14
1290.322000 9.3365e-14
1293.522000 9.40788e-14
1296.722000 9.45874e-14
1299.844000 9.50806e-14
1299.922000 9.5093e-14
1300.000000 9.51055e-14
1305.000000 9.57899e-14
1310.000000 9.60457e-14
1315.000000 9.61702e-14
1320.000000 9.58408e-14
1325.000000 9.52257e-14
1330.000000 9.47043e-14
1340.000000 9.38096e-14
1350.000000 9.33379e-14
1355.000000 9.27339e-14
1357.500000 9.23939e-14
1360.000000 9.19235e-14
1362.500000 9.13017e-14
1365.000000 9.04834e-14
1367.500000 8.95705e-14
1370.000000 8.86639e-14
1372.500000 8.78428e-14
1375.000000 8.7065e-14
1377.500000 8.6293e-14
1380.000000 8.54726e-14
1385.000000 8.3529e-14
1387.500000 8.25427e-14
1390.000000 8.17271e-14
1392.500000 8.12102e-14
1395.000000 8.11339e-14
1397.500000 8.12344e-14
1400.000000 8.16703e-14
1402.500000 8.23193e-14
1405.000000 8.30354e-14
1407.500000 8.37315e-14
1410.000000 8.43209e-14
1412.500000 8.47591e-14
1415.000000 8.50301e-14
1417.500000 8.51419e-14
1420.000000 8.51159e-14
1425.000000 8.47555e-14
1430.000000 8.41803e-14
1435.000000 8.34979e-14
1445.000000 8.2025e-14
1465.000000 7.9001e-14
1485.000000 7.60718e-14
1505.000000 7.32806e-14
1525.000000 7.06236e-14
1545.000000 6.80927e-14
1565.000000 6.56834e-14
1585.000000 6.33902e-14
1605.000000 6.12097e-14
1625.000000 5.91338e-14
1645.000000 5.71544e-14
1665.000000 5.52662e-14
1685.000000 5.34638e-14
1705.000000 5.17456e-14
1725.000000 5.01038e-14
1745.000000 4.85309e-14
1765.000000 4.7025e-14
1785.000000 4.55839e-14
1805.000000 4.42026e-14
1825.000000 4.28779e-14
1845.000000 4.16075e-14
1865.000000 4.03908e-14
1885.000000 3.92222e-14
1905.000000 3.80993e-14
1925.000000 3.70216e-14
1945.000000 3.59856e-14
1965.000000 3.49892e-14
1985.000000 3.4031e-14
2005.000000 3.3108e-14
2025.000000 3.22185e-14
2045.000000 3.1362e-14
2065.000000 3.05358e-14
2085.000000 2.97389e-14
2105.000000 2.89709e-14
2125.000000 2.82299e-14
2145.000000 2.75139e-14
2165.000000 2.68225e-14
2185.000000 2.61543e-14
2205.000000 2.55079e-14
2225.000000 2.48835e-14
2245.000000 2.42803e-14
2265.000000 2.36967e-14
2285.000000 2.31319e-14
2305.000000 2.25853e-14
2325.000000 2.20558e-14
2345.000000 2.15431e-14
2365.000000 2.10464e-14
2385.000000 2.05648e-14
2405.000000 2.00981e-14
2425.000000 1.96456e-14
2445.000000 1.92063e-14
2465.000000 1.87801e-14
2485.000000 1.83666e-14
2505.000000 1.79652e-14
2525.000000 1.75751e-14
2545.000000 1.71965e-14
2565.000000 1.68285e-14
2585.000000 1.64711e-14
2605.000000 1.6124e-14
2625.000000 1.57866e-14
2645.000000 1.54584e-14
2665.000000 1.51393e-14
2685.000000 1.48289e-14
2705.000000 1.45267e-14
2725.000000 1.42327e-14
2745.000000 1.39465e-14
2765.000000 1.36679e-14
2785.000000 1.33968e-14
2805.000000 1.31327e-14
2825.000000 1.28753e-14
2845.000000 1.26247e-14
2865.000000 1.23806e-14
2885.000000 1.21425e-14
2905.000000 1.19104e-14
2925.000000 1.16842e-14
2945.000000 1.14635e-14
2965.000000 1.12484e-14
2985.000000 1.10386e-14
3005.000000 1.08338e-14
3025.000000 1.06341e-14
3045.000000 1.04392e-14
3065.000000 1.02489e-14
3085.000000 1.00631e-14
3105.000000 9.88171e-15
3125.000000 9.70454e-15
3145.000000 9.5315e-15
3165.000000 9.36249e-15
3185.000000 9.19739e-15
3205.000000 9.03607e-15
3225.000000 8.8785e-15
3245.000000 8.72456e-15
3265.000000 8.57398e-15
3285.000000 8.42666e-15
3305.000000 8.28252e-15
3325.000000 8.14176e-15
3345.000000 8.00419e-15
3365.000000 7.86958e-15
3385.000000 7.73783e-15
3405.000000 7.60891e-15
3425.000000 7.48274e-15
3445.000000 7.35941e-15
3465.000000 7.23864e-15
3485.000000 7.12039e-15
3505.000000 7.00459e-15
3525.000000 6.89119e-15
3545.000000 6.78017e-15
3565.000000 6.67149e-15
3585.000000 6.56499e-15
3605.000000 6.46031e-15
3625.000000 6.35792e-15
3642.820000 6.26836e-15
3644.360000 6.2607e-15
3645.000000 6.2571e-15
3647.180000 6.24113e-15
3650.000000 6.22675e-15
3660.000000 6.17608e-15
3670.000000 6.12585e-15
3676.145000 6.09463e-15
3679.828000 6.07629e-15
3680.000000 6.07545e-15
3683.159000 6.05976e-15
3683.855000 6.05631e-15
3687.005000 6.04071e-15
3687.882000 6.03638e-15
3692.605000 6.01305e-15
3698.205000 5.98555e-15
3702.703000 5.96358e-15
3703.805000 5.95818e-15
3704.907000 5.9528e-15
3707.111000 5.94218e-15
3710.009000 5.92818e-15
3711.518000 5.92084e-15
3713.027000 5.91352e-15
3716.046000 5.89935e-15
3721.168000 5.87485e-15
3721.536000 5.87306e-15
3722.083000 5.8704e-15
3722.997000 5.86605e-15
3724.826000 5.85794e-15
3728.483000 5.84151e-15
3735.430000 5.808e-15
3742.377000 5.77799e-15
3747.430000 5.75024e-15
3749.324000 5.73883e-15
3751.218000 5.72851e-15
3755.006000 5.71963e-15
3758.794000 5.70638e-15
3761.040000 5.69666e-15
3762.582000 5.68954e-15
3766.370000 5.6623e-15
3769.036000 5.64143e-15
3770.368000 5.63086e-15
3771.701000 5.62237e-15
3773.034000 5.62379e-15
3774.366000 5.6263e-15
3775.699000 5.62912e-15
3777.031000 5.63197e-15
3778.364000 5.63375e-15
3781.029000 5.63319e-15
3783.694000 5.62495e-15
3786.360000 5.60955e-15
3789.025000 5.58523e-15
3791.690000 5.55377e-15
3794.355000 5.51622e-15
3795.065000 5.50571e-15
3797.021000 5.47661e-15
3797.999000 5.46391e-15
3798.976000 5.45514e-15
3799.954000 5.46195e-15
3800.931000 5.47278e-15
3801.909000 5.48525e-15
3802.887000 5.49824e-15
3803.864000 5.51053e-15
3805.819000 5.53391e-15
3807.774000 5.55442e-15
3809.730000 5.56882e-15
3811.685000 5.57903e-15
3813.640000 5.58007e-15
3815.596000 5.57713e-15
3817.551000 5.56775e-15
3819.506000 5.548e-15
3821.462000 5.51985e-15
3823.417000 5.48653e-15
3825.372000 5.44373e-15
3827.328000 5.39366e-15
3829.283000 5.33778e-15
3829.915000 5.31744e-15
3833.194000 5.21289e-15
3834.833000 5.1613e-15
3835.652000 5.13827e-15
3836.062000 5.12865e-15
3836.472000 5.12262e-15
3836.882000 5.12908e-15
3837.292000 5.13913e-15
3837.701000 5.15057e-15
3838.111000 5.16301e-15
3838.521000 5.1759e-15
3838.930000 5.18933e-15
3839.340000 5.20281e-15
3839.750000 5.21666e-15
3840.159000 5.23086e-15
3840.979000 5.25854e-15
3842.618000 5.31472e-15
3845.896000 5.41738e-15
3847.535000 5.46424e-15
3849.175000 5.50589e-15
3850.814000 5.54215e-15
3852.453000 5.57386e-15
3854.092000 5.59865e-15
3855.731000 5.61653e-15
3857.370000 5.62668e-15
3859.010000 5.63039e-15
3860.649000 5.63068e-15
3862.288000 5.62508e-15
3863.927000 5.60994e-15
3865.566000 5.58487e-15
3867.205000 5.55212e-15
3868.844000 5.51839e-15
3870.484000 5.47719e-15
3872.123000 5.42655e-15
3873.762000 5.36391e-15
3875.401000 5.28978e-15
3877.040000 5.223e-15
3878.679000 5.14247e-15
3880.319000 5.05341e-15
3881.958000 4.96309e-15
3883.597000 4.8659e-15
3885.236000 4.76901e-15
3886.879000 4.66526e-15
3887.697000 4.61423e-15
3888.514000 4.56525e-15
3888.923000 4.54184e-15
3889.332000 4.52131e-15
3889.741000 4.50387e-15
3890.150000 4.49639e-15
3890.559000 4.50335e-15
3890.968000 4.52007e-15
3891.377000 4.54019e-15
3891.786000 4.56292e-15
3892.604000 4.61165e-15
3894.239000 4.71324e-15
3897.510000 4.91551e-15
3900.781000 5.10256e-15
3904.052000 5.27874e-15
3905.688000 5.36021e-15
3907.323000 5.43801e-15
3908.958000 5.51007e-15
3910.594000 5.57009e-15
3912.229000 5.62286e-15
3913.865000 5.67236e-15
3915.500000 5.71939e-15
3917.136000 5.75895e-15
3918.771000 5.78936e-15
3920.407000 5.81214e-15
3922.042000 5.8308e-15
3923.678000 5.84488e-15
3926.949000 5.85851e-15
3930.220000 5.85059e-15
3933.491000 5.81909e-15
3935.126000 5.79523e-15
3936.762000 5.76204e-15
3938.397000 5.72334e-15
3940.033000 5.67712e-15
3941.668000 5.6272e-15
3943.304000 5.57151e-15
3944.939000 5.50228e-15
3946.575000 5.42291e-15
3949.846000 5.24983e-15
3951.481000 5.15967e-15
3953.117000 5.06433e-15
3954.752000 4.95572e-15
3956.388000 4.83259e-15
3958.023000 4.72512e-15
3959.659000 4.60675e-15
3961.294000 4.47614e-15
3962.930000 4.34849e-15
3964.565000 4.21738e-15
3966.201000 4.08839e-15
3967.750000 3.95615e-15
3967.836000 3.94851e-15
3968.611000 3.8803e-15
3969.472000 3.80119e-15
3970.333000 3.7174e-15
3970.764000 3.67132e-15
3970.979000 3.64741e-15
3971.086000 3.63792e-15
3971.194000 3.63257e-15
3971.302000 3.63751e-15
3971.409000 3.64659e-15
3971.517000 3.65805e-15
3971.625000 3.67e-15
3971.732000 3.68182e-15
3971.840000 3.69306e-15
3971.948000 3.70432e-15
3972.055000 3.71465e-15
3972.163000 3.7249e-15
3972.271000 3.73547e-15
3972.378000 3.74547e-15
3972.486000 3.75537e-15
3972.594000 3.76574e-15
3972.701000 3.77609e-15
3972.809000 3.78639e-15
3972.916000 3.79595e-15
3973.132000 3.81432e-15
3973.563000 3.85287e-15
3974.424000 3.92526e-15
3976.146000 4.06501e-15
3977.868000 4.19626e-15
3979.590000 4.32825e-15
3981.312000 4.45447e-15
3983.034000 4.58361e-15
3984.757000 4.70069e-15
3986.479000 4.81723e-15
3988.201000 4.94015e-15
3989.923000 5.04989e-15
3991.645000 5.14864e-15
3993.367000 5.24392e-15
3995.090000 5.34228e-15
3996.812000 5.43982e-15
3998.534000 5.52702e-15
4000.256000 5.60177e-15
4001.978000 5.66958e-15
4003.700000 5.7343e-15
4007.145000 5.84823e-15
4010.589000 5.93547e-15
4014.033000 6.00127e-15
4017.478000 6.04876e-15
4020.922000 6.08246e-15
4024.366000 6.10879e-15
4027.811000 6.1219e-15
4031.255000 6.12554e-15
4034.699000 6.12091e-15
4038.144000 6.10566e-15
4041.588000 6.08245e-15
4045.032000 6.04701e-15
4048.477000 5.99666e-15
4051.921000 5.93136e-15
4055.365000 5.85175e-15
4058.810000 5.75619e-15
4062.254000 5.63944e-15
4065.698000 5.49588e-15
4069.143000 5.33835e-15
4072.587000 5.16948e-15
4074.309000 5.08631e-15
4076.031000 4.99521e-15
4077.754000 4.89825e-15
4079.476000 4.79266e-15
4082.920000 4.58191e-15
4086.365000 4.35138e-15
4089.809000 4.10613e-15
4090.502000 4.05578e-15
4093.253000 3.84663e-15
4093.600000 3.81919e-15
4095.148000 3.70039e-15
4096.697000 3.57166e-15
4098.246000 3.43964e-15
4099.021000 3.36929e-15
4099.795000 3.29698e-15
4100.569000 3.21959e-15
4101.344000 3.13574e-15
4101.731000 3.08946e-15
4102.118000 3.04158e-15
4102.312000 3.01759e-15
4102.505000 2.99588e-15
4102.602000 2.98816e-15
4102.698000 2.98418e-15
4102.795000 2.98355e-15
4102.842000 2.98413e-15
4102.892000 2.98436e-15
4102.942000 2.98398e-15
4103.042000 2.98269e-15
4103.242000 2.99122e-15
4103.442000 3.01216e-15
4103.643000 3.03544e-15
4104.042000 3.08406e-15
4104.842000 3.17272e-15
4105.642000 3.25392e-15
4106.442000 3.32932e-15
4107.242000 3.39514e-15
4108.042000 3.46689e-15
4109.642000 3.5886e-15
4111.242000 3.71348e-15
4112.842000 3.82776e-15
4114.442000 3.94439e-15
4116.042000 4.05065e-15
4117.642000 4.14975e-15
4119.242000 4.26164e-15
4120.842000 4.36386e-15
4122.442000 4.45671e-15
4124.042000 4.54878e-15
4127.243000 4.72493e-15
4130.443000 4.88826e-15
4133.643000 5.02793e-15
4136.843000 5.172e-15
4140.043000 5.30521e-15
4143.244000 5.4306e-15
4146.443000 5.53503e-15
4149.644000 5.62328e-15
4152.844000 5.6967e-15
4156.044000 5.764e-15
4159.244000 5.81903e-15
4162.445000 5.86245e-15
4165.645000 5.8964e-15
4172.045000 5.94567e-15
4178.445000 5.97641e-15
4184.845000 5.99182e-15
4191.245000 5.99656e-15
4197.645000 5.99308e-15
4204.044000 5.98344e-15
4210.444000 5.96871e-15
4216.844000 5.94947e-15
4223.244000 5.92448e-15
4229.644000 5.89459e-15
4236.044000 5.85922e-15
4242.444000 5.81724e-15
4248.844000 5.76769e-15
4255.244000 5.70617e-15
4261.644000 5.63086e-15
4268.043000 5.53903e-15
4274.443000 5.42639e-15
4280.843000 5.28741e-15
4287.243000 5.12195e-15
4293.643000 4.93441e-15
4296.843000 4.83616e-15
4300.043000 4.7292e-15
4303.243000 4.61364e-15
4306.443000 4.48918e-15
4309.644000 4.35703e-15
4312.843000 4.22329e-15
4316.044000 4.07904e-15
4319.244000 3.92236e-15
4322.444000 3.75802e-15
4325.644000 3.58372e-15
4328.845000 3.40039e-15
4332.044000 3.20551e-15
4333.645000 3.10805e-15
4335.245000 3.00127e-15
4336.845000 2.88798e-15
4337.646000 2.82471e-15
4338.445000 2.76044e-15
4338.845000 2.72363e-15
4339.245000 2.68688e-15
4339.645000 2.64456e-15
4339.845000 2.62225e-15
4340.045000 2.5994e-15
4340.245000 2.57186e-15
4340.445000 2.54261e-15
4340.646000 2.51532e-15
4340.846000 2.48001e-15
4341.046000 2.43928e-15
4341.146000 2.41575e-15
4341.246000 2.389e-15
4341.346000 2.35872e-15
4341.446000 2.32344e-15
4341.497000 2.30472e-15
4341.546000 2.28785e-15
4341.596000 2.27373e-15
4341.610000 2.27074e-15
4341.632000 2.26698e-15
4341.646000 2.26505e-15
4341.682000 2.26299e-15
4341.732000 2.26685e-15
4341.782000 2.27712e-15
4341.832000 2.29182e-15
4341.881000 2.30929e-15
4341.981000 2.34456e-15
4342.082000 2.3771e-15
4342.182000 2.40536e-15
4342.282000 2.42899e-15
4342.382000 2.4517e-15
4342.582000 2.48893e-15
4342.782000 2.52103e-15
4342.982000 2.54897e-15
4343.182000 2.57752e-15
4343.583000 2.62436e-15
4343.982000 2.66651e-15
4344.382000 2.70239e-15
4344.782000 2.73855e-15
4345.582000 2.80294e-15
4346.382000 2.86231e-15
4347.982000 2.97144e-15
4349.582000 3.07245e-15
4351.182000 3.16334e-15
4352.782000 3.25624e-15
4355.982000 3.42718e-15
4359.183000 3.5921e-15
4362.383000 3.74246e-15
4365.583000 3.88358e-15
4368.783000 4.01351e-15
4371.983000 4.12993e-15
4375.184000 4.23975e-15
4378.383000 4.34421e-15
4381.584000 4.44073e-15
4384.784000 4.52645e-15
4387.984000 4.60494e-15
4391.184000 4.67444e-15
4397.584000 4.80593e-15
4400.784000 4.86212e-15
4403.984000 4.9126e-15
4407.185000 4.95704e-15
4410.384000 4.99395e-15
4416.785000 5.0519e-15
4423.185000 5.09074e-15
4429.584000 5.11596e-15
4435.984000 5.12898e-15
4442.384000 5.13246e-15
4448.784000 5.13087e-15
4455.184000 5.12528e-15
4461.584000 5.11538e-15
4467.984000 5.10293e-15
4474.384000 5.08834e-15
4480.784000 5.07192e-15
4487.184000 5.05456e-15
4493.583000 5.03648e-15
4499.983000 5.01752e-15
4506.383000 4.99806e-15
4512.783000 4.97821e-15
4519.183000 4.95787e-15
4525.583000 4.93727e-15
4531.983000 4.91646e-15
4538.383000 4.89538e-15
4544.783000 4.87416e-15
4551.183000 4.85285e-15
4557.583000 4.83138e-15
4563.982000 4.80983e-15
4570.382000 4.78822e-15
4576.782000 4.76651e-15
4583.182000 4.74476e-15
4589.582000 4.72296e-15
4595.982000 4.70109e-15
4602.382000 4.6793e-15
4608.782000 4.65769e-15
4615.182000 4.63567e-15
4621.582000 4.61359e-15
4627.981000 4.59147e-15
4634.381000 4.56921e-15
4640.781000 4.54685e-15
4647.181000 4.52439e-15
4653.581000 4.50177e-15
4659.981000 4.47898e-15
4666.381000 4.45595e-15
4672.781000 4.43211e-15
4679.181000 4.4079e-15
4685.581000 4.3833e-15
4691.980000 4.35786e-15
4698.380000 4.33169e-15
4704.780000 4.30473e-15
4711.180000 4.27628e-15
4717.580000 4.2466e-15
4723.980000 4.21563e-15
4730.380000 4.18186e-15
4736.780000 4.14643e-15
4743.180000 4.10981e-15
4749.580000 4.07002e-15
4755.979000 4.02731e-15
4762.379000 3.98145e-15
4768.779000 3.92906e-15
4775.179000 3.87239e-15
4781.579000 3.81061e-15
4787.979000 3.74053e-15
4794.379000 3.66176e-15
4800.779000 3.57286e-15
4807.179000 3.47181e-15
4813.579000 3.36019e-15
4816.778000 3.30039e-15
4819.979000 3.23726e-15
4823.179000 3.16958e-15
4826.378000 3.09815e-15
4829.579000 3.02243e-15
4832.779000 2.9416e-15
4835.979000 2.85676e-15
4839.179000 2.7673e-15
4842.380000 2.67217e-15
4845.580000 2.57323e-15
4848.780000 2.46803e-15
4851.980000 2.35652e-15
4853.581000 2.29716e-15
4855.181000 2.2355e-15
4856.781000 2.16722e-15
4857.581000 2.13081e-15
4858.380000 2.09054e-15
4859.181000 2.04723e-15
4859.581000 2.02298e-15
4859.981000 1.99655e-15
4860.380000 1.96789e-15
4860.780000 1.93334e-15
4860.980000 1.91371e-15
4861.180000 1.89195e-15
4861.380000 1.86558e-15
4861.581000 1.83607e-15
4861.681000 1.81935e-15
4861.781000 1.79967e-15
4861.881000 1.77744e-15
4861.981000 1.7535e-15
4862.081000 1.72408e-15
4862.181000 1.69383e-15
4862.281000 1.66164e-15
4862.381000 1.62923e-15
4862.432000 1.61402e-15
4862.481000 1.60187e-15
4862.531000 1.59255e-15
4862.582000 1.5859e-15
4862.631000 1.58228e-15
4862.681000 1.58106e-15
4862.731000 1.58218e-15
4862.781000 1.58578e-15
4862.831000 1.59227e-15
4862.880000 1.60145e-15
4862.930000 1.61374e-15
4862.980000 1.62884e-15
4863.030000 1.64393e-15
4863.130000 1.67737e-15
4863.230000 1.7082e-15
4863.330000 1.73756e-15
4863.430000 1.76448e-15
4863.530000 1.78742e-15
4863.630000 1.80798e-15
4863.730000 1.826e-15
4863.831000 1.84169e-15
4863.931000 1.8557e-15
4864.131000 1.88316e-15
4864.331000 1.90534e-15
4864.531000 1.92498e-15
4864.931000 1.9595e-15
4865.331000 1.98787e-15
4865.731000 2.01373e-15
4866.531000 2.0589e-15
4867.331000 2.09817e-15
4868.130000 2.13511e-15
4869.730000 2.20072e-15
4871.331000 2.25932e-15
4872.931000 2.31472e-15
4874.531000 2.36754e-15
4876.131000 2.41783e-15
4879.331000 2.51252e-15
4882.531000 2.60163e-15
4885.731000 2.68495e-15
4888.932000 2.76253e-15
4892.132000 2.83416e-15
4895.332000 2.90081e-15
4898.532000 2.96272e-15
4901.732000 3.01976e-15
4904.932000 3.07197e-15
4908.133000 3.11957e-15
4911.333000 3.16283e-15
4917.733000 3.24089e-15
4924.133000 3.30674e-15
4930.533000 3.35968e-15
4936.933000 3.40088e-15
4943.333000 3.43365e-15
4949.732000 3.45894e-15
4956.132000 3.47773e-15
4962.532000 3.4914e-15
4968.932000 3.49956e-15
4975.332000 3.50409e-15
4981.732000 3.50541e-15
4988.132000 3.5043e-15
4989.063000 3.50404e-15
4994.532000 3.50197e-15
5000.000000 3.49822e-15
5010.000000 3.48787e-15
5020.000000 3.47421e-15
5040.000000 3.44038e-15
5060.000000 3.40152e-15
5080.000000 3.35963e-15
5100.000000 3.31693e-15
5120.000000 3.27398e-15
5140.000000 3.23117e-15
5160.000000 3.18866e-15
5180.000000 3.14659e-15
5200.000000 3.10503e-15
5220.000000 3.06401e-15
5240.000000 3.02356e-15
5260.000000 2.9837e-15
5280.000000 2.94442e-15
5300.000000 2.90575e-15
5320.000000 2.8677e-15
5340.000000 2.83024e-15
5360.000000 2.79336e-15
5380.000000 2.75791e-15
5400.000000 2.72208e-15
5420.000000 2.68685e-15
5440.000000 2.6522e-15
5460.000000 2.61811e-15
5480.000000 2.58457e-15
5500.000000 2.55157e-15
5520.000000 2.5191e-15
5540.000000 2.48714e-15
5560.000000 2.45571e-15
5580.000000 2.42477e-15
5600.000000 2.39431e-15
5620.000000 2.36433e-15
5640.000000 2.33483e-15
5660.000000 2.30578e-15
5680.000000 2.27718e-15
5700.000000 2.24904e-15
5720.000000 2.22132e-15
5740.000000 2.19403e-15
5760.000000 2.16717e-15
5780.000000 2.14009e-15
5800.000000 2.11401e-15
5820.000000 2.08833e-15
5840.000000 2.06305e-15
5860.000000 2.03814e-15
5880.000000 2.01362e-15
5900.000000 1.98945e-15
5920.000000 1.96565e-15
5940.000000 1.94218e-15
5960.000000 1.91907e-15
5980.000000 1.89629e-15
6000.000000 1.87383e-15
6020.000000 1.85169e-15
6040.000000 1.82985e-15
6060.000000 1.80833e-15
6080.000000 1.78708e-15
6100.000000 1.76608e-15
6120.000000 1.74534e-15
6140.000000 1.72484e-15
6160.000000 1.70457e-15
6180.000000 1.68449e-15
6200.000000 1.66458e-15
6220.000000 1.64483e-15
6240.000000 1.62515e-15
6260.000000 1.60562e-15
6280.000000 1.58626e-15
6300.000000 1.56686e-15
6320.000000 1.54734e-15
6340.000000 1.52755e-15
6360.000000 1.50738e-15
6380.000000 1.48649e-15
6400.000000 1.46439e-15
6420.000000 1.44023e-15
6440.000000 1.41268e-15
6450.000000 1.39684e-15
6460.000000 1.37916e-15
6470.000000 1.35912e-15
6480.000000 1.33637e-15
6490.000000 1.31016e-15
6500.000000 1.27948e-15
6505.000000 1.26201e-15
6510.000000 1.24293e-15
6515.000000 1.2221e-15
6520.000000 1.19917e-15
6525.000000 1.17403e-15
6530.000000 1.14645e-15
6535.000000 1.11616e-15
6540.000000 1.08304e-15
6545.000000 1.0465e-15
6547.500000 1.02685e-15
6550.000000 1.00599e-15
6552.500000 9.83704e-16
6555.000000 9.59365e-16
6556.250000 9.46098e-16
6557.500000 9.31789e-16
6558.750000 9.15949e-16
6560.000000 8.97936e-16
6560.625000 8.87634e-16
6561.250000 8.75994e-16
6561.875000 8.62023e-16
6562.188000 8.5383e-16
6562.500000 8.44196e-16
6562.813000 8.32559e-16
6563.125000 8.18286e-16
6563.438000 7.98317e-16
6563.750000 7.69898e-16
6564.063000 7.24621e-16
6564.109000 7.1554e-16
6564.141000 7.09058e-16
6564.375000 6.70879e-16
6564.609000 6.58567e-16
6565.109000 7.15237e-16
6565.609000 7.83586e-16
6566.109000 8.18033e-16
6566.609000 8.38938e-16
6567.109000 8.54118e-16
6567.609000 8.66049e-16
6568.109000 8.76062e-16
6568.609000 8.84765e-16
6569.609000 8.99901e-16
6570.609000 9.1292e-16
6571.609000 9.24661e-16
6573.609000 9.45295e-16
6575.609000 9.63602e-16
6577.609000 9.80166e-16
6579.609000 9.95601e-16
6581.609000 1.01009e-15
6585.609000 1.03669e-15
6589.609000 1.0607e-15
6593.609000 1.08235e-15
6597.609000 1.10197e-15
6601.609000 1.11968e-15
6605.609000 1.13553e-15
6609.609000 1.14973e-15
6613.609000 1.16242e-15
6617.609000 1.17323e-15
6621.609000 1.18354e-15
6629.609000 1.20003e-15
6637.609000 1.21255e-15
6645.609000 1.22187e-15
6653.609000 1.22872e-15
6661.609000 1.23354e-15
6669.609000 1.23661e-15
6677.609000 1.2382e-15
6693.609000 1.23799e-15
6709.609000 1.23457e-15
6725.609000 1.22914e-15
6741.609000 1.22242e-15
6757.609000 1.21482e-15
6773.609000 1.20667e-15
6789.609000 1.19814e-15
6805.609000 1.18938e-15
6821.609000 1.18045e-15
6837.609000 1.1714e-15
6853.609000 1.16229e-15
6869.609000 1.15314e-15
6885.609000 1.14403e-15
6901.609000 1.13496e-15
6917.609000 1.12591e-15
6933.609000 1.11688e-15
6949.609000 1.10791e-15
6965.609000 1.09898e-15
6981.609000 1.09012e-15
6997.609000 1.08132e-15
7013.609000 1.07259e-15
7029.609000 1.06393e-15
7045.609000 1.05535e-15
7061.609000 1.04684e-15
7077.609000 1.0384e-15
7093.609000 1.03004e-15
7109.609000 1.02177e-15
7125.609000 1.01357e-15
7141.609000 1.00545e-15
7157.609000 9.97409e-16
7173.609000 9.89444e-16
7189.609000 9.81558e-16
7205.609000 9.73748e-16
7221.609000 9.66016e-16
7237.609000 9.58357e-16
7253.609000 9.50774e-16
7269.609000 9.43264e-16
7285.609000 9.3583e-16
7301.609000 9.28466e-16
7317.609000 9.21177e-16
7333.609000 9.13956e-16
7349.609000 9.06806e-16
7365.609000 8.99817e-16
7381.609000 8.92801e-16
7397.609000 8.85853e-16
7413.609000 8.78973e-16
7429.609000 8.72159e-16
7445.609000 8.65416e-16
7461.609000 8.58734e-16
7477.609000 8.52119e-16
7493.609000 8.45567e-16
7509.609000 8.39081e-16
7525.609000 8.32655e-16
7541.609000 8.26291e-16
7557.609000 8.19987e-16
7573.609000 8.13746e-16
7589.609000 8.0756e-16
7605.609000 8.01436e-16
7621.609000 7.9537e-16
7637.609000 7.89362e-16
7653.609000 7.83409e-16
7669.609000 7.77515e-16
7685.609000 7.71676e-16
7701.609000 7.65893e-16
7717.609000 7.60163e-16
7733.609000 7.54489e-16
7749.609000 7.48864e-16
7765.609000 7.43293e-16
7781.609000 7.37775e-16
7797.609000 7.32319e-16
7813.609000 7.26915e-16
7829.609000 7.21546e-16
7845.609000 7.16228e-16
7861.609000 7.10963e-16
7877.609000 7.05746e-16
7893.609000 7.00578e-16
7909.609000 6.95456e-16
7925.609000 6.90381e-16
7941.609000 6.85354e-16
7957.609000 6.80372e-16
7973.609000 6.75422e-16
7989.609000 6.7053e-16
8005.609000 6.65685e-16
8021.609000 6.6088e-16
8037.609000 6.56119e-16
8053.609000 6.514e-16
8069.609000 6.46723e-16
8085.609000 6.421e-16
8101.609000 6.37509e-16
8117.609000 6.32959e-16
8133.609000 6.28448e-16
8149.609000 6.23978e-16
8165.609000 6.19548e-16
8181.609000 6.15157e-16
8189.089000 6.13118e-16
8197.609000 6.10806e-16
8206.130000 6.08351e-16
8223.171000 6.03728e-16
8240.212000 5.9915e-16
8257.253000 5.94612e-16
8274.294000 5.90117e-16
8291.335000 5.85668e-16
8308.376000 5.81258e-16
8325.417000 5.76892e-16
8342.458000 5.72564e-16
8359.499000 5.68279e-16
8376.540000 5.64025e-16
8392.460000 5.60094e-16
8393.581000 5.59818e-16
8394.702000 5.59544e-16
8396.944000 5.58993e-16
8401.429000 5.57895e-16
8405.160000 5.56985e-16
8410.397000 5.55707e-16
8415.635000 5.54434e-16
8426.109000 5.519e-16
8432.893000 5.50265e-16
8436.584000 5.49378e-16
8440.275000 5.48494e-16
8447.658000 5.4673e-16
8455.264000 5.44895e-16
8462.424000 5.43197e-16
8469.584000 5.41506e-16
8483.904000 5.38145e-16
8491.627000 5.36342e-16
8498.225000 5.34807e-16
8504.822000 5.33281e-16
8518.018000 5.30244e-16
8531.213000 5.27228e-16
8541.081000 5.24985e-16
8544.408000 5.24233e-16
8547.735000 5.23483e-16
8554.390000 5.21985e-16
8567.698000 5.18931e-16
8581.007000 5.15968e-16
8587.875000 5.14446e-16
8594.315000 5.13022e-16
8600.756000 5.11607e-16
8613.637000 5.0881e-16
8626.518000 5.06033e-16
8639.398000 5.03261e-16
8652.279000 5.00502e-16
8662.921000 4.98236e-16
8665.160000 4.97764e-16
8667.399000 4.97294e-16
8671.878000 4.96363e-16
8680.835000 4.94516e-16
8698.749000 4.90841e-16
8716.663000 4.87172e-16
8734.577000 4.83248e-16
8752.105000 4.79661e-16
8752.491000 4.79583e-16
8752.877000 4.79509e-16
8753.648000 4.79355e-16
8755.191000 4.79052e-16
8758.277000 4.78455e-16
8764.449000 4.77266e-16
8776.793000 4.74914e-16
8789.137000 4.72549e-16
8801.480000 4.70168e-16
8813.824000 4.67782e-16
8826.168000 4.65367e-16
8838.512000 4.62938e-16
8850.855000 4.60495e-16
8861.178000 4.58475e-16
8863.199000 4.58091e-16
8865.221000 4.57718e-16
8869.264000 4.57012e-16
8877.350000 4.55674e-16
8893.521000 4.53021e-16
8909.693000 4.503e-16
8925.865000 4.47538e-16
8942.037000 4.44044e-16
8958.209000 4.41002e-16
8974.381000 4.37835e-16
8990.553000 4.34551e-16
8996.061000 4.33405e-16
9006.725000 4.31182e-16
9017.389000 4.29109e-16
9028.053000 4.27779e-16
9038.717000 4.26582e-16
9049.381000 4.25342e-16
9060.045000 4.24047e-16
9070.709000 4.22681e-16
9081.373000 4.21183e-16
9092.037000 4.19667e-16
9102.701000 4.18088e-16
9113.365000 4.164e-16
9124.029000 4.14597e-16
9134.693000 4.1275e-16
9145.357000 4.10818e-16
9156.021000 4.08769e-16
9166.686000 4.06605e-16
9177.350000 4.04368e-16
9188.014000 4.01898e-16
9198.678000 3.99412e-16
9209.342000 3.9678e-16
9220.006000 3.9412e-16
9229.792000 3.91941e-16
9230.670000 3.91802e-16
9231.548000 3.91687e-16
9233.304000 3.91489e-16
9236.815000 3.91295e-16
9243.839000 3.91126e-16
9257.886000 3.89708e-16
9271.933000 3.89293e-16
9285.979000 3.88675e-16
9300.026000 3.8772e-16
9314.073000 3.86644e-16
9328.120000 3.85436e-16
9342.167000 3.83916e-16
9356.214000 3.82214e-16
9370.261000 3.80307e-16
9384.308000 3.78235e-16
9398.354000 3.75953e-16
9412.401000 3.73563e-16
9426.448000 3.70979e-16
9440.495000 3.68086e-16
9454.542000 3.64811e-16
9468.589000 3.61453e-16
9482.636000 3.57538e-16
9496.683000 3.53376e-16
9510.729000 3.48624e-16
9524.776000 3.43511e-16
9529.057000 3.41843e-16
9538.823000 3.38315e-16
9543.707000 3.36363e-16
9546.148000 3.35464e-16
9548.590000 3.34628e-16
9551.031000 3.3477e-16
9553.473000 3.34869e-16
9555.914000 3.35271e-16
9558.356000 3.35677e-16
9560.797000 3.36065e-16
9563.238000 3.36471e-16
9565.680000 3.36838e-16
9568.121000 3.37206e-16
9568.123000 3.37206e-16
9570.563000 3.37592e-16
9575.445000 3.38245e-16
9585.212000 3.39501e-16
9604.745000 3.41277e-16
9624.278000 3.42207e-16
9643.812000 3.42277e-16
9663.345000 3.41978e-16
9682.878000 3.41028e-16
9702.411000 3.39739e-16
9721.944000 3.38224e-16
9741.478000 3.3639e-16
9761.011000 3.34355e-16
9780.544000 3.32132e-16
9800.077000 3.29751e-16
9819.610000 3.27161e-16
9839.144000 3.24439e-16
9858.677000 3.22295e-16
9878.210000 3.18831e-16
9897.743000 3.14956e-16
9917.276000 3.10683e-16
9936.810000 3.05923e-16
9956.343000 3.00288e-16
9966.109000 2.97238e-16
9975.876000 2.94053e-16
9985.643000 2.90482e-16
9990.818000 2.88406e-16
9995.409000 2.86555e-16
10000.000000 2.84758e-16
10006.516000 2.81853e-16
10013.031000 2.78826e-16
10019.547000 2.75729e-16
10026.063000 2.72352e-16
10032.578000 2.68976e-16
10039.094000 2.65458e-16
10042.352000 2.63714e-16
10045.609000 2.62058e-16
10047.238000 2.61305e-16
10048.867000 2.60663e-16
10050.496000 2.60333e-16
10051.626000 2.60371e-16
10052.124000 2.60442e-16
10052.126000 2.60442e-16
10052.626000 2.60282e-16
10053.626000 2.59991e-16
10055.626000 2.60132e-16
10057.626000 2.60595e-16
10061.626000 2.61881e-16
10069.626000 2.64683e-16
10077.626000 2.6739e-16
10085.626000 2.69988e-16
10093.626000 2.72088e-16
10101.626000 2.74196e-16
10109.626000 2.75778e-16
10117.626000 2.77352e-16
10133.626000 2.79711e-16
10149.626000 2.81287e-16
10165.626000 2.82481e-16
10181.626000 2.83e-16
10197.626000 2.83103e-16
10229.626000 2.82576e-16
10261.626000 2.81168e-16
10293.626000 2.79265e-16
10325.626000 2.76977e-16
10357.626000 2.7452e-16
10421.626000 2.69257e-16
10485.626000 2.62532e-16
10549.626000 2.56635e-16
10613.626000 2.50504e-16
10677.626000 2.43545e-16
10709.626000 2.39689e-16
10741.626000 2.35428e-16
10773.626000 2.30597e-16
10789.626000 2.27913e-16
10805.626000 2.24918e-16
10821.626000 2.2163e-16
10837.626000 2.17922e-16
10853.626000 2.13712e-16
10869.626000 2.09173e-16
10885.626000 2.03822e-16
10893.626000 2.01054e-16
10901.626000 1.97918e-16
10909.626000 1.94619e-16
10917.626000 1.91014e-16
10925.626000 1.86953e-16
10926.163000 1.86674e-16
10929.895000 1.84594e-16
10933.626000 1.82168e-16
10935.492000 1.80794e-16
10937.357000 1.79176e-16
10938.290000 1.78247e-16
10939.223000 1.77103e-16
10940.155000 1.7569e-16
10940.589000 1.74901e-16
10941.087000 1.74333e-16
10941.089000 1.74331e-16
10941.589000 1.74847e-16
10942.089000 1.75708e-16
10942.589000 1.76466e-16
10943.589000 1.77638e-16
10944.589000 1.78579e-16
10946.589000 1.80106e-16
10948.589000 1.81329e-16
10952.589000 1.83454e-16
10956.589000 1.8516e-16
10960.589000 1.86733e-16
10968.589000 1.89467e-16
10976.589000 1.91963e-16
10984.589000 1.94033e-16
10992.589000 1.95951e-16
11000.589000 1.9753e-16
11008.589000 1.99062e-16
11024.589000 2.0148e-16
11040.589000 2.03336e-16
11056.589000 2.0469e-16
11072.589000 2.05583e-16
11088.589000 2.06159e-16
11104.589000 2.06443e-16
11120.589000 2.06461e-16
11152.589000 2.05967e-16
11184.589000 2.0497e-16
11216.589000 2.03635e-16
11280.589000 2.0038e-16
11344.589000 1.96743e-16
11408.589000 1.93025e-16
11472.589000 1.89615e-16
11536.589000 1.85788e-16
11600.589000 1.81965e-16
11664.589000 1.78243e-16
11728.589000 1.74623e-16
11792.589000 1.71081e-16
11856.589000 1.67626e-16
11920.589000 1.64272e-16
11984.589000 1.6093e-16
12048.589000 1.57457e-16
12112.589000 1.54281e-16
12176.589000 1.51151e-16
12240.589000 1.48064e-16
12304.589000 1.45009e-16
12368.589000 1.41944e-16
12432.589000 1.38845e-16
12496.589000 1.35593e-16
12560.589000 1.32046e-16
12592.589000 1.30041e-16
12624.589000 1.27838e-16
12656.589000 1.25302e-16
12672.589000 1.2386e-16
12688.589000 1.22291e-16
12704.589000 1.20573e-16
12720.589000 1.18623e-16
12736.589000 1.16494e-16
12752.589000 1.14111e-16
12768.589000 1.11367e-16
12776.589000 1.09872e-16
12784.589000 1.08197e-16
12792.589000 1.06348e-16
12796.589000 1.05328e-16
12800.589000 1.04262e-16
12804.589000 1.03019e-16
12808.589000 1.01637e-16
12810.589000 1.00826e-16
12812.589000 9.98928e-17
12814.589000 9.88572e-17
12816.589000 9.75748e-17
12819.596000 9.54456e-17
12820.092000 9.52816e-17
12820.589000 9.54722e-17
12821.086000 9.62494e-17
12821.582000 9.69314e-17
12822.078000 9.62234e-17
12822.570000 9.54269e-17
12822.575000 9.54206e-17
12823.070000 9.52045e-17
12823.570000 9.53435e-17
12824.070000 9.56173e-17
12825.070000 9.62924e-17
12827.070000 9.76226e-17
12829.070000 9.87092e-17
12831.070000 9.96382e-17
12833.070000 1.004e-16
12835.070000 1.01087e-16
12839.070000 1.02201e-16
12843.070000 1.03176e-16
12847.070000 1.04001e-16
12851.070000 1.04769e-16
12859.070000 1.0609e-16
12867.070000 1.07244e-16
12875.070000 1.08208e-16
12891.070000 1.09853e-16
12907.070000 1.11127e-16
12923.070000 1.12104e-16
12939.070000 1.12874e-16
12955.070000 1.13431e-16
12971.070000 1.13802e-16
12987.070000 1.14029e-16
13003.070000 1.14131e-16
13035.070000 1.14063e-16
13067.070000 1.13714e-16
13099.070000 1.13177e-16
13163.070000 1.11753e-16
13227.070000 1.10127e-16
13291.070000 1.08397e-16
13355.070000 1.06577e-16
13419.070000 1.04749e-16
13483.070000 1.02935e-16
13547.070000 1.0114e-16
13611.070000 9.93751e-17
13675.070000 9.7722e-17
13739.070000 9.60933e-17
13803.070000 9.45843e-17
13867.070000 9.31128e-17
13931.070000 9.16707e-17
13995.070000 9.0258e-17
14059.070000 8.88707e-17
14123.070000 8.75094e-17
14187.070000 8.61769e-17
14251.070000 8.4869e-17
14315.070000 8.35851e-17
14379.070000 8.2323e-17
14443.070000 8.10893e-17
14507.070000 7.98768e-17
14571.070000 7.86822e-17
14635.070000 7.7491e-17
14699.070000 7.62143e-17
14763.070000 7.49516e-17
14827.070000 7.37131e-17
14891.070000 7.25018e-17
14955.070000 7.13165e-17
15019.070000 7.0154e-17
15079.059000 6.90849e-17
15083.070000 6.90142e-17
15084.761000 6.89843e-17
15087.082000 6.89434e-17
15095.105000 6.88028e-17
15111.152000 6.85212e-17
15137.544000 6.80623e-17
15184.472000 6.72565e-17
15190.327000 6.71567e-17
15196.183000 6.70569e-17
15197.734000 6.70308e-17
15207.894000 6.68592e-17
15231.315000 6.64647e-17
15264.896000 6.5902e-17
15317.946000 6.50282e-17
15332.059000 6.47978e-17
15346.171000 6.45679e-17
15374.396000 6.41128e-17
15418.360000 6.34112e-17
15430.845000 6.32138e-17
15443.329000 6.30168e-17
15468.298000 6.26262e-17
15475.580000 6.25129e-17
15518.235000 6.18539e-17
15560.891000 6.12028e-17
15587.256000 6.08054e-17
15646.201000 5.99244e-17
15705.146000 5.90605e-17
15764.092000 5.82139e-17
15823.037000 5.73806e-17
15878.889000 5.66045e-17
15881.982000 5.65618e-17
15885.076000 5.65192e-17
15891.264000 5.64347e-17
15903.639000 5.62658e-17
15928.389000 5.59276e-17
15977.889000 5.52625e-17
16039.863000 5.4442e-17
16076.889000 5.39587e-17
16113.914000 5.34777e-17
16187.965000 5.25424e-17
16262.016000 5.16186e-17
16336.066000 5.06872e-17
16408.357000 4.97329e-17
16410.117000 4.97096e-17
16411.877000 4.96864e-17
16415.396000 4.96505e-17
16422.436000 4.95803e-17
16436.514000 4.94403e-17
16464.670000 4.91539e-17
16520.982000 4.85436e-17
16577.295000 4.78928e-17
16633.607000 4.72552e-17
16689.920000 4.66039e-17
16746.232000 4.59082e-17
16793.770000 4.52309e-17
16802.545000 4.5099e-17
16811.320000 4.49778e-17
16828.871000 4.48687e-17
16846.422000 4.47618e-17
16881.523000 4.44983e-17
16951.727000 4.38677e-17
17021.930000 4.31849e-17
17092.133000 4.24887e-17
17162.336000 4.17916e-17
17232.539000 4.10924e-17
17238.418000 4.10334e-17
17302.742000 4.03935e-17
17367.066000 3.97719e-17
17431.391000 3.91991e-17
17495.715000 3.86883e-17
17560.039000 3.81724e-17
17624.363000 3.76497e-17
17688.688000 3.71257e-17
17753.012000 3.65953e-17
17817.336000 3.60616e-17
17881.660000 3.55232e-17
17945.984000 3.49655e-17
18010.309000 3.43307e-17
18074.633000 3.37395e-17
18098.604000 3.35159e-17
18138.957000 3.31336e-17
18159.133000 3.29433e-17
18179.311000 3.27692e-17
18179.313000 3.27692e-17
18199.488000 3.26529e-17
18219.664000 3.25432e-17
18239.838000 3.2433e-17
18239.840000 3.2433e-17
18260.016000 3.23159e-17
18260.018000 3.23159e-17
18280.191000 3.21965e-17
18320.545000 3.19482e-17
18401.252000 3.13774e-17
18441.605000 3.10513e-17
18481.959000 3.0689e-17
18522.313000 3.02737e-17
18562.666000 2.97867e-17
18603.020000 2.92052e-17
18623.195000 2.88622e-17
18643.373000 2.84779e-17
18643.375000 2.84779e-17
18663.551000 2.80371e-17
18683.727000 2.75424e-17
18693.814000 2.72631e-17
18703.902000 2.69497e-17
18713.990000 2.66013e-17
18724.078000 2.62072e-17
18724.080000 2.62072e-17
18729.121000 2.59689e-17
18734.166000 2.56937e-17
18734.168000 2.56936e-17
18739.211000 2.53644e-17
18741.734000 2.51615e-17
18744.254000 2.49195e-17
18744.256000 2.49193e-17
18746.777000 2.46311e-17
18748.037000 2.44496e-17
18749.299000 2.42429e-17
18749.301000 2.42426e-17
18750.561000 2.39918e-17
18751.820000 2.36996e-17
18751.822000 2.3699e-17
18752.453000 2.35146e-17
18753.084000 2.3307e-17
18753.715000 2.30534e-17
18754.031000 2.29091e-17
18754.344000 2.27428e-17
18754.346000 2.27416e-17
18754.660000 2.25473e-17
18754.975000 2.23336e-17
18754.977000 2.23321e-17
18755.289000 2.21081e-17
18755.592000 2.19071e-17
18755.604000 2.19014e-17
18755.607000 2.18999e-17
18755.744000 2.18336e-17
18755.918000 2.17671e-17
18756.244000 2.17152e-17
18756.744000 2.18294e-17
18757.244000 2.21301e-17
18757.744000 2.24813e-17
18758.244000 2.2785e-17
18758.744000 2.302e-17
18759.244000 2.32216e-17
18759.744000 2.33909e-17
18760.244000 2.3544e-17
18761.244000 2.37965e-17
18762.244000 2.4003e-17
18763.244000 2.41871e-17
18765.244000 2.44814e-17
18767.244000 2.47084e-17
18769.244000 2.48946e-17
18773.244000 2.51943e-17
18777.244000 2.54226e-17
18781.244000 2.56088e-17
18789.244000 2.59067e-17
18797.244000 2.61326e-17
18805.244000 2.63284e-17
18821.244000 2.66488e-17
18837.244000 2.68895e-17
18853.244000 2.70742e-17
18869.244000 2.72202e-17
18885.244000 2.73331e-17
18901.244000 2.74168e-17
18933.244000 2.75107e-17
18965.244000 2.75303e-17
18997.244000 2.75027e-17
19029.244000 2.74215e-17
19061.244000 2.73049e-17
19125.244000 2.70067e-17
19189.244000 2.66464e-17
19253.244000 2.62327e-17
19317.244000 2.57736e-17
19381.244000 2.52714e-17
19439.375000 2.4807e-17
19445.244000 2.47701e-17
19451.113000 2.474e-17
19462.852000 2.46964e-17
19486.328000 2.46528e-17
19509.805000 2.46241e-17
19556.758000 2.45684e-17
19603.711000 2.44793e-17
19650.664000 2.4362e-17
19744.570000 2.40688e-17
19838.477000 2.37248e-17
19932.383000 2.33588e-17
20026.289000 2.29765e-17
20120.195000 2.25888e-17
20214.102000 2.21854e-17
20308.008000 2.18341e-17
20401.914000 2.14471e-17
20495.820000 2.10628e-17
20589.727000 2.06854e-17
20683.633000 2.03143e-17
20777.539000 1.99481e-17
20871.445000 1.95859e-17
20965.352000 1.92253e-17
21059.258000 1.88622e-17
21153.164000 1.84946e-17
21247.070000 1.81115e-17
21340.977000 1.77031e-17
21387.930000 1.74776e-17
21434.883000 1.72424e-17
21481.836000 1.69855e-17
21528.789000 1.67028e-17
21575.742000 1.63761e-17
21583.924000 1.63148e-17
21603.309000 1.61639e-17
21622.695000 1.59953e-17
21622.697000 1.59952e-17
21632.391000 1.59001e-17
21642.082000 1.57952e-17
21651.773000 1.5665e-17
21660.967000 1.55044e-17
21661.463000 1.55008e-17
21661.465000 1.55008e-17
21661.467000 1.55007e-17
21661.967000 1.55018e-17
21662.967000 1.55151e-17
21664.967000 1.55465e-17
21668.967000 1.55952e-17
21676.967000 1.56639e-17
21684.967000 1.57096e-17
21700.967000 1.57831e-17
21716.967000 1.58324e-17
21732.967000 1.58692e-17
21764.967000 1.59161e-17
21796.967000 1.59454e-17
21828.967000 1.59468e-17
21892.967000 1.59158e-17
21956.967000 1.58439e-17
22020.967000 1.57456e-17
22084.967000 1.56325e-17
22148.967000 1.55064e-17
22212.967000 1.5371e-17
22276.967000 1.52311e-17
22340.967000 1.50885e-17
22404.967000 1.49437e-17
22468.967000 1.47979e-17
22532.967000 1.46521e-17
22596.967000 1.45067e-17
22660.967000 1.43622e-17
22724.967000 1.42185e-17
22788.967000 1.4076e-17
22852.967000 1.39339e-17
22916.967000 1.37866e-17
22980.967000 1.36394e-17
23044.967000 1.34939e-17
23108.967000 1.33501e-17
23172.967000 1.32149e-17
23236.967000 1.30756e-17
23300.967000 1.2936e-17
23364.967000 1.27983e-17
23428.967000 1.26624e-17
23492.967000 1.25283e-17
23556.967000 1.2396e-17
23620.967000 1.22654e-17
23684.967000 1.21365e-17
23748.967000 1.20093e-17
23812.967000 1.18838e-17
23876.967000 1.176e-17
23940.967000 1.16377e-17
24004.967000 1.1517e-17
24068.967000 1.13979e-17
24132.967000 1.12803e-17
24196.967000 1.11642e-17
24260.967000 1.10496e-17
24324.967000 1.09365e-17
24388.967000 1.08249e-17
24452.967000 1.07146e-17
24516.967000 1.06058e-17
24580.967000 1.04983e-17
24644.967000 1.03922e-17
24708.967000 1.02874e-17
24772.967000 1.01715e-17
24836.967000 1.00645e-17
24900.967000 9.96202e-18
24964.967000 9.86051e-18
25028.967000 9.75994e-18
25092.967000 9.66022e-18
25156.967000 9.56125e-18
25220.967000 9.46291e-18
25284.967000 9.36505e-18
25348.967000 9.26745e-18
25412.967000 9.16997e-18
25476.967000 9.07219e-18
25540.967000 8.97371e-18
25604.967000 8.87372e-18
25668.967000 8.77118e-18
25732.967000 8.66571e-18
25796.967000 8.5553e-18
25860.967000 8.43753e-18
25924.967000 8.31103e-18
25988.967000 8.1707e-18
26052.967000 8.01064e-18
26084.967000 7.92023e-18
26116.967000 7.82234e-18
26148.967000 7.70951e-18
26180.967000 7.58243e-18
26196.967000 7.50945e-18
26212.967000 7.4257e-18
26228.967000 7.32932e-18
26230.930000 7.31712e-18
26237.949000 7.26957e-18
26241.457000 7.24758e-18
26244.967000 7.22542e-18
26248.477000 7.21119e-18
26250.232000 7.20724e-18
26251.984000 7.20929e-18
26251.986000 7.2093e-18
26253.740000 7.21953e-18
26255.494000 7.24396e-18
26255.496000 7.244e-18
26257.248000 7.28434e-18
26258.504000 7.31917e-18
26259.000000 7.32323e-18
26259.002000 7.32323e-18
26259.004000 7.32323e-18
26259.504000 7.31811e-18
26260.504000 7.28983e-18
26261.504000 7.25857e-18
26263.504000 7.21701e-18
26265.504000 7.19687e-18
26267.504000 7.18959e-18
26271.504000 7.19248e-18
26275.504000 7.20686e-18
26283.504000 7.24209e-18
26299.504000 7.3088e-18
26315.504000 7.35804e-18
26331.504000 7.40145e-18
26347.504000 7.4322e-18
26363.504000 7.45987e-18
26395.504000 7.50232e-18
26427.504000 7.52715e-18
26459.504000 7.54505e-18
26523.504000 7.55304e-18
26587.504000 7.53977e-18
26651.504000 7.51054e-18
26715.504000 7.47178e-18
26779.504000 7.42503e-18
26843.504000 7.37289e-18
26907.504000 7.31763e-18
26971.504000 7.25967e-18
27035.504000 7.2e-18
27099.504000 7.13946e-18
27163.504000 7.07841e-18
27227.504000 7.01715e-18
27291.504000 6.95591e-18
27355.504000 6.89481e-18
27419.504000 6.83399e-18
27483.504000 6.77349e-18
27547.504000 6.71345e-18
27611.504000 6.65383e-18
27675.504000 6.59473e-18
27739.504000 6.53614e-18
27803.504000 6.48372e-18
27867.504000 6.42566e-18
27931.504000 6.36818e-18
27995.504000 6.31134e-18
28059.504000 6.25515e-18
28123.504000 6.19953e-18
28187.504000 6.14456e-18
28251.504000 6.0902e-18
28315.504000 6.03644e-18
28379.504000 5.98327e-18
28443.504000 5.93069e-18
28507.504000 5.87867e-18
28571.504000 5.82723e-18
28635.504000 5.77635e-18
28699.504000 5.72602e-18
28763.504000 5.67625e-18
28827.504000 5.62701e-18
28891.504000 5.57831e-18
28955.504000 5.53015e-18
29019.504000 5.48249e-18
29083.504000 5.43536e-18
29147.504000 5.38874e-18
29211.504000 5.34259e-18
29275.504000 5.29696e-18
29339.504000 5.2518e-18
29403.504000 5.20713e-18
29467.504000 5.16293e-18
29531.504000 5.1192e-18
29595.504000 5.07594e-18
29659.504000 5.03313e-18
29723.504000 4.99075e-18
29787.504000 4.94883e-18
29851.504000 4.90735e-18
29915.504000 4.86631e-18
29979.504000 4.82569e-18
