   1292.000    1.016    0.999 
   1292.010    1.015    0.999 
   1292.020    1.046    0.999 
   1292.030    1.067    0.999 
   1292.040    1.022    0.999 
   1292.050    1.013    0.999 
   1292.060    0.987    0.999 
   1292.070    0.987    0.999 
   1292.080    1.033    0.999 
   1292.090    1.052    0.999 
   1292.100    0.986    0.999 
   1292.110    0.954    0.999 
   1292.120    0.966    0.999 
   1292.130    0.911    0.999 
   1292.140    0.975    0.999 
   1292.150    0.977    0.999 
   1292.160    0.938    0.999 
   1292.170    0.946    0.999 
   1292.180    0.925    0.999 
   1292.190    0.962    0.999 
   1292.200    1.026    0.999 
   1292.210    1.015    0.999 
   1292.220    0.967    0.999 
   1292.230    0.995    0.999 
   1292.240    0.999    0.999 
   1292.250    0.990    0.999 
   1292.260    0.958    0.999 
   1292.270    0.901    0.999 
   1292.280    0.952    0.999 
   1292.290    0.999    0.999 
   1292.300    0.933    0.999 
   1292.310    0.942    0.999 
   1292.320    1.006    0.999 
   1292.330    0.940    0.999 
   1292.340    0.996    0.999 
   1292.350    0.992    0.999 
   1292.360    1.006    0.999 
   1292.370    1.010    0.999 
   1292.380    0.954    0.999 
   1292.390    0.987    0.999 
   1292.400    1.046    0.999 
   1292.410    0.971    0.999 
   1292.420    0.920    0.999 
   1292.430    0.945    0.999 
   1292.440    0.989    0.999 
   1292.450    0.947    0.999 
   1292.460    0.924    0.999 
   1292.470    1.016    0.999 
   1292.480    0.964    0.999 
   1292.490    0.963    0.999 
   1292.500    0.956    0.998 
   1292.510    0.999    0.998 
   1292.520    1.040    0.998 
   1292.530    1.059    0.998 
   1292.540    0.999    0.998 
   1292.550    0.899    0.998 
   1292.560    0.980    0.998 
   1292.570    0.938    0.998 
   1292.580    0.991    0.998 
   1292.590    1.000    0.998 
   1292.600    1.018    0.998 
   1292.610    1.001    0.998 
   1292.620    0.961    0.998 
   1292.630    0.983    0.998 
   1292.640    1.003    0.998 
   1292.650    0.993    0.998 
   1292.660    0.926    0.998 
   1292.670    0.928    0.998 
   1292.680    0.931    0.998 
   1292.690    1.019    0.998 
   1292.700    1.008    0.998 
   1292.710    0.961    0.998 
   1292.720    1.002    0.998 
   1292.730    1.002    0.998 
   1292.740    0.889    0.998 
   1292.750    0.919    0.998 
   1292.760    0.953    0.998 
   1292.770    0.950    0.998 
   1292.780    1.013    0.998 
   1292.790    0.972    0.998 
   1292.800    0.901    0.998 
   1292.810    0.901    0.998 
   1292.820    0.964    0.998 
   1292.830    0.986    0.998 
   1292.840    1.044    0.998 
   1292.850    0.914    0.998 
   1292.860    0.995    0.997 
   1292.870    0.947    0.997 
   1292.880    1.036    0.997 
   1292.890    1.027    0.997 
   1292.900    1.025    0.997 
   1292.910    0.942    0.997 
   1292.920    0.957    0.997 
   1292.930    0.943    0.997 
   1292.940    0.948    0.997 
   1292.950    1.093    0.997 
   1292.960    1.017    0.997 
   1292.970    0.941    0.997 
   1292.980    0.992    0.997 
   1292.990    1.008    0.997 
   1293.000    1.066    0.997 
   1293.010    1.113    0.997 
   1293.020    0.989    0.996 
   1293.030    0.995    0.996 
   1293.040    1.000    0.996 
   1293.050    1.052    0.996 
   1293.060    0.924    0.996 
   1293.070    0.990    0.996 
   1293.080    1.027    0.996 
   1293.090    1.014    0.996 
   1293.100    1.038    0.996 
   1293.110    1.023    0.995 
   1293.120    1.078    0.995 
   1293.130    1.033    0.995 
   1293.140    0.954    0.995 
   1293.150    1.035    0.995 
   1293.160    0.956    0.995 
   1293.170    0.954    0.995 
   1293.180    1.044    0.994 
   1293.190    0.969    0.994 
   1293.200    0.951    0.994 
   1293.210    1.022    0.994 
   1293.220    1.017    0.993 
   1293.230    0.934    0.993 
   1293.240    0.931    0.993 
   1293.250    0.918    0.992 
   1293.260    1.050    0.992 
   1293.270    1.022    0.992 
   1293.280    0.882    0.991 
   1293.290    1.033    0.991 
   1293.300    1.102    0.990 
   1293.310    1.025    0.990 
   1293.320    0.954    0.989 
   1293.330    1.028    0.988 
   1293.340    0.970    0.988 
   1293.350    0.953    0.987 
   1293.360    0.998    0.986 
   1293.370    1.074    0.984 
   1293.380    1.014    0.983 
   1293.390    0.936    0.981 
   1293.400    1.021    0.979 
   1293.410    0.971    0.977 
   1293.420    0.961    0.975 
   1293.430    1.011    0.971 
   1293.440    0.911    0.967 
   1293.450    1.035    0.963 
   1293.460    0.987    0.958 
   1293.470    0.891    0.952 
   1293.480    0.925    0.945 
   1293.490    0.934    0.939 
   1293.500    0.855    0.932 
   1293.510    0.954    0.924 
   1293.520    0.841    0.917 
   1293.530    0.872    0.910 
   1293.540    0.809    0.903 
   1293.550    0.849    0.896 
   1293.560    0.871    0.888 
   1293.570    0.839    0.881 
   1293.580    0.772    0.874 
   1293.590    0.899    0.868 
   1293.600    0.776    0.862 
   1293.610    0.786    0.856 
   1293.620    0.813    0.852 
   1293.630    0.852    0.849 
   1293.640    0.813    0.846 
   1293.650    0.842    0.843 
   1293.660    0.789    0.841 
   1293.670    0.913    0.839 
   1293.680    0.795    0.838 
   1293.690    0.845    0.837 
   1293.700    0.756    0.836 
   1293.710    0.752    0.836 
   1293.720    0.783    0.836 
   1293.730    0.817    0.838 
   1293.740    0.774    0.840 
   1293.750    0.817    0.843 
   1293.760    0.852    0.846 
   1293.770    0.810    0.850 
   1293.780    0.768    0.854 
   1293.790    0.846    0.857 
   1293.800    0.816    0.861 
   1293.810    0.823    0.865 
   1293.820    0.796    0.869 
   1293.830    0.791    0.873 
   1293.840    0.898    0.877 
   1293.850    0.864    0.882 
   1293.860    0.863    0.887 
   1293.870    0.898    0.892 
   1293.880    0.909    0.898 
   1293.890    0.884    0.904 
   1293.900    0.957    0.910 
   1293.910    0.974    0.916 
   1293.920    0.908    0.922 
   1293.930    0.902    0.928 
   1293.940    0.920    0.933 
   1293.950    1.014    0.939 
   1293.960    1.039    0.944 
   1293.970    0.985    0.949 
   1293.980    0.917    0.954 
   1293.990    0.905    0.958 
   1294.000    0.894    0.962 
   1294.010    0.981    0.966 
   1294.020    0.968    0.970 
   1294.030    0.946    0.973 
   1294.040    0.942    0.975 
   1294.050    0.982    0.977 
   1294.060    0.946    0.979 
   1294.070    0.943    0.980 
   1294.080    0.969    0.981 
   1294.090    1.033    0.982 
   1294.100    0.999    0.983 
   1294.110    1.032    0.984 
   1294.120    1.074    0.984 
   1294.130    1.036    0.984 
   1294.140    1.038    0.984 
   1294.150    1.138    0.984 
   1294.160    1.123    0.984 
   1294.170    1.047    0.984 
   1294.180    0.951    0.984 
   1294.190    1.040    0.984 
   1294.200    1.060    0.984 
   1294.210    1.049    0.983 
   1294.220    1.105    0.983 
   1294.230    1.086    0.982 
   1294.240    1.029    0.981 
   1294.250    1.011    0.980 
   1294.260    0.978    0.979 
   1294.270    1.070    0.977 
   1294.280    1.027    0.975 
   1294.290    1.036    0.973 
   1294.300    0.944    0.971 
   1294.310    0.895    0.968 
   1294.320    0.944    0.964 
   1294.330    0.964    0.959 
   1294.340    0.936    0.954 
   1294.350    0.955    0.947 
   1294.360    0.917    0.940 
   1294.370    0.886    0.932 
   1294.380    0.864    0.923 
   1294.390    0.802    0.913 
   1294.400    0.805    0.903 
   1294.410    0.804    0.893 
   1294.420    0.829    0.883 
   1294.430    0.804    0.873 
   1294.440    0.763    0.864 
   1294.450    0.770    0.855 
   1294.460    0.714    0.847 
   1294.470    0.752    0.839 
   1294.480    0.723    0.833 
   1294.490    0.683    0.827 
   1294.500    0.732    0.822 
   1294.510    0.746    0.818 
   1294.520    0.760    0.815 
   1294.530    0.743    0.812 
   1294.540    0.720    0.811 
   1294.550    0.729    0.811 
   1294.560    0.793    0.812 
   1294.570    0.743    0.815 
   1294.580    0.730    0.818 
   1294.590    0.751    0.822 
   1294.600    0.772    0.827 
   1294.610    0.843    0.833 
   1294.620    0.832    0.839 
   1294.630    0.804    0.847 
   1294.640    0.860    0.855 
   1294.650    0.901    0.864 
   1294.660    0.894    0.873 
   1294.670    0.897    0.883 
   1294.680    0.914    0.893 
   1294.690    0.925    0.903 
   1294.700    0.944    0.913 
   1294.710    0.910    0.922 
   1294.720    0.944    0.931 
   1294.730    0.987    0.940 
   1294.740    0.950    0.947 
   1294.750    0.926    0.953 
   1294.760    0.901    0.959 
   1294.770    0.904    0.963 
   1294.780    0.925    0.967 
   1294.790    0.927    0.970 
   1294.800    0.925    0.973 
   1294.810    0.962    0.975 
   1294.820    0.982    0.976 
   1294.830    0.957    0.978 
   1294.840    0.919    0.979 
   1294.850    0.918    0.980 
   1294.860    0.954    0.981 
   1294.870    0.979    0.982 
   1294.880    0.947    0.982 
   1294.890    0.918    0.983 
   1294.900    0.906    0.983 
   1294.910    0.911    0.983 
   1294.920    0.940    0.983 
   1294.930    0.931    0.983 
   1294.940    0.930    0.983 
   1294.950    0.967    0.983 
   1294.960    0.938    0.983 
   1294.970    0.912    0.983 
   1294.980    0.923    0.982 
   1294.990    0.973    0.982 
   1295.000    0.975    0.981 
   1295.010    0.955    0.980 
   1295.020    0.986    0.979 
   1295.030    0.992    0.978 
   1295.040    0.984    0.976 
   1295.050    0.929    0.974 
   1295.060    0.913    0.971 
   1295.070    0.937    0.968 
   1295.080    0.965    0.965 
   1295.090    0.900    0.961 
   1295.100    0.910    0.956 
   1295.110    0.921    0.952 
   1295.120    0.868    0.947 
   1295.130    0.919    0.942 
   1295.140    0.938    0.937 
   1295.150    0.898    0.931 
   1295.160    0.873    0.925 
   1295.170    0.847    0.919 
   1295.180    0.829    0.913 
   1295.190    0.780    0.907 
   1295.200    0.778    0.901 
   1295.210    0.847    0.895 
   1295.220    0.836    0.890 
   1295.230    0.812    0.884 
   1295.240    0.826    0.879 
   1295.250    0.796    0.874 
   1295.260    0.771    0.870 
   1295.270    0.797    0.866 
   1295.280    0.796    0.862 
   1295.290    0.756    0.858 
   1295.300    0.793    0.854 
   1295.310    0.859    0.850 
   1295.320    0.862    0.846 
   1295.330    0.833    0.843 
   1295.340    0.774    0.839 
   1295.350    0.802    0.836 
   1295.360    0.802    0.834 
   1295.370    0.773    0.832 
   1295.380    0.786    0.831 
   1295.390    0.790    0.831 
   1295.400    0.824    0.831 
   1295.410    0.841    0.832 
   1295.420    0.893    0.834 
   1295.430    0.852    0.835 
   1295.440    0.789    0.837 
   1295.450    0.804    0.839 
   1295.460    0.804    0.842 
   1295.470    0.842    0.845 
   1295.480    0.910    0.849 
   1295.490    0.849    0.853 
   1295.500    0.855    0.859 
   1295.510    0.870    0.865 
   1295.520    0.859    0.871 
   1295.530    0.854    0.877 
   1295.540    0.857    0.884 
   1295.550    0.892    0.890 
   1295.560    0.871    0.896 
   1295.570    0.845    0.901 
   1295.580    0.844    0.907 
   1295.590    0.860    0.912 
   1295.600    0.933    0.916 
   1295.610    0.910    0.920 
   1295.620    0.897    0.923 
   1295.630    0.883    0.924 
   1295.640    0.892    0.924 
   1295.650    0.911    0.923 
   1295.660    0.909    0.921 
   1295.670    0.887    0.917 
   1295.680    0.816    0.913 
   1295.690    0.842    0.909 
   1295.700    0.900    0.904 
   1295.710    0.882    0.899 
   1295.720    0.933    0.893 
   1295.730    0.942    0.887 
   1295.740    0.894    0.881 
   1295.750    0.905    0.875 
   1295.760    0.871    0.869 
   1295.770    0.812    0.864 
   1295.780    0.870    0.859 
   1295.790    0.849    0.855 
   1295.800    0.828    0.851 
   1295.810    0.819    0.849 
   1295.820    0.870    0.847 
   1295.830    0.857    0.845 
   1295.840    0.868    0.844 
   1295.850    0.864    0.842 
   1295.860    0.818    0.841 
   1295.870    0.831    0.840 
   1295.880    0.810    0.840 
   1295.890    0.825    0.840 
   1295.900    0.847    0.841 
   1295.910    0.918    0.843 
   1295.920    0.847    0.845 
   1295.930    0.877    0.849 
   1295.940    0.816    0.852 
   1295.950    0.872    0.856 
   1295.960    0.865    0.860 
   1295.970    0.862    0.863 
   1295.980    0.935    0.867 
   1295.990    0.862    0.871 
   1296.000    0.907    0.874 
   1296.010    0.939    0.878 
   1296.020    0.918    0.883 
   1296.030    0.924    0.887 
   1296.040    0.841    0.892 
   1296.050    0.912    0.897 
   1296.060    0.895    0.903 
   1296.070    0.948    0.908 
   1296.080    0.846    0.914 
   1296.090    0.900    0.920 
   1296.100    0.923    0.926 
   1296.110    0.915    0.931 
   1296.120    0.890    0.937 
   1296.130    0.916    0.942 
   1296.140    0.931    0.947 
   1296.150    0.989    0.952 
   1296.160    0.948    0.956 
   1296.170    0.879    0.960 
   1296.180    0.901    0.964 
   1296.190    0.913    0.968 
   1296.200    0.959    0.971 
   1296.210    0.965    0.974 
   1296.220    0.965    0.976 
   1296.230    0.931    0.978 
   1296.240    0.889    0.980 
   1296.250    0.990    0.981 
   1296.260    0.934    0.982 
   1296.270    0.975    0.982 
   1296.280    0.881    0.983 
   1296.290    0.933    0.984 
   1296.300    0.904    0.984 
   1296.310    0.885    0.984 
   1296.320    0.893    0.984 
   1296.330    0.940    0.984 
   1296.340    0.865    0.984 
   1296.350    0.948    0.984 
   1296.360    1.024    0.984 
   1296.370    0.873    0.984 
   1296.380    0.889    0.984 
   1296.390    0.959    0.983 
   1296.400    0.894    0.983 
   1296.410    0.905    0.982 
   1296.420    0.923    0.981 
   1296.430    0.949    0.981 
   1296.440    0.874    0.980 
   1296.450    0.855    0.978 
   1296.460    0.868    0.977 
   1296.470    0.894    0.975 
   1296.480    0.809    0.973 
   1296.490    0.836    0.970 
   1296.500    0.869    0.967 
   1296.510    0.834    0.962 
   1296.520    0.859    0.957 
   1296.530    0.785    0.951 
   1296.540    0.883    0.944 
   1296.550    0.835    0.936 
   1296.560    0.710    0.928 
   1296.570    0.820    0.918 
   1296.580    0.794    0.909 
   1296.590    0.869    0.899 
   1296.600    0.804    0.889 
   1296.610    0.827    0.880 
   1296.620    0.811    0.871 
   1296.630    0.757    0.863 
   1296.640    0.792    0.855 
   1296.650    0.860    0.848 
   1296.660    0.802    0.842 
   1296.670    0.777    0.837 
   1296.680    0.845    0.832 
   1296.690    0.843    0.828 
   1296.700    0.953    0.825 
   1296.710    0.875    0.823 
   1296.720    0.971    0.822 
   1296.730    0.939    0.822 
   1296.740    0.958    0.823 
   1296.750    0.925    0.825 
   1296.760    0.882    0.827 
   1296.770    0.935    0.831 
   1296.780    0.888    0.835 
   1296.790    1.016    0.840 
   1296.800    0.946    0.846 
   1296.810    0.901    0.853 
   1296.820    0.894    0.861 
   1296.830    1.023    0.869 
   1296.840    0.975    0.877 
   1296.850    0.876    0.887 
   1296.860    0.980    0.896 
   1296.870    0.965    0.906 
   1296.880    0.931    0.916 
   1296.890    0.911    0.925 
   1296.900    0.900    0.934 
   1296.910    0.970    0.942 
   1296.920    0.985    0.949 
   1296.930    1.000    0.955 
   1296.940    1.062    0.960 
   1296.950    1.039    0.964 
   1296.960    1.048    0.968 
   1296.970    0.990    0.971 
   1296.980    1.052    0.973 
   1296.990    0.983    0.975 
   1297.000    1.016    0.976 
   1297.010    1.048    0.978 
   1297.020    1.006    0.979 
   1297.030    0.949    0.979 
   1297.040    0.921    0.980 
   1297.050    0.958    0.981 
   1297.060    1.070    0.981 
   1297.070    0.935    0.981 
   1297.080    1.077    0.982 
   1297.090    1.026    0.982 
   1297.100    1.089    0.982 
   1297.110    0.923    0.982 
   1297.120    0.948    0.982 
   1297.130    1.020    0.982 
   1297.140    0.993    0.981 
   1297.150    0.968    0.981 
   1297.160    0.875    0.981 
   1297.170    0.967    0.980 
   1297.180    0.940    0.979 
   1297.190    0.988    0.979 
   1297.200    0.994    0.978 
   1297.210    0.938    0.976 
   1297.220    0.939    0.975 
   1297.230    0.930    0.973 
   1297.240    0.901    0.971 
   1297.250    0.858    0.968 
   1297.260    0.889    0.965 
   1297.270    0.884    0.961 
   1297.280    0.870    0.957 
   1297.290    0.863    0.953 
   1297.300    0.833    0.948 
   1297.310    0.865    0.943 
   1297.320    0.830    0.938 
   1297.330    0.833    0.933 
   1297.340    0.804    0.927 
   1297.350    0.830    0.921 
   1297.360    0.763    0.915 
   1297.370    0.782    0.909 
   1297.380    0.806    0.903 
   1297.390    0.812    0.897 
   1297.400    0.788    0.892 
   1297.410    0.812    0.886 
   1297.420    0.781    0.881 
   1297.430    0.723    0.876 
   1297.440    0.725    0.872 
   1297.450    0.776    0.867 
   1297.460    0.765    0.863 
   1297.470    0.785    0.859 
   1297.480    0.827    0.855 
   1297.490    0.791    0.851 
   1297.500    0.795    0.847 
   1297.510    0.735    0.843 
   1297.520    0.800    0.839 
   1297.530    0.835    0.835 
   1297.540    0.807    0.832 
   1297.550    0.834    0.830 
   1297.560    0.762    0.828 
   1297.570    0.792    0.827 
   1297.580    0.808    0.827 
   1297.590    0.798    0.827 
   1297.600    0.865    0.827 
   1297.610    0.864    0.828 
   1297.620    0.863    0.829 
   1297.630    0.877    0.830 
   1297.640    0.892    0.831 
   1297.650    0.850    0.832 
   1297.660    0.911    0.835 
   1297.670    0.867    0.838 
   1297.680    0.892    0.842 
   1297.690    0.877    0.846 
   1297.700    0.863    0.851 
   1297.710    0.902    0.856 
   1297.720    0.939    0.861 
   1297.730    0.910    0.865 
   1297.740    0.885    0.870 
   1297.750    0.917    0.874 
   1297.760    0.931    0.877 
   1297.770    0.900    0.880 
   1297.780    0.910    0.883 
   1297.790    0.935    0.885 
   1297.800    0.905    0.886 
   1297.810    0.864    0.886 
   1297.820    0.898    0.885 
   1297.830    0.910    0.882 
   1297.840    0.921    0.878 
   1297.850    0.864    0.873 
   1297.860    0.933    0.868 
   1297.870    0.904    0.861 
   1297.880    0.856    0.853 
   1297.890    0.889    0.845 
   1297.900    0.813    0.837 
   1297.910    0.782    0.828 
   1297.920    0.792    0.819 
   1297.930    0.850    0.810 
   1297.940    0.901    0.801 
   1297.950    0.880    0.793 
   1297.960    0.896    0.786 
   1297.970    0.854    0.778 
   1297.980    0.848    0.771 
   1297.990    0.867    0.765 
   1298.000    0.891    0.759 
   1298.010    0.844    0.753 
   1298.020    0.833    0.748 
   1298.030    0.820    0.744 
   1298.040    0.805    0.740 
   1298.050    0.811    0.738 
   1298.060    0.802    0.736 
   1298.070    0.800    0.735 
   1298.080    0.776    0.734 
   1298.090    0.762    0.734 
   1298.100    0.755    0.735 
   1298.110    0.768    0.736 
   1298.120    0.820    0.738 
   1298.130    0.751    0.740 
   1298.140    0.703    0.743 
   1298.150    0.749    0.747 
   1298.160    0.769    0.751 
   1298.170    0.771    0.755 
   1298.180    0.760    0.760 
   1298.190    0.732    0.766 
   1298.200    0.795    0.771 
   1298.210    0.819    0.777 
   1298.220    0.754    0.783 
   1298.230    0.764    0.790 
   1298.240    0.767    0.797 
   1298.250    0.765    0.805 
   1298.260    0.795    0.813 
   1298.270    0.824    0.821 
   1298.280    0.862    0.829 
   1298.290    0.835    0.837 
   1298.300    0.857    0.845 
   1298.310    0.863    0.853 
   1298.320    0.837    0.862 
   1298.330    0.881    0.870 
   1298.340    0.929    0.877 
   1298.350    0.901    0.885 
   1298.360    0.863    0.892 
   1298.370    0.888    0.899 
   1298.380    0.889    0.905 
   1298.390    0.907    0.911 
   1298.400    0.901    0.917 
   1298.410    0.923    0.922 
   1298.420    0.945    0.926 
   1298.430    0.913    0.930 
   1298.440    0.892    0.934 
   1298.450    0.892    0.937 
   1298.460    0.919    0.940 
   1298.470    0.903    0.942 
   1298.480    0.890    0.944 
   1298.490    0.919    0.946 
   1298.500    0.951    0.947 
   1298.510    0.929    0.948 
   1298.520    0.872    0.948 
   1298.530    0.888    0.949 
   1298.540    0.924    0.949 
   1298.550    0.903    0.949 
   1298.560    0.878    0.949 
   1298.570    0.841    0.948 
   1298.580    0.836    0.948 
   1298.590    0.912    0.947 
   1298.600    0.936    0.946 
   1298.610    0.915    0.944 
   1298.620    0.872    0.942 
   1298.630    0.880    0.940 
   1298.640    0.888    0.938 
   1298.650    0.875    0.935 
   1298.660    0.903    0.931 
   1298.670    0.910    0.927 
   1298.680    0.967    0.922 
   1298.690    0.977    0.917 
   1298.700    0.972    0.910 
   1298.710    1.017    0.903 
   1298.720    0.966    0.894 
   1298.730    0.890    0.885 
   1298.740    0.918    0.875 
   1298.750    0.914    0.864 
   1298.760    0.909    0.852 
   1298.770    0.898    0.840 
   1298.780    0.849    0.827 
   1298.790    0.893    0.813 
   1298.800    0.904    0.799 
   1298.810    0.888    0.785 
   1298.820    0.818    0.771 
   1298.830    0.768    0.757 
   1298.840    0.785    0.743 
   1298.850    0.797    0.730 
   1298.860    0.752    0.718 
   1298.870    0.676    0.707 
   1298.880    0.694    0.697 
   1298.890    0.721    0.688 
   1298.900    0.663    0.681 
   1298.910    0.664    0.675 
   1298.920    0.690    0.672 
   1298.930    0.683    0.671 
   1298.940    0.666    0.672 
   1298.950    0.689    0.675 
   1298.960    0.689    0.680 
   1298.970    0.758    0.688 
   1298.980    0.749    0.697 
   1298.990    0.711    0.707 
   1299.000    0.731    0.719 
   1299.010    0.792    0.731 
   1299.020    0.784    0.744 
   1299.030    0.799    0.758 
   1299.040    0.857    0.772 
   1299.050    0.872    0.786 
   1299.060    0.844    0.800 
   1299.070    0.828    0.813 
   1299.080    0.868    0.827 
   1299.090    0.883    0.839 
   1299.100    0.891    0.851 
   1299.110    0.828    0.862 
   1299.120    0.845    0.873 
   1299.130    0.837    0.882 
   1299.140    0.852    0.891 
   1299.150    0.833    0.899 
   1299.160    0.873    0.906 
   1299.170    0.898    0.913 
   1299.180    0.888    0.918 
   1299.190    0.836    0.923 
   1299.200    0.875    0.927 
   1299.210    0.932    0.931 
   1299.220    0.871    0.934 
   1299.230    0.902    0.937 
   1299.240    0.892    0.940 
   1299.250    0.926    0.942 
   1299.260    0.922    0.944 
   1299.270    0.905    0.945 
   1299.280    0.849    0.946 
   1299.290    0.940    0.947 
   1299.300    0.842    0.948 
   1299.310    0.821    0.949 
   1299.320    0.822    0.949 
   1299.330    0.881    0.949 
   1299.340    0.880    0.949 
   1299.350    0.862    0.948 
   1299.360    0.868    0.948 
   1299.370    0.840    0.947 
   1299.380    0.871    0.945 
   1299.390    0.867    0.944 
   1299.400    0.855    0.942 
   1299.410    0.885    0.939 
   1299.420    0.971    0.936 
   1299.430    0.903    0.933 
   1299.440    0.894    0.929 
   1299.450    0.881    0.924 
   1299.460    0.906    0.919 
   1299.470    0.785    0.914 
   1299.480    0.824    0.908 
   1299.490    0.795    0.902 
   1299.500    0.847    0.895 
   1299.510    0.791    0.888 
   1299.520    0.847    0.880 
   1299.530    0.849    0.873 
   1299.540    0.771    0.865 
   1299.550    0.812    0.857 
   1299.560    0.878    0.849 
   1299.570    0.844    0.840 
   1299.580    0.902    0.832 
   1299.590    0.797    0.824 
   1299.600    0.814    0.816 
   1299.610    0.777    0.808 
   1299.620    0.803    0.801 
   1299.630    0.767    0.794 
   1299.640    0.744    0.787 
   1299.650    0.778    0.781 
   1299.660    0.835    0.774 
   1299.670    0.831    0.768 
   1299.680    0.790    0.762 
   1299.690    0.793    0.757 
   1299.700    0.798    0.752 
   1299.710    0.807    0.748 
   1299.720    0.802    0.744 
   1299.730    0.734    0.741 
   1299.740    0.774    0.738 
   1299.750    0.747    0.736 
   1299.760    0.776    0.735 
   1299.770    0.781    0.734 
   1299.780    0.772    0.733 
   1299.790    0.772    0.733 
   1299.800    0.808    0.734 
   1299.810    0.710    0.736 
   1299.820    0.738    0.738 
   1299.830    0.797    0.741 
   1299.840    0.784    0.746 
   1299.850    0.812    0.751 
   1299.860    0.819    0.756 
   1299.870    0.787    0.762 
   1299.880    0.838    0.768 
   1299.890    0.828    0.775 
   1299.900    0.820    0.782 
   1299.910    0.895    0.790 
   1299.920    0.834    0.799 
   1299.930    0.772    0.807 
   1299.940    0.883    0.817 
   1299.950    0.839    0.826 
   1299.960    0.878    0.834 
   1299.970    0.894    0.843 
   1299.980    0.905    0.851 
   1299.990    0.849    0.859 
   1300.000    0.839    0.866 
   1300.010    0.868    0.872 
   1300.020    0.933    0.877 
   1300.030    0.857    0.882 
   1300.040    0.854    0.885 
   1300.050    0.852    0.887 
   1300.060    0.888    0.887 
   1300.070    0.816    0.887 
   1300.080    0.897    0.885 
   1300.090    0.927    0.882 
   1300.100    0.888    0.879 
   1300.110    0.931    0.876 
   1300.120    0.952    0.872 
   1300.130    0.961    0.868 
   1300.140    0.895    0.864 
   1300.150    0.938    0.859 
   1300.160    0.817    0.854 
   1300.170    0.849    0.850 
   1300.180    0.938    0.845 
   1300.190    0.892    0.840 
   1300.200    0.916    0.837 
   1300.210    0.894    0.834 
   1300.220    0.894    0.832 
   1300.230    0.875    0.830 
   1300.240    0.962    0.829 
   1300.250    0.842    0.828 
   1300.260    0.901    0.828 
   1300.270    0.916    0.827 
   1300.280    0.866    0.827 
   1300.290    0.876    0.826 
   1300.300    0.845    0.827 
   1300.310    0.820    0.828 
   1300.320    0.857    0.830 
   1300.330    0.812    0.832 
   1300.340    0.827    0.835 
   1300.350    0.810    0.839 
   1300.360    0.823    0.843 
   1300.370    0.864    0.847 
   1300.380    0.831    0.851 
   1300.390    0.809    0.855 
   1300.400    0.754    0.859 
   1300.410    0.825    0.863 
   1300.420    0.846    0.867 
   1300.430    0.756    0.872 
   1300.440    0.813    0.876 
   1300.450    0.820    0.881 
   1300.460    0.772    0.886 
   1300.470    0.776    0.892 
   1300.480    0.793    0.897 
   1300.490    0.772    0.903 
   1300.500    0.762    0.909 
   1300.510    0.841    0.915 
   1300.520    0.829    0.921 
   1300.530    0.919    0.927 
   1300.540    0.845    0.933 
   1300.550    0.995    0.938 
   1300.560    0.923    0.943 
   1300.570    0.873    0.948 
   1300.580    0.913    0.952 
   1300.590    0.947    0.957 
   1300.600    0.967    0.961 
   1300.610    0.963    0.964 
   1300.620    0.949    0.967 
   1300.630    0.982    0.970 
   1300.640    0.989    0.973 
   1300.650    0.963    0.974 
   1300.660    1.008    0.976 
   1300.670    0.988    0.977 
   1300.680    0.959    0.978 
   1300.690    1.025    0.979 
   1300.700    0.976    0.980 
   1300.710    1.019    0.980 
   1300.720    1.026    0.981 
   1300.730    0.975    0.981 
   1300.740    0.957    0.981 
   1300.750    0.991    0.982 
   1300.760    1.038    0.982 
   1300.770    1.044    0.982 
   1300.780    1.004    0.982 
   1300.790    1.020    0.981 
   1300.800    1.019    0.981 
   1300.810    0.995    0.981 
   1300.820    0.951    0.981 
   1300.830    0.993    0.980 
   1300.840    0.999    0.980 
   1300.850    1.095    0.979 
   1300.860    1.034    0.978 
   1300.870    0.995    0.977 
   1300.880    1.066    0.975 
   1300.890    1.069    0.974 
   1300.900    1.006    0.972 
   1300.910    0.964    0.969 
   1300.920    1.071    0.966 
   1300.930    0.999    0.962 
   1300.940    0.966    0.957 
   1300.950    0.921    0.952 
   1300.960    0.960    0.945 
   1300.970    0.967    0.938 
   1300.980    1.016    0.929 
   1300.990    1.000    0.920 
   1301.000    0.963    0.910 
   1301.010    0.961    0.901 
   1301.020    0.965    0.891 
   1301.030    0.980    0.882 
   1301.040    0.980    0.873 
   1301.050    0.981    0.864 
   1301.060    0.942    0.856 
   1301.070    0.938    0.849 
   1301.080    0.945    0.843 
   1301.090    0.987    0.837 
   1301.100    0.968    0.832 
   1301.110    0.964    0.829 
   1301.120    0.974    0.825 
   1301.130    0.988    0.823 
   1301.140    0.920    0.822 
   1301.150    0.954    0.822 
   1301.160    0.901    0.822 
   1301.170    0.893    0.824 
   1301.180    0.874    0.826 
   1301.190    0.904    0.829 
   1301.200    0.838    0.834 
   1301.210    0.915    0.839 
   1301.220    0.793    0.844 
   1301.230    0.825    0.851 
   1301.240    0.848    0.858 
   1301.250    0.834    0.866 
   1301.260    0.816    0.875 
   1301.270    0.792    0.884 
   1301.280    0.839    0.894 
   1301.290    0.799    0.903 
   1301.300    0.817    0.913 
   1301.310    0.852    0.923 
   1301.320    0.856    0.932 
   1301.330    0.845    0.940 
   1301.340    0.846    0.948 
   1301.350    0.890    0.954 
   1301.360    0.939    0.960 
   1301.370    0.983    0.964 
   1301.380    0.945    0.968 
   1301.390    0.997    0.971 
   1301.400    0.942    0.973 
   1301.410    0.891    0.976 
   1301.420    0.830    0.977 
   1301.430    0.892    0.979 
   1301.440    0.956    0.980 
   1301.450    0.981    0.981 
   1301.460    1.017    0.982 
   1301.470    0.993    0.982 
   1301.480    0.921    0.983 
   1301.490    0.908    0.983 
   1301.500    0.937    0.984 
   1301.510    0.989    0.984 
   1301.520    0.997    0.984 
   1301.530    1.006    0.984 
   1301.540    0.978    0.984 
   1301.550    0.961    0.984 
   1301.560    0.924    0.984 
   1301.570    0.960    0.984 
   1301.580    0.965    0.984 
   1301.590    0.936    0.983 
   1301.600    0.978    0.983 
   1301.610    1.001    0.982 
   1301.620    1.025    0.982 
   1301.630    1.000    0.981 
   1301.640    0.955    0.979 
   1301.650    0.925    0.978 
   1301.660    0.901    0.976 
   1301.670    0.925    0.974 
   1301.680    1.002    0.971 
   1301.690    0.997    0.968 
   1301.700    0.927    0.964 
   1301.710    0.922    0.960 
   1301.720    0.921    0.956 
   1301.730    0.922    0.951 
   1301.740    0.898    0.947 
   1301.750    0.910    0.942 
   1301.760    0.891    0.936 
   1301.770    0.945    0.931 
   1301.780    0.981    0.925 
   1301.790    0.961    0.920 
   1301.800    0.920    0.914 
   1301.810    0.881    0.908 
   1301.820    0.864    0.902 
   1301.830    0.881    0.897 
   1301.840    0.901    0.892 
   1301.850    0.851    0.887 
   1301.860    0.786    0.882 
   1301.870    0.801    0.878 
   1301.880    0.844    0.874 
   1301.890    0.850    0.870 
   1301.900    0.831    0.867 
   1301.910    0.846    0.863 
   1301.920    0.910    0.859 
   1301.930    0.909    0.855 
   1301.940    0.907    0.852 
   1301.950    0.921    0.848 
   1301.960    0.886    0.845 
   1301.970    0.854    0.842 
   1301.980    0.874    0.840 
   1301.990    0.890    0.839 
   1302.000    0.860    0.839 
   1302.010    0.819    0.839 
   1302.020    0.857    0.840 
   1302.030    0.883    0.841 
   1302.040    0.868    0.843 
   1302.050    0.850    0.844 
   1302.060    0.829    0.845 
   1302.070    0.865    0.847 
   1302.080    0.835    0.849 
   1302.090    0.810    0.852 
   1302.100    0.875    0.856 
   1302.110    0.827    0.861 
   1302.120    0.813    0.866 
   1302.130    0.859    0.872 
   1302.140    0.855    0.877 
   1302.150    0.879    0.883 
   1302.160    0.900    0.888 
   1302.170    0.900    0.893 
   1302.180    0.900    0.897 
   1302.190    0.900    0.901 
   1302.200    0.900    0.904 
   1302.210    0.900    0.907 
   1302.220    0.900    0.909 
   1302.230    0.900    0.910 
   1302.240    0.900    0.909 
   1302.250    0.900    0.908 
   1302.260    0.900    0.905 
   1302.270    0.900    0.902 
   1302.280    0.900    0.898 
   1302.290    0.900    0.894 
   1302.300    0.900    0.889 
   1302.310    0.900    0.883 
   1302.320    0.900    0.878 
   1302.330    0.900    0.872 
   1302.340    0.900    0.866 
   1302.350    0.900    0.860 
   1302.360    0.900    0.855 
   1302.370    0.900    0.850 
   1302.380    0.900    0.846 
   1302.390    0.900    0.842 
   1302.400    0.900    0.840 
   1302.410    0.900    0.838 
   1302.420    0.900    0.836 
   1302.430    0.752    0.834 
   1302.440    0.719    0.833 
   1302.450    0.727    0.832 
   1302.460    0.767    0.831 
   1302.470    0.833    0.831 
   1302.480    0.853    0.831 
   1302.490    0.763    0.832 
   1302.500    0.749    0.834 
   1302.510    0.821    0.837 
   1302.520    0.804    0.840 
   1302.530    0.825    0.843 
   1302.540    0.807    0.847 
   1302.550    0.799    0.851 
   1302.560    0.798    0.855 
   1302.570    0.827    0.858 
   1302.580    0.796    0.862 
   1302.590    0.818    0.866 
   1302.600    0.852    0.871 
   1302.610    0.825    0.875 
   1302.620    0.823    0.880 
   1302.630    0.794    0.885 
   1302.640    0.838    0.891 
   1302.650    0.948    0.896 
   1302.660    0.871    0.902 
   1302.670    0.871    0.908 
   1302.680    0.883    0.914 
   1302.690    0.868    0.920 
   1302.700    0.871    0.926 
   1302.710    0.905    0.932 
   1302.720    0.896    0.938 
   1302.730    0.863    0.943 
   1302.740    0.888    0.948 
   1302.750    0.934    0.953 
   1302.760    0.918    0.957 
   1302.770    0.915    0.961 
   1302.780    1.000    0.965 
   1302.790    0.988    0.968 
   1302.800    0.876    0.971 
   1302.810    0.944    0.974 
   1302.820    0.949    0.976 
   1302.830    0.979    0.978 
   1302.840    0.993    0.979 
   1302.850    0.929    0.980 
   1302.860    0.979    0.981 
   1302.870    0.948    0.982 
   1302.880    0.985    0.982 
   1302.890    0.971    0.983 
   1302.900    0.939    0.983 
   1302.910    0.898    0.983 
   1302.920    0.969    0.983 
   1302.930    0.955    0.983 
   1302.940    0.960    0.983 
   1302.950    0.960    0.983 
   1302.960    0.951    0.983 
   1302.970    0.944    0.983 
   1302.980    0.983    0.982 
   1302.990    1.003    0.982 
   1303.000    0.967    0.981 
   1303.010    1.001    0.981 
   1303.020    1.014    0.980 
   1303.030    1.000    0.979 
   1303.040    0.943    0.977 
   1303.050    0.981    0.976 
   1303.060    0.923    0.974 
   1303.070    0.903    0.972 
   1303.080    0.943    0.969 
   1303.090    0.895    0.966 
   1303.100    0.920    0.962 
   1303.110    0.950    0.957 
   1303.120    0.924    0.952 
   1303.130    0.981    0.945 
   1303.140    0.939    0.938 
   1303.150    0.929    0.929 
   1303.160    0.872    0.920 
   1303.170    0.962    0.910 
   1303.180    0.953    0.900 
   1303.190    0.860    0.890 
   1303.200    0.885    0.880 
   1303.210    0.832    0.870 
   1303.220    0.790    0.861 
   1303.230    0.839    0.853 
   1303.240    0.843    0.844 
   1303.250    0.844    0.837 
   1303.260    0.793    0.831 
   1303.270    0.707    0.825 
   1303.280    0.784    0.820 
   1303.290    0.664    0.816 
   1303.300    0.770    0.813 
   1303.310    0.755    0.811 
   1303.320    0.716    0.810 
   1303.330    0.805    0.810 
   1303.340    0.729    0.811 
   1303.350    0.778    0.813 
   1303.360    0.724    0.816 
   1303.370    0.711    0.819 
   1303.380    0.778    0.822 
   1303.390    0.789    0.825 
   1303.400    0.910    0.829 
   1303.410    0.796    0.834 
   1303.420    0.861    0.839 
   1303.430    0.842    0.845 
   1303.440    0.812    0.853 
   1303.450    0.844    0.861 
   1303.460    0.901    0.868 
   1303.470    0.848    0.876 
   1303.480    0.917    0.882 
   1303.490    0.830    0.888 
   1303.500    0.946    0.893 
   1303.510    0.938    0.899 
   1303.520    0.926    0.904 
   1303.530    0.930    0.909 
   1303.540    0.924    0.914 
   1303.550    0.969    0.919 
   1303.560    0.849    0.924 
   1303.570    0.862    0.927 
   1303.580    0.898    0.930 
   1303.590    0.864    0.931 
   1303.600    0.905    0.932 
   1303.610    0.974    0.933 
   1303.620    0.880    0.934 
   1303.630    0.919    0.937 
   1303.640    1.029    0.939 
   1303.650    0.916    0.943 
   1303.660    1.016    0.946 
   1303.670    0.953    0.949 
   1303.680    0.926    0.951 
   1303.690    0.930    0.952 
   1303.700    0.834    0.953 
   1303.710    0.935    0.954 
   1303.720    0.938    0.955 
   1303.730    0.965    0.956 
   1303.740    1.009    0.958 
   1303.750    0.966    0.959 
   1303.760    1.015    0.960 
   1303.770    0.927    0.960 
   1303.780    0.930    0.960 
   1303.790    0.964    0.960 
   1303.800    0.946    0.959 
   1303.810    0.994    0.958 
   1303.820    0.972    0.955 
   1303.830    0.876    0.952 
   1303.840    1.009    0.949 
   1303.850    0.934    0.945 
   1303.860    0.909    0.941 
   1303.870    0.908    0.936 
   1303.880    0.872    0.932 
   1303.890    1.011    0.929 
   1303.900    0.950    0.925 
   1303.910    0.885    0.921 
   1303.920    0.880    0.917 
   1303.930    0.947    0.912 
   1303.940    0.888    0.908 
   1303.950    0.859    0.903 
   1303.960    0.826    0.897 
   1303.970    0.756    0.891 
   1303.980    0.770    0.885 
   1303.990    0.816    0.880 
   1304.000    0.839    0.874 
   1304.010    0.796    0.869 
   1304.020    0.839    0.863 
   1304.030    0.819    0.858 
   1304.040    0.818    0.854 
   1304.050    0.805    0.850 
   1304.060    0.885    0.846 
   1304.070    0.910    0.842 
   1304.080    0.888    0.839 
   1304.090    0.830    0.836 
   1304.100    0.844    0.833 
   1304.110    0.846    0.830 
   1304.120    0.862    0.827 
   1304.130    0.881    0.825 
   1304.140    0.886    0.823 
   1304.150    0.875    0.822 
   1304.160    0.901    0.822 
   1304.170    0.826    0.823 
   1304.180    0.934    0.825 
   1304.190    0.848    0.827 
   1304.200    0.917    0.830 
   1304.210    0.957    0.833 
   1304.220    0.931    0.837 
   1304.230    0.918    0.840 
   1304.240    0.941    0.843 
   1304.250    0.939    0.847 
   1304.260    0.908    0.851 
   1304.270    1.023    0.856 
   1304.280    0.966    0.861 
   1304.290    0.939    0.867 
   1304.300    0.887    0.873 
   1304.310    0.973    0.880 
   1304.320    0.896    0.887 
   1304.330    0.876    0.894 
   1304.340    0.858    0.902 
   1304.350    0.933    0.909 
   1304.360    0.915    0.916 
   1304.370    0.886    0.923 
   1304.380    0.841    0.930 
   1304.390    0.896    0.937 
   1304.400    0.872    0.944 
   1304.410    0.814    0.950 
   1304.420    0.835    0.956 
   1304.430    0.900    0.961 
   1304.440    0.900    0.966 
   1304.450    0.900    0.970 
   1304.460    0.900    0.973 
   1304.470    0.900    0.975 
   1304.480    0.900    0.977 
   1304.490    0.900    0.978 
   1304.500    0.900    0.979 
   1304.510    0.900    0.979 
   1304.520    0.900    0.978 
   1304.530    0.900    0.978 
   1304.540    0.900    0.977 
   1304.550    0.900    0.975 
   1304.560    0.900    0.974 
   1304.570    0.900    0.972 
   1304.580    0.900    0.971 
   1304.590    0.900    0.970 
   1304.600    0.900    0.969 
   1304.610    0.881    0.967 
   1304.620    0.847    0.966 
   1304.630    0.887    0.965 
   1304.640    0.839    0.964 
   1304.650    0.818    0.964 
   1304.660    0.897    0.963 
   1304.670    0.870    0.962 
   1304.680    0.961    0.961 
   1304.690    0.996    0.961 
   1304.700    0.945    0.960 
   1304.710    0.909    0.960 
   1304.720    0.941    0.960 
   1304.730    0.980    0.959 
   1304.740    0.960    0.959 
   1304.750    0.972    0.958 
   1304.760    1.022    0.958 
   1304.770    0.884    0.957 
   1304.780    0.983    0.957 
   1304.790    1.033    0.956 
   1304.800    1.049    0.954 
   1304.810    1.034    0.953 
   1304.820    1.017    0.951 
   1304.830    0.937    0.950 
   1304.840    0.956    0.948 
   1304.850    0.963    0.947 
   1304.860    0.950    0.946 
   1304.870    0.996    0.945 
   1304.880    1.033    0.945 
   1304.890    1.029    0.946 
   1304.900    0.980    0.947 
   1304.910    0.980    0.948 
   1304.920    1.022    0.949 
   1304.930    0.986    0.949 
   1304.940    0.937    0.949 
   1304.950    0.996    0.949 
   1304.960    1.002    0.949 
   1304.970    1.006    0.948 
   1304.980    0.976    0.947 
   1304.990    0.995    0.946 
   1305.000    1.007    0.945 
   1305.010    0.985    0.944 
   1305.020    0.942    0.943 
   1305.030    0.957    0.942 
   1305.040    0.961    0.942 
   1305.050    0.954    0.942 
   1305.060    0.920    0.941 
   1305.070    0.935    0.940 
   1305.080    0.975    0.938 
   1305.090    0.980    0.936 
   1305.100    1.001    0.934 
   1305.110    0.979    0.933 
   1305.120    0.936    0.933 
   1305.130    0.932    0.933 
   1305.140    0.953    0.935 
   1305.150    0.966    0.936 
   1305.160    0.969    0.938 
   1305.170    0.984    0.938 
   1305.180    0.992    0.939 
   1305.190    0.934    0.939 
   1305.200    0.983    0.939 
   1305.210    1.040    0.939 
   1305.220    0.922    0.941 
   1305.230    0.917    0.943 
   1305.240    0.932    0.947 
   1305.250    0.966    0.951 
   1305.260    1.010    0.955 
   1305.270    0.993    0.959 
   1305.280    0.993    0.962 
   1305.290    0.956    0.964 
   1305.300    0.919    0.966 
   1305.310    0.982    0.968 
   1305.320    0.995    0.971 
   1305.330    0.973    0.973 
   1305.340    1.027    0.976 
   1305.350    1.026    0.979 
   1305.360    0.991    0.981 
   1305.370    0.983    0.982 
   1305.380    0.994    0.983 
   1305.390    0.998    0.984 
   1305.400    1.001    0.984 
   1305.410    1.016    0.984 
   1305.420    1.010    0.983 
   1305.430    0.987    0.983 
   1305.440    0.979    0.982 
   1305.450    1.018    0.981 
   1305.460    0.965    0.981 
   1305.470    0.935    0.980 
   1305.480    1.006    0.979 
   1305.490    0.998    0.978 
   1305.500    0.990    0.977 
   1305.510    0.976    0.977 
   1305.520    0.975    0.976 
   1305.530    1.011    0.976 
   1305.540    1.011    0.975 
   1305.550    0.981    0.975 
   1305.560    0.954    0.974 
   1305.570    0.968    0.974 
   1305.580    0.967    0.974 
   1305.590    0.944    0.973 
   1305.600    1.022    0.973 
   1305.610    1.000    0.973 
   1305.620    0.922    0.973 
   1305.630    0.942    0.973 
   1305.640    0.962    0.973 
   1305.650    0.945    0.973 
   1305.660    0.964    0.973 
   1305.670    0.953    0.974 
   1305.680    0.947    0.974 
   1305.690    0.982    0.974 
   1305.700    0.987    0.975 
   1305.710    0.942    0.976 
   1305.720    0.878    0.976 
   1305.730    0.930    0.977 
   1305.740    0.949    0.978 
   1305.750    0.915    0.979 
   1305.760    0.960    0.980 
   1305.770    0.898    0.981 
   1305.780    0.936    0.982 
   1305.790    0.927    0.983 
   1305.800    0.958    0.984 
   1305.810    0.973    0.985 
   1305.820    0.941    0.986 
   1305.830    0.947    0.987 
   1305.840    0.965    0.988 
   1305.850    0.951    0.988 
   1305.860    0.925    0.989 
   1305.870    0.982    0.989 
   1305.880    0.896    0.990 
   1305.890    0.928    0.990 
   1305.900    0.974    0.990 
   1305.910    0.974    0.990 
   1305.920    0.969    0.990 
   1305.930    0.997    0.990 
   1305.940    1.029    0.990 
   1305.950    1.064    0.989 
   1305.960    1.104    0.989 
   1305.970    1.107    0.988 
   1305.980    1.064    0.988 
   1305.990    1.026    0.987 
   1306.000    0.978    0.986 
   1306.010    0.950    0.986 
   1306.020    0.967    0.985 
   1306.030    0.923    0.984 
   1306.040    0.978    0.984 
   1306.050    1.010    0.983 
   1306.060    0.993    0.982 
   1306.070    1.069    0.981 
   1306.080    0.986    0.980 
   1306.090    1.017    0.980 
   1306.100    1.009    0.979 
   1306.110    1.060    0.978 
   1306.120    1.081    0.977 
   1306.130    1.057    0.977 
   1306.140    1.020    0.976 
   1306.150    1.028    0.976 
   1306.160    1.024    0.975 
   1306.170    0.994    0.975 
   1306.180    0.974    0.974 
   1306.190    0.971    0.974 
   1306.200    0.946    0.974 
   1306.210    0.942    0.973 
   1306.220    0.957    0.973 
   1306.230    0.962    0.974 
   1306.240    0.993    0.974 
   1306.250    1.003    0.974 
   1306.260    0.974    0.975 
   1306.270    0.983    0.975 
   1306.280    1.026    0.976 
   1306.290    0.915    0.977 
   1306.300    0.916    0.977 
   1306.310    1.012    0.978 
   1306.320    0.982    0.979 
   1306.330    1.007    0.980 
   1306.340    0.960    0.981 
   1306.350    0.934    0.982 
   1306.360    0.994    0.984 
   1306.370    1.012    0.985 
   1306.380    0.917    0.986 
   1306.390    1.041    0.987 
   1306.400    1.000    0.988 
   1306.410    1.051    0.989 
   1306.420    1.023    0.990 
   1306.430    1.006    0.990 
   1306.440    0.986    0.991 
   1306.450    1.018    0.992 
   1306.460    1.004    0.992 
   1306.470    1.031    0.993 
   1306.480    0.968    0.994 
   1306.490    1.010    0.994 
   1306.500    0.925    0.995 
   1306.510    0.961    0.995 
   1306.520    0.987    0.995 
   1306.530    0.995    0.996 
   1306.540    0.984    0.996 
   1306.550    0.965    0.996 
   1306.560    0.956    0.996 
   1306.570    1.014    0.997 
   1306.580    0.988    0.997 
   1306.590    1.013    0.997 
   1306.600    0.986    0.997 
   1306.610    0.884    0.997 
   1306.620    0.919    0.997 
   1306.630    1.004    0.997 
   1306.640    0.908    0.998 
   1306.650    1.017    0.998 
   1306.660    0.993    0.998 
   1306.670    0.982    0.998 
   1306.680    0.994    0.998 
   1306.690    1.014    0.998 
   1306.700    1.008    0.998 
   1306.710    0.943    0.998 
   1306.720    0.964    0.998 
   1306.730    1.006    0.998 
   1306.740    1.013    0.998 
   1306.750    0.969    0.998 
   1306.760    0.988    0.998 
   1306.770    1.056    0.998 
   1306.780    1.081    0.998 
   1306.790    1.121    0.998 
   1306.800    1.068    0.998 
   1306.810    1.014    0.999 
   1306.820    1.083    0.999 
   1306.830    1.023    0.999 
   1306.840    0.974    0.999 
   1306.850    1.017    0.999 
   1306.860    1.061    0.999 
   1306.870    0.971    0.999 
   1306.880    1.040    0.999 
   1306.890    0.954    0.999 
   1306.900    0.947    0.999 
   1306.910    0.967    0.999 
   1306.920    1.022    0.999 
   1306.930    1.034    0.999 
   1306.940    1.067    0.999 
   1306.950    1.046    0.999 
   1306.960    1.056    0.999 
   1306.970    1.009    0.999 
   1306.980    0.984    0.999 
   1306.990    0.962    0.999 
   1307.000    1.009    0.999 
   1307.010    0.923    0.999 
   1307.020    0.960    0.999 
   1307.030    1.043    0.999 
   1307.040    1.028    0.999 
   1307.050    0.972    0.999 
   1307.060    1.077    0.999 
   1307.070    0.975    0.999 
   1307.080    0.910    0.999 
   1307.090    0.944    0.999 
   1307.100    1.037    0.999 
   1307.110    0.949    0.999 
   1307.120    0.966    0.999 
   1307.130    0.977    0.999 
   1307.140    1.045    0.999 
   1307.150    0.898    0.999 
   1307.160    0.929    0.999 
   1307.170    0.957    0.999 
   1307.180    0.955    0.999 
   1307.190    1.019    0.999 
   1307.200    1.074    0.999 
   1307.210    0.938    0.999 
   1307.220    1.014    0.999 
   1307.230    0.990    0.999 
   1307.240    0.944    0.999 
   1307.250    1.048    0.999 
   1307.260    0.969    0.999 
   1307.270    0.923    0.999 
   1307.280    0.989    0.999 
   1307.290    0.997    0.999 
   1307.300    1.026    0.999 
   1307.310    0.974    0.999 
   1307.320    0.940    0.999 
   1307.330    0.963    0.999 
   1307.340    1.036    0.999 
   1307.350    1.014    0.999 
   1307.360    1.006    0.999 
   1307.370    0.972    0.999 
   1307.380    0.956    0.999 
   1307.390    1.003    0.999 
   1307.400    1.060    0.999 
   1307.410    0.971    0.999 
   1307.420    0.967    0.999 
   1307.430    1.004    0.999 
   1307.440    1.018    0.999 
   1307.450    1.036    0.999 
   1307.460    1.033    0.999 
   1307.470    1.091    0.999 
   1307.480    0.961    0.999 
   1307.490    0.961    0.999 
   1307.500    1.025    0.999 
   1307.510    0.967    0.999 
   1307.520    1.062    0.999 
   1307.530    1.000    0.999 
   1307.540    0.883    0.999 
   1307.550    0.927    0.999 
   1307.560    0.958    0.999 
   1307.570    0.984    0.999 
   1307.580    0.932    0.999 
   1307.590    0.990    0.999 
   1307.600    0.993    0.999 
   1307.610    0.975    0.999 
   1307.620    0.934    0.999 
   1307.630    1.016    0.999 
   1307.640    0.992    0.999 
   1307.650    0.967    0.999 
   1307.660    0.982    0.999 
   1307.670    0.911    0.999 
   1307.680    0.995    0.999 
   1307.690    0.918    0.999 
   1307.700    0.972    0.999 
   1307.710    0.973    0.999 
   1307.720    1.085    0.999 
   1307.730    1.002    0.999 
   1307.740    1.010    0.999 
   1307.750    0.994    0.999 
   1307.760    1.012    0.999 
   1307.770    1.081    0.999 
   1307.780    0.965    0.999 
   1307.790    0.940    0.999 
   1307.800    1.030    0.999 
   1307.810    1.036    0.999 
   1307.820    1.113    0.999 
   1307.830    1.020    0.999 
   1307.840    1.043    0.999 
   1307.850    1.030    0.999 
   1307.860    1.054    0.999 
   1307.870    1.065    0.999 
   1307.880    0.958    0.999 
   1307.890    0.965    0.999 
   1307.900    1.068    0.999 
   1307.910    1.043    0.999 
   1307.920    0.948    0.999 
   1307.930    0.941    0.999 
   1307.940    0.901    0.999 
   1307.950    0.994    0.999 
   1307.960    0.993    0.999 
   1307.970    1.049    0.999 
   1307.980    0.967    0.999 
   1307.990    1.005    0.999 
   1308.000    1.015    0.999 
   1308.010    0.997    0.999 
   1308.020    0.941    0.999 
   1308.030    0.907    0.999 
   1308.040    0.943    0.998 
   1308.050    0.977    0.998 
   1308.060    0.953    0.997 
   1308.070    0.942    0.995 
   1308.080    1.028    0.994 
   1308.090    0.982    0.992 
   1308.100    1.015    0.990 
   1308.110    0.971    0.988 
   1308.120    0.912    0.987 
   1308.130    0.885    0.986 
   1308.140    0.926    0.985 
   1308.150    0.995    0.984 
   1308.160    1.002    0.982 
   1308.170    0.973    0.980 
   1308.180    0.985    0.978 
   1308.190    0.984    0.976 
   1308.200    0.944    0.974 
   1308.210    0.908    0.972 
   1308.220    1.011    0.971 
   1308.230    1.050    0.971 
   1308.240    1.093    0.972 
   1308.250    1.006    0.973 
   1308.260    0.985    0.974 
   1308.270    1.012    0.975 
   1308.280    0.936    0.976 
   1308.290    0.992    0.976 
   1308.300    1.064    0.975 
   1308.310    1.017    0.975 
   1308.320    1.000    0.974 
   1308.330    0.962    0.973 
   1308.340    0.993    0.973 
   1308.350    0.960    0.973 
   1308.360    0.931    0.974 
   1308.370    0.984    0.975 
   1308.380    0.961    0.977 
   1308.390    0.911    0.979 
   1308.400    0.872    0.980 
   1308.410    0.881    0.981 
   1308.420    0.895    0.982 
   1308.430    0.911    0.982 
   1308.440    0.950    0.983 
   1308.450    0.995    0.983 
   1308.460    0.958    0.983 
   1308.470    0.929    0.983 
   1308.480    0.981    0.982 
   1308.490    0.965    0.980 
   1308.500    0.961    0.978 
   1308.510    0.955    0.976 
   1308.520    0.997    0.973 
   1308.530    1.058    0.970 
   1308.540    1.018    0.967 
   1308.550    1.110    0.965 
   1308.560    1.156    0.962 
   1308.570    1.098    0.959 
   1308.580    1.046    0.956 
   1308.590    0.969    0.952 
   1308.600    0.913    0.947 
   1308.610    1.009    0.943 
   1308.620    1.043    0.941 
   1308.630    0.962    0.939 
   1308.640    0.897    0.939 
   1308.650    0.936    0.939 
   1308.660    0.966    0.940 
   1308.670    0.927    0.940 
   1308.680    0.888    0.939 
   1308.690    0.924    0.939 
   1308.700    0.940    0.938 
   1308.710    0.903    0.938 
   1308.720    0.953    0.938 
   1308.730    0.951    0.939 
   1308.740    0.907    0.941 
   1308.750    0.897    0.943 
   1308.760    0.884    0.944 
   1308.770    0.886    0.944 
   1308.780    0.925    0.944 
   1308.790    0.922    0.944 
   1308.800    0.924    0.944 
   1308.810    0.919    0.944 
   1308.820    0.903    0.944 
   1308.830    0.891    0.945 
   1308.840    0.879    0.946 
   1308.850    0.914    0.947 
   1308.860    0.925    0.948 
   1308.870    0.902    0.949 
   1308.880    0.889    0.950 
   1308.890    0.892    0.950 
   1308.900    0.921    0.949 
   1308.910    0.946    0.948 
   1308.920    0.892    0.946 
   1308.930    0.869    0.943 
   1308.940    0.907    0.941 
   1308.950    0.909    0.939 
   1308.960    0.920    0.937 
   1308.970    0.916    0.937 
   1308.980    0.913    0.937 
   1308.990    0.971    0.938 
   1309.000    0.982    0.940 
   1309.010    0.953    0.941 
   1309.020    0.924    0.943 
   1309.030    0.929    0.945 
   1309.040    0.964    0.946 
   1309.050    0.937    0.947 
   1309.060    0.893    0.948 
   1309.070    0.925    0.949 
   1309.080    0.930    0.950 
   1309.090    0.952    0.950 
   1309.100    1.003    0.951 
   1309.110    0.979    0.951 
   1309.120    0.939    0.952 
   1309.130    0.964    0.953 
   1309.140    0.954    0.954 
   1309.150    0.959    0.956 
   1309.160    1.024    0.957 
   1309.170    0.979    0.959 
   1309.180    0.954    0.960 
   1309.190    1.032    0.962 
   1309.200    1.020    0.964 
   1309.210    1.015    0.966 
   1309.220    1.002    0.968 
   1309.230    1.003    0.969 
   1309.240    0.977    0.971 
   1309.250    0.975    0.971 
   1309.260    0.970    0.972 
   1309.270    0.924    0.972 
   1309.280    0.948    0.971 
   1309.290    0.901    0.969 
   1309.300    0.848    0.967 
   1309.310    0.882    0.965 
   1309.320    0.899    0.962 
   1309.330    0.891    0.959 
   1309.340    0.870    0.957 
   1309.350    0.862    0.954 
   1309.360    0.869    0.952 
   1309.370    0.867    0.950 
   1309.380    0.849    0.949 
   1309.390    0.905    0.948 
   1309.400    0.951    0.947 
   1309.410    0.864    0.947 
   1309.420    0.874    0.946 
   1309.430    0.920    0.946 
   1309.440    0.879    0.946 
   1309.450    0.922    0.947 
   1309.460    0.912    0.947 
   1309.470    0.931    0.947 
   1309.480    0.942    0.948 
   1309.490    0.943    0.948 
   1309.500    0.940    0.948 
   1309.510    1.040    0.948 
   1309.520    0.991    0.948 
   1309.530    0.991    0.947 
   1309.540    0.945    0.947 
   1309.550    0.994    0.947 
   1309.560    1.004    0.948 
   1309.570    1.008    0.948 
   1309.580    1.012    0.950 
   1309.590    1.087    0.952 
   1309.600    1.034    0.955 
   1309.610    1.001    0.958 
   1309.620    0.982    0.962 
   1309.630    0.966    0.966 
   1309.640    1.039    0.969 
   1309.650    0.977    0.971 
   1309.660    1.013    0.972 
   1309.670    1.029    0.972 
   1309.680    0.984    0.972 
   1309.690    1.002    0.970 
   1309.700    1.020    0.969 
   1309.710    1.014    0.966 
   1309.720    1.079    0.964 
   1309.730    1.106    0.961 
   1309.740    1.073    0.958 
   1309.750    1.025    0.955 
   1309.760    1.025    0.953 
   1309.770    1.003    0.950 
   1309.780    0.984    0.948 
   1309.790    0.969    0.945 
   1309.800    0.970    0.941 
   1309.810    0.979    0.937 
   1309.820    0.925    0.933 
   1309.830    1.099    0.930 
   1309.840    1.064    0.928 
   1309.850    0.931    0.926 
   1309.860    1.073    0.925 
   1309.870    1.114    0.924 
   1309.880    1.067    0.924 
   1309.890    1.022    0.922 
   1309.900    1.076    0.921 
   1309.910    0.972    0.919 
   1309.920    1.031    0.918 
   1309.930    0.956    0.919 
   1309.940    0.942    0.920 
   1309.950    0.956    0.923 
   1309.960    0.925    0.927 
   1309.970    0.995    0.930 
   1309.980    1.004    0.933 
   1309.990    1.004    0.936 
   1310.000    1.040    0.938 
   1310.010    1.012    0.941 
   1310.020    0.974    0.944 
   1310.030    1.015    0.947 
   1310.040    0.942    0.951 
   1310.050    0.981    0.954 
   1310.060    1.016    0.957 
   1310.070    1.003    0.959 
   1310.080    0.990    0.962 
   1310.090    1.015    0.964 
   1310.100    0.963    0.966 
   1310.110    0.954    0.967 
   1310.120    1.022    0.969 
   1310.130    1.027    0.970 
   1310.140    1.015    0.971 
   1310.150    1.101    0.972 
   1310.160    1.075    0.972 
   1310.170    1.014    0.971 
   1310.180    0.931    0.971 
   1310.190    0.904    0.971 
   1310.200    0.954    0.971 
   1310.210    0.929    0.971 
   1310.220    0.916    0.972 
   1310.230    0.966    0.973 
   1310.240    1.017    0.974 
   1310.250    0.934    0.975 
   1310.260    0.914    0.975 
   1310.270    0.983    0.975 
   1310.280    1.014    0.975 
   1310.290    0.977    0.974 
   1310.300    0.956    0.973 
   1310.310    1.044    0.972 
   1310.320    0.970    0.971 
   1310.330    1.037    0.971 
   1310.340    1.008    0.971 
   1310.350    1.009    0.973 
   1310.360    1.001    0.975 
   1310.370    1.032    0.978 
   1310.380    1.035    0.980 
   1310.390    1.005    0.982 
   1310.400    1.031    0.983 
   1310.410    0.945    0.985 
   1310.420    1.005    0.986 
   1310.430    1.008    0.987 
   1310.440    1.003    0.988 
   1310.450    0.964    0.990 
   1310.460    1.005    0.992 
   1310.470    1.038    0.993 
   1310.480    1.005    0.995 
   1310.490    1.038    0.997 
   1310.500    0.991    0.998 
   1310.510    0.994    0.998 
   1310.520    1.027    0.999 
   1310.530    0.970    0.999 
   1310.540    0.971    0.999 
   1310.550    1.015    0.999 
   1310.560    0.976    0.999 
   1310.570    1.024    0.999 
   1310.580    1.082    0.999 
   1310.590    1.011    0.999 
   1310.600    0.985    0.999 
   1310.610    0.950    0.999 
   1310.620    0.911    0.999 
   1310.630    1.009    0.999 
   1310.640    1.026    0.999 
   1310.650    0.961    0.999 
   1310.660    0.978    0.999 
   1310.670    1.058    0.999 
   1310.680    1.113    0.999 
   1310.690    0.916    0.999 
   1310.700    0.971    0.999 
   1310.710    1.009    0.999 
   1310.720    0.952    1.000 
   1310.730    1.028    1.000 
   1310.740    1.008    1.000 
   1310.750    1.008    1.000 
   1310.760    1.014    1.000 
   1310.770    1.105    1.000 
   1310.780    1.068    1.000 
   1310.790    0.956    1.000 
   1310.800    1.013    1.000 
   1310.810    1.024    1.000 
   1310.820    1.057    1.000 
   1310.830    1.026    1.000 
   1310.840    1.012    1.000 
   1310.850    0.989    1.000 
   1310.860    1.046    1.000 
   1310.870    1.046    1.000 
   1310.880    1.022    1.000 
   1310.890    1.003    1.000 
   1310.900    0.985    1.000 
   1310.910    1.023    1.000 
   1310.920    1.014    1.000 
   1310.930    0.943    1.000 
   1310.940    0.973    1.000 
   1310.950    1.001    1.000 
   1310.960    1.007    1.000 
   1310.970    0.984    1.000 
   1310.980    0.988    1.000 
   1310.990    1.004    1.000 
   1311.000    1.010    1.000 
   1311.010    0.953    1.000 
   1311.020    0.971    1.000 
   1311.030    1.027    1.000 
   1311.040    0.973    1.000 
   1311.050    0.873    1.000 
   1311.060    1.032    1.000 
   1311.070    0.956    1.000 
   1311.080    0.997    1.000 
   1311.090    0.950    1.000 
   1311.100    0.981    1.000 
   1311.110    0.932    1.000 
   1311.120    0.921    1.000 
   1311.130    0.990    1.000 
   1311.140    0.995    1.000 
   1311.150    1.001    1.000 
   1311.160    0.898    1.000 
   1311.170    0.931    1.000 
   1311.180    0.914    1.000 
   1311.190    0.933    1.000 
   1311.200    0.931    1.000 
   1311.210    1.007    1.000 
   1311.220    0.942    1.000 
   1311.230    0.988    1.000 
   1311.240    1.001    1.000 
   1311.250    1.073    1.000 
   1311.260    1.000    1.000 
   1311.270    0.986    1.000 
   1311.280    1.096    1.000 
   1311.290    1.070    1.000 
   1311.300    1.051    1.000 
   1311.310    1.046    1.000 
   1311.320    1.115    1.000 
   1311.330    1.145    1.000 
   1311.340    1.160    1.000 
   1311.350    1.070    1.000 
   1311.360    0.996    1.000 
   1311.370    1.021    1.000 
   1311.380    1.136    1.000 
   1311.390    1.078    1.000 
   1311.400    1.083    1.000 
   1311.410    1.020    1.000 
   1311.420    1.080    1.000 
   1311.430    1.028    1.000 
   1311.440    1.005    1.000 
   1311.450    0.934    1.000 
   1311.460    0.922    1.000 
   1311.470    0.997    1.000 
   1311.480    0.984    1.000 
   1311.490    0.920    1.000 
   1311.500    0.967    1.000 
   1311.510    0.994    1.000 
   1311.520    0.958    1.000 
   1311.530    1.002    1.000 
   1311.540    1.014    1.000 
   1311.550    0.975    1.000 
   1311.560    1.014    1.000 
   1311.570    0.972    1.000 
   1311.580    0.991    1.000 
   1311.590    0.995    1.000 
   1311.600    1.000    1.000 
   1311.610    1.014    1.000 
   1311.620    1.048    1.000 
   1311.630    1.010    1.000 
   1311.640    0.977    1.000 
   1311.650    1.008    1.000 
   1311.660    1.017    1.000 
   1311.670    1.012    1.000 
   1311.680    0.999    1.000 
   1311.690    0.990    1.000 
   1311.700    1.083    1.000 
   1311.710    0.982    1.000 
   1311.720    0.961    1.000 
   1311.730    1.040    1.000 
   1311.740    1.010    1.000 
   1311.750    0.944    1.000 
   1311.760    1.001    1.000 
   1311.770    0.979    1.000 
   1311.780    0.933    1.000 
   1311.790    0.991    1.000 
   1311.800    0.994    1.000 
   1311.810    0.959    1.000 
   1311.820    1.016    1.000 
   1311.830    1.017    1.000 
   1311.840    0.987    1.000 
   1311.850    0.976    1.000 
   1311.860    0.964    1.000 
   1311.870    0.947    1.000 
   1311.880    0.946    1.000 
   1311.890    0.942    1.000 
   1311.900    0.944    1.000 
   1311.910    0.898    1.000 
   1311.920    0.884    1.000 
   1311.930    0.849    1.000 
   1311.940    0.827    1.000 
   1311.950    0.873    1.000 
   1311.960    0.889    1.000 
   1311.970    0.912    1.000 
   1311.980    0.924    1.000 
   1311.990    0.888    1.000 
   1312.000    0.916    1.000 
