1247.2100 0.8011 0.8101
1247.2200 0.7829 0.8102
1247.2300 0.7467 0.8103
1247.2400 0.7408 0.8104
1247.2500 0.7748 0.8104
1247.2600 0.7658 0.8105
1247.2700 0.7676 0.8106
1247.2800 0.7538 0.8107
1247.2900 0.7931 0.8108
1247.3000 0.7368 0.8109
1247.3100 0.7229 0.8110
1247.3200 0.7473 0.8111
1247.3300 0.7211 0.8112
1247.3400 0.7702 0.8113
1247.3500 0.7793 0.8114
1247.3600 0.7673 0.8115
1247.3700 0.8075 0.8116
1247.3800 0.7832 0.8117
1247.3900 0.7247 0.8118
1247.4000 0.7612 0.8119
1247.4100 0.7432 0.8120
1247.4200 0.7045 0.8121
1247.4300 0.7312 0.8122
1247.4400 0.7869 0.8123
1247.4500 0.7989 0.8124
1247.4600 0.7930 0.8125
1247.4700 0.7633 0.8126
1247.4800 0.7625 0.8126
1247.4900 0.7425 0.8127
1247.5000 0.7687 0.8128
1247.5100 0.7516 0.8129
1247.5200 0.7777 0.8130
1247.5300 0.7892 0.8131
1247.5400 0.7781 0.8132
1247.5500 0.7426 0.8133
1247.5600 0.7644 0.8134
1247.5700 0.7525 0.8135
1247.5800 0.7890 0.8136
1247.5900 0.8346 0.8137
1247.6000 0.8476 0.8138
1247.6100 0.7734 0.8139
1247.6200 0.8076 0.8140
1247.6300 0.8934 0.8141
1247.6400 0.8052 0.8142
1247.6500 0.8502 0.8143
1247.6600 0.7935 0.8143
1247.6700 0.7521 0.8144
1247.6800 0.7982 0.8145
1247.6900 0.7424 0.8146
1247.7000 0.8324 0.8147
1247.7100 0.7958 0.8148
1247.7200 0.7547 0.8149
1247.7300 0.7705 0.8150
1247.7400 0.7315 0.8151
1247.7500 0.8218 0.8152
1247.7600 0.8031 0.8153
1247.7700 0.7776 0.8154
1247.7800 0.8160 0.8155
1247.7900 0.7532 0.8156
1247.8000 0.7519 0.8157
1247.8100 0.7672 0.8157
1247.8200 0.8271 0.8158
1247.8300 0.7899 0.8159
1247.8400 0.7873 0.8160
1247.8500 0.7679 0.8161
1247.8600 0.7794 0.8162
1247.8700 0.7565 0.8163
1247.8800 0.7666 0.8164
1247.8900 0.7798 0.8165
1247.9000 0.7449 0.8166
1247.9100 0.7736 0.8167
1247.9200 0.8344 0.8168
1247.9300 0.8102 0.8169
1247.9400 0.7708 0.8169
1247.9500 0.8034 0.8170
1247.9600 0.8386 0.8171
1247.9700 0.8507 0.8172
1247.9800 0.8435 0.8173
1247.9900 0.8011 0.8174
1248.0000 0.8053 0.8175
1248.0100 0.8021 0.8176
1248.0200 0.7689 0.8177
1248.0300 0.7787 0.8178
1248.0400 0.8470 0.8179
1248.0500 0.8779 0.8179
1248.0600 0.8470 0.8180
1248.0700 0.7609 0.8181
1248.0800 0.8300 0.8182
1248.0900 0.7784 0.8183
1248.1000 0.7959 0.8184
1248.1100 0.8104 0.8185
1248.1200 0.8202 0.8186
1248.1300 0.7914 0.8187
1248.1400 0.7520 0.8188
1248.1500 0.8122 0.8189
1248.1600 0.8026 0.8189
1248.1700 0.7868 0.8190
1248.1800 0.8259 0.8191
1248.1900 0.7511 0.8192
1248.2000 0.7684 0.8193
1248.2100 0.7948 0.8194
1248.2200 0.7590 0.8195
1248.2300 0.7641 0.8196
1248.2400 0.7677 0.8197
1248.2500 0.8285 0.8198
1248.2600 0.8396 0.8199
1248.2700 0.8248 0.8199
1248.2800 0.7631 0.8200
1248.2900 0.8390 0.8201
1248.3000 0.8406 0.8202
1248.3100 0.7722 0.8203
1248.3200 0.8325 0.8204
1248.3300 0.8321 0.8205
1248.3400 0.7777 0.8206
1248.3500 0.7928 0.8207
1248.3600 0.8047 0.8207
1248.3700 0.7834 0.8208
1248.3800 0.7858 0.8209
1248.3900 0.8386 0.8210
1248.4000 0.8430 0.8211
1248.4100 0.8156 0.8212
1248.4200 0.7997 0.8213
1248.4300 0.8297 0.8214
1248.4400 0.8376 0.8215
1248.4500 0.7981 0.8215
1248.4600 0.8066 0.8216
1248.4700 0.8212 0.8217
1248.4800 0.7785 0.8218
1248.4900 0.7978 0.8219
1248.5000 0.8399 0.8220
1248.5100 0.8190 0.8221
1248.5200 0.8332 0.8222
1248.5300 0.8272 0.8223
1248.5400 0.7912 0.8223
1248.5500 0.8769 0.8224
1248.5600 0.8247 0.8225
1248.5700 0.7883 0.8226
1248.5800 0.7996 0.8227
1248.5900 0.8093 0.8228
1248.6000 0.8236 0.8229
1248.6100 0.8116 0.8230
1248.6200 0.8541 0.8230
1248.6300 0.8426 0.8231
1248.6400 0.8070 0.8232
1248.6500 0.8090 0.8233
1248.6600 0.8462 0.8234
1248.6700 0.8540 0.8235
1248.6800 0.7991 0.8236
1248.6900 0.8449 0.8237
1248.7000 0.8513 0.8237
1248.7100 0.8404 0.8238
1248.7200 0.7703 0.8239
1248.7300 0.8319 0.8240
1248.7400 0.7822 0.8241
1248.7500 0.8273 0.8242
1248.7600 0.8343 0.8243
1248.7700 0.8420 0.8244
1248.7800 0.8068 0.8244
1248.7900 0.8222 0.8245
1248.8000 0.7987 0.8246
1248.8100 0.7830 0.8247
1248.8200 0.8487 0.8248
1248.8300 0.8477 0.8249
1248.8400 0.8174 0.8250
1248.8500 0.7993 0.8250
1248.8600 0.8106 0.8251
1248.8700 0.8247 0.8252
1248.8800 0.8178 0.8253
1248.8900 0.7684 0.8254
1248.9000 0.7587 0.8255
1248.9100 0.7657 0.8256
1248.9200 0.7829 0.8256
1248.9300 0.8035 0.8257
1248.9400 0.8026 0.8258
1248.9500 0.7758 0.8259
1248.9600 0.7942 0.8260
1248.9700 0.8571 0.8261
1248.9800 0.8562 0.8262
1248.9900 0.8346 0.8262
1249.0000 0.8623 0.8263
1249.0100 0.8407 0.8264
1249.0200 0.8422 0.8265
1249.0300 0.7992 0.8266
1249.0400 0.7956 0.8267
1249.0500 0.7997 0.8268
1249.0600 0.8017 0.8268
1249.0700 0.7662 0.8269
1249.0800 0.7871 0.8270
1249.0900 0.8077 0.8271
1249.1000 0.8383 0.8272
1249.1100 0.8002 0.8273
1249.1200 0.7798 0.8273
1249.1300 0.8262 0.8274
1249.1400 0.8342 0.8275
1249.1500 0.8100 0.8276
1249.1600 0.8100 0.8277
1249.1700 0.8132 0.8278
1249.1800 0.8083 0.8278
1249.1900 0.8329 0.8279
1249.2000 0.8630 0.8280
1249.2100 0.8546 0.8281
1249.2200 0.8208 0.8282
1249.2300 0.8035 0.8283
1249.2400 0.8330 0.8283
1249.2500 0.8210 0.8284
1249.2600 0.7991 0.8285
1249.2700 0.7916 0.8286
1249.2800 0.8483 0.8287
1249.2900 0.8644 0.8288
1249.3000 0.8252 0.8288
1249.3100 0.8246 0.8289
1249.3200 0.8366 0.8290
1249.3300 0.8167 0.8291
1249.3400 0.8167 0.8292
1249.3500 0.8052 0.8293
1249.3600 0.8081 0.8293
1249.3700 0.8082 0.8294
1249.3800 0.8274 0.8295
1249.3900 0.8392 0.8296
1249.4000 0.7919 0.8297
1249.4100 0.7968 0.8297
1249.4200 0.8324 0.8298
1249.4300 0.8147 0.8299
1249.4400 0.8009 0.8300
1249.4500 0.8258 0.8301
1249.4600 0.8066 0.8301
1249.4700 0.8217 0.8302
1249.4800 0.8302 0.8303
1249.4900 0.8221 0.8304
1249.5000 0.8221 0.8305
1249.5100 0.8133 0.8305
1249.5200 0.8104 0.8306
1249.5300 0.8013 0.8307
1249.5400 0.8226 0.8308
1249.5500 0.8774 0.8308
1249.5600 0.8846 0.8309
1249.5700 0.8339 0.8309
1249.5800 0.7856 0.8310
1249.5900 0.7785 0.8309
1249.6000 0.8061 0.8309
1249.6100 0.8165 0.8307
1249.6200 0.7790 0.8304
1249.6300 0.8307 0.8299
1249.6400 0.8835 0.8293
1249.6500 0.8481 0.8287
1249.6600 0.8013 0.8280
1249.6700 0.8333 0.8273
1249.6800 0.8194 0.8267
1249.6900 0.7969 0.8263
1249.7000 0.8419 0.8259
1249.7100 0.7929 0.8255
1249.7200 0.7598 0.8252
1249.7300 0.7484 0.8249
1249.7400 0.7798 0.8245
1249.7500 0.7552 0.8242
1249.7600 0.7619 0.8238
1249.7700 0.8013 0.8234
1249.7800 0.8239 0.8229
1249.7900 0.8372 0.8225
1249.8000 0.8055 0.8219
1249.8100 0.8500 0.8214
1249.8200 0.8544 0.8207
1249.8300 0.8748 0.8200
1249.8400 0.8463 0.8194
1249.8500 0.8155 0.8188
1249.8600 0.8003 0.8184
1249.8700 0.8092 0.8182
1249.8800 0.8056 0.8181
1249.8900 0.7923 0.8180
1249.9000 0.7760 0.8178
1249.9100 0.7719 0.8174
1249.9200 0.7692 0.8169
1249.9300 0.7541 0.8161
1249.9400 0.7563 0.8152
1249.9500 0.7752 0.8141
1249.9600 0.8230 0.8129
1249.9700 0.8047 0.8116
1249.9800 0.8047 0.8105
1249.9900 0.7849 0.8097
1250.0000 0.7514 0.8094
1250.0100 0.8001 0.8097
1250.0200 0.7723 0.8106
1250.0300 0.8173 0.8121
1250.0400 0.7993 0.8139
1250.0500 0.8148 0.8159
1250.0600 0.8163 0.8177
1250.0700 0.8245 0.8192
1250.0800 0.8125 0.8203
1250.0900 0.8002 0.8212
1250.1000 0.8061 0.8219
1250.1100 0.7723 0.8225
1250.1200 0.7836 0.8231
1250.1300 0.7704 0.8236
1250.1400 0.8161 0.8240
1250.1500 0.8064 0.8243
1250.1600 0.8021 0.8245
1250.1700 0.7595 0.8247
1250.1800 0.7866 0.8248
1250.1900 0.8203 0.8251
1250.2000 0.8271 0.8257
1250.2100 0.7498 0.8264
1250.2200 0.7578 0.8273
1250.2300 0.7763 0.8281
1250.2400 0.8196 0.8286
1250.2500 0.7375 0.8289
1250.2600 0.7775 0.8286
1250.2700 0.7694 0.8278
1250.2800 0.7636 0.8266
1250.2900 0.7861 0.8250
1250.3000 0.7849 0.8231
1250.3100 0.7702 0.8210
1250.3200 0.7490 0.8190
1250.3300 0.7730 0.8171
1250.3400 0.7463 0.8155
1250.3500 0.7175 0.8144
1250.3600 0.7246 0.8137
1250.3700 0.7690 0.8135
1250.3800 0.6988 0.8138
1250.3900 0.7196 0.8143
1250.4000 0.6917 0.8149
1250.4100 0.6141 0.8156
1250.4200 0.6047 0.8162
1250.4300 0.5500 0.8168
1250.4400 0.5418 0.8173
1250.4500 0.5981 0.8177
1250.4600 0.5804 0.8181
1250.4700 0.6042 0.8184
1250.4800 0.5996 0.8187
1250.4900 0.6564 0.8191
1250.5000 0.6265 0.8197
1250.5100 0.6599 0.8205
1250.5200 0.7190 0.8216
1250.5300 0.7255 0.8230
1250.5400 0.7787 0.8247
1250.5500 0.7424 0.8266
1250.5600 0.7769 0.8286
1250.5700 0.8195 0.8305
1250.5800 0.7192 0.8324
1250.5900 0.7467 0.8341
1250.6000 0.8006 0.8355
1250.6100 0.7664 0.8366
1250.6200 0.7769 0.8375
1250.6300 0.7829 0.8380
1250.6400 0.7714 0.8384
1250.6500 0.7699 0.8387
1250.6600 0.8224 0.8389
1250.6700 0.7714 0.8391
1250.6800 0.7552 0.8392
1250.6900 0.8108 0.8392
1250.7000 0.7457 0.8391
1250.7100 0.8279 0.8390
1250.7200 0.7689 0.8387
1250.7300 0.7986 0.8382
1250.7400 0.7646 0.8376
1250.7500 0.7878 0.8369
1250.7600 0.7983 0.8362
1250.7700 0.8129 0.8355
1250.7800 0.8218 0.8347
1250.7900 0.7945 0.8338
1250.8000 0.7561 0.8327
1250.8100 0.8326 0.8312
1250.8200 0.7987 0.8295
1250.8300 0.8925 0.8276
1250.8400 0.8945 0.8257
1250.8500 0.8172 0.8241
1250.8600 0.7991 0.8229
1250.8700 0.8305 0.8222
1250.8800 0.8141 0.8221
1250.8900 0.8273 0.8224
1250.9000 0.8068 0.8230
1250.9100 0.8086 0.8237
1250.9200 0.8517 0.8244
1250.9300 0.8122 0.8251
1250.9400 0.8203 0.8257
1250.9500 0.8417 0.8262
1250.9600 0.8055 0.8267
1250.9700 0.7875 0.8272
1250.9800 0.7709 0.8278
1250.9900 0.7894 0.8285
1251.0000 0.8187 0.8294
1251.0100 0.8069 0.8305
1251.0200 0.8231 0.8320
1251.0300 0.8151 0.8336
1251.0400 0.7937 0.8352
1251.0500 0.8256 0.8368
1251.0600 0.8138 0.8380
1251.0700 0.8366 0.8390
1251.0800 0.8429 0.8397
1251.0900 0.8030 0.8400
1251.1000 0.8565 0.8403
1251.1100 0.8421 0.8403
1251.1200 0.8368 0.8404
1251.1300 0.8009 0.8403
1251.1400 0.8225 0.8403
1251.1500 0.8507 0.8404
1251.1600 0.8710 0.8404
1251.1700 0.8409 0.8405
1251.1800 0.8743 0.8406
1251.1900 0.8306 0.8408
1251.2000 0.8436 0.8410
1251.2100 0.8966 0.8412
1251.2200 0.8493 0.8414
1251.2300 0.8408 0.8416
1251.2400 0.8353 0.8418
1251.2500 0.8131 0.8419
1251.2600 0.8461 0.8420
1251.2700 0.8125 0.8420
1251.2800 0.8302 0.8421
1251.2900 0.8508 0.8421
1251.3000 0.8022 0.8421
1251.3100 0.7982 0.8421
1251.3200 0.8491 0.8421
1251.3300 0.8258 0.8422
1251.3400 0.7733 0.8423
1251.3500 0.7881 0.8425
1251.3600 0.8356 0.8428
1251.3700 0.8116 0.8430
1251.3800 0.8057 0.8433
1251.3900 0.8248 0.8436
1251.4000 0.8371 0.8439
1251.4100 0.8571 0.8441
1251.4200 0.8483 0.8443
1251.4300 0.8494 0.8444
1251.4400 0.8661 0.8445
1251.4500 0.8241 0.8446
1251.4600 0.8263 0.8446
1251.4700 0.8361 0.8447
1251.4800 0.8454 0.8448
1251.4900 0.8526 0.8449
1251.5000 0.8207 0.8450
1251.5100 0.8583 0.8451
1251.5200 0.8774 0.8453
1251.5300 0.8607 0.8455
1251.5400 0.8584 0.8458
1251.5500 0.8434 0.8460
1251.5600 0.8220 0.8461
1251.5700 0.8256 0.8463
1251.5800 0.8187 0.8464
1251.5900 0.8314 0.8465
1251.6000 0.8431 0.8466
1251.6100 0.8379 0.8466
1251.6200 0.8621 0.8467
1251.6300 0.8505 0.8467
1251.6400 0.8508 0.8467
1251.6500 0.8348 0.8467
1251.6600 0.8669 0.8468
1251.6700 0.8622 0.8468
1251.6800 0.8567 0.8468
1251.6900 0.8900 0.8469
1251.7000 0.8651 0.8469
1251.7100 0.8582 0.8469
1251.7200 0.8828 0.8470
1251.7300 0.8486 0.8470
1251.7400 0.8497 0.8471
1251.7500 0.8797 0.8471
1251.7600 0.8237 0.8472
1251.7700 0.8525 0.8472
1251.7800 0.8910 0.8472
1251.7900 0.8682 0.8471
1251.8000 0.8650 0.8470
1251.8100 0.8403 0.8470
1251.8200 0.8379 0.8469
1251.8300 0.8413 0.8469
1251.8400 0.8410 0.8470
1251.8500 0.8365 0.8470
1251.8600 0.8532 0.8471
1251.8700 0.8394 0.8471
1251.8800 0.8219 0.8472
1251.8900 0.8400 0.8473
1251.9000 0.8369 0.8473
1251.9100 0.8271 0.8474
1251.9200 0.8122 0.8473
1251.9300 0.8474 0.8473
1251.9400 0.8666 0.8471
1251.9500 0.8280 0.8469
1251.9600 0.8442 0.8467
1251.9700 0.8284 0.8466
1251.9800 0.8169 0.8465
1251.9900 0.8668 0.8465
1252.0000 0.8569 0.8466
1252.0100 0.8344 0.8467
1252.0200 0.8286 0.8468
1252.0300 0.8553 0.8469
1252.0400 0.8960 0.8470
1252.0500 0.8769 0.8471
1252.0600 0.7984 0.8472
1252.0700 0.8233 0.8471
1252.0800 0.8513 0.8470
1252.0900 0.8087 0.8469
1252.1000 0.8290 0.8466
1252.1100 0.8256 0.8463
1252.1200 0.8202 0.8461
1252.1300 0.8276 0.8460
1252.1400 0.8405 0.8460
1252.1500 0.8444 0.8462
1252.1600 0.8199 0.8465
1252.1700 0.8401 0.8469
1252.1800 0.8615 0.8473
1252.1900 0.8743 0.8476
1252.2000 0.8516 0.8479
1252.2100 0.8428 0.8481
1252.2200 0.8924 0.8483
1252.2300 0.8953 0.8486
1252.2400 0.8676 0.8488
1252.2500 0.8047 0.8490
1252.2600 0.8166 0.8491
1252.2700 0.8278 0.8493
1252.2800 0.8413 0.8495
1252.2900 0.8432 0.8498
1252.3000 0.8565 0.8501
1252.3100 0.8701 0.8504
1252.3200 0.8492 0.8507
1252.3300 0.8195 0.8511
1252.3400 0.8498 0.8514
1252.3500 0.8907 0.8516
1252.3600 0.8255 0.8518
1252.3700 0.8047 0.8520
1252.3800 0.8438 0.8521
1252.3900 0.8097 0.8522
1252.4000 0.7681 0.8523
1252.4100 0.8046 0.8524
1252.4200 0.8054 0.8524
1252.4300 0.8101 0.8525
1252.4400 0.7920 0.8526
1252.4500 0.8365 0.8527
1252.4600 0.8626 0.8527
1252.4700 0.8358 0.8528
1252.4800 0.8088 0.8529
1252.4900 0.8285 0.8529
1252.5000 0.8617 0.8530
1252.5100 0.8430 0.8531
1252.5200 0.8360 0.8531
1252.5300 0.8399 0.8532
1252.5400 0.8682 0.8533
1252.5500 0.8631 0.8533
1252.5600 0.8483 0.8534
1252.5700 0.8369 0.8535
1252.5800 0.8135 0.8535
1252.5900 0.8033 0.8536
1252.6000 0.8332 0.8537
1252.6100 0.8498 0.8537
1252.6200 0.8858 0.8538
1252.6300 0.8398 0.8539
1252.6400 0.8339 0.8539
1252.6500 0.8270 0.8540
1252.6600 0.8649 0.8541
1252.6700 0.9010 0.8541
1252.6800 0.8697 0.8542
1252.6900 0.8466 0.8543
1252.7000 0.8310 0.8543
1252.7100 0.8292 0.8544
1252.7200 0.8626 0.8545
1252.7300 0.8334 0.8545
1252.7400 0.8223 0.8546
1252.7500 0.8547 0.8547
1252.7600 0.8136 0.8547
1252.7700 0.8278 0.8548
1252.7800 0.8127 0.8549
1252.7900 0.8074 0.8549
1252.8000 0.8206 0.8550
1252.8100 0.8406 0.8551
1252.8200 0.7893 0.8551
1252.8300 0.8154 0.8552
1252.8400 0.8279 0.8553
1252.8500 0.8452 0.8553
1252.8600 0.8444 0.8554
1252.8700 0.8275 0.8555
1252.8800 0.7936 0.8555
1252.8900 0.7796 0.8556
1252.9000 0.8675 0.8557
1252.9100 0.8826 0.8557
1252.9200 0.8929 0.8558
1252.9300 0.8529 0.8559
1252.9400 0.8860 0.8559
1252.9500 0.8937 0.8560
1252.9600 0.9138 0.8561
1252.9700 0.9186 0.8561
1252.9800 0.8186 0.8562
1252.9900 0.8515 0.8563
1253.0000 0.8122 0.8563
1253.0100 0.8640 0.8564
1253.0200 0.8769 0.8565
1253.0300 0.8359 0.8565
1253.0400 0.7857 0.8566
1253.0500 0.7993 0.8567
1253.0600 0.8005 0.8567
1253.0700 0.7965 0.8568
1253.0800 0.8543 0.8569
1253.0900 0.8173 0.8569
1253.1000 0.8632 0.8570
1253.1100 0.8110 0.8570
1253.1200 0.8333 0.8571
1253.1300 0.8836 0.8572
1253.1400 0.8882 0.8572
1253.1500 0.8432 0.8573
1253.1600 0.9160 0.8574
1253.1700 0.9115 0.8574
1253.1800 0.8112 0.8575
1253.1900 0.8344 0.8576
1253.2000 0.7976 0.8576
1253.2100 0.8720 0.8577
1253.2200 0.8782 0.8578
1253.2300 0.8333 0.8578
1253.2400 0.9073 0.8579
1253.2500 0.8784 0.8580
1253.2600 0.7928 0.8580
1253.2700 0.8983 0.8581
1253.2800 0.8563 0.8581
1253.2900 0.8837 0.8582
1253.3000 0.8773 0.8583
1253.3100 0.8699 0.8583
1253.3200 0.8800 0.8584
1253.3300 0.8963 0.8585
1253.3400 0.8436 0.8585
1253.3500 0.8358 0.8586
1253.3600 0.8685 0.8587
1253.3700 0.9234 0.8587
1253.3800 0.8851 0.8588
1253.3900 0.9025 0.8589
1253.4000 0.8729 0.8589
1253.4100 0.8519 0.8590
1253.4200 0.9073 0.8590
1253.4300 0.7667 0.8591
1253.4400 0.8927 0.8592
1253.4500 0.7943 0.8592
1253.4600 0.8258 0.8593
1253.4700 0.7850 0.8594
1253.4800 0.8004 0.8594
1253.4900 0.7961 0.8595
1253.5000 0.8460 0.8596
1253.5100 0.7482 0.8596
1253.5200 0.8145 0.8597
1253.5300 0.7961 0.8597
1253.5400 0.8116 0.8598
1253.5500 0.7755 0.8599
1253.5600 0.7963 0.8599
1253.5700 0.8220 0.8600
1253.5800 0.7322 0.8601
1253.5900 0.7365 0.8601
1253.6000 0.6459 0.8602
1253.6100 0.6143 0.8603
1253.6200 0.6367 0.8603
1253.6300 0.6263 0.8604
1253.6400 0.5716 0.8604
1253.6500 0.4905 0.8605
1253.6600 0.4853 0.8606
1253.6700 0.4988 0.8606
1253.6800 0.5186 0.8607
1253.6900 0.5754 0.8608
1253.7000 0.5619 0.8608
1253.7100 0.5901 0.8609
1253.7200 0.6194 0.8609
1253.7300 0.6649 0.8610
1253.7400 0.7075 0.8611
1253.7500 0.7180 0.8611
1253.7600 0.7793 0.8612
1253.7700 0.7665 0.8613
1253.7800 0.7409 0.8613
1253.7900 0.7669 0.8614
1253.8000 0.8148 0.8614
1253.8100 0.8582 0.8615
1253.8200 0.8185 0.8616
1253.8300 0.8337 0.8616
1253.8400 0.7636 0.8617
1253.8500 0.7888 0.8618
1253.8600 0.8336 0.8618
1253.8700 0.8468 0.8619
1253.8800 0.7640 0.8619
1253.8900 0.8290 0.8620
1253.9000 0.8036 0.8621
1253.9100 0.8270 0.8621
1253.9200 0.7902 0.8622
1253.9300 0.8458 0.8622
1253.9400 0.8175 0.8623
1253.9500 0.8312 0.8624
1253.9600 0.8513 0.8624
1253.9700 0.8502 0.8625
1253.9800 0.8545 0.8626
1253.9900 0.8893 0.8626
1254.0000 0.8713 0.8627
1254.0100 0.8678 0.8627
1254.0200 0.9293 0.8628
1254.0300 0.9142 0.8629
1254.0400 0.9025 0.8629
1254.0500 0.8207 0.8630
1254.0600 0.8305 0.8630
1254.0700 0.8723 0.8631
1254.0800 0.8988 0.8632
1254.0900 0.8961 0.8632
1254.1000 0.8966 0.8633
1254.1100 0.8396 0.8634
1254.1200 0.8744 0.8634
1254.1300 0.8850 0.8635
1254.1400 0.8338 0.8635
1254.1500 0.8665 0.8636
1254.1600 0.8470 0.8637
1254.1700 0.8224 0.8637
1254.1800 0.8778 0.8638
1254.1900 0.9166 0.8638
1254.2000 0.8668 0.8639
1254.2100 0.8246 0.8640
1254.2200 0.8306 0.8640
1254.2300 0.8415 0.8641
1254.2400 0.8567 0.8641
1254.2500 0.8557 0.8642
1254.2600 0.8717 0.8643
1254.2700 0.9075 0.8643
1254.2800 0.8800 0.8644
1254.2900 0.8451 0.8644
1254.3000 0.8503 0.8645
1254.3100 0.8980 0.8646
1254.3200 0.8853 0.8646
1254.3300 0.8826 0.8647
1254.3400 0.8824 0.8647
1254.3500 0.8961 0.8648
1254.3600 0.9258 0.8649
1254.3700 0.9037 0.8649
1254.3800 0.8880 0.8650
1254.3900 0.9017 0.8650
1254.4000 0.8770 0.8651
1254.4100 0.8856 0.8652
1254.4200 0.8941 0.8652
1254.4300 0.8939 0.8653
1254.4400 0.8887 0.8653
1254.4500 0.8947 0.8654
1254.4600 0.8483 0.8655
1254.4700 0.8371 0.8655
1254.4800 0.8490 0.8656
1254.4900 0.8617 0.8656
1254.5000 0.8849 0.8657
1254.5100 0.8837 0.8658
1254.5200 0.8891 0.8658
1254.5300 0.8711 0.8659
1254.5400 0.9047 0.8659
1254.5500 0.9214 0.8660
1254.5600 0.9048 0.8661
1254.5700 0.9037 0.8661
1254.5800 0.8684 0.8662
1254.5900 0.8686 0.8662
1254.6000 0.8752 0.8663
1254.6100 0.9122 0.8664
1254.6200 0.9062 0.8664
1254.6300 0.8918 0.8665
1254.6400 0.8848 0.8665
1254.6500 0.8569 0.8666
1254.6600 0.8704 0.8667
1254.6700 0.8896 0.8667
1254.6800 0.8636 0.8668
1254.6900 0.8816 0.8668
1254.7000 0.8927 0.8669
1254.7100 0.8560 0.8669
1254.7200 0.8644 0.8670
1254.7300 0.8830 0.8671
1254.7400 0.8823 0.8671
1254.7500 0.8831 0.8672
1254.7600 0.8669 0.8672
1254.7700 0.8261 0.8673
1254.7800 0.8397 0.8674
1254.7900 0.9042 0.8674
1254.8000 0.8708 0.8675
1254.8100 0.8099 0.8675
1254.8200 0.8013 0.8676
1254.8300 0.8319 0.8677
1254.8400 0.8499 0.8677
1254.8500 0.8400 0.8678
1254.8600 0.8994 0.8678
1254.8700 0.9127 0.8679
1254.8800 0.9450 0.8679
1254.8900 0.9457 0.8680
1254.9000 0.8868 0.8681
1254.9100 0.8699 0.8681
1254.9200 0.8813 0.8682
1254.9300 0.8999 0.8682
1254.9400 0.9036 0.8683
1254.9500 0.8977 0.8684
1254.9600 0.8973 0.8684
1254.9700 0.8990 0.8685
1254.9800 0.8875 0.8685
1254.9900 0.8326 0.8686
1255.0000 0.8212 0.8686
1255.0100 0.8511 0.8687
1255.0200 0.8665 0.8688
1255.0300 0.8301 0.8688
1255.0400 0.8072 0.8689
1255.0500 0.8611 0.8689
1255.0600 0.8763 0.8690
1255.0700 0.8915 0.8690
1255.0800 0.9000 0.8691
1255.0900 0.9011 0.8692
1255.1000 0.9237 0.8692
1255.1100 0.9550 0.8693
1255.1200 0.8617 0.8693
1255.1300 0.9008 0.8694
1255.1400 0.8986 0.8694
1255.1500 0.8573 0.8695
1255.1600 0.8877 0.8696
1255.1700 0.9360 0.8696
1255.1800 0.8644 0.8697
1255.1900 0.8485 0.8697
1255.2000 0.8372 0.8698
1255.2100 0.8532 0.8698
1255.2200 0.8845 0.8699
1255.2300 0.8959 0.8700
1255.2400 0.8363 0.8700
1255.2500 0.8564 0.8701
1255.2600 0.9033 0.8701
1255.2700 0.8972 0.8702
1255.2800 0.8729 0.8702
1255.2900 0.8661 0.8703
1255.3000 0.8324 0.8704
1255.3100 0.8514 0.8704
1255.3200 0.8552 0.8705
1255.3300 0.9249 0.8705
1255.3400 0.8899 0.8706
1255.3500 0.8933 0.8706
1255.3600 0.8438 0.8707
1255.3700 0.8756 0.8708
1255.3800 0.8922 0.8708
1255.3900 0.9048 0.8709
1255.4000 0.8719 0.8709
1255.4100 0.8410 0.8710
1255.4200 0.8717 0.8710
1255.4300 0.8648 0.8711
1255.4400 0.8840 0.8711
1255.4500 0.8667 0.8712
1255.4600 0.8588 0.8713
1255.4700 0.8617 0.8713
1255.4800 0.8741 0.8714
1255.4900 0.9132 0.8714
1255.5000 0.9060 0.8715
1255.5100 0.8507 0.8715
1255.5200 0.8438 0.8716
1255.5300 0.8851 0.8716
1255.5400 0.8885 0.8717
1255.5500 0.8864 0.8718
1255.5600 0.8769 0.8718
1255.5700 0.8933 0.8719
1255.5800 0.8380 0.8719
1255.5900 0.8940 0.8720
1255.6000 0.8794 0.8720
1255.6100 0.9081 0.8721
1255.6200 0.8630 0.8721
1255.6300 0.8667 0.8722
1255.6400 0.8302 0.8723
1255.6500 0.8801 0.8723
1255.6600 0.9200 0.8724
1255.6700 0.8912 0.8724
1255.6800 0.8844 0.8725
1255.6900 0.8699 0.8725
1255.7000 0.8220 0.8726
1255.7100 0.8772 0.8726
1255.7200 0.8738 0.8727
1255.7300 0.8365 0.8728
1255.7400 0.8830 0.8728
1255.7500 0.8179 0.8729
1255.7600 0.8876 0.8729
1255.7700 0.9000 0.8730
1255.7800 0.9205 0.8730
1255.7900 0.8849 0.8731
1255.8000 0.9243 0.8731
1255.8100 0.9015 0.8732
1255.8200 0.9043 0.8733
1255.8300 0.8731 0.8733
1255.8400 0.8440 0.8734
1255.8500 0.8668 0.8734
1255.8600 0.8911 0.8735
1255.8700 0.8382 0.8735
1255.8800 0.8680 0.8736
1255.8900 0.8547 0.8736
1255.9000 0.8623 0.8737
1255.9100 0.8442 0.8737
1255.9200 0.8732 0.8738
1255.9300 0.9277 0.8739
1255.9400 0.8514 0.8739
1255.9500 0.8494 0.8740
1255.9600 0.7784 0.8740
1255.9700 0.8517 0.8741
1255.9800 0.8658 0.8741
1255.9900 0.8338 0.8742
1256.0000 0.8818 0.8742
1256.0100 0.8754 0.8743
1256.0200 0.9349 0.8743
1256.0300 0.9177 0.8744
1256.0400 0.8697 0.8745
1256.0500 0.8559 0.8745
1256.0600 0.8290 0.8746
1256.0700 0.8489 0.8746
1256.0800 0.9048 0.8747
1256.0900 0.8416 0.8747
1256.1000 0.8904 0.8748
1256.1100 0.8810 0.8748
1256.1200 0.9188 0.8749
1256.1300 0.9564 0.8749
1256.1400 0.8862 0.8750
1256.1500 0.8387 0.8750
1256.1600 0.8853 0.8751
1256.1700 0.8560 0.8752
1256.1800 0.8471 0.8752
1256.1900 0.8658 0.8753
1256.2000 0.8434 0.8753
1256.2100 0.8742 0.8754
1256.2200 0.8857 0.8754
1256.2300 0.8474 0.8755
1256.2400 0.8654 0.8755
1256.2500 0.8844 0.8756
1256.2600 0.9228 0.8756
1256.2700 0.8470 0.8757
1256.2800 0.8265 0.8757
1256.2900 0.8893 0.8758
1256.3000 0.8975 0.8758
1256.3100 0.8904 0.8759
1256.3200 0.9465 0.8760
1256.3300 0.8872 0.8760
1256.3400 0.8755 0.8761
1256.3500 0.8718 0.8761
1256.3600 0.9817 0.8762
1256.3700 0.8853 0.8762
1256.3800 0.8428 0.8763
1256.3900 0.8510 0.8763
1256.4000 0.8480 0.8764
1256.4100 0.8740 0.8764
1256.4200 0.8741 0.8765
1256.4300 0.8800 0.8765
1256.4400 0.8682 0.8766
1256.4500 0.9006 0.8766
1256.4600 0.8306 0.8767
1256.4700 0.8639 0.8768
1256.4800 0.9046 0.8768
1256.4900 0.8825 0.8769
1256.5000 0.8177 0.8769
1256.5100 0.9021 0.8770
1256.5200 0.9279 0.8770
1256.5300 0.9125 0.8771
1256.5400 0.8692 0.8771
1256.5500 0.9341 0.8772
1256.5600 0.8920 0.8772
1256.5700 0.8515 0.8773
1256.5800 0.8326 0.8773
1256.5900 0.8860 0.8774
1256.6000 0.8915 0.8774
1256.6100 0.9018 0.8775
1256.6200 0.9201 0.8775
1256.6300 0.8833 0.8776
1256.6400 0.9238 0.8776
1256.6500 0.9855 0.8777
1256.6600 0.9447 0.8777
1256.6700 0.8749 0.8778
1256.6800 0.8574 0.8778
1256.6900 0.9019 0.8779
1256.7000 0.8662 0.8780
1256.7100 0.8770 0.8780
1256.7200 0.8722 0.8781
1256.7300 0.8515 0.8781
1256.7400 0.8487 0.8782
1256.7500 0.8495 0.8782
1256.7600 0.8181 0.8783
1256.7700 0.8493 0.8783
1256.7800 0.8802 0.8784
1256.7900 0.8787 0.8784
1256.8000 0.8623 0.8785
1256.8100 0.8800 0.8785
1256.8200 0.8673 0.8786
1256.8300 0.8985 0.8786
1256.8400 0.8697 0.8787
1256.8500 0.8382 0.8787
1256.8600 0.8755 0.8788
1256.8700 0.8607 0.8788
1256.8800 0.8117 0.8789
1256.8900 0.8768 0.8789
1256.9000 0.8648 0.8790
1256.9100 0.8479 0.8790
1256.9200 0.8455 0.8791
1256.9300 0.8703 0.8791
1256.9400 0.8461 0.8792
1256.9500 0.8532 0.8792
1256.9600 0.8832 0.8793
1256.9700 0.8575 0.8793
1256.9800 0.8371 0.8794
1256.9900 0.8447 0.8794
1257.0000 0.8787 0.8795
1257.0100 0.8965 0.8796
1257.0200 0.8690 0.8796
1257.0300 0.8725 0.8797
1257.0400 0.8940 0.8797
1257.0500 0.8585 0.8798
1257.0600 0.8607 0.8798
1257.0700 0.8621 0.8799
1257.0800 0.8722 0.8799
1257.0900 0.8725 0.8800
1257.1000 0.8632 0.8800
1257.1100 0.8769 0.8801
1257.1200 0.8716 0.8801
1257.1300 0.8898 0.8802
1257.1400 0.9114 0.8802
1257.1500 0.8810 0.8803
1257.1600 0.8838 0.8803
1257.1700 0.8391 0.8804
1257.1800 0.8095 0.8804
1257.1900 0.8170 0.8805
1257.2000 0.7934 0.8805
1257.2100 0.7734 0.8806
1257.2200 0.8179 0.8806
1257.2300 0.8299 0.8807
1257.2400 0.8245 0.8807
1257.2500 0.8455 0.8808
1257.2600 0.8906 0.8808
1257.2700 0.8944 0.8809
1257.2800 0.8601 0.8809
1257.2900 0.8470 0.8810
1257.3000 0.8801 0.8810
1257.3100 0.8748 0.8811
1257.3200 0.8703 0.8811
1257.3300 0.8822 0.8812
1257.3400 0.8614 0.8812
1257.3500 0.8902 0.8813
1257.3600 0.9225 0.8813
1257.3700 0.8809 0.8814
1257.3800 0.8693 0.8814
1257.3900 0.8818 0.8815
1257.4000 0.8780 0.8815
1257.4100 0.8642 0.8816
1257.4200 0.8626 0.8816
1257.4300 0.8786 0.8817
1257.4400 0.8774 0.8817
1257.4500 0.8991 0.8818
1257.4600 0.8913 0.8818
1257.4700 0.8888 0.8819
1257.4800 0.9260 0.8819
1257.4900 0.9267 0.8820
1257.5000 0.9169 0.8820
1257.5100 0.9038 0.8821
1257.5200 0.8786 0.8821
1257.5300 0.9046 0.8822
1257.5400 0.9046 0.8822
1257.5500 0.9011 0.8823
1257.5600 0.9512 0.8823
1257.5700 0.9135 0.8824
1257.5800 0.9176 0.8824
1257.5900 0.8989 0.8825
1257.6000 0.8831 0.8825
1257.6100 0.9374 0.8826
1257.6200 0.9201 0.8826
1257.6300 0.8426 0.8827
1257.6400 0.8749 0.8827
1257.6500 0.9340 0.8828
1257.6600 0.9071 0.8828
1257.6700 0.8712 0.8829
1257.6800 0.8782 0.8829
1257.6900 0.8923 0.8830
1257.7000 0.8896 0.8830
1257.7100 0.9075 0.8831
1257.7200 0.9133 0.8831
1257.7300 0.8945 0.8831
1257.7400 0.8785 0.8832
1257.7500 0.8903 0.8832
1257.7600 0.9190 0.8833
1257.7700 0.8971 0.8833
1257.7800 0.9176 0.8834
1257.7900 0.9049 0.8834
1257.8000 0.8538 0.8835
1257.8100 0.8344 0.8835
1257.8200 0.8622 0.8836
1257.8300 0.8971 0.8836
1257.8400 0.8912 0.8837
1257.8500 0.8700 0.8837
1257.8600 0.8168 0.8838
1257.8700 0.8779 0.8838
1257.8800 0.8779 0.8839
1257.8900 0.9418 0.8839
1257.9000 0.9457 0.8840
1257.9100 0.9135 0.8840
1257.9200 0.9029 0.8841
1257.9300 0.9037 0.8841
1257.9400 0.9408 0.8842
1257.9500 0.9475 0.8842
1257.9600 0.9172 0.8843
1257.9700 0.9634 0.8843
1257.9800 0.9202 0.8844
1257.9900 0.8964 0.8844
1258.0000 0.9038 0.8845
1258.0100 0.8601 0.8845
1258.0200 0.8506 0.8846
1258.0300 0.8435 0.8846
1258.0400 0.8556 0.8846
1258.0500 0.8937 0.8847
1258.0600 0.8598 0.8847
1258.0700 0.8490 0.8848
1258.0800 0.8893 0.8848
1258.0900 0.9111 0.8849
1258.1000 0.9152 0.8849
1258.1100 0.9607 0.8850
1258.1200 0.9023 0.8850
1258.1300 0.8608 0.8851
1258.1400 0.8574 0.8851
1258.1500 0.8533 0.8852
1258.1600 0.8591 0.8852
1258.1700 0.8777 0.8853
1258.1800 0.8906 0.8853
1258.1900 0.8772 0.8854
1258.2000 0.9142 0.8854
1258.2100 0.8979 0.8855
1258.2200 0.8621 0.8855
1258.2300 0.9310 0.8855
1258.2400 0.9205 0.8856
1258.2500 0.9092 0.8856
1258.2600 0.8821 0.8857
1258.2700 0.8190 0.8857
1258.2800 0.8784 0.8858
1258.2900 0.9020 0.8858
1258.3000 0.8493 0.8859
1258.3100 0.9035 0.8859
1258.3200 0.8764 0.8860
1258.3300 0.8524 0.8860
1258.3400 0.8121 0.8861
1258.3500 0.8406 0.8861
1258.3600 0.8713 0.8862
1258.3700 0.8740 0.8862
1258.3800 0.9066 0.8863
1258.3900 0.8683 0.8863
1258.4000 0.8711 0.8863
1258.4100 0.8618 0.8864
1258.4200 0.8524 0.8864
1258.4300 0.8942 0.8865
1258.4400 0.8944 0.8865
1258.4500 0.8789 0.8866
1258.4600 0.8500 0.8866
1258.4700 0.9122 0.8867
1258.4800 0.9100 0.8867
1258.4900 0.9104 0.8868
1258.5000 0.8733 0.8868
1258.5100 0.8517 0.8869
1258.5200 0.8681 0.8869
1258.5300 0.8599 0.8870
1258.5400 0.8647 0.8870
1258.5500 0.9060 0.8871
1258.5600 0.8469 0.8871
1258.5700 0.8651 0.8871
1258.5800 0.8623 0.8872
1258.5900 0.8778 0.8872
1258.6000 0.9030 0.8873
1258.6100 0.8611 0.8873
1258.6200 0.8935 0.8874
1258.6300 0.8647 0.8874
1258.6400 0.9567 0.8875
1258.6500 0.9309 0.8875
1258.6600 0.9415 0.8876
1258.6700 0.8948 0.8876
1258.6800 0.9407 0.8877
1258.6900 0.8437 0.8877
1258.7000 0.8941 0.8877
1258.7100 0.8919 0.8878
1258.7200 0.9218 0.8878
1258.7300 0.8014 0.8879
1258.7400 0.8524 0.8879
1258.7500 0.8269 0.8880
1258.7600 0.8750 0.8880
1258.7700 0.8805 0.8881
1258.7800 0.8554 0.8881
1258.7900 0.8663 0.8882
1258.8000 0.8964 0.8882
1258.8100 0.9166 0.8883
1258.8200 0.8989 0.8883
1258.8300 0.8984 0.8883
1258.8400 0.8417 0.8884
1258.8500 0.8538 0.8884
1258.8600 0.8960 0.8885
1258.8700 0.8407 0.8885
1258.8800 0.8601 0.8886
1258.8900 0.8730 0.8886
1258.9000 0.8959 0.8887
1258.9100 0.8780 0.8887
1258.9200 0.9218 0.8887
1258.9300 0.8304 0.8888
1258.9400 0.9014 0.8888
1258.9500 0.8407 0.8889
1258.9600 0.8345 0.8889
1258.9700 0.8467 0.8890
1258.9800 0.8837 0.8890
1258.9900 0.8361 0.8891
1259.0000 0.8170 0.8891
1259.0100 0.8516 0.8892
1259.0200 0.9171 0.8892
1259.0300 0.8295 0.8893
1259.0400 0.8458 0.8893
1259.0500 0.7923 0.8893
1259.0600 0.8599 0.8894
1259.0700 0.8357 0.8894
1259.0800 0.9091 0.8895
1259.0900 0.9589 0.8895
1259.1000 0.8422 0.8896
1259.1100 0.8480 0.8896
1259.1200 0.8709 0.8896
1259.1300 0.8376 0.8897
1259.1400 0.8080 0.8897
1259.1500 0.8495 0.8898
1259.1600 0.8712 0.8898
1259.1700 0.8643 0.8899
1259.1800 0.8667 0.8899
1259.1900 0.8567 0.8900
1259.2000 0.8469 0.8900
1259.2100 0.8584 0.8901
1259.2200 0.8396 0.8901
1259.2300 0.7946 0.8901
1259.2400 0.7683 0.8902
1259.2500 0.8351 0.8902
1259.2600 0.7521 0.8903
1259.2700 0.7334 0.8903
1259.2800 0.7394 0.8904
1259.2900 0.6661 0.8904
1259.3000 0.6434 0.8905
1259.3100 0.6363 0.8905
1259.3200 0.6032 0.8905
1259.3300 0.5255 0.8906
1259.3400 0.5008 0.8906
1259.3500 0.4801 0.8907
1259.3600 0.4897 0.8907
1259.3700 0.5126 0.8908
1259.3800 0.4513 0.8908
1259.3900 0.4510 0.8909
1259.4000 0.5149 0.8909
1259.4100 0.5213 0.8909
1259.4200 0.5639 0.8910
1259.4300 0.5501 0.8910
1259.4400 0.6120 0.8911
1259.4500 0.6519 0.8911
1259.4600 0.7104 0.8912
1259.4700 0.7639 0.8912
1259.4800 0.7327 0.8912
1259.4900 0.8207 0.8913
1259.5000 0.8324 0.8913
1259.5100 0.8620 0.8914
1259.5200 0.8951 0.8914
1259.5300 0.8784 0.8915
1259.5400 0.8835 0.8915
1259.5500 0.8639 0.8916
1259.5600 0.8383 0.8916
1259.5700 0.8564 0.8916
1259.5800 0.8429 0.8917
1259.5900 0.8791 0.8917
1259.6000 0.8797 0.8918
1259.6100 0.8167 0.8918
1259.6200 0.8403 0.8919
1259.6300 0.8567 0.8919
1259.6400 0.8573 0.8919
1259.6500 0.8814 0.8920
1259.6600 0.8672 0.8920
1259.6700 0.8619 0.8921
1259.6800 0.8653 0.8921
1259.6900 0.8661 0.8921
1259.7000 0.8854 0.8922
1259.7100 0.8733 0.8922
1259.7200 0.8334 0.8923
1259.7300 0.8794 0.8923
1259.7400 0.9058 0.8923
1259.7500 0.9189 0.8924
1259.7600 0.8974 0.8924
1259.7700 0.8369 0.8925
1259.7800 0.7838 0.8925
1259.7900 0.8168 0.8925
1259.8000 0.8332 0.8926
1259.8100 0.8211 0.8926
1259.8200 0.8597 0.8926
1259.8300 0.8421 0.8927
1259.8400 0.8216 0.8927
1259.8500 0.8462 0.8927
1259.8600 0.8696 0.8927
1259.8700 0.9013 0.8927
1259.8800 0.8885 0.8926
1259.8900 0.8606 0.8923
1259.9000 0.8847 0.8918
1259.9100 0.8442 0.8910
1259.9200 0.8001 0.8897
1259.9300 0.8523 0.8878
1259.9400 0.8669 0.8854
1259.9500 0.8345 0.8826
1259.9600 0.8028 0.8796
1259.9700 0.7732 0.8767
1259.9800 0.8139 0.8739
1259.9900 0.8046 0.8714
1260.0000 0.7429 0.8691
1260.0100 0.7553 0.8669
1260.0200 0.7753 0.8649
1260.0300 0.7406 0.8629
1260.0400 0.7275 0.8611
1260.0500 0.7382 0.8593
1260.0600 0.7264 0.8576
1260.0700 0.7357 0.8560
1260.0800 0.7292 0.8544
1260.0900 0.7034 0.8532
1260.1000 0.6903 0.8524
1260.1100 0.6652 0.8522
1260.1200 0.6504 0.8529
1260.1300 0.6760 0.8544
1260.1400 0.6710 0.8567
1260.1500 0.6410 0.8596
1260.1600 0.6585 0.8628
1260.1700 0.6406 0.8661
1260.1800 0.5980 0.8693
1260.1900 0.5704 0.8721
1260.2000 0.5237 0.8747
1260.2100 0.4782 0.8768
1260.2200 0.4513 0.8786
1260.2300 0.3851 0.8798
1260.2400 0.3192 0.8804
1260.2500 0.2951 0.8804
1260.2600 0.2840 0.8796
1260.2700 0.2602 0.8783
1260.2800 0.2487 0.8766
1260.2900 0.2488 0.8747
1260.3000 0.2720 0.8726
1260.3100 0.2958 0.8706
1260.3200 0.3003 0.8688
1260.3300 0.3797 0.8674
1260.3400 0.4138 0.8663
1260.3500 0.4644 0.8657
1260.3600 0.5263 0.8653
1260.3700 0.5510 0.8652
1260.3800 0.5559 0.8652
1260.3900 0.5687 0.8654
1260.4000 0.6389 0.8657
1260.4100 0.6698 0.8659
1260.4200 0.6725 0.8660
1260.4300 0.6444 0.8660
1260.4400 0.6573 0.8659
1260.4500 0.6942 0.8658
1260.4600 0.6581 0.8656
1260.4700 0.6756 0.8656
1260.4800 0.6783 0.8657
1260.4900 0.7114 0.8660
1260.5000 0.7042 0.8667
1260.5100 0.6628 0.8677
1260.5200 0.6811 0.8690
1260.5300 0.7177 0.8708
1260.5400 0.7238 0.8728
1260.5500 0.7135 0.8749
1260.5600 0.7013 0.8770
1260.5700 0.6867 0.8789
1260.5800 0.7077 0.8805
1260.5900 0.7923 0.8815
1260.6000 0.7792 0.8819
1260.6100 0.7503 0.8817
1260.6200 0.7055 0.8808
1260.6300 0.6869 0.8793
1260.6400 0.7287 0.8774
1260.6500 0.7401 0.8750
1260.6600 0.7568 0.8724
1260.6700 0.8205 0.8694
1260.6800 0.8153 0.8663
1260.6900 0.7961 0.8631
1260.7000 0.7686 0.8601
1260.7100 0.8235 0.8576
1260.7200 0.7860 0.8559
1260.7300 0.8643 0.8549
1260.7400 0.8099 0.8549
1260.7500 0.7759 0.8555
1260.7600 0.8292 0.8567
1260.7700 0.8048 0.8582
1260.7800 0.8303 0.8599
1260.7900 0.8237 0.8616
1260.8000 0.7280 0.8635
1260.8100 0.8155 0.8654
1260.8200 0.8510 0.8674
1260.8300 0.8391 0.8695
1260.8400 0.8531 0.8717
1260.8500 0.8473 0.8740
1260.8600 0.8639 0.8765
1260.8700 0.8464 0.8793
1260.8800 0.8483 0.8822
1260.8900 0.8253 0.8853
1260.9000 0.7874 0.8883
1260.9100 0.8555 0.8909
1260.9200 0.8379 0.8931
1260.9300 0.7865 0.8947
1260.9400 0.7705 0.8958
1260.9500 0.7928 0.8966
1260.9600 0.7966 0.8970
1260.9700 0.8026 0.8972
1260.9800 0.8203 0.8974
1260.9900 0.8109 0.8975
1261.0000 0.7856 0.8975
1261.0100 0.7978 0.8976
1261.0200 0.7958 0.8976
1261.0300 0.7755 0.8977
1261.0400 0.7851 0.8977
1261.0500 0.8015 0.8978
1261.0600 0.8300 0.8978
1261.0700 0.8669 0.8979
1261.0800 0.8153 0.8979
1261.0900 0.7897 0.8980
1261.1000 0.8072 0.8980
1261.1100 0.8286 0.8981
1261.1200 0.7990 0.8981
1261.1300 0.9293 0.8981
1261.1400 0.8555 0.8982
1261.1500 0.9085 0.8982
1261.1600 0.8805 0.8983
1261.1700 0.7972 0.8983
1261.1800 0.8795 0.8984
1261.1900 0.7976 0.8984
1261.2000 0.8483 0.8984
1261.2100 0.8428 0.8985
1261.2200 0.8222 0.8985
1261.2300 0.8333 0.8986
1261.2400 0.8470 0.8986
1261.2500 0.8861 0.8986
1261.2600 0.8206 0.8987
1261.2700 0.8091 0.8987
1261.2800 0.9116 0.8988
1261.2900 0.8099 0.8988
1261.3000 0.8387 0.8989
1261.3100 0.8751 0.8989
1261.3200 0.8433 0.8989
1261.3300 0.8391 0.8990
1261.3400 0.7994 0.8990
1261.3500 0.7996 0.8991
1261.3600 0.8631 0.8991
1261.3700 0.8989 0.8991
1261.3800 0.9100 0.8992
1261.3900 0.9117 0.8992
1261.4000 0.8714 0.8993
1261.4100 0.9191 0.8993
1261.4200 0.9223 0.8993
1261.4300 0.9103 0.8994
1261.4400 0.9176 0.8994
1261.4500 0.8955 0.8995
1261.4600 0.9384 0.8995
1261.4700 0.9001 0.8995
1261.4800 0.8363 0.8996
1261.4900 0.8482 0.8996
1261.5000 0.9115 0.8997
1261.5100 0.8518 0.8997
1261.5200 0.8707 0.8997
1261.5300 0.9081 0.8998
1261.5400 0.8616 0.8998
1261.5500 0.8925 0.8998
1261.5600 0.9021 0.8999
1261.5700 0.8395 0.8999
1261.5800 0.8994 0.9000
1261.5900 0.8527 0.9000
1261.6000 0.8960 0.9000
1261.6100 0.8290 0.9001
1261.6200 0.8596 0.9001
1261.6300 0.8549 0.9002
1261.6400 0.8535 0.9002
1261.6500 0.8983 0.9002
1261.6600 0.8541 0.9003
1261.6700 0.8595 0.9003
1261.6800 0.8902 0.9004
1261.6900 0.9178 0.9004
1261.7000 0.8824 0.9004
1261.7100 0.8848 0.9005
1261.7200 0.9031 0.9005
1261.7300 0.8796 0.9006
1261.7400 0.8253 0.9006
1261.7500 0.8481 0.9006
1261.7600 0.8336 0.9007
1261.7700 0.8652 0.9007
1261.7800 0.8846 0.9007
1261.7900 0.9005 0.9008
1261.8000 0.9091 0.9008
1261.8100 0.9080 0.9009
1261.8200 0.9278 0.9009
1261.8300 0.9478 0.9009
1261.8400 0.9176 0.9010
1261.8500 0.8900 0.9010
1261.8600 0.8582 0.9011
1261.8700 0.7938 0.9011
1261.8800 0.8341 0.9011
1261.8900 0.8367 0.9012
1261.9000 0.8257 0.9012
1261.9100 0.8585 0.9012
1261.9200 0.8830 0.9013
1261.9300 0.9210 0.9013
1261.9400 0.8579 0.9014
1261.9500 0.8050 0.9014
1261.9600 0.9085 0.9014
1261.9700 0.8910 0.9015
1261.9800 0.8989 0.9015
1261.9900 0.8437 0.9016
1262.0000 0.8925 0.9016
1262.0100 0.8420 0.9016
1262.0200 0.8633 0.9017
1262.0300 0.8973 0.9017
1262.0400 0.8723 0.9017
1262.0500 0.8445 0.9018
1262.0600 0.8942 0.9018
1262.0700 0.9166 0.9019
1262.0800 0.8998 0.9019
1262.0900 0.8538 0.9019
1262.1000 0.8876 0.9020
1262.1100 0.8724 0.9020
1262.1200 0.8202 0.9020
1262.1300 0.8634 0.9021
1262.1400 0.8317 0.9021
1262.1500 0.8157 0.9022
1262.1600 0.8172 0.9022
1262.1700 0.9002 0.9022
1262.1800 0.8742 0.9023
1262.1900 0.8776 0.9023
1262.2000 0.9743 0.9023
1262.2100 0.9405 0.9024
1262.2200 0.9309 0.9024
1262.2300 0.8717 0.9025
1262.2400 0.8596 0.9025
1262.2500 0.8661 0.9025
1262.2600 0.8518 0.9026
1262.2700 0.8583 0.9026
1262.2800 0.8609 0.9026
1262.2900 0.8925 0.9027
1262.3000 0.8734 0.9027
1262.3100 0.8861 0.9028
1262.3200 0.8771 0.9028
1262.3300 0.8773 0.9028
1262.3400 0.9192 0.9029
1262.3500 0.8870 0.9029
1262.3600 0.8642 0.9029
1262.3700 0.8990 0.9030
1262.3800 0.8868 0.9030
1262.3900 0.8517 0.9031
1262.4000 0.8687 0.9031
1262.4100 0.8787 0.9031
1262.4200 0.8716 0.9032
1262.4300 0.8511 0.9032
1262.4400 0.8249 0.9032
1262.4500 0.8535 0.9033
1262.4600 0.8938 0.9033
1262.4700 0.9160 0.9034
1262.4800 0.8933 0.9034
1262.4900 0.8709 0.9034
1262.5000 0.8626 0.9035
1262.5100 0.8881 0.9035
1262.5200 0.8778 0.9035
1262.5300 0.8654 0.9036
1262.5400 0.8855 0.9036
1262.5500 0.8511 0.9036
1262.5600 0.8701 0.9037
1262.5700 0.8924 0.9037
1262.5800 0.9050 0.9038
1262.5900 0.8871 0.9038
1262.6000 0.9016 0.9038
1262.6100 0.9396 0.9039
1262.6200 0.9386 0.9039
1262.6300 0.9352 0.9039
1262.6400 0.9209 0.9040
1262.6500 0.9131 0.9040
1262.6600 0.9004 0.9041
1262.6700 0.9128 0.9041
1262.6800 0.8823 0.9041
1262.6900 0.8329 0.9042
1262.7000 0.8116 0.9042
1262.7100 0.8560 0.9042
1262.7200 0.8747 0.9043
1262.7300 0.8537 0.9043
1262.7400 0.8484 0.9043
1262.7500 0.8490 0.9044
1262.7600 0.8475 0.9044
1262.7700 0.8589 0.9044
1262.7800 0.8451 0.9045
1262.7900 0.8396 0.9045
1262.8000 0.8734 0.9046
1262.8100 0.8550 0.9046
1262.8200 0.8866 0.9046
1262.8300 0.9001 0.9047
1262.8400 0.8507 0.9047
1262.8500 0.8695 0.9047
1262.8600 0.9184 0.9048
1262.8700 0.9227 0.9048
1262.8800 0.9094 0.9048
1262.8900 0.9027 0.9049
1262.9000 0.9089 0.9049
1262.9100 0.9242 0.9050
1262.9200 0.8995 0.9050
1262.9300 0.8752 0.9050
1262.9400 0.9059 0.9051
1262.9500 0.8944 0.9051
1262.9600 0.8721 0.9051
1262.9700 0.8777 0.9052
1262.9800 0.8693 0.9052
1262.9900 0.8403 0.9052
1263.0000 0.8095 0.9053
1263.0100 0.8415 0.9053
1263.0200 0.8866 0.9053
1263.0300 0.8817 0.9054
1263.0400 0.8931 0.9054
1263.0500 0.9030 0.9054
1263.0600 0.9294 0.9055
1263.0700 0.9040 0.9055
1263.0800 0.8442 0.9056
1263.0900 0.8890 0.9056
1263.1000 0.8920 0.9056
1263.1100 0.8745 0.9057
1263.1200 0.8943 0.9057
1263.1300 0.8832 0.9057
1263.1400 0.8624 0.9058
1263.1500 0.8391 0.9058
1263.1600 0.8395 0.9058
1263.1700 0.8277 0.9059
1263.1800 0.8743 0.9059
1263.1900 0.9032 0.9059
1263.2000 0.8618 0.9060
1263.2100 0.8638 0.9060
1263.2200 0.9169 0.9060
1263.2300 0.8766 0.9061
1263.2400 0.8763 0.9061
1263.2500 0.8679 0.9061
1263.2600 0.8861 0.9062
1263.2700 0.9451 0.9062
1263.2800 0.9565 0.9062
1263.2900 0.9271 0.9063
1263.3000 0.8950 0.9063
1263.3100 0.9229 0.9063
1263.3200 0.8908 0.9064
1263.3300 0.8942 0.9064
1263.3400 0.8862 0.9064
1263.3500 0.8811 0.9065
1263.3600 0.8934 0.9065
1263.3700 0.8594 0.9065
1263.3800 0.8151 0.9066
1263.3900 0.8677 0.9066
1263.4000 0.8552 0.9066
1263.4100 0.8201 0.9067
1263.4200 0.8554 0.9067
1263.4300 0.8304 0.9067
1263.4400 0.8939 0.9068
1263.4500 0.9061 0.9068
1263.4600 0.9314 0.9068
1263.4700 0.9321 0.9069
1263.4800 1.0155 0.9069
1263.4900 0.9403 0.9069
1263.5000 0.8969 0.9070
1263.5100 0.8548 0.9070
1263.5200 0.8326 0.9070
1263.5300 0.8596 0.9071
1263.5400 0.9210 0.9071
1263.5500 0.8589 0.9071
1263.5600 0.9271 0.9072
1263.5700 0.9529 0.9072
1263.5800 0.9678 0.9072
1263.5900 0.9712 0.9073
1263.6000 0.9058 0.9073
1263.6100 0.9205 0.9073
1263.6200 0.8300 0.9073
1263.6300 0.8634 0.9074
1263.6400 0.9230 0.9074
1263.6500 0.7996 0.9074
1263.6600 0.9074 0.9075
1263.6700 0.8660 0.9075
1263.6800 0.8811 0.9075
1263.6900 0.8582 0.9076
1263.7000 0.8848 0.9076
1263.7100 0.8464 0.9076
1263.7200 0.9200 0.9076
1263.7300 0.9001 0.9077
1263.7400 0.9527 0.9077
1263.7500 0.8630 0.9077
1263.7600 0.8598 0.9077
1263.7700 0.9015 0.9078
1263.7800 0.8428 0.9078
1263.7900 0.8059 0.9078
1263.8000 0.8209 0.9078
1263.8100 0.9085 0.9079
1263.8200 0.9025 0.9079
1263.8300 0.9065 0.9079
1263.8400 0.9292 0.9079
1263.8500 0.9072 0.9079
1263.8600 0.8502 0.9080
1263.8700 0.9123 0.9080
1263.8800 0.8670 0.9080
1263.8900 0.9116 0.9080
1263.9000 0.8951 0.9080
1263.9100 0.8402 0.9080
1263.9200 0.8528 0.9080
1263.9300 0.8953 0.9080
1263.9400 0.8416 0.9080
1263.9500 0.8978 0.9080
1263.9600 0.8406 0.9080
1263.9700 0.8386 0.9079
1263.9800 0.9318 0.9078
1263.9900 0.7751 0.9076
1264.0000 0.8543 0.9072
1264.0100 0.8527 0.9065
1264.0200 0.8181 0.9055
1264.0300 0.8854 0.9039
1264.0400 0.8303 0.9018
1264.0500 0.7941 0.8991
1264.0600 0.8081 0.8958
1264.0700 0.7998 0.8918
1264.0800 0.8492 0.8872
1264.0900 0.7976 0.8819
1264.1000 0.8581 0.8757
1264.1100 0.8004 0.8687
1264.1200 0.8678 0.8609
1264.1300 0.8350 0.8524
1264.1400 0.8075 0.8431
1264.1500 0.8504 0.8330
1264.1600 0.7132 0.8221
1264.1700 0.8152 0.8102
1264.1800 0.8814 0.7976
1264.1900 0.8175 0.7845
1264.2000 0.7919 0.7711
1264.2100 0.7735 0.7579
1264.2200 0.7863 0.7454
1264.2300 0.7148 0.7342
1264.2400 0.7665 0.7248
1264.2500 0.7897 0.7175
1264.2600 0.7432 0.7122
1264.2700 0.7766 0.7087
1264.2800 0.7174 0.7068
1264.2900 0.7121 0.7062
1264.3000 0.7377 0.7069
1264.3100 0.7231 0.7089
1264.3200 0.7413 0.7121
1264.3300 0.8212 0.7168
1264.3400 0.7656 0.7229
1264.3500 0.7769 0.7305
1264.3600 0.7487 0.7395
1264.3700 0.7325 0.7500
1264.3800 0.7769 0.7618
1264.3900 0.7996 0.7748
1264.4000 0.7321 0.7886
1264.4100 0.7902 0.8026
1264.4200 0.7926 0.8161
1264.4300 0.8037 0.8286
1264.4400 0.8247 0.8394
1264.4500 0.8141 0.8482
1264.4600 0.8280 0.8551
1264.4700 0.8549 0.8604
1264.4800 0.8212 0.8641
1264.4900 0.8012 0.8665
1264.5000 0.8202 0.8673
1264.5100 0.8072 0.8663
1264.5200 0.7906 0.8634
1264.5300 0.7842 0.8585
1264.5400 0.7912 0.8518
1264.5500 0.8138 0.8436
1264.5600 0.7458 0.8344
1264.5700 0.7701 0.8245
1264.5800 0.7590 0.8143
1264.5900 0.7562 0.8042
1264.6000 0.7609 0.7944
1264.6100 0.7322 0.7850
1264.6200 0.7043 0.7762
1264.6300 0.7029 0.7679
1264.6400 0.7753 0.7600
1264.6500 0.7441 0.7524
1264.6600 0.6977 0.7449
1264.6700 0.7372 0.7375
1264.6800 0.7811 0.7304
1264.6900 0.6978 0.7239
1264.7000 0.7252 0.7182
1264.7100 0.7406 0.7136
1264.7200 0.7726 0.7104
1264.7300 0.7730 0.7087
1264.7400 0.8277 0.7084
1264.7500 0.7790 0.7097
1264.7600 0.7174 0.7124
1264.7700 0.7065 0.7165
1264.7800 0.7108 0.7218
1264.7900 0.7617 0.7284
1264.8000 0.7254 0.7361
1264.8100 0.7199 0.7448
1264.8200 0.7459 0.7542
1264.8300 0.7310 0.7641
1264.8400 0.7379 0.7745
1264.8500 0.7402 0.7852
1264.8600 0.7535 0.7959
1264.8700 0.7534 0.8065
1264.8800 0.7580 0.8168
1264.8900 0.7770 0.8269
1264.9000 0.7642 0.8367
1264.9100 0.8164 0.8462
1264.9200 0.8148 0.8552
1264.9300 0.8058 0.8634
1264.9400 0.7883 0.8706
1264.9500 0.8327 0.8763
1264.9600 0.8154 0.8801
1264.9700 0.7965 0.8820
1264.9800 0.7946 0.8819
1264.9900 0.8282 0.8800
1265.0000 0.8158 0.8765
1265.0100 0.7991 0.8715
1265.0200 0.8112 0.8650
1265.0300 0.7900 0.8567
1265.0400 0.7639 0.8466
1265.0500 0.8069 0.8347
1265.0600 0.7937 0.8214
1265.0700 0.8033 0.8071
1265.0800 0.8069 0.7925
1265.0900 0.7891 0.7782
1265.1000 0.7948 0.7646
1265.1100 0.7853 0.7521
1265.1200 0.7534 0.7409
1265.1300 0.7543 0.7307
1265.1400 0.7843 0.7217
1265.1500 0.7596 0.7139
1265.1600 0.7582 0.7072
1265.1700 0.7593 0.7020
1265.1800 0.7337 0.6983
1265.1900 0.6929 0.6963
1265.2000 0.7135 0.6960
1265.2100 0.7321 0.6972
1265.2200 0.7171 0.7002
1265.2300 0.7375 0.7050
1265.2400 0.7620 0.7119
1265.2500 0.7298 0.7207
1265.2600 0.7154 0.7313
1265.2700 0.7379 0.7432
1265.2800 0.7537 0.7559
1265.2900 0.7509 0.7687
1265.3000 0.7836 0.7814
1265.3100 0.7845 0.7934
1265.3200 0.7894 0.8044
1265.3300 0.8234 0.8142
1265.3400 0.8442 0.8228
1265.3500 0.8190 0.8303
1265.3600 0.8145 0.8368
1265.3700 0.8236 0.8425
1265.3800 0.7848 0.8476
1265.3900 0.7972 0.8524
1265.4000 0.8483 0.8571
1265.4100 0.8757 0.8619
1265.4200 0.8635 0.8668
1265.4300 0.8263 0.8719
1265.4400 0.8409 0.8768
1265.4500 0.8589 0.8815
1265.4600 0.8564 0.8854
1265.4700 0.8329 0.8886
1265.4800 0.8543 0.8910
1265.4900 0.8230 0.8927
1265.5000 0.8197 0.8939
1265.5100 0.8827 0.8948
1265.5200 0.8449 0.8955
1265.5300 0.8340 0.8962
1265.5400 0.8751 0.8967
1265.5500 0.8972 0.8971
1265.5600 0.8895 0.8973
1265.5700 0.8698 0.8972
1265.5800 0.8471 0.8970
1265.5900 0.8573 0.8968
1265.6000 0.8695 0.8968
1265.6100 0.8578 0.8971
1265.6200 0.8278 0.8977
1265.6300 0.8033 0.8985
1265.6400 0.8614 0.8993
1265.6500 0.8721 0.9001
1265.6600 0.8474 0.9007
1265.6700 0.8690 0.9014
1265.6800 0.8658 0.9019
1265.6900 0.8457 0.9025
1265.7000 0.8592 0.9030
1265.7100 0.8590 0.9035
1265.7200 0.8548 0.9040
1265.7300 0.8774 0.9046
1265.7400 0.8949 0.9053
1265.7500 0.8854 0.9064
1265.7600 0.8922 0.9077
1265.7700 0.9306 0.9091
1265.7800 0.9200 0.9105
1265.7900 0.9079 0.9118
1265.8000 0.9017 0.9128
1265.8100 0.9316 0.9135
1265.8200 0.9051 0.9140
1265.8300 0.8948 0.9143
1265.8400 0.9343 0.9144
1265.8500 0.9095 0.9145
1265.8600 0.9080 0.9146
1265.8700 0.9032 0.9147
1265.8800 0.8806 0.9147
1265.8900 0.8930 0.9148
1265.9000 0.9270 0.9148
1265.9100 0.9135 0.9148
1265.9200 0.9488 0.9149
1265.9300 0.9361 0.9149
1265.9400 0.8770 0.9150
1265.9500 0.8542 0.9150
1265.9600 0.8914 0.9150
1265.9700 0.9112 0.9151
1265.9800 0.9042 0.9151
1265.9900 0.9131 0.9151
1266.0000 0.9233 0.9152
1266.0100 0.9120 0.9152
1266.0200 0.9101 0.9152
1266.0300 0.9205 0.9153
1266.0400 0.9434 0.9153
1266.0500 0.9081 0.9153
1266.0600 0.9435 0.9154
1266.0700 0.9387 0.9154
1266.0800 0.8529 0.9154
1266.0900 0.9153 0.9155
1266.1000 0.8812 0.9155
1266.1100 0.9018 0.9155
1266.1200 0.8846 0.9156
1266.1300 0.9036 0.9156
1266.1400 0.9364 0.9156
1266.1500 0.9913 0.9157
1266.1600 0.9400 0.9157
1266.1700 0.9594 0.9157
1266.1800 0.9593 0.9158
1266.1900 0.9403 0.9158
1266.2000 1.0097 0.9158
1266.2100 0.9752 0.9159
1266.2200 0.9266 0.9159
1266.2300 0.8911 0.9159
1266.2400 0.9101 0.9160
1266.2500 0.8890 0.9160
1266.2600 0.8397 0.9160
1266.2700 0.9136 0.9161
1266.2800 0.9551 0.9161
1266.2900 0.9064 0.9161
1266.3000 0.8656 0.9162
1266.3100 0.8554 0.9162
1266.3200 0.8892 0.9162
1266.3300 0.9391 0.9163
1266.3400 0.9194 0.9163
1266.3500 0.8922 0.9163
1266.3600 0.9144 0.9163
1266.3700 0.8933 0.9164
1266.3800 0.8858 0.9164
1266.3900 0.8535 0.9164
1266.4000 0.8618 0.9165
1266.4100 0.9002 0.9165
1266.4200 0.8935 0.9165
1266.4300 0.8914 0.9166
1266.4400 0.9448 0.9166
1266.4500 0.9557 0.9166
1266.4600 0.9588 0.9167
1266.4700 0.9354 0.9167
1266.4800 0.9625 0.9167
1266.4900 1.0159 0.9167
1266.5000 0.9315 0.9168
1266.5100 0.9374 0.9168
1266.5200 0.8950 0.9168
1266.5300 0.9034 0.9169
1266.5400 0.8899 0.9169
1266.5500 0.8883 0.9169
1266.5600 0.9047 0.9170
1266.5700 0.9337 0.9170
1266.5800 0.9598 0.9170
1266.5900 0.9952 0.9171
1266.6000 0.9075 0.9171
1266.6100 0.9588 0.9171
1266.6200 0.9042 0.9171
1266.6300 0.9282 0.9172
1266.6400 0.9414 0.9172
1266.6500 0.9620 0.9172
1266.6600 0.8874 0.9173
1266.6700 0.9320 0.9173
1266.6800 0.8970 0.9173
1266.6900 0.8620 0.9174
1266.7000 0.9085 0.9174
1266.7100 0.8841 0.9174
1266.7200 0.9153 0.9175
1266.7300 0.9486 0.9175
1266.7400 0.9378 0.9175
1266.7500 0.9360 0.9175
1266.7600 0.9523 0.9176
1266.7700 1.0196 0.9176
1266.7800 0.9306 0.9176
1266.7900 0.9283 0.9177
1266.8000 0.9012 0.9177
1266.8100 0.9842 0.9177
1266.8200 0.9957 0.9178
1266.8300 0.9197 0.9178
1266.8400 0.9475 0.9178
1266.8500 0.9085 0.9178
1266.8600 0.8867 0.9179
1266.8700 0.9111 0.9179
1266.8800 0.9423 0.9179
1266.8900 0.9535 0.9180
1266.9000 0.8921 0.9180
1266.9100 0.8921 0.9180
1266.9200 0.9486 0.9180
1266.9300 0.9199 0.9181
1266.9400 0.9204 0.9181
1266.9500 0.9307 0.9181
1266.9600 0.9322 0.9182
1266.9700 0.8896 0.9182
1266.9800 0.9038 0.9182
1266.9900 0.8509 0.9183
1267.0000 0.9146 0.9183
1267.0100 0.9402 0.9183
1267.0200 0.9161 0.9183
1267.0300 0.9535 0.9184
1267.0400 0.9263 0.9184
1267.0500 0.9274 0.9184
1267.0600 0.9158 0.9185
1267.0700 0.9455 0.9185
1267.0800 0.9241 0.9185
1267.0900 0.9758 0.9186
1267.1000 0.9869 0.9186
1267.1100 0.9589 0.9186
1267.1200 0.9660 0.9186
1267.1300 0.9423 0.9187
1267.1400 0.9565 0.9187
1267.1500 0.9708 0.9187
1267.1600 0.8962 0.9188
1267.1700 0.8838 0.9188
1267.1800 0.9559 0.9188
1267.1900 0.9245 0.9188
1267.2000 0.9477 0.9189
1267.2100 0.9532 0.9189
1267.2200 0.8977 0.9189
1267.2300 0.8970 0.9190
1267.2400 0.9034 0.9190
1267.2500 0.8641 0.9190
1267.2600 0.9204 0.9190
1267.2700 0.9301 0.9191
1267.2800 0.9415 0.9191
1267.2900 0.8954 0.9191
1267.3000 0.9132 0.9192
1267.3100 0.8989 0.9192
1267.3200 0.8930 0.9192
1267.3300 0.8919 0.9192
1267.3400 0.9267 0.9193
1267.3500 0.9227 0.9193
1267.3600 0.9037 0.9193
1267.3700 0.8905 0.9194
1267.3800 0.9554 0.9194
1267.3900 0.9598 0.9194
1267.4000 0.9700 0.9195
1267.4100 0.8851 0.9195
1267.4200 0.9121 0.9195
1267.4300 0.9120 0.9195
1267.4400 0.8675 0.9196
1267.4500 0.8920 0.9196
1267.4600 0.8947 0.9196
1267.4700 0.9262 0.9197
1267.4800 0.8943 0.9197
1267.4900 0.8685 0.9197
1267.5000 0.9202 0.9197
1267.5100 0.8925 0.9198
1267.5200 0.9610 0.9198
1267.5300 0.9377 0.9198
1267.5400 0.9476 0.9199
1267.5500 0.8797 0.9199
1267.5600 0.9232 0.9199
1267.5700 0.9299 0.9199
1267.5800 0.9389 0.9200
1267.5900 0.9390 0.9200
1267.6000 0.9167 0.9200
1267.6100 0.9167 0.9201
1267.6200 0.9137 0.9201
1267.6300 0.9060 0.9201
1267.6400 0.9151 0.9201
1267.6500 0.9042 0.9202
1267.6600 0.9212 0.9202
1267.6700 0.9168 0.9202
1267.6800 0.9047 0.9203
1267.6900 0.8618 0.9203
1267.7000 0.8962 0.9203
1267.7100 0.9414 0.9203
1267.7200 0.8994 0.9204
1267.7300 0.8935 0.9204
1267.7400 0.8888 0.9204
1267.7500 0.9377 0.9204
1267.7600 0.9324 0.9205
1267.7700 0.8986 0.9205
1267.7800 0.8935 0.9205
1267.7900 0.8745 0.9206
1267.8000 0.8700 0.9206
1267.8100 0.8916 0.9206
1267.8200 0.8080 0.9206
1267.8300 0.8065 0.9207
1267.8400 0.8199 0.9207
1267.8500 0.8339 0.9207
1267.8600 0.8394 0.9208
1267.8700 0.8422 0.9208
1267.8800 0.8754 0.9208
1267.8900 0.8865 0.9208
1267.9000 0.8468 0.9209
1267.9100 0.8562 0.9209
1267.9200 0.8721 0.9209
1267.9300 0.8691 0.9210
1267.9400 0.9226 0.9210
1267.9500 0.9627 0.9210
1267.9600 0.9012 0.9210
1267.9700 0.8941 0.9211
1267.9800 0.9243 0.9211
1267.9900 0.9006 0.9211
1268.0000 0.8459 0.9211
1268.0100 0.8450 0.9212
1268.0200 0.8425 0.9212
1268.0300 0.8581 0.9212
1268.0400 0.8761 0.9213
1268.0500 0.9091 0.9213
1268.0600 0.9616 0.9213
1268.0700 0.9049 0.9213
1268.0800 0.8588 0.9214
1268.0900 0.8792 0.9214
1268.1000 0.9023 0.9214
1268.1100 0.8972 0.9215
1268.1200 0.8669 0.9215
1268.1300 0.8292 0.9215
1268.1400 0.8420 0.9215
1268.1500 0.8504 0.9216
1268.1600 0.8358 0.9216
1268.1700 0.8370 0.9216
1268.1800 0.8583 0.9216
1268.1900 0.8433 0.9217
1268.2000 0.8096 0.9217
1268.2100 0.8456 0.9217
1268.2200 0.9031 0.9218
1268.2300 0.8920 0.9218
1268.2400 0.9247 0.9218
1268.2500 0.9111 0.9218
1268.2600 0.8745 0.9219
1268.2700 0.9027 0.9219
1268.2800 0.9013 0.9219
1268.2900 0.8903 0.9219
1268.3000 0.9234 0.9220
1268.3100 0.9024 0.9220
1268.3200 0.9070 0.9220
1268.3300 0.9360 0.9221
1268.3400 0.9435 0.9221
1268.3500 0.9431 0.9221
1268.3600 0.9019 0.9221
1268.3700 0.9067 0.9222
1268.3800 0.9453 0.9222
1268.3900 0.9729 0.9222
1268.4000 0.9395 0.9222
1268.4100 0.9585 0.9223
1268.4200 0.9592 0.9223
1268.4300 0.9514 0.9223
1268.4400 0.9335 0.9224
1268.4500 0.9486 0.9224
1268.4600 0.9800 0.9224
1268.4700 0.9913 0.9224
1268.4800 0.9311 0.9225
1268.4900 0.9286 0.9225
1268.5000 0.9125 0.9225
1268.5100 0.9202 0.9225
1268.5200 0.9443 0.9226
1268.5300 0.8956 0.9226
1268.5400 0.8991 0.9226
1268.5500 0.9792 0.9227
1268.5600 0.9479 0.9227
1268.5700 0.8898 0.9227
1268.5800 0.8914 0.9227
1268.5900 0.9093 0.9228
1268.6000 0.9049 0.9228
1268.6100 0.8614 0.9228
1268.6200 0.8773 0.9228
1268.6300 0.9226 0.9229
1268.6400 0.8802 0.9229
1268.6500 0.9247 0.9229
1268.6600 0.8827 0.9230
1268.6700 0.8868 0.9230
1268.6800 0.8680 0.9230
1268.6900 0.8346 0.9230
1268.7000 0.8803 0.9231
1268.7100 0.9038 0.9231
1268.7200 0.9387 0.9231
1268.7300 0.9033 0.9231
1268.7400 0.8538 0.9232
1268.7500 0.8914 0.9232
1268.7600 0.9651 0.9232
1268.7700 0.9717 0.9232
1268.7800 0.9841 0.9233
1268.7900 0.9995 0.9233
1268.8000 0.9444 0.9233
1268.8100 0.9139 0.9234
1268.8200 0.9492 0.9234
1268.8300 0.9848 0.9234
1268.8400 1.0198 0.9234
1268.8500 0.9644 0.9235
1268.8600 0.9415 0.9235
1268.8700 0.9192 0.9235
1268.8800 0.9588 0.9235
1268.8900 0.9982 0.9236
1268.9000 0.9717 0.9236
1268.9100 0.9444 0.9236
1268.9200 0.9848 0.9236
1268.9300 0.9976 0.9237
1268.9400 0.9515 0.9237
1268.9500 0.8674 0.9237
1268.9600 0.9695 0.9237
1268.9700 0.9311 0.9238
1268.9800 0.9189 0.9238
1268.9900 0.9965 0.9238
1269.0000 0.9347 0.9239
1269.0100 0.9320 0.9239
1269.0200 0.9763 0.9239
1269.0300 0.9633 0.9239
1269.0400 0.9629 0.9240
1269.0500 0.9350 0.9240
1269.0600 0.8858 0.9240
1269.0700 0.8887 0.9240
1269.0800 0.8735 0.9241
1269.0900 0.9022 0.9241
1269.1000 0.8943 0.9241
1269.1100 0.9063 0.9241
1269.1200 0.8680 0.9242
1269.1300 0.8727 0.9242
1269.1400 0.9022 0.9242
1269.1500 0.8914 0.9242
1269.1600 0.8782 0.9243
1269.1700 0.8749 0.9243
1269.1800 0.8515 0.9243
1269.1900 0.9161 0.9244
1269.2000 0.8806 0.9244
1269.2100 0.8728 0.9244
1269.2200 0.9373 0.9244
1269.2300 0.9154 0.9245
1269.2400 0.9185 0.9245
1269.2500 0.9540 0.9245
1269.2600 0.9394 0.9245
1269.2700 0.9203 0.9246
1269.2800 0.9007 0.9246
1269.2900 0.9122 0.9246
1269.3000 0.9102 0.9246
1269.3100 0.9380 0.9247
1269.3200 0.9666 0.9247
1269.3300 0.9510 0.9247
1269.3400 0.9662 0.9247
1269.3500 0.9403 0.9248
1269.3600 0.9417 0.9248
1269.3700 0.9748 0.9248
1269.3800 0.9651 0.9248
1269.3900 0.9584 0.9249
1269.4000 0.9552 0.9249
1269.4100 1.0153 0.9249
1269.4200 0.9839 0.9250
1269.4300 0.8853 0.9250
1269.4400 0.9624 0.9250
1269.4500 0.8363 0.9250
1269.4600 0.9133 0.9251
1269.4700 0.9312 0.9251
1269.4800 0.9534 0.9251
1269.4900 0.9278 0.9251
1269.5000 0.8986 0.9252
1269.5100 0.9115 0.9252
1269.5200 0.8729 0.9252
1269.5300 0.9247 0.9252
1269.5400 0.8771 0.9253
1269.5500 0.9227 0.9253
1269.5600 0.9177 0.9253
1269.5700 0.9976 0.9253
1269.5800 0.8796 0.9254
1269.5900 0.8914 0.9254
1269.6000 0.8584 0.9254
1269.6100 0.8668 0.9254
1269.6200 0.8626 0.9255
1269.6300 0.8925 0.9255
1269.6400 0.9366 0.9255
1269.6500 0.9120 0.9255
1269.6600 0.9660 0.9256
1269.6700 0.8874 0.9256
1269.6800 0.9296 0.9256
1269.6900 0.8774 0.9256
1269.7000 0.9093 0.9257
1269.7100 0.9372 0.9257
1269.7200 0.9273 0.9257
1269.7300 0.9849 0.9257
1269.7400 0.9841 0.9258
1269.7500 0.8871 0.9258
1269.7600 0.9244 0.9258
1269.7700 0.9041 0.9258
1269.7800 0.9090 0.9259
1269.7900 0.9437 0.9259
1269.8000 0.9043 0.9259
1269.8100 0.9448 0.9259
1269.8200 0.9006 0.9260
1269.8300 0.9312 0.9260
1269.8400 1.0085 0.9260
1269.8500 0.9148 0.9260
1269.8600 0.8997 0.9261
1269.8700 0.9195 0.9261
1269.8800 0.8791 0.9261
1269.8900 0.9064 0.9261
1269.9000 0.9006 0.9262
1269.9100 0.9126 0.9262
1269.9200 0.9198 0.9262
1269.9300 0.8981 0.9263
1269.9400 0.8591 0.9263
1269.9500 0.9715 0.9263
1269.9600 0.9015 0.9263
1269.9700 0.9317 0.9264
1269.9800 0.9171 0.9264
1269.9900 0.9060 0.9264
1270.0000 0.9322 0.9264
1270.0100 0.9761 0.9265
1270.0200 0.9530 0.9265
1270.0300 0.9646 0.9265
1270.0400 1.0036 0.9265
1270.0500 1.0071 0.9266
1270.0600 0.9401 0.9266
1270.0700 0.9621 0.9266
1270.0800 0.9946 0.9266
1270.0900 0.9645 0.9267
1270.1000 0.8870 0.9267
1270.1100 0.9127 0.9267
1270.1200 0.9302 0.9267
1270.1300 0.9061 0.9268
1270.1400 0.9079 0.9268
1270.1500 0.9069 0.9268
1270.1600 0.8666 0.9268
1270.1700 0.9275 0.9269
1270.1800 0.9114 0.9269
1270.1900 0.9239 0.9269
1270.2000 0.9311 0.9269
1270.2100 0.8895 0.9269
1270.2200 0.8910 0.9270
1270.2300 0.8961 0.9270
1270.2400 0.8996 0.9270
1270.2500 0.8959 0.9270
1270.2600 0.9766 0.9271
1270.2700 0.9923 0.9271
1270.2800 0.9027 0.9271
1270.2900 0.9931 0.9271
1270.3000 0.9700 0.9272
1270.3100 0.9111 0.9272
1270.3200 0.9472 0.9272
1270.3300 0.9809 0.9272
1270.3400 1.0192 0.9273
1270.3500 0.9909 0.9273
1270.3600 1.0107 0.9273
1270.3700 1.0695 0.9273
1270.3800 0.9269 0.9274
1270.3900 0.9098 0.9274
1270.4000 1.0207 0.9274
1270.4100 1.0880 0.9274
1270.4200 0.9839 0.9275
1270.4300 0.9562 0.9275
1270.4400 0.9494 0.9275
1270.4500 0.9979 0.9275
1270.4600 0.9620 0.9276
1270.4700 0.9531 0.9276
1270.4800 0.9612 0.9276
1270.4900 0.9082 0.9276
1270.5000 0.9522 0.9277
1270.5100 0.9427 0.9277
1270.5200 0.9259 0.9277
1270.5300 0.9132 0.9277
1270.5400 0.9461 0.9278
1270.5500 1.0278 0.9278
1270.5600 0.9805 0.9278
1270.5700 0.8862 0.9278
1270.5800 0.9359 0.9279
1270.5900 0.9816 0.9279
1270.6000 0.9792 0.9279
1270.6100 0.9434 0.9279
1270.6200 0.8963 0.9280
1270.6300 0.9140 0.9280
1270.6400 0.9813 0.9280
1270.6500 0.9552 0.9280
1270.6600 0.9450 0.9281
1270.6700 0.8996 0.9281
1270.6800 0.8758 0.9281
1270.6900 0.9335 0.9281
1270.7000 0.8936 0.9282
1270.7100 0.8846 0.9282
1270.7200 0.9196 0.9282
1270.7300 0.9786 0.9282
1270.7400 0.9866 0.9282
1270.7500 0.9675 0.9283
1270.7600 0.9699 0.9283
1270.7700 0.9922 0.9283
1270.7800 1.0118 0.9283
1270.7900 0.9834 0.9284
