900.0   2.74185326823e-15
900.1   2.74260048655e-15
900.2   2.7433477396e-15
900.3   2.74481211098e-15
900.4   2.74555943359e-15
900.5   2.74702387458e-15
900.6   2.74848835042e-15
900.7   2.74923577759e-15
900.8   2.75070032323e-15
900.9   2.75144782024e-15
901.0   2.75291243579e-15
901.1   2.75366000276e-15
901.2   2.75512468835e-15
901.3   2.75587232541e-15
901.4   2.75733708113e-15
901.5   2.75808478841e-15
901.6   2.75954961439e-15
901.7   2.76029739198e-15
901.8   2.76176228834e-15
901.9   2.76251013638e-15
902.0   2.76397510324e-15
902.1   2.76472302184e-15
902.2   2.76618805932e-15
902.3   2.76693604859e-15
902.4   2.7684011568e-15
902.5   2.76914921687e-15
902.6   2.77061439594e-15
902.7   2.77136252692e-15
902.8   2.77282777698e-15
902.9   2.77357597898e-15
903.0   2.77504130013e-15
903.1   2.77650665686e-15
903.2   2.77725496564e-15
903.3   2.77872039364e-15
903.4   2.77946877376e-15
903.5   2.78093427314e-15
903.6   2.78168272471e-15
903.7   2.7831482956e-15
903.8   2.78389681874e-15
903.9   2.78536246127e-15
904.0   2.78682813965e-15
904.1   2.78757677036e-15
904.2   2.78904252055e-15
904.3   2.78979122313e-15
904.4   2.79125704524e-15
904.5   2.79200581981e-15
904.6   2.79347171397e-15
904.7   2.7949376442e-15
904.8   2.79568652696e-15
904.9   2.79715252942e-15
905.0   2.79790148447e-15
905.1   2.79936755927e-15
905.2   2.80083367029e-15
905.5   2.8045151374e-15
906.2   2.81191136124e-15
907.4   2.82592650096e-15
908.0   2.83257751895e-15
909.9   2.85472354206e-15
911.8   2.8840540004e-15
912.8   2.89443929114e-15
913.2   2.8995984025e-15
913.7   2.90551034974e-15
914.2   2.91429160231e-15
914.4   2.92081612711e-15
914.6   2.9280578917e-15
914.9   2.93892083209e-15
915.1   2.9504654898e-15
915.4   2.96778277102e-15
915.6   2.98578157408e-15
915.8   3.00880011986e-15
916.1   3.03687448274e-15
916.3   3.06921551033e-15
916.5   3.10585919796e-15
916.8   3.14755898137e-15
917.0   3.19352515301e-15
917.2   3.24379398556e-15
917.5   3.29768502698e-15
917.7   3.35369092791e-15
918.0   3.40973382099e-15
918.1   3.43558570136e-15
918.2   3.45713512056e-15
918.3   3.47366499503e-15
918.4   3.47943865628e-15
918.5   3.48019277289e-15
918.6   3.46588817493e-15
918.7   3.43867611314e-15
918.8   3.39210283547e-15
918.9   3.27525540866e-15
919.0   3.13187593035e-15
919.1   2.9633985677e-15
919.2   2.77054040431e-15
919.3   2.56405769372e-15
919.4   2.49382090146e-15
919.5   2.64444588848e-15
919.6   2.87753552637e-15
919.7   3.09269811579e-15
919.8   3.30068991026e-15
919.9   3.45346631083e-15
920.0   3.58974983016e-15
920.1   3.66077878571e-15
920.2   3.67515818032e-15
920.3   3.6357563483e-15
920.4   3.53898787183e-15
920.5   3.36764274534e-15
920.6   3.17406806926e-15
920.7   2.92814633381e-15
920.8   2.67003421876e-15
920.9   2.39614630632e-15
921.0   2.18464470531e-15
921.1   2.37040744158e-15
921.2   2.66229858695e-15
921.3   2.94917018856e-15
921.4   3.24392975065e-15
921.5   3.50355225921e-15
921.6   3.77751648043e-15
921.7   3.98622613837e-15
921.8   4.15836457578e-15
921.9   4.27959012132e-15
922.0   4.34129777222e-15
922.1   4.34922419707e-15
922.2   4.31627690009e-15
922.3   4.22309462501e-15
922.4   4.06178945262e-15
922.5   3.85459097353e-15
922.6   3.61727502626e-15
922.7   3.32904618737e-15
922.8   3.03866613949e-15
922.9   2.73322737841e-15
923.0   2.42563740838e-15
923.1   2.10442289236e-15
923.2   1.98829431833e-15
923.3   2.24935174241e-15
923.4   2.66960176023e-15
923.5   2.94786927371e-15
923.7   3.51731193074e-15
923.8   3.81422374289e-15
923.9   4.07958392014e-15
924.0   4.48477543503e-15
924.1   4.72288652091e-15
924.2   4.92586055415e-15
924.3   5.18620131492e-15
924.4   5.3289404129e-15
924.5   5.43439120764e-15
924.6   5.52550037331e-15
924.7   5.54490122457e-15
924.8   5.52916502338e-15
924.9   5.47972593691e-15
925.0   5.32917810988e-15
925.1   5.17647907459e-15
925.2   4.98864298698e-15
925.3   4.79578735689e-15
925.4   4.44445630102e-15
925.5   4.03934402018e-15
925.6   3.90313811957e-15
925.7   3.48798675401e-15
925.8   3.19617380464e-15
925.9   2.9036438144e-15
926.0   2.6103967833e-15
926.1   2.19381142143e-15
926.2   1.93498448711e-15
926.3   1.85399432022e-15
926.4   2.19536641716e-15
926.5   2.53673855699e-15
926.6   2.87739365617e-15
926.7   3.21733171473e-15
926.8   3.56515773551e-15
926.9   3.90151046224e-15
927.0   4.43075871155e-15
927.1   4.61150439036e-15
927.2   4.95646224913e-15
927.3   5.28062472762e-15
927.4   5.62629975628e-15
927.5   5.95691607326e-15
927.6   6.25526367296e-15
927.7   6.51775713759e-15
927.8   6.76519189063e-15
927.9   6.98394334432e-15
928.0   7.16827483018e-15
928.1   7.31675218109e-15
928.2   7.43869748347e-15
928.3   7.52478865096e-15
928.4   7.58219651928e-15
928.5   7.61092108846e-15
928.6   7.60379152287e-15
928.7   7.5679786582e-15
928.8   7.48914082314e-15
928.9   7.3744488534e-15
929.0   7.21673191335e-15
929.1   7.02172667155e-15
929.2   6.80377479937e-15
929.3   6.55140295978e-15
929.4   6.28540657626e-15
929.5   5.98714147609e-15
929.6   5.6695151635e-15
929.7   5.33754722351e-15
929.8   5.00486224392e-15
929.9   4.66715772336e-15
930.0   4.3215653276e-15
930.1   3.97525589233e-15
930.2   3.63253191901e-15
930.3   3.28980798981e-15
930.4   2.94206451981e-15
930.5   2.59073567617e-15
930.6   2.23295312467e-15
930.7   1.86154602964e-15
930.8   1.77840657287e-15
930.9   2.15635189402e-15
931.0   2.51852142105e-15
931.1   3.05350813214e-15
931.2   3.40277024379e-15
931.3   3.75490073418e-15
931.4   4.10057751697e-15
931.5   4.46776685129e-15
931.6   4.83710748087e-15
931.7   5.20071148652e-15
931.8   5.56574970392e-15
931.9   5.952300473e-15
932.0   6.33454878537e-15
932.1   6.70675797253e-15
932.3   7.45476189901e-15
932.5   8.20778558976e-15
932.6   8.57354124896e-15
932.7   8.92495528175e-15
932.8   9.25485685248e-15
932.9   9.57041679687e-15
933.0   9.86446427928e-15
933.1   1.01441701354e-14
933.2   1.04023635296e-14
933.3   1.0639044462e-14
933.4   1.08613837681e-14
933.5   1.10478689411e-14
933.6   1.12200124879e-14
933.7   1.13706435731e-14
933.8   1.14997621965e-14
933.9   1.16145391939e-14
934.0   1.17149745653e-14
934.1   1.17867266395e-14
934.2   1.18226245806e-14
934.3   1.18298392247e-14
934.4   1.18083705715e-14
934.5   1.17510477854e-14
934.6   1.1672212538e-14
934.7   1.15503523221e-14
934.8   1.14069796449e-14
934.9   1.12277528349e-14
935.0   1.10126718923e-14
935.1   1.07760784884e-14
935.2   1.05108017876e-14
935.3   1.02311834613e-14
935.4   9.92288183801e-15
935.5   9.61458026066e-15
935.7   8.99080640803e-15
935.9   8.31683688957e-15
936.1   7.61418421256e-15
936.3   6.91798547205e-15
936.5   6.208879412e-15
936.7   5.48686603268e-15
936.9   4.76198450429e-15
937.1   4.03997149565e-15
937.2   3.68004068632e-15
937.3   3.31939283989e-15
937.4   3.13873301529e-15
937.5   2.77521692763e-15
937.6   2.39807629878e-15
937.7   2.00229154378e-15
937.8   1.75637730094e-15
937.9   1.75713985182e-15
938.0   2.18671842249e-15
938.1   2.57327202588e-15
938.2   2.94835233897e-15
938.3   3.31482769606e-15
938.4   3.6770005986e-15
938.5   4.03845646445e-15
938.6   4.4042148786e-15
938.7   4.77786125894e-15
938.9   5.52873957842e-15
939.1   6.28822308889e-15
939.3   7.04412136998e-15
939.4   7.42924141696e-15
939.5   7.83085443319e-15
939.6   8.23246749667e-15
939.7   8.64842227877e-15
939.8   9.0643771082e-15
939.9   9.49467365631e-15
940.0   9.93214108748e-15
940.1   1.03696085661e-14
940.2   1.08357594348e-14
940.3   1.1344935365e-14
940.4   1.18612821785e-14
940.6   1.2915488455e-14
940.8   1.39983782648e-14
941.0   1.50525849226e-14
941.2   1.60781084289e-14
941.3   1.65729431645e-14
941.4   1.70677779481e-14
941.5   1.75411002725e-14
941.6   1.79427142881e-14
941.7   1.83299866804e-14
941.8   1.87100882849e-14
941.9   1.90758482662e-14
942.1   1.97715141947e-14
942.3   2.04098136304e-14
942.5   2.09979174092e-14
942.7   2.15429963672e-14
942.9   2.20307088331e-14
943.1   2.24467131359e-14
943.3   2.28053509473e-14
943.5   2.31066222676e-14
943.7   2.33361854256e-14
943.8   2.34294545707e-14
943.9   2.34940404218e-14
944.0   2.35514554859e-14
944.1   2.35515039134e-14
944.2   2.35372107186e-14
944.3   2.34942342298e-14
944.4   2.34225744473e-14
944.5   2.33294022067e-14
944.6   2.32075466724e-14
944.7   2.30570078443e-14
944.8   2.28777857226e-14
944.9   2.26340261291e-14
945.0   2.23400707349e-14
945.1   2.20317737185e-14
945.2   2.16732809014e-14
945.3   2.12861047911e-14
945.4   2.08702453872e-14
945.5   2.04257026899e-14
945.6   1.99596475351e-14
945.8   1.89701706878e-14
946.0   1.79018148459e-14
946.2   1.68262883663e-14
946.4   1.57866162632e-14
946.6   1.47541151943e-14
946.8   1.37574685024e-14
947.0   1.27823345167e-14
947.1   1.23019384343e-14
947.2   1.1835884073e-14
947.3   1.13770005972e-14
947.4   1.09252880072e-14
947.5   1.04950879741e-14
947.6   1.0086400498e-14
947.7   9.68488390759e-15
947.8   9.29053820295e-15
948.0   8.50901777972e-15
948.2   7.74183922853e-15
948.4   6.98398296472e-15
948.6   6.23401482143e-15
949.0   4.73479622337e-15
949.2   3.97478951564e-15
949.3   3.6112791597e-15
949.4   3.24992010509e-15
949.5   2.87206817912e-15
949.6   2.26761789667e-15
949.7   1.76857894932e-15
949.8   1.77149854964e-15
949.9   2.26705461133e-15
950.0   2.68301444792e-15
950.1   3.07459349411e-15
950.2   3.43964049924e-15
950.3   3.99256344987e-15
950.5   4.72767729998e-15
950.7   5.47569885852e-15
951.1   6.97245967295e-15
951.3   7.72908684863e-15
951.5   8.51081215452e-15
951.7   9.30687933737e-15
951.9   1.01316300688e-14
952.0   1.0561932601e-14
952.1   1.10065768562e-14
952.2   1.14799045056e-14
952.3   1.19747447136e-14
952.4   1.24839266447e-14
952.5   1.3007450299e-14
952.6   1.35596573476e-14
952.7   1.41262061193e-14
952.8   1.4692754943e-14
952.9   1.52808163254e-14
953.0   1.59190736095e-14
953.1   1.65788434524e-14
953.2   1.72672966902e-14
953.3   1.79772624868e-14
953.4   1.87015700069e-14
953.5   1.94975859357e-14
953.6   2.03437977664e-14
953.8   2.2997113564e-14
954.0   2.48544668111e-14
954.2   2.67835286239e-14
954.4   2.87341031533e-14
954.6   3.07061903995e-14
954.8   3.25205194709e-14
955.0   3.41699195322e-14
955.2   3.57906364613e-14
955.4   3.73611577517e-14
955.6   3.88456292253e-14
955.8   4.02153675395e-14
956.0   4.15349102157e-14
956.4   4.40592628337e-14
956.8   4.63756620677e-14
957.2   4.85056204267e-14
957.6   5.04419670777e-14
957.9   5.21989881442e-14
958.3   5.37552820061e-14
958.7   5.51036224948e-14
959.1   5.62368387769e-14
959.5   5.71549308547e-14
959.9   5.78292153878e-14
960.3   5.82668632142e-14
960.7   5.84607035004e-14
961.1   5.83892237419e-14
961.5   5.80667656122e-14
961.9   5.74861582782e-14
962.2   5.6640173014e-14
962.4   5.61383303566e-14
962.6   5.55360962209e-14
962.8   5.4905178964e-14
963.0   5.41738702295e-14
963.4   5.25534950424e-14
963.8   5.06964831689e-14
964.2   4.86171762825e-14
964.6   4.63370868927e-14
965.0   4.389206918e-14
965.4   4.12892939825e-14
965.8   3.85861279881e-14
966.1   3.58111944671e-14
966.5   3.30076383577e-14
966.9   3.02112539928e-14
967.3   2.74507247174e-14
967.5   2.60955583468e-14
967.7   2.47690755476e-14
967.9   2.347127632e-14
968.1   2.22093315001e-14
968.3   2.09760702523e-14
968.5   1.97858342483e-14
968.7   1.86314526528e-14
968.9   1.75129254661e-14
969.1   1.64445943597e-14
969.3   1.54192884984e-14
969.5   1.44298370467e-14
969.7   1.34834108406e-14
969.9   1.25728390448e-14
970.1   1.17052924951e-14
970.3   1.08664295206e-14
970.4   1.00633584122e-14
970.6   9.28903330798e-15
970.8   8.52905010829e-15
971.0   7.7905796491e-15
971.2   7.06143151007e-15
971.4   6.32941527088e-15
971.6   5.59739926607e-15
971.7   5.22601322489e-15
971.8   4.85606140956e-15
971.9   4.47965590087e-15
972.0   4.28969217839e-15
972.1   3.91400387086e-15
972.2   3.53257895365e-15
972.3   3.13179283903e-15
972.4   2.69443552141e-15
972.5   2.07493903675e-15
972.6   1.87637066492e-15
972.7   2.51535595842e-15
972.8   2.99012917415e-15
972.9   3.41614076643e-15
973.0   3.81060074092e-15
973.1   4.20290952389e-15
973.2   4.59378419896e-15
973.3   4.98394184972e-15
973.4   5.36836289124e-15
973.6   6.13505390164e-15
973.8   6.89887681542e-15
974.0   7.66341705069e-15
974.2   8.43799669416e-15
974.4   9.23408908316e-15
974.6   1.0051694218e-14
974.8   1.09051537703e-14
975.0   1.17944677404e-14
975.2   1.27268069643e-14
975.4   1.37093422779e-14
975.6   1.47420736815e-14
975.8   1.58321720111e-14
976.0   1.69796372669e-14
976.2   1.8191640285e-14
976.4   1.94681810657e-14
976.6   2.08164304449e-14
976.8   2.22292175871e-14
977.0   2.37208841642e-14
977.2   2.52770885051e-14
977.4   2.69121722813e-14
977.6   2.86261354933e-14
977.8   3.04118073054e-14
978.0   3.22763585539e-14
978.2   3.4219789239e-14
978.4   3.62349285253e-14
978.6   3.83289472488e-14
978.8   4.05018454096e-14
979.0   4.27464521727e-14
979.2   4.50627675382e-14
979.4   4.74507915064e-14
979.6   4.99176949132e-14
979.8   5.24563069234e-14
980.0   5.50594567015e-14
980.2   5.77486567548e-14
980.4   6.04880529053e-14
980.6   6.32919868247e-14
981.0   6.90934679713e-14
981.4   7.51387585254e-14
981.8   8.13776626399e-14
982.2   8.77599844675e-14
982.6   9.43574323673e-14
983.0   1.01026589629e-13
983.4   1.07910872966e-13
984.2   1.2175115103e-13
985.0   1.35663141506e-13
985.8   1.49503427702e-13
986.6   1.6298517621e-13
987.4   1.75964970336e-13
988.2   1.88371101744e-13
989.0   1.99988445382e-13
989.8   2.10673584555e-13
990.6   2.20426519285e-13
991.4   2.2924724959e-13
992.2   2.36992358777e-13
993.0   2.43661846865e-13
993.8   2.49255713875e-13
994.6   2.53845668182e-13
995.4   2.57360001448e-13
996.2   2.59798713695e-13
997.0   2.61233513299e-13
997.8   2.6166440028e-13
998.6   2.61091374655e-13
999.4   2.59586144803e-13
1000.0   2.5714854781e-13
1001.0   2.5370736414e-13
1002.0   2.49477395529e-13
1003.0   2.44243516946e-13
1004.0   2.31408559613e-13
1005.0   2.23736611062e-13
1006.0   2.15347586083e-13
1007.0   2.06241484715e-13
1008.0   1.8609230363e-13
1009.0   1.75193507817e-13
1010.0   1.63864469157e-13
1011.0   1.52176896048e-13
1012.0   1.28227201316e-13
1013.0   1.16252809566e-13
1014.0   1.04421841981e-13
1015.0   9.28777153127e-14
1016.0   7.63857195627e-14
1017.0   6.61323584154e-14
1018.0   5.20784619717e-14
1019.0   4.37325583699e-14
1020.0   3.4533333011e-14
1021.0   2.67467700064e-14
1022.0   2.03441860528e-14
1023.0   1.51749936407e-14
1024.0   1.09523593827e-14
1025.0   7.18292982442e-15
1026.0   3.27080856113e-15
1027.0   6.12796413498e-15
1028.0   1.03468694066e-14
1029.0   1.45213235408e-14
1030.0   1.95921402172e-14
1031.0   2.58604945733e-14
1032.0   3.34913158694e-14
1033.0   4.25491416663e-14
1034.0   5.29694344826e-14
1035.0   6.71329118003e-14
1036.0   7.7481512863e-14
1037.0   9.39755284562e-14
1038.0   1.11473469444e-13
1039.0   1.23449875407e-13
1040.0   1.35497998206e-13
1041.0   1.59521425095e-13
1042.0   1.71282731547e-13
1043.0   1.82757213172e-13
1044.0   1.9394487001e-13
1045.0   2.15028288752e-13
1046.0   2.24853504211e-13
1047.0   2.34248478287e-13
1048.0   2.43141502665e-13
1049.0   2.5942049662e-13
1050.0   2.6687937158e-13
1051.0   2.73836296959e-13
1052.0   2.80362981156e-13
1053.0   2.92196092745e-13
1054.0   2.97432044554e-13
1055.0   3.02381172012e-13
1056.0   3.06900058446e-13
1057.0   3.15004371869e-13
1059.0   3.22034356684e-13
1060.0   3.28059155467e-13
1062.0   3.33153070413e-13
1064.0   3.37386522649e-13
1065.0   3.41044992624e-13
1067.0   3.43987751387e-13
1068.0   3.46498916306e-13
1070.0   3.48437815731e-13
1072.0   3.50018212203e-13
1075.0   3.52173755335e-13
1078.0   3.53253762248e-13
1081.0   3.53473359065e-13
1084.0   3.53047671905e-13
1088.0   3.52121690972e-13
1091.0   3.50764012119e-13
1094.0   3.49047886188e-13
1097.0   3.47045022567e-13
1100.0   3.44827130643e-13
1104.0   3.42395954979e-13
1107.0   3.39891459374e-13
1110.0   3.37171938848e-13
1113.0   3.34452519473e-13
1116.0   3.31518077175e-13
1120.0   3.28585662257e-13
1123.0   3.25508045426e-13
1126.0   3.22358825657e-13
1129.0   3.19209712272e-13
1132.0   3.15917289516e-13
1136.0   3.1248367255e-13
1139.0   3.0904808723e-13
1142.0   3.05469195673e-13
1145.0   3.01746998803e-13
1148.0   2.97881497534e-13
1152.0   2.93803297463e-13
1155.0   2.89507811619e-13
1158.0   2.84997315996e-13
1161.0   2.80128394751e-13
1164.0   2.74829340391e-13
1168.0   2.68959257366e-13
1171.0   2.62441437294e-13
1174.0   2.55063236766e-13
1176.0   2.51052809238e-13
1177.0   2.46609531526e-13
1179.0   2.41882101305e-13
1180.0   2.36721780597e-13
1182.0   2.311339315e-13
1184.0   2.24972470108e-13
1185.0   2.18234633753e-13
1187.0   2.1085421257e-13
1188.0   2.02682250344e-13
1190.0   1.93796036451e-13
1191.0   1.89066116864e-13
1192.0   1.84049377744e-13
1193.0   1.7329598401e-13
1194.0   1.67562189195e-13
1195.0   1.61541574929e-13
1196.0   1.5523414124e-13
1197.0   1.42042719338e-13
1198.0   1.35089938526e-13
1199.0   1.27993755084e-13
1200.0   1.20682460683e-13
1201.0   1.0569838625e-13
1203.0   9.05022013796e-14
1204.0   8.29758386099e-14
1205.0   6.82571419031e-14
1206.0   6.47034506002e-14
1207.0   5.44665547437e-14
1208.0   4.80804119581e-14
1209.0   3.92920535641e-14
1210.0   3.39887356717e-14
1211.0   2.80400569599e-14
1212.0   2.28586720798e-14
1213.0   1.83155060141e-14
1214.0   1.3406641793e-14
1215.0   1.04841135403e-14
1216.0   4.99444062958e-15
1217.0   9.37902297219e-15
1218.0   1.36847406815e-14
1219.0   1.86645315263e-14
1220.0   2.22962198707e-14
1221.0   2.74122858277e-14
1222.0   3.44931754099e-14
1223.0   3.9802883256e-14
1224.0   4.85259235781e-14
1225.0   5.48180653272e-14
1226.0   6.82236908029e-14
1227.0   7.51612372677e-14
1228.0   8.22637277383e-14
1229.0   9.64653603298e-14
1230.0   1.03424463723e-13
1231.0   1.1031187361e-13
1232.0   1.16984173298e-13
1233.0   1.23441362809e-13
1234.0   1.35563527411e-13
1235.0   1.41231954846e-13
1236.0   1.46613563806e-13
1237.0   1.51780062673e-13
1238.0   1.61033952866e-13
1239.0   1.65268273105e-13
1240.0   1.69287483309e-13
1241.0   1.72948166784e-13
1242.0   1.79548907958e-13
1243.0   1.82564246389e-13
1244.0   1.85221058149e-13
1245.0   1.90244260811e-13
1247.0   1.94482334713e-13
1249.0   1.98075094152e-13
1250.0   2.01162247117e-13
1252.0   2.03751180954e-13
1253.0   2.05906171059e-13
1255.0   2.07706404683e-13
1257.0   2.09219866191e-13
1258.0   2.10442724297e-13
1260.0   2.11454319523e-13
1263.0   2.12828411264e-13
1266.0   2.13628975262e-13
1269.0   2.13927720284e-13
1273.0   2.13872111767e-13
1276.0   2.13525808634e-13
1279.0   2.12964521206e-13
1282.0   2.1218824983e-13
1285.0   2.11268703189e-13
1289.0   2.10281889427e-13
1292.0   2.09147548957e-13
1295.0   2.08013350922e-13
1296.0   2.07444094325e-13
1298.0   2.06735878873e-13
1300.0   2.06027726953e-13
1305.0   2.03970792129e-13
1310.0   2.01842547454e-13
1315.0   1.99714702174e-13
1320.0   1.97587257055e-13
1330.0   1.93261861429e-13
1350.0   1.84687601174e-13
1370.0   1.76478316203e-13
1390.0   1.68562276192e-13
1410.0   1.61154555247e-13
1430.0   1.54111657613e-13
1450.0   1.47505185667e-13
1470.0   1.41335007809e-13
1490.0   1.35457551575e-13
1510.0   1.2994434701e-13
1530.0   1.24723486575e-13
1550.0   1.19794751978e-13
1570.0   1.15157907618e-13
1590.0   1.10740994064e-13
1610.0   1.06615454961e-13
1630.0   1.02709305427e-13
1650.0   9.9022258919e-14
1670.0   9.55540206311e-14
1690.0   9.22325808382e-14
1710.0   8.91293416026e-14
1730.0   8.61722849121e-14
1750.0   8.33610992353e-14
1770.0   8.06954725682e-14
1790.0   7.8175093748e-14
1810.0   7.57566286642e-14
1830.0   7.34756255985e-14
1850.0   7.13174412239e-14
1870.0   6.92602665698e-14
1890.0   6.73109820606e-14
1910.0   6.54477916026e-14
1930.0   6.36847607921e-14
1950.0   6.20001091631e-14
1970.0   6.04007482328e-14
1990.0   5.88720861012e-14
2010.0   5.74210528418e-14
2030.0   5.60259049612e-14
2050.0   5.47007631646e-14
2070.0   5.3438245856e-14
2090.0   5.22309817733e-14
2110.0   5.10787809027e-14
2130.0   4.99742928358e-14
2150.0   4.89173484276e-14
2170.0   4.79077889061e-14
2190.0   4.69382949466e-14
2210.0   4.60087282199e-14
2230.0   4.51189604037e-14
2250.0   4.42688730043e-14
2270.0   4.34511863191e-14
2290.0   4.2665800886e-14
2310.0   4.19126264086e-14
2330.0   4.1184410666e-14
2350.0   4.04882517534e-14
2370.0   3.98169144622e-14
2390.0   3.91703425021e-14
2410.0   3.8548487373e-14
2430.0   3.79441372342e-14
2450.0   3.73644291111e-14
2470.0   3.6809336088e-14
2490.0   3.62644961713e-14
2510.0   3.57442370033e-14
2530.0   3.52413797139e-14
2550.0   3.47559219693e-14
2570.0   3.42806960081e-14
2590.0   3.38228808622e-14
2610.0   3.3375318733e-14
2630.0   3.29451980574e-14
2650.0   3.25325407324e-14
2670.0   3.21230310162e-14
2690.0   3.17310402868e-14
2710.0   3.13494309443e-14
2730.0   3.09710686772e-14
2750.0   3.06103347366e-14
2770.0   3.02529298614e-14
2790.0   2.99132407471e-14
2810.0   2.95769731512e-14
2830.0   2.92441767068e-14
2850.0   2.89292447291e-14
2870.0   2.86107181817e-14
2890.0   2.83101646909e-14
2910.0   2.80061283499e-14
2930.0   2.77130087483e-14
2950.0   2.74308649691e-14
2970.0   2.71454154426e-14
2990.0   2.68710628198e-14
3010.0   2.66006979918e-14
3030.0   2.63415541419e-14
3050.0   2.60793524488e-14
3070.0   2.5828497824e-14
3090.0   2.55747121206e-14
3110.0   2.53324007187e-14
3130.0   2.50872857462e-14
3150.0   2.48537726756e-14
3170.0   2.46175835561e-14
3190.0   2.43859527858e-14
3210.0   2.41589436962e-14
3230.0   2.39366193207e-14
3250.0   2.37190423311e-14
3270.0   2.34991041437e-14
3290.0   2.32912082084e-14
3310.0   2.30810741077e-14
3330.0   2.28687625255e-14
3350.0   2.2668675204e-14
3370.0   2.24665298912e-14
3390.0   2.22623853192e-14
3410.0   2.20706411718e-14
3430.0   2.18770130411e-14
3450.0   2.16815574154e-14
3470.0   2.14915008198e-14
3490.0   2.13068981237e-14
3510.0   2.11206325225e-14
3530.0   2.0939928028e-14
3550.0   2.07576661121e-14
3570.0   2.0581069037e-14
3590.0   2.04030165031e-14
3610.0   2.02235581472e-14
3613.0   2.02036920015e-14
3630.0   2.00499135366e-14
3644.0   1.9929731736e-14
3647.0   1.99023599757e-14
3650.0   1.98799792418e-14
3660.0   1.97934601876e-14
3670.0   1.97066313349e-14
3676.0   1.96535272019e-14
3680.0   1.96209325715e-14
3683.0   1.95932283697e-14
3684.0   1.95868560281e-14
3687.0   1.95598333369e-14
3688.0   1.95520150154e-14
3693.0   1.95114452641e-14
3698.0   1.94643489771e-14
3703.0   1.94250685188e-14
3704.0   1.94164867535e-14
3705.0   1.9407185054e-14
3707.0   1.93885731256e-14
3710.0   1.93642194091e-14
3712.0   1.93498817236e-14
3713.0   1.93384061666e-14
3716.0   1.93132847962e-14
3721.0   1.92701650791e-14
3722.0   1.92658353418e-14
3723.0   1.92543320163e-14
3725.0   1.92392050486e-14
3728.0   1.92103988777e-14
3735.0   1.91519335508e-14
3742.0   1.9095488014e-14
3747.0   1.90505829124e-14
3749.0   1.90324590824e-14
3751.0   1.90157589838e-14
3755.0   1.89902155662e-14
3759.0   1.89603284058e-14
3761.0   1.89428596716e-14
3766.0   1.88934066953e-14
3769.0   1.88657124546e-14
3772.0   1.88387127503e-14
3774.0   1.88290664644e-14
3777.0   1.88185224105e-14
3782.0   1.87889483743e-14
3785.0   1.87668721421e-14
3788.0   1.87383203426e-14
3790.0   1.87106687543e-14
3793.0   1.86713246441e-14
3798.0   1.85978155986e-14
3799.0   1.85846842768e-14
3800.0   1.85851751888e-14
3801.0   1.85906833369e-14
3804.0   1.86014570681e-14
3806.0   1.86110181798e-14
3809.0   1.86102837098e-14
3811.0   1.86097825318e-14
3814.0   1.85975402289e-14
3816.0   1.85819574211e-14
3819.0   1.85546222338e-14
3821.0   1.85203726219e-14
3824.0   1.84757936638e-14
3826.0   1.84250287406e-14
3829.0   1.83639234573e-14
3831.0   1.82995117979e-14
3834.0   1.82225976332e-14
3835.0   1.81871550623e-14
3836.0   1.81717886524e-14
3837.0   1.81671763217e-14
3838.0   1.81754693257e-14
3839.0   1.82016872542e-14
3840.0   1.82307713569e-14
3843.0   1.82843078248e-14
3846.0   1.83299371037e-14
3848.0   1.83701461223e-14
3851.0   1.83999677286e-14
3854.0   1.84168628988e-14
3856.0   1.84233353329e-14
3859.0   1.84172525555e-14
3862.0   1.84025461781e-14
3864.0   1.83724142888e-14
3867.0   1.83289938507e-14
3870.0   1.82755159773e-14
3872.0   1.82080632706e-14
3875.0   1.81172668838e-14
3876.0   1.80702654796e-14
3877.0   1.80196766692e-14
3879.0   1.79608010316e-14
3880.0   1.79023183638e-14
3883.0   1.77713177375e-14
3885.0   1.7632822234e-14
3886.0   1.76001428202e-14
3887.0   1.7540929371e-14
3888.0   1.74838652337e-14
3889.0   1.74569166718e-14
3890.0   1.74127561744e-14
3891.0   1.74087504313e-14
3892.0   1.74427481962e-14
3893.0   1.75154665572e-14
3895.0   1.76171554497e-14
3897.0   1.77087975595e-14
3899.0   1.77982808411e-14
3902.0   1.78772761983e-14
3904.0   1.79545502701e-14
3906.0   1.80196264671e-14
3908.0   1.80825439943e-14
3910.0   1.81318295497e-14
3912.0   1.81710685859e-14
3914.0   1.82038465555e-14
3916.0   1.82337489112e-14
3918.0   1.82528877682e-14
3920.0   1.82634144119e-14
3924.0   1.82693874503e-14
3929.0   1.82511780634e-14
3931.0   1.82322652363e-14
3933.0   1.82111941704e-14
3935.0   1.81807940639e-14
3937.0   1.81417820342e-14
3939.0   1.80948751987e-14
3941.0   1.80422248416e-14
3943.0   1.7983113913e-14
3945.0   1.79110886943e-14
3947.0   1.78254321354e-14
3949.0   1.77325980215e-14
3951.0   1.76383230546e-14
3953.0   1.75332851814e-14
3956.0   1.74083432723e-14
3958.0   1.72781909868e-14
3960.0   1.71465979969e-14
3962.0   1.69992226639e-14
3964.0   1.68446700233e-14
3966.0   1.66786376064e-14
3968.0   1.65025596128e-14
3969.0   1.64159523908e-14
3970.0   1.63121335737e-14
3971.0   1.62570748537e-14
3972.0   1.62385858141e-14
3973.0   1.63219210637e-14
3974.0   1.64138597427e-14
3975.0   1.65438022814e-14
3977.0   1.66244117752e-14
3978.0   1.67012854461e-14
3980.0   1.68442718784e-14
3982.0   1.69851008788e-14
3984.0   1.71115820586e-14
3987.0   1.72224131755e-14
3989.0   1.73366887003e-14
3991.0   1.74315969305e-14
3993.0   1.75157429004e-14
3996.0   1.7599284189e-14
3998.0   1.76762444437e-14
4000.0   1.77374229627e-14
4002.0   1.77871222788e-14
4005.0   1.78311842706e-14
4007.0   1.78693957206e-14
4009.0   1.79025818281e-14
4011.0   1.79242888719e-14
4016.0   1.79512824532e-14
4020.0   1.79638167546e-14
4025.0   1.79613470321e-14
4029.0   1.79494508045e-14
4034.0   1.79239730611e-14
4038.0   1.7891950023e-14
4043.0   1.78470511891e-14
4047.0   1.77913171259e-14
4052.0   1.77155253595e-14
4056.0   1.762604229e-14
4058.0   1.75751979925e-14
4061.0   1.75129053164e-14
4063.0   1.74498581611e-14
4065.0   1.73731814935e-14
4067.0   1.72936315958e-14
4070.0   1.72047736833e-14
4072.0   1.71166066677e-14
4074.0   1.70270006886e-14
4076.0   1.69295020223e-14
4078.0   1.68205252791e-14
4081.0   1.67000763526e-14
4083.0   1.65781803786e-14
4085.0   1.64483918436e-14
4087.0   1.63013886891e-14
4090.0   1.61479226809e-14
4092.0   1.59865664421e-14
4094.0   1.58101469315e-14
4095.0   1.57197842403e-14
4096.0   1.56193812602e-14
4097.0   1.55677388472e-14
4098.0   1.55146611551e-14
4099.0   1.54020644183e-14
4100.0   1.52844469913e-14
4101.0   1.51532038748e-14
4102.0   1.50692871753e-14
4103.0   1.49868035479e-14
4104.0   1.49946713585e-14
4105.0   1.51029297802e-14
4106.0   1.52871979752e-14
4107.0   1.53653367209e-14
4108.0   1.54434743885e-14
4109.0   1.55137230622e-14
4110.0   1.55803852469e-14
4111.0   1.56456121964e-14
4112.0   1.57036672457e-14
4113.0   1.58219562535e-14
4114.0   1.5877857933e-14
4116.0   1.59789018784e-14
4118.0   1.60699024626e-14
4119.0   1.61681068334e-14
4121.0   1.62519303449e-14
4123.0   1.63271447287e-14
4125.0   1.63980525128e-14
4128.0   1.65348826138e-14
4131.0   1.66466057167e-14
4135.0   1.67374721241e-14
4138.0   1.68326814776e-14
4142.0   1.69120470964e-14
4145.0   1.69771185893e-14
4149.0   1.70213202946e-14
4152.0   1.70584056499e-14
4156.0   1.70839369901e-14
4159.0   1.71030758451e-14
4163.0   1.71113716078e-14
4166.0   1.71154327601e-14
4173.0   1.7106233721e-14
4180.0   1.70869531276e-14
4187.0   1.70575920318e-14
4194.0   1.70210198096e-14
4201.0   1.69801058266e-14
4208.0   1.69362852712e-14
4215.0   1.68888420708e-14
4221.0   1.68422060502e-14
4228.0   1.67889596932e-14
4235.0   1.67328106082e-14
4242.0   1.66730426842e-14
4249.0   1.66082227168e-14
4256.0   1.65376345753e-14
4263.0   1.64555425345e-14
4270.0   1.63648158624e-14
4277.0   1.62568504801e-14
4284.0   1.6127344801e-14
4291.0   1.59762997302e-14
4294.0   1.58954749608e-14
4298.0   1.58065844978e-14
4301.0   1.57128413581e-14
4304.0   1.56097715907e-14
4308.0   1.54914605176e-14
4311.0   1.53704533324e-14
4315.0   1.52385041484e-14
4318.0   1.50931061648e-14
4322.0   1.49295922734e-14
4324.0   1.48438886482e-14
4325.0   1.47547842742e-14
4327.0   1.4657604639e-14
4329.0   1.45568378287e-14
4330.0   1.44533895868e-14
4332.0   1.43368443391e-14
4333.0   1.42785710734e-14
4334.0   1.42195802996e-14
4335.0   1.41527011843e-14
4336.0   1.40836703986e-14
4337.0   1.40096196106e-14
4338.0   1.38889579759e-14
4339.0   1.37955451043e-14
4340.0   1.36935268198e-14
4341.0   1.35398781109e-14
4342.0   1.33596969048e-14
4343.0   1.35151104052e-14
4344.0   1.36475768311e-14
4345.0   1.37814770262e-14
4346.0   1.3855141806e-14
4347.0   1.39883241286e-14
4348.0   1.40440610352e-14
4349.0   1.40976463027e-14
4350.0   1.41942561981e-14
4352.0   1.42827806395e-14
4354.0   1.43648498131e-14
4355.0   1.44420965576e-14
4357.0   1.4512690156e-14
4358.0   1.45827649563e-14
4360.0   1.46440342726e-14
4362.0   1.46995654801e-14
4363.0   1.47574480593e-14
4366.0   1.4857951164e-14
4370.0   1.49410375356e-14
4373.0   1.50150013771e-14
4376.0   1.50825084968e-14
4379.0   1.51421247893e-14
4382.0   1.51931332327e-14
4386.0   1.52324568259e-14
4389.0   1.52676830269e-14
4392.0   1.52971699159e-14
4395.0   1.53237858875e-14
4402.0   1.53588699645e-14
4408.0   1.53790973811e-14
4414.0   1.53842569771e-14
4421.0   1.5372697123e-14
4427.0   1.53563261656e-14
4434.0   1.53296877618e-14
4440.0   1.53018275689e-14
4446.0   1.52703753325e-14
4453.0   1.52336732748e-14
4459.0   1.51979056988e-14
4466.0   1.51576044417e-14
4472.0   1.51196748174e-14
4478.0   1.50810238027e-14
4485.0   1.50385553773e-14
4491.0   1.49991793882e-14
4498.0   1.49559858094e-14
4504.0   1.49158867835e-14
4510.0   1.48757856521e-14
4517.0   1.48325842892e-14
4523.0   1.47924799634e-14
4530.0   1.47485588679e-14
4536.0   1.47084531858e-14
4542.0   1.46683474868e-14
4549.0   1.4625143407e-14
4555.0   1.45843218842e-14
4562.0   1.45411202961e-14
4568.0   1.45010188592e-14
4574.0   1.44609193853e-14
4581.0   1.44177250437e-14
4587.0   1.43776310509e-14
4594.0   1.43351611554e-14
4600.0   1.42950742941e-14
4606.0   1.42557083544e-14
4613.0   1.42125355496e-14
4619.0   1.41731790881e-14
4626.0   1.41300182573e-14
4632.0   1.40906728358e-14
4638.0   1.40513330267e-14
4645.0   1.40089100092e-14
4651.0   1.39695834598e-14
4658.0   1.3927176778e-14
4664.0   1.38871478812e-14
4670.0   1.38478433579e-14
4677.0   1.38047465202e-14
4683.0   1.37654588307e-14
4690.0   1.37223824506e-14
4696.0   1.36816788223e-14
4702.0   1.36409840685e-14
4709.0   1.35972233866e-14
4715.0   1.35558317579e-14
4722.0   1.35106612578e-14
4728.0   1.34678569866e-14
4734.0   1.34243460015e-14
4741.0   1.33770625565e-14
4747.0   1.3331423713e-14
4754.0   1.32812999527e-14
4760.0   1.32328174076e-14
4766.0   1.3182195391e-14
4773.0   1.31256613915e-14
4779.0   1.30678949315e-14
4786.0   1.30035044893e-14
4792.0   1.29371605869e-14
4798.0   1.28629418714e-14
4805.0   1.27785215054e-14
4811.0   1.26885561676e-14
4818.0   1.25840921921e-14
4821.0   1.25290837306e-14
4824.0   1.24697763279e-14
4827.0   1.24054529288e-14
4830.0   1.23361135617e-14
4834.0   1.22594425856e-14
4837.0   1.21793555134e-14
4840.0   1.20928183991e-14
4843.0   1.20005483538e-14
4846.0   1.1898959987e-14
4848.0   1.18427098513e-14
4850.0   1.17843101583e-14
4851.0   1.17246348978e-14
4853.0   1.16576327571e-14
4854.0   1.15900708594e-14
4855.0   1.15519098172e-14
4856.0   1.15108808711e-14
4857.0   1.1466984022e-14
4858.0   1.14195021874e-14
4859.0   1.13397520256e-14
4860.0   1.12779293871e-14
4861.0   1.11644771671e-14
4862.0   1.10639328876e-14
4863.0   1.09490473738e-14
4864.0   1.10507215355e-14
4865.0   1.11660207241e-14
4866.0   1.12691299321e-14
4867.0   1.13342341522e-14
4868.0   1.13900167279e-14
4869.0   1.14379118273e-14
4870.0   1.14807877858e-14
4871.0   1.15186446042e-14
4872.0   1.15543506178e-14
4873.0   1.15879058276e-14
4875.0   1.16478467557e-14
4877.0   1.17013357304e-14
4879.0   1.17512410937e-14
4881.0   1.17961286858e-14
4883.0   1.18374326815e-14
4885.0   1.18751530883e-14
4887.0   1.19100069971e-14
4891.0   1.19711153506e-14
4895.0   1.20207578011e-14
4899.0   1.20618027414e-14
4903.0   1.20956843967e-14
4907.0   1.21224028246e-14
4911.0   1.21426751658e-14
4916.0   1.2154939683e-14
4920.0   1.2166624475e-14
4924.0   1.21740146136e-14
4932.0   1.21787794844e-14
4940.0   1.21713859821e-14
4948.0   1.21554199528e-14
4956.0   1.21337501521e-14
4964.0   1.21070940778e-14
4972.0   1.20768863043e-14
4980.0   1.20445613989e-14
4988.0   1.20101197549e-14
4993.0   1.19888803315e-14
4996.0   1.19742788426e-14
5000.0   1.19567301342e-14
5010.0   1.19107460054e-14
5020.0   1.1862666762e-14
5040.0   1.17652453208e-14
5060.0   1.16659054312e-14
5080.0   1.15668035534e-14
5100.0   1.14679446602e-14
5120.0   1.1369333494e-14
5140.0   1.12716916574e-14
5160.0   1.11750234521e-14
5180.0   1.10793329687e-14
5200.0   1.09839070097e-14
5220.0   1.08901834293e-14
5240.0   1.07967315545e-14
5260.0   1.07042717755e-14
5280.0   1.06128072175e-14
5300.0   1.05223408293e-14
5320.0   1.04321583048e-14
5340.0   1.03429793397e-14
5360.0   1.02555234685e-14
5380.0   1.01683588193e-14
5400.0   1.00822046197e-14
5420.0   9.99634578389e-15
5440.0   9.91150125115e-15
5460.0   9.82767273988e-15
5480.0   9.74486183538e-15
5500.0   9.66235291046e-15
5520.0   9.58158146392e-15
5540.0   9.50039745593e-15
5560.0   9.42095323122e-15
5580.0   9.3418156036e-15
5600.0   9.26370252825e-15
5620.0   9.18589768741e-15
5640.0   9.10911882823e-15
5660.0   9.0326494319e-15
5680.0   8.95792413474e-15
5700.0   8.88279206302e-15
5720.0   8.8094047552e-15
5740.0   8.73561116234e-15
5760.0   8.66356265374e-15
5780.0   8.59182510069e-15
5800.0   8.52039846425e-15
5820.0   8.44999971441e-15
5840.0   8.379911582e-15
5860.0   8.31085089569e-15
5880.0   8.24281733363e-15
5900.0   8.17509342608e-15
5920.0   8.10767872477e-15
5940.0   8.04128980533e-15
5960.0   7.97592610232e-15
5980.0   7.91015282791e-15
6000.0   7.84540347538e-15
6020.0   7.78167731976e-15
6040.0   7.71825650346e-15
6060.0   7.65585728886e-15
6080.0   7.59304464236e-15
6100.0   7.53196890484e-15
6120.0   7.47047787407e-15
6140.0   7.4100047258e-15
6160.0   7.34983134682e-15
6180.0   7.29067375449e-15
6200.0   7.231813764e-15
6220.0   7.17325024061e-15
6240.0   7.11498201761e-15
6260.0   7.05772498131e-15
6280.0   7.00076082173e-15
6300.0   6.94408828469e-15
6320.0   6.8884231731e-15
6340.0   6.83233001397e-15
6360.0   6.77652456106e-15
6380.0   6.72100546182e-15
6400.0   6.66577134213e-15
6420.0   6.60938664028e-15
6440.0   6.55256702584e-15
6460.0   6.49315981591e-15
6470.0   6.46140978494e-15
6480.0   6.42901231022e-15
6490.0   6.39381595733e-15
6500.0   6.35653762514e-15
6505.0   6.33577312716e-15
6510.0   6.31430879378e-15
6515.0   6.29071043454e-15
6520.0   6.26641219317e-15
6525.0   6.23926279552e-15
6530.0   6.20926221808e-15
6535.0   6.17641043731e-15
6540.0   6.1407074296e-15
6542.0   6.12126800959e-15
6545.0   6.09928483703e-15
6548.0   6.07587363892e-15
6550.0   6.05214263588e-15
6552.0   6.02626310794e-15
6554.0   6.01042547421e-15
6555.0   5.99569538458e-15
6556.0   5.97953180832e-15
6558.0   5.95939711716e-15
6559.0   5.93893307984e-15
6560.0   5.91560138798e-15
6561.0   5.90230954561e-15
6562.0   5.87180837698e-15
6563.0   5.84274205464e-15
6564.0   5.80205965749e-15
6565.0   5.76015889706e-15
6566.0   5.8048825101e-15
6567.0   5.84121692381e-15
6568.0   5.86521817837e-15
6569.0   5.88491760954e-15
6570.0   5.90892021993e-15
6571.0   5.92145017088e-15
6572.0   5.9332637157e-15
6573.0   5.94292668707e-15
6575.0   5.95938632651e-15
6577.0   5.97369742192e-15
6579.0   5.98585997178e-15
6581.0   5.99587397454e-15
6583.0   6.00517359581e-15
6585.0   6.01304175046e-15
6589.0   6.02663490449e-15
6593.0   6.03665342428e-15
6597.0   6.04381438104e-15
6601.0   6.04955192953e-15
6605.0   6.05314897379e-15
6609.0   6.05460550142e-15
6613.0   6.05463858354e-15
6617.0   6.05396529129e-15
6625.0   6.04906536672e-15
6633.0   6.04062271143e-15
6641.0   6.03078847606e-15
6649.0   6.0181283932e-15
6665.0   5.99006695122e-15
6681.0   5.95930591318e-15
6697.0   5.92584446928e-15
6713.0   5.89183305751e-15
6729.0   5.85727086239e-15
6745.0   5.82215706596e-15
6761.0   5.78720793149e-15
6777.0   5.75170555303e-15
6793.0   5.71636618985e-15
6809.0   5.68190609948e-15
6825.0   5.64689028727e-15
6841.0   5.61275209145e-15
6857.0   5.5780565148e-15
6873.0   5.5442368934e-15
6889.0   5.50985822821e-15
6905.0   5.47635385377e-15
6921.0   5.44300585343e-15
6937.0   5.40981339372e-15
6953.0   5.37677564098e-15
6969.0   5.34389176144e-15
6985.0   5.31116092143e-15
7001.0   5.27858228747e-15
7017.0   5.24687210999e-15
7033.0   5.21459538919e-15
7049.0   5.18318546009e-15
7065.0   5.15192440777e-15
7081.0   5.12081140165e-15
7097.0   5.08912852856e-15
7113.0   5.05830912706e-15
7129.0   5.02835236972e-15
7145.0   4.99782326327e-15
7161.0   4.96743806645e-15
7177.0   4.9379130395e-15
7193.0   4.90781319347e-15
7209.0   4.87857187532e-15
7225.0   4.8487540995e-15
7241.0   4.81979321649e-15
7257.0   4.79097132801e-15
7273.0   4.76228762128e-15
7289.0   4.73374128558e-15
7305.0   4.70604859589e-15
7321.0   4.67777457867e-15
7337.0   4.64963551336e-15
7353.0   4.6223476817e-15
7369.0   4.59447611715e-15
7385.0   4.56745418988e-15
7401.0   4.54056402189e-15
7417.0   4.51308773774e-15
7433.0   4.48667384038e-15
7449.0   4.46010250121e-15
7465.0   4.43380318652e-15
7481.0   4.40763169856e-15
7497.0   4.38165896749e-15
7513.0   4.35588421796e-15
7529.0   4.3302349692e-15
7545.0   4.30485386847e-15
7561.0   4.2795967326e-15
7577.0   4.25453450654e-15
7593.0   4.2295947216e-15
7609.0   4.20492003727e-15
7625.0   4.18036628277e-15
7641.0   4.1559327072e-15
7657.0   4.13176197958e-15
7673.0   4.10770993877e-15
7689.0   4.08384755192e-15
7705.0   4.06010237282e-15
7721.0   4.03654537523e-15
7737.0   4.01317582794e-15
7753.0   3.98999300309e-15
7769.0   3.96692446785e-15
7785.0   3.9440412095e-15
7801.0   3.92127080205e-15
7817.0   3.89868423966e-15
7833.0   3.87628081159e-15
7849.0   3.85398810221e-15
7865.0   3.83187711611e-15
7881.0   3.80987544467e-15
7897.0   3.78805409949e-15
7913.0   3.76641238734e-15
7929.0   3.74487791018e-15
7945.0   3.72352169023e-15
7961.0   3.70227133655e-15
7977.0   3.68119787848e-15
7993.0   3.66022893222e-15
8009.0   3.63943553426e-15
8025.0   3.61881701631e-15
8041.0   3.59830100533e-15
8057.0   3.57788684022e-15
8073.0   3.55764557182e-15
8089.0   3.53757654624e-15
8105.0   3.5176074048e-15
8121.0   3.4977375008e-15
8137.0   3.4780378995e-15
8153.0   3.45850796139e-15
8169.0   3.43907534222e-15
8185.0   3.41981111804e-15
8196.0   3.40655549628e-15
8201.0   3.40064295179e-15
8206.0   3.39466801853e-15
8216.0   3.38274603479e-15
8226.0   3.37086110177e-15
8236.0   3.35908477676e-15
8246.0   3.34727349252e-15
8256.0   3.33557051576e-15
8266.0   3.3239039887e-15
8276.0   3.31227376243e-15
8286.0   3.30067968862e-15
8296.0   3.28919332782e-15
8307.0   3.27674315729e-15
8317.0   3.26533192757e-15
8327.0   3.25395624778e-15
8337.0   3.24261597234e-15
8347.0   3.23138266457e-15
8357.0   3.22011276326e-15
8367.0   3.20894954119e-15
8377.0   3.19782114658e-15
8379.0   3.19551358434e-15
8387.0   3.18672743656e-15
8395.0   3.17789168746e-15
8405.0   3.16678834304e-15
8410.0   3.16124953743e-15
8416.0   3.15490109415e-15
8426.0   3.14386959066e-15
8433.0   3.13623948032e-15
8437.0   3.13198931762e-15
8440.0   3.12862597824e-15
8447.0   3.12102903661e-15
8454.0   3.11359202445e-15
8462.0   3.10501030016e-15
8470.0   3.096521719e-15
8485.0   3.0804032144e-15
8497.0   3.06773427767e-15
8501.0   3.06356967977e-15
8505.0   3.05933864669e-15
8513.0   3.05096407368e-15
8529.0   3.0342061158e-15
8541.0   3.02163862862e-15
8545.0   3.01760326804e-15
8548.0   3.01449051085e-15
8554.0   3.00820201202e-15
8567.0   2.99481988795e-15
8580.0   2.98156367287e-15
8584.0   2.97743502044e-15
8592.0   2.96926470195e-15
8601.0   2.96021389872e-15
8618.0   2.94315587816e-15
8634.0   2.92693531371e-15
8635.0   2.92604519335e-15
8651.0   2.91005287859e-15
8667.0   2.89421157166e-15
8684.0   2.87771746551e-15
8700.0   2.86218148097e-15
8716.0   2.84665149493e-15
8732.0   2.83112699409e-15
8744.0   2.81967738653e-15
8748.0   2.81575088517e-15
8753.0   2.81104665073e-15
8762.0   2.80258338451e-15
8780.0   2.78565694443e-15
8798.0   2.76889735379e-15
8816.0   2.75216048853e-15
8835.0   2.73468709791e-15
8840.0   2.73003815777e-15
8853.0   2.71814214696e-15
8865.0   2.70711569672e-15
8878.0   2.69559887845e-15
8890.0   2.68487236696e-15
8903.0   2.67344695499e-15
8916.0   2.66206870098e-15
8928.0   2.65132601667e-15
8941.0   2.63975090587e-15
8953.0   2.62901913894e-15
8966.0   2.61767649306e-15
8978.0   2.60695479091e-15
8991.0   2.59555685764e-15
9003.0   2.58484437645e-15
9015.0   2.5744572776e-15
9016.0   2.57353366311e-15
9017.0   2.57268202324e-15
9020.0   2.57020040845e-15
9025.0   2.56609360147e-15
9036.0   2.55726839209e-15
9047.0   2.54840342568e-15
9057.0   2.54026766616e-15
9068.0   2.5314632943e-15
9078.0   2.52323896459e-15
9089.0   2.51435124499e-15
9099.0   2.50610957773e-15
9110.0   2.49720969775e-15
9121.0   2.48826909482e-15
9131.0   2.47996595626e-15
9142.0   2.47094069948e-15
9152.0   2.46261904122e-15
9163.0   2.45350862106e-15
9174.0   2.44442851271e-15
9184.0   2.43597189336e-15
9195.0   2.42673414548e-15
9205.0   2.41811443364e-15
9216.0   2.40879025631e-15
9222.0   2.40377551892e-15
9227.0   2.3996391488e-15
9232.0   2.39550887747e-15
9236.0   2.39261060986e-15
9241.0   2.38906495143e-15
9251.0   2.38177668751e-15
9271.0   2.36784618813e-15
9291.0   2.35379638219e-15
9310.0   2.34018931287e-15
9330.0   2.32582212708e-15
9350.0   2.31126161374e-15
9370.0   2.29657871039e-15
9389.0   2.28238887883e-15
9409.0   2.26752607469e-15
9429.0   2.25253864457e-15
9449.0   2.23728242651e-15
9468.0   2.22249859735e-15
9488.0   2.20662648794e-15
9508.0   2.19026830398e-15
9528.0   2.17335161672e-15
9546.0   2.15754056638e-15
9547.0   2.15667217813e-15
9549.0   2.15515116777e-15
9551.0   2.15406126168e-15
9554.0   2.15239214834e-15
9559.0   2.15006870642e-15
9570.0   2.14464597404e-15
9581.0   2.13903373151e-15
9592.0   2.13330357126e-15
9603.0   2.12731196121e-15
9614.0   2.1211304949e-15
9624.0   2.11539591362e-15
9635.0   2.1089038291e-15
9646.0   2.1023649741e-15
9657.0   2.09570752755e-15
9668.0   2.08900308563e-15
9679.0   2.0822515367e-15
9689.0   2.07593293253e-15
9700.0   2.06915633337e-15
9711.0   2.06226059709e-15
9722.0   2.05538903081e-15
9733.0   2.04854152549e-15
9744.0   2.04157455586e-15
9754.0   2.03524208452e-15
9765.0   2.0283205427e-15
9776.0   2.0213509321e-15
9787.0   2.01447656292e-15
9798.0   2.00755391242e-15
9809.0   2.00058287507e-15
9819.0   1.99416141462e-15
9830.0   1.98723460897e-15
9841.0   1.98033082071e-15
9852.0   1.97373677972e-15
9863.0   1.9668070077e-15
9874.0   1.95975652715e-15
9885.0   1.95265694434e-15
9895.0   1.94602022232e-15
9906.0   1.93882009815e-15
9917.0   1.9315705775e-15
9928.0   1.92434326853e-15
9939.0   1.91692294644e-15
9950.0   1.90938122035e-15
9960.0   1.90214646911e-15
9971.0   1.89443136837e-15
9982.0   1.8864511609e-15
9986.0   1.88346336984e-15
9993.0   1.8780623326e-15
10000.0   1.87267001508e-15
10010.0   1.86351688176e-15
10030.0   1.8489923946e-15
10040.0   1.8387447289e-15
10050.0   1.83123943811e-15
10060.0   1.82497057573e-15
10070.0   1.823953739e-15
10080.0   1.82108973022e-15
10090.0   1.81788435478e-15
10100.0   1.8144809596e-15
10110.0   1.81181168382e-15
10120.0   1.80779691591e-15
10140.0   1.79938775467e-15
10150.0   1.79520834954e-15
10170.0   1.78603905002e-15
10180.0   1.78119243726e-15
10200.0   1.77154861708e-15
10230.0   1.75656002715e-15
10260.0   1.74128662486e-15
10300.0   1.72143212454e-15
10360.0   1.69082960974e-15
10420.0   1.66049223028e-15
10490.0   1.6261133019e-15
10550.0   1.59678362504e-15
10620.0   1.56407159161e-15
10680.0   1.53554766275e-15
10710.0   1.52132504037e-15
10740.0   1.50700720086e-15
10780.0   1.48869838116e-15
10790.0   1.48316770753e-15
10810.0   1.47379431723e-15
10820.0   1.46794366442e-15
10840.0   1.45814498283e-15
10860.0   1.44803836604e-15
10870.0   1.44117534694e-15
10880.0   1.43575899697e-15
10890.0   1.43013997448e-15
10900.0   1.42438993861e-15
10910.0   1.41564050608e-15
10920.0   1.40891121307e-15
10930.0   1.40176392686e-15
10940.0   1.39376834895e-15
10950.0   1.38980059942e-15
10960.0   1.39064942225e-15
10970.0   1.39086493458e-15
10980.0   1.38929975517e-15
10990.0   1.38875046258e-15
11000.0   1.38634867544e-15
11010.0   1.38381534736e-15
11020.0   1.38179580686e-15
11040.0   1.37578419319e-15
11060.0   1.36953250677e-15
11070.0   1.36635237578e-15
11090.0   1.35959647724e-15
11120.0   1.34904652794e-15
11150.0   1.33816828438e-15
11180.0   1.32710397092e-15
11250.0   1.30172032037e-15
11310.0   1.27976872461e-15
11380.0   1.25506673624e-15
11440.0   1.23385282374e-15
11500.0   1.21321405172e-15
11570.0   1.18991414043e-15
11630.0   1.16995565116e-15
11700.0   1.14765480298e-15
11760.0   1.12862676703e-15
11820.0   1.10991706957e-15
11890.0   1.08900769978e-15
11950.0   1.07110669484e-15
12020.0   1.05109798564e-15
12080.0   1.03383026676e-15
12140.0   1.01705964694e-15
12210.0   9.98236324625e-16
12270.0   9.82055289049e-16
12340.0   9.64046710674e-16
12400.0   9.48499017193e-16
12460.0   9.33201525081e-16
12530.0   9.16045794823e-16
12590.0   9.00984891565e-16
12620.0   8.9339881296e-16
12660.0   8.83636574488e-16
12670.0   8.80691973868e-16
12690.0   8.75682124463e-16
12700.0   8.72612912796e-16
12720.0   8.67281927146e-16
12740.0   8.61832234872e-16
12750.0   8.58148535955e-16
12760.0   8.55188030814e-16
12770.0   8.52090196922e-16
12780.0   8.48926720483e-16
12790.0   8.43833162159e-16
12800.0   8.40896876307e-16
12810.0   8.35385089505e-16
12820.0   8.30237822583e-16
12830.0   8.27606304539e-16
12840.0   8.29570056102e-16
12850.0   8.30535803925e-16
12860.0   8.30575234925e-16
12870.0   8.29688327753e-16
12880.0   8.28592144713e-16
12890.0   8.27932039839e-16
12900.0   8.26488949979e-16
12920.0   8.23476690431e-16
12930.0   8.22122604064e-16
12950.0   8.1871449742e-16
12960.0   8.17018977686e-16
13000.0   8.09647936911e-16
13030.0   8.03945271368e-16
13060.0   7.98077166361e-16
13120.0   7.86344469346e-16
13190.0   7.72803627332e-16
13250.0   7.61267565442e-16
13320.0   7.48196083803e-16
13380.0   7.36909701766e-16
13440.0   7.2594213665e-16
13510.0   7.13518791179e-16
13570.0   7.0291874506e-16
13640.0   6.90986185476e-16
13700.0   6.80808954775e-16
13760.0   6.70845835597e-16
13830.0   6.59671744785e-16
13890.0   6.50108930524e-16
13960.0   6.39352689454e-16
14020.0   6.30154211464e-16
14080.0   6.21117558794e-16
14150.0   6.10951502079e-16
14210.0   6.02252170227e-16
14280.0   5.92464951695e-16
14340.0   5.84090185723e-16
14400.0   5.75862746951e-16
14470.0   5.66597795954e-16
14530.0   5.58670228174e-16
14600.0   5.49749666084e-16
14660.0   5.42074842139e-16
14720.0   5.34505848585e-16
14790.0   5.25995666978e-16
14850.0   5.18699770439e-16
14920.0   5.10496334955e-16
14980.0   5.03463555428e-16
15000.0   5.01156326462e-16
15040.0   4.96654337673e-16
15090.0   4.91022751797e-16
15140.0   4.85473606418e-16
15180.0   4.81059634035e-16
15190.0   4.79991458863e-16
15200.0   4.78933091149e-16
15210.0   4.77769788973e-16
15230.0   4.75702014055e-16
15250.0   4.73565770442e-16
15260.0   4.72415481508e-16
15300.0   4.6814836298e-16
15350.0   4.63016860651e-16
15420.0   4.55811478791e-16
15430.0   4.54754090063e-16
15440.0   4.53699141282e-16
15470.0   4.50713785758e-16
15480.0   4.49654177155e-16
15520.0   4.45690656538e-16
15560.0   4.41772236423e-16
15570.0   4.40805672134e-16
15640.0   4.3405443618e-16
15710.0   4.27422172494e-16
15770.0   4.21739469671e-16
15800.0   4.19046088418e-16
15840.0   4.1535138901e-16
15890.0   4.10895884059e-16
15970.0   4.0372147011e-16
16010.0   4.00255521047e-16
16060.0   3.95932865944e-16
16110.0   3.91667354454e-16
16170.0   3.86719746602e-16
16220.0   3.8258298831e-16
16270.0   3.78486608224e-16
16320.0   3.74444218501e-16
16330.0   3.73628388105e-16
16370.0   3.70433589955e-16
16410.0   3.67246334261e-16
16450.0   3.64188170426e-16
16490.0   3.61144015249e-16
16570.0   3.55096355937e-16
16650.0   3.49165191711e-16
16660.0   3.48493199845e-16
16690.0   3.46214684337e-16
16730.0   3.43312040952e-16
16770.0   3.40392406897e-16
16790.0   3.38924327754e-16
16800.0   3.38189102038e-16
16810.0   3.37462640253e-16
16820.0   3.36787962619e-16
16830.0   3.36122039344e-16
16840.0   3.35457694832e-16
16850.0   3.34787753502e-16
16860.0   3.34119381462e-16
16870.0   3.33445403164e-16
16880.0   3.32772984748e-16
16890.0   3.320949507e-16
16900.0   3.31418467191e-16
16920.0   3.30070133221e-16
16960.0   3.27370355846e-16
17040.0   3.2203622289e-16
17110.0   3.17375956237e-16
17190.0   3.12210726849e-16
17270.0   3.07143415634e-16
17330.0   3.03395828823e-16
17350.0   3.02164730519e-16
17370.0   3.00939042057e-16
17410.0   2.98525280542e-16
17480.0   2.94325318878e-16
17560.0   2.89677159793e-16
17640.0   2.85103231252e-16
17720.0   2.80601661325e-16
17800.0   2.76184969214e-16
17870.0   2.72317277619e-16
17950.0   2.68027198285e-16
18030.0   2.63773994557e-16
18110.0   2.59591876353e-16
18140.0   2.57991384704e-16
18160.0   2.56970412223e-16
18180.0   2.55960891892e-16
18200.0   2.54998653673e-16
18220.0   2.54040648499e-16
18230.0   2.5352737165e-16
18250.0   2.52575671277e-16
18290.0   2.50670426106e-16
18360.0   2.47329245187e-16
18430.0   2.43987435343e-16
18510.0   2.40230754749e-16
18540.0   2.38745753124e-16
18580.0   2.36812667478e-16
18600.0   2.35830329514e-16
18620.0   2.34837433237e-16
18630.0   2.3421332225e-16
18650.0   2.33147182498e-16
18670.0   2.32041748856e-16
18680.0   2.31479668491e-16
18690.0   2.30889829829e-16
18700.0   2.3026505947e-16
18710.0   2.29612525696e-16
18720.0   2.28910713456e-16
18730.0   2.27958836813e-16
18740.0   2.27072410008e-16
18750.0   2.26036305448e-16
18760.0   2.24563687194e-16
18770.0   2.25279078596e-16
18780.0   2.2549341378e-16
18790.0   2.25608257055e-16
18800.0   2.25465847556e-16
18810.0   2.25453407933e-16
18820.0   2.2521239394e-16
18830.0   2.24943586515e-16
18840.0   2.24725862403e-16
18860.0   2.24077941736e-16
18880.0   2.23404858372e-16
18890.0   2.23083972561e-16
18910.0   2.22358767293e-16
18940.0   2.21234439505e-16
18970.0   2.20082006782e-16
19000.0   2.1890140565e-16
19070.0   2.16135571993e-16
19130.0   2.13724561746e-16
19200.0   2.10962025059e-16
19260.0   2.08556811073e-16
19320.0   2.06151323132e-16
19330.0   2.0579496816e-16
19390.0   2.03400535e-16
19420.0   2.02199290591e-16
19440.0   2.01452439239e-16
19450.0   2.01047873438e-16
19470.0   2.00341380726e-16
19480.0   1.99982083118e-16
19500.0   1.99308742093e-16
19510.0   1.98958840524e-16
19530.0   1.98289932059e-16
19560.0   1.97277726527e-16
19620.0   1.95222722524e-16
19680.0   1.9317199708e-16
19750.0   1.90813926529e-16
19810.0   1.88781835387e-16
19870.0   1.86767095637e-16
19930.0   1.84769321701e-16
20000.0   1.8250085556e-16
20060.0   1.80554088085e-16
20120.0   1.78630281739e-16
20180.0   1.76729079164e-16
20250.0   1.74578549908e-16
20310.0   1.72739468314e-16
20370.0   1.7091472976e-16
20430.0   1.69111173628e-16
20500.0   1.67064436651e-16
20560.0   1.65305666627e-16
20620.0   1.63574238595e-16
20680.0   1.61862674066e-16
20750.0   1.59927600442e-16
20810.0   1.5826521458e-16
20870.0   1.56621753224e-16
20930.0   1.54996930596e-16
20990.0   1.5339046591e-16
21060.0   1.51574945871e-16
21120.0   1.50007316614e-16
21180.0   1.4845718792e-16
21240.0   1.46917127901e-16
21310.0   1.45171716504e-16
21370.0   1.43653792861e-16
21430.0   1.42137969671e-16
21490.0   1.40609662392e-16
21520.0   1.39833581623e-16
21560.0   1.38836036782e-16
21590.0   1.38033297875e-16
21600.0   1.37730730557e-16
21620.0   1.37212939312e-16
21630.0   1.36890150732e-16
21640.0   1.36653840481e-16
21650.0   1.36339078289e-16
21660.0   1.36067767314e-16
21670.0   1.35854248181e-16
21680.0   1.35698519848e-16
21700.0   1.35373989702e-16
21720.0   1.35008118568e-16
21730.0   1.34832982771e-16
21760.0   1.34259882985e-16
21800.0   1.33468089469e-16
21830.0   1.32867805342e-16
21860.0   1.32256850067e-16
21920.0   1.31009990162e-16
21990.0   1.29569874843e-16
22050.0   1.28325191534e-16
22120.0   1.26899004244e-16
22180.0   1.25669883026e-16
22240.0   1.24454250558e-16
22310.0   1.23070730579e-16
22370.0   1.21876494641e-16
22440.0   1.20525788642e-16
22500.0   1.19359245553e-16
22560.0   1.18212368255e-16
22630.0   1.16900657596e-16
22690.0   1.15780250229e-16
22760.0   1.14506120874e-16
22820.0   1.13418553592e-16
22880.0   1.12335400544e-16
22950.0   1.11104075445e-16
23010.0   1.10045471395e-16
23080.0   1.08842355046e-16
23140.0   1.07814736984e-16
23200.0   1.06797870067e-16
23270.0   1.05641647559e-16
23330.0   1.04647568534e-16
23400.0   1.0351753583e-16
23460.0   1.02545571428e-16
23520.0   1.01590763921e-16
23590.0   1.00504798167e-16
23650.0   9.95711623452e-17
23720.0   9.85095331865e-17
23780.0   9.75964507381e-17
23840.0   9.6699822557e-17
23910.0   9.56724934003e-17
23970.0   9.47955522031e-17
24040.0   9.37980277215e-17
24100.0   9.29402051154e-17
24160.0   9.20910200417e-17
24230.0   9.11325798976e-17
24290.0   9.03017165909e-17
24360.0   8.93643442579e-17
24420.0   8.85584505502e-17
24480.0   8.77606000571e-17
24550.0   8.68529453175e-17
24610.0   8.60721600508e-17
24680.0   8.5191302317e-17
24740.0   8.44271005875e-17
24800.0   8.36703947058e-17
24870.0   8.28157979699e-17
24930.0   8.20807363925e-17
25000.0   8.1245871632e-17
25060.0   8.05284248964e-17
25120.0   7.98179694215e-17
25190.0   7.9011086717e-17
25250.0   7.83176227249e-17
25320.0   7.75285298182e-17
25380.0   7.68502134327e-17
25440.0   7.61784227397e-17
25510.0   7.54148746175e-17
25570.0   7.47569390359e-17
25640.0   7.40078986035e-17
25700.0   7.3362005605e-17
25760.0   7.27200571044e-17
25830.0   7.19870849774e-17
25890.0   7.13494766101e-17
25960.0   7.0619928225e-17
26020.0   6.99734027745e-17
26050.0   6.9645110568e-17
26080.0   6.93089119272e-17
26120.0   6.88766975151e-17
26150.0   6.85222552233e-17
26160.0   6.83824257423e-17
26180.0   6.81505551372e-17
26200.0   6.79128431049e-17
26210.0   6.77544177765e-17
26230.0   6.75054290411e-17
26240.0   6.73797279075e-17
26250.0   6.7273539211e-17
26260.0   6.72363414037e-17
26270.0   6.71082245369e-17
26280.0   6.69981850003e-17
26290.0   6.69420766604e-17
26310.0   6.68195522715e-17
26320.0   6.67767993605e-17
26340.0   6.66429776168e-17
26350.0   6.65884794307e-17
26370.0   6.64419206273e-17
26400.0   6.62228267981e-17
26430.0   6.59907075169e-17
26470.0   6.56669946414e-17
26500.0   6.54192708161e-17
26530.0   6.51678167226e-17
26590.0   6.46551201719e-17
26660.0   6.40565561686e-17
26720.0   6.35389745741e-17
26790.0   6.29429091058e-17
26850.0   6.24287612471e-17
26910.0   6.19179795223e-17
26980.0   6.13339130359e-17
27040.0   6.08318989633e-17
27110.0   6.0259578667e-17
27170.0   5.97667839968e-17
27230.0   5.927920521e-17
27300.0   5.87242236695e-17
27360.0   5.82462078643e-17
27430.0   5.7702955565e-17
27490.0   5.72356907474e-17
27550.0   5.67726450151e-17
27620.0   5.62456979916e-17
27680.0   5.57923395136e-17
27750.0   5.52778746447e-17
27810.0   5.48354090378e-17
27870.0   5.43961857306e-17
27940.0   5.38963495172e-17
28000.0   5.34662629428e-17
28070.0   5.29768419647e-17
28130.0   5.25563968474e-17
28190.0   5.21396698098e-17
28260.0   5.16654200976e-17
28320.0   5.12580352439e-17
28390.0   5.0793612624e-17
28450.0   5.03939383255e-17
28510.0   4.99991918997e-17
28580.0   4.95483944558e-17
28640.0   4.91617972895e-17
28710.0   4.87209969418e-17
28770.0   4.83416482093e-17
28830.0   4.79663014814e-17
28900.0   4.7539071989e-17
28960.0   4.71714316482e-17
29030.0   4.67529729189e-17
29090.0   4.63928678671e-17
29150.0   4.60358533203e-17
29220.0   4.56302471302e-17
29280.0   4.52805264898e-17
29350.0   4.48824996093e-17
29410.0   4.45406305239e-17
29470.0   4.42016707802e-17
29540.0   4.38158270895e-17
29600.0   4.34837768109e-17
29670.0   4.31050702446e-17
29730.0   4.27797807618e-17
29790.0   4.24572316912e-17
29860.0   4.20900841663e-17
29920.0   4.17740860081e-17
29990.0   4.14143802265e-17
