900.0   9.55746886442e-16
900.1   9.57029253318e-16
900.2   9.58313027842e-16
900.3   9.59659332507e-16
900.4   9.60945925896e-16
900.5   9.62264491155e-16
900.6   9.63584468823e-16
900.7   9.64875299439e-16
900.8   9.661981055e-16
900.9   9.67522327545e-16
901.0   9.68847966768e-16
901.1   9.70144463711e-16
901.2   9.71472940871e-16
901.3   9.72802838791e-16
901.4   9.74134158667e-16
901.5   9.75466901693e-16
901.6   9.76770508415e-16
901.7   9.78106101333e-16
901.8   9.7941256034e-16
901.9   9.80781568588e-16
902.0   9.82090884672e-16
902.1   9.83432191742e-16
902.2   9.84774930348e-16
902.3   9.86088541037e-16
902.4   9.87434146314e-16
902.5   9.88781186727e-16
902.6   9.90129663478e-16
902.7   9.91449017118e-16
902.8   9.92800370151e-16
902.9   9.94122602478e-16
903.0   9.95507397258e-16
903.1   9.96863073739e-16
903.2   9.98189633125e-16
903.3   9.99548197926e-16
903.4   1.0009082087e-15
903.5   1.00226966664e-15
903.6   1.00360201231e-15
903.7   1.00496636823e-15
903.8   1.00630161428e-15
903.9   1.00769943365e-15
904.0   1.00906814558e-15
904.1   1.01040775127e-15
904.2   1.01177937325e-15
904.3   1.01315245208e-15
904.4   1.01452698895e-15
904.5   1.01587242444e-15
904.6   1.01724988106e-15
904.7   1.01865936002e-15
904.8   1.02000918058e-15
904.9   1.0213910259e-15
905.0   1.0227437759e-15
905.1   1.02415911375e-15
905.2   1.02557591935e-15
905.5   1.02974347293e-15
906.2   1.03939712069e-15
907.4   1.05632487436e-15
908.0   1.06483883395e-15
909.9   1.0921630826e-15
911.8   1.12055800065e-15
912.8   1.13541008504e-15
913.2   1.14158408455e-15
913.5   1.14620812199e-15
913.7   1.14963483692e-15
913.9   1.15337345503e-15
914.1   1.15687389465e-15
914.2   1.15906961208e-15
914.3   1.16138915259e-15
914.4   1.16389363873e-15
914.5   1.16652195047e-15
914.6   1.16933521037e-15
914.8   1.17371350126e-15
914.9   1.17680656736e-15
915.0   1.18008458667e-15
915.1   1.18348643917e-15
915.2   1.18701212611e-15
915.4   1.19214295953e-15
915.5   1.1959179148e-15
915.6   1.19981670958e-15
915.7   1.20386990579e-15
915.8   1.20798582276e-15
915.9   1.21225614369e-15
916.1   1.21802057348e-15
916.2   1.22244850743e-15
916.3   1.22693916848e-15
916.4   1.23152311854e-15
916.5   1.23616979825e-15
916.7   1.24235080132e-15
916.8   1.24712455629e-15
916.9   1.25199160664e-15
917.0   1.25682971105e-15
917.1   1.2617611134e-15
917.2   1.26669413301e-15
917.4   1.27314223612e-15
917.5   1.27814123646e-15
917.6   1.28308073786e-15
917.8   1.29290349156e-15
918.0   1.29921827514e-15
918.1   1.30382974038e-15
918.2   1.3081677898e-15
918.3   1.31201850011e-15
918.4   1.31440393175e-15
918.5   1.31663819402e-15
918.6   1.31670428519e-15
918.7   1.3162830424e-15
918.8   1.31207391654e-15
918.9   1.29918720468e-15
919.0   1.28327662861e-15
919.1   1.2646783568e-15
919.2   1.23333793617e-15
919.3   1.20728615241e-15
919.4   1.19236009126e-15
919.5   1.21236650153e-15
919.6   1.24582124649e-15
919.7   1.27609933299e-15
919.8   1.30332300494e-15
919.9   1.32718665711e-15
920.0   1.3450926354e-15
920.1   1.35639916742e-15
920.2   1.36098401186e-15
920.3   1.35985567151e-15
920.4   1.35166947899e-15
920.5   1.33703664863e-15
920.6   1.31733241103e-15
920.7   1.29319854117e-15
920.8   1.2657963451e-15
920.9   1.23402564066e-15
921.0   1.21280002709e-15
921.1   1.23329137024e-15
921.2   1.26891190458e-15
921.3   1.30065290615e-15
921.4   1.33019521208e-15
921.5   1.35732489911e-15
921.6   1.38216421114e-15
921.7   1.40321567755e-15
921.8   1.41919575227e-15
921.9   1.43151022656e-15
922.0   1.43899779697e-15
922.1   1.44248360239e-15
922.2   1.44190652282e-15
922.3   1.43680814978e-15
922.4   1.42676063545e-15
922.5   1.41329201371e-15
922.6   1.39493537459e-15
922.7   1.37373828305e-15
922.8   1.34976186168e-15
922.9   1.32266994463e-15
923.0   1.29298206427e-15
923.1   1.25852841565e-15
923.2   1.24840274033e-15
923.3   1.27776312277e-15
923.4   1.30966173658e-15
923.5   1.33881159035e-15
923.6   1.37847600816e-15
923.7   1.4027395588e-15
923.8   1.42651584155e-15
923.9   1.44855187098e-15
924.0   1.47682397847e-15
924.1   1.4941265185e-15
924.2   1.50910815677e-15
924.3   1.5259862645e-15
924.4   1.53553152624e-15
924.5   1.54263364755e-15
924.6   1.5506543014e-15
924.7   1.55287014576e-15
924.8   1.55417088621e-15
924.9   1.55363970449e-15
925.0   1.5485261433e-15
925.1   1.54280308863e-15
925.2   1.53494250923e-15
925.3   1.5246387999e-15
925.4   1.50419067777e-15
925.5   1.48887846991e-15
925.6   1.47197883432e-15
925.7   1.44190928536e-15
925.8   1.42091797868e-15
925.9   1.39766691387e-15
926.0   1.37227833486e-15
926.1   1.3274549142e-15
926.2   1.29815803856e-15
926.3   1.29817056309e-15
926.4   1.33488816678e-15
926.5   1.37255488867e-15
926.6   1.40646438974e-15
926.7   1.43750293021e-15
926.8   1.46594555727e-15
926.9   1.49353422937e-15
927.0   1.51886315787e-15
927.1   1.54281860297e-15
927.2   1.56543112667e-15
927.3   1.58633400246e-15
927.4   1.60509938254e-15
927.5   1.62172726824e-15
927.6   1.63682887393e-15
927.7   1.65009859439e-15
927.8   1.66184203749e-15
927.9   1.67205920454e-15
928.0   1.68105570339e-15
928.1   1.68883153537e-15
928.2   1.6953867018e-15
928.3   1.70072120401e-15
928.4   1.70514064984e-15
928.5   1.70833943412e-15
928.6   1.71062316468e-15
928.7   1.71168623634e-15
928.8   1.71152865044e-15
928.9   1.70923358875e-15
929.0   1.70510665912e-15
929.1   1.6994534694e-15
929.2   1.69227402093e-15
929.3   1.68295710201e-15
929.4   1.67211392699e-15
929.5   1.65974449722e-15
929.6   1.64676563358e-15
929.7   1.63287173088e-15
929.8   1.61745157743e-15
929.9   1.59989396153e-15
930.0   1.58013776322e-15
930.1   1.55906924274e-15
930.2   1.5356187786e-15
930.3   1.5107031917e-15
930.4   1.48343622448e-15
930.5   1.45287049808e-15
930.6   1.41753910257e-15
930.7   1.37848110144e-15
930.8   1.37395843173e-15
930.9   1.41353657873e-15
931.0   1.45388053989e-15
931.1   1.48930603539e-15
931.2   1.52140222044e-15
931.3   1.55090255203e-15
931.4   1.57909057885e-15
931.5   1.60523284661e-15
931.6   1.62991000905e-15
931.7   1.65333599205e-15
931.8   1.67462453808e-15
931.9   1.69469246802e-15
932.0   1.71353978323e-15
932.1   1.73391694367e-15
932.2   1.75307349206e-15
932.3   1.77131503627e-15
932.4   1.78864157763e-15
932.5   1.80474751099e-15
932.6   1.82054965724e-15
932.7   1.83513119817e-15
932.8   1.84788092211e-15
932.9   1.85971564996e-15
933.0   1.87094098957e-15
933.1   1.88125133578e-15
933.2   1.89125790298e-15
933.3   1.90034947949e-15
933.4   1.90913727968e-15
933.5   1.91670448536e-15
933.6   1.92335670441e-15
933.7   1.92939954468e-15
933.8   1.93544422057e-15
934.0   1.94509423248e-15
934.2   1.9526123575e-15
934.4   1.95738739342e-15
934.5   1.9585552523e-15
934.6   1.95941935111e-15
934.7   1.95906287168e-15
934.8   1.95748581536e-15
934.9   1.95499379003e-15
935.0   1.95158679704e-15
935.1   1.94695923124e-15
935.2   1.94233352004e-15
935.3   1.93648723876e-15
935.4   1.93003160177e-15
935.5   1.92235539741e-15
935.6   1.91376423356e-15
935.7   1.90425811158e-15
935.8   1.89353142631e-15
935.9   1.88372342472e-15
936.0   1.87361168212e-15
936.1   1.86319619988e-15
936.2   1.85186576631e-15
936.3   1.83992598931e-15
936.4   1.82737687024e-15
936.5   1.81391280394e-15
936.6   1.79953379179e-15
936.7   1.78362862212e-15
936.8   1.76650290282e-15
936.9   1.74754542221e-15
937.0   1.72767300121e-15
937.1   1.70615218556e-15
937.2   1.68279961271e-15
937.3   1.6571263136e-15
937.4   1.62919341092e-15
937.5   1.59832857169e-15
937.6   1.5628815221e-15
937.7   1.52019348685e-15
937.8   1.50094736143e-15
937.9   1.50285109835e-15
938.0   1.5463192142e-15
938.1   1.58997258819e-15
938.2   1.62702675705e-15
938.3   1.66075171188e-15
938.4   1.69197259162e-15
938.5   1.72105612549e-15
938.6   1.74797175419e-15
938.7   1.78466869385e-15
938.8   1.80822645721e-15
938.9   1.83025809321e-15
939.0   1.85137481627e-15
939.1   1.87096541473e-15
939.2   1.88994670951e-15
939.3   1.90801309548e-15
939.5   1.94323478557e-15
939.7   1.97724170907e-15
939.9   2.01278433564e-15
940.1   2.04833464376e-15
940.3   2.08267021841e-15
940.5   2.11517985761e-15
940.7   2.14891963759e-15
940.9   2.18113911077e-15
941.1   2.21061586217e-15
941.3   2.23857232894e-15
941.5   2.26500852215e-15
941.7   2.28900763337e-15
941.9   2.31148649325e-15
942.1   2.33213950637e-15
942.3   2.3500498643e-15
942.5   2.36674561076e-15
942.7   2.38222675686e-15
942.9   2.39679892027e-15
943.1   2.40985089909e-15
943.3   2.42107709795e-15
943.5   2.43108874105e-15
943.7   2.43927462652e-15
943.9   2.44594037204e-15
944.1   2.44986356273e-15
944.3   2.45134981628e-15
944.5   2.45070475041e-15
944.7   2.44731716328e-15
944.9   2.44118706609e-15
945.1   2.43170325701e-15
945.3   2.41947696031e-15
945.5   2.40481379371e-15
945.7   2.38924180102e-15
945.9   2.37184417393e-15
946.1   2.35231531717e-15
946.3   2.33187766805e-15
946.5   2.30930881176e-15
946.9   2.26480647257e-15
947.3   2.22125324191e-15
947.5   2.19903035338e-15
947.7   2.17589875142e-15
947.9   2.15216405382e-15
948.1   2.12690945237e-15
948.2   2.11367399041e-15
948.3   2.09982935184e-15
948.4   2.08506993157e-15
948.5   2.07856392646e-15
948.6   2.06258616004e-15
948.7   2.04508240313e-15
948.8   2.02635826367e-15
948.9   2.00610813654e-15
949.0   1.98433202317e-15
949.1   1.96102992498e-15
949.2   1.93571287296e-15
949.3   1.90792245876e-15
949.4   1.87747531989e-15
949.5   1.84391304799e-15
949.6   1.80414901868e-15
949.7   1.75366025695e-15
949.8   1.74281071794e-15
949.9   1.79097585614e-15
950.0   1.83926529748e-15
950.1   1.87927486421e-15
950.2   1.91558865548e-15
950.3   1.94924573486e-15
950.4   1.980490589e-15
950.5   2.00938434062e-15
950.6   2.03653820417e-15
950.7   2.06247171216e-15
950.8   2.08687925948e-15
950.9   2.11006645409e-15
951.0   2.1317276909e-15
951.1   2.15247418435e-15
951.2   2.17230593588e-15
951.3   2.19122294691e-15
951.4   2.21014203841e-15
951.5   2.22814639227e-15
951.7   2.26385574489e-15
952.1   2.33377146323e-15
952.3   2.36858906485e-15
952.5   2.40372065205e-15
952.7   2.44099987536e-15
952.9   2.4792043202e-15
953.1   2.5201676371e-15
953.3   2.56144498543e-15
953.7   2.64585864179e-15
953.9   2.6889949728e-15
954.1   2.73397341374e-15
954.3   2.78140518915e-15
954.5   2.8288454584e-15
954.9   2.92191788543e-15
955.1   2.96755006623e-15
955.3   3.01227396743e-15
955.5   3.05608960056e-15
955.7   3.0962465185e-15
955.9   3.13396715889e-15
956.1   3.17047395933e-15
956.3   3.2060725379e-15
956.5   3.23984608662e-15
956.7   3.27179461706e-15
956.9   3.30222374731e-15
957.3   3.36005188617e-15
957.7   3.41424741549e-15
958.1   3.46419921506e-15
958.5   3.50990737782e-15
958.9   3.55106639028e-15
959.3   3.58767634554e-15
959.7   3.61882051727e-15
960.1   3.64449899875e-15
960.5   3.66440627687e-15
960.9   3.67823683859e-15
961.3   3.68568517097e-15
961.7   3.68705697418e-15
962.1   3.68174112895e-15
962.5   3.67034894214e-15
962.9   3.65226929466e-15
963.3   3.62841910007e-15
963.7   3.59879845249e-15
964.1   3.56401865913e-15
964.5   3.52469102731e-15
964.9   3.48142686443e-15
965.3   3.4351430845e-15
965.7   3.38583978206e-15
966.1   3.33504508432e-15
966.9   3.23050991448e-15
967.7   3.12612243146e-15
968.5   3.02432824748e-15
969.3   2.92573933704e-15
970.1   2.82730039777e-15
970.5   2.77630376696e-15
970.7   2.74990279331e-15
970.9   2.72167763739e-15
971.0   2.7071101997e-15
971.1   2.69193391768e-15
971.2   2.6758431863e-15
971.3   2.65883800706e-15
971.4   2.64091838146e-15
971.5   2.62147309796e-15
971.6   2.60050215806e-15
971.7   2.57739435024e-15
971.8   2.55276088902e-15
971.9   2.52537934983e-15
972.0   2.49555534069e-15
972.1   2.46289157464e-15
972.2   2.42692964339e-15
972.3   2.38626375848e-15
972.4   2.33319263723e-15
972.5   2.28644996052e-15
972.6   2.28909568784e-15
972.7   2.34507214476e-15
972.8   2.40282351364e-15
972.9   2.44884198802e-15
973.0   2.4903093225e-15
973.1   2.52857018725e-15
973.2   2.56417467551e-15
973.3   2.59733671334e-15
973.4   2.62805630225e-15
973.5   2.65694465676e-15
973.6   2.68369617186e-15
973.7   2.70922766861e-15
973.8   2.73353914851e-15
973.9   2.75663061307e-15
974.0   2.7788076703e-15
974.1   2.80037592823e-15
974.2   2.82133538837e-15
974.4   2.8620391343e-15
974.6   2.90183573969e-15
974.8   2.94072521661e-15
975.2   3.01792207889e-15
975.6   3.09546345678e-15
976.0   3.17426626646e-15
976.4   3.25555303072e-15
976.8   3.34024066588e-15
977.2   3.42894048183e-15
977.6   3.52256939507e-15
977.8   3.57138509674e-15
978.0   3.62173871563e-15
978.2   3.67393587039e-15
978.4   3.72767096666e-15
978.6   3.78324962309e-15
978.8   3.84067185183e-15
979.0   3.90024327156e-15
979.2   3.96196389445e-15
979.4   4.02583373264e-15
979.6   4.09215840483e-15
979.8   4.16093792319e-15
980.0   4.23247790643e-15
980.2   4.3064727602e-15
980.4   4.38353370971e-15
980.6   4.46366076718e-15
980.8   4.54685394478e-15
981.0   4.63341886124e-15
981.2   4.72335552876e-15
981.4   4.81696956607e-15
981.6   4.9145665919e-15
981.8   5.01553540544e-15
982.0   5.12079283845e-15
982.2   5.23033890316e-15
982.4   5.34386800528e-15
982.6   5.4619913701e-15
982.8   5.58348658377e-15
983.0   5.71140972371e-15
983.2   5.84545519562e-15
983.4   5.98256694664e-15
983.6   6.12274498901e-15
983.8   6.27210146529e-15
984.0   6.42452425745e-15
984.2   6.58001337776e-15
984.4   6.74468096879e-15
984.6   6.91241491253e-15
984.8   7.08627128638e-15
985.0   7.26930616782e-15
985.2   7.45540743881e-15
985.6   7.84597739411e-15
986.0   8.26103731583e-15
986.4   8.6975312373e-15
986.8   9.15545925706e-15
987.2   9.63176540853e-15
987.6   1.01325619207e-14
988.0   1.0651736762e-14
988.4   1.11984582267e-14
988.8   1.17635582181e-14
989.2   1.23470368352e-14
990.0   1.35355136258e-14
990.8   1.47516651303e-14
991.6   1.6010772468e-14
992.0   1.66465026108e-14
992.4   1.72761636515e-14
992.8   1.78722511034e-14
993.2   1.8440877196e-14
993.6   1.8997322355e-14
994.0   1.95599230705e-14
994.4   2.01103430517e-14
994.8   2.06241338768e-14
995.2   2.10951835155e-14
995.6   2.15265481326e-14
996.0   2.19335081539e-14
996.4   2.23038394188e-14
996.8   2.26192056363e-14
997.2   2.28673826459e-14
997.6   2.30667069386e-14
998.0   2.32446832009e-14
998.4   2.3419647924e-14
998.8   2.34968631885e-14
999.2   2.34732730295e-14
999.6   2.34008306549e-14
1000.0   2.33498256638e-14
1001.0   2.32423748261e-14
1002.0   2.24934333016e-14
1003.0   2.14422258953e-14
1004.0   2.05379957596e-14
1005.0   1.89617190105e-14
1006.0   1.78349731373e-14
1007.0   1.54738678212e-14
1008.0   1.43232567661e-14
1009.0   1.32096125368e-14
1010.0   1.21787776956e-14
1011.0   1.09495958349e-14
1012.0   9.86129177479e-15
1013.0   8.90775497421e-15
1014.0   8.09204308917e-15
1015.0   7.40193345114e-15
1016.0   6.83742765354e-15
1017.0   6.37835726099e-15
1018.0   6.00547065887e-15
1019.0   5.64511827396e-15
1020.0   5.46110679655e-15
1021.0   5.21292549823e-15
1022.0   5.08424549484e-15
1023.0   4.81560845602e-15
1024.0   4.77893911286e-15
1025.0   4.61056731508e-15
1026.0   4.23525434233e-15
1027.0   4.58375700195e-15
1028.0   4.89401649272e-15
1029.0   5.2339401882e-15
1030.0   5.43025080077e-15
1031.0   5.63819804729e-15
1032.0   5.9519103421e-15
1033.0   6.29559887754e-15
1034.0   6.66193070585e-15
1035.0   6.96992170945e-15
1036.0   7.32592456499e-15
1037.0   7.99245687868e-15
1038.0   9.23203625702e-15
1039.0   1.07531156946e-14
1040.0   1.24915194334e-14
1041.0   1.41783153503e-14
1042.0   1.64399984122e-14
1043.0   1.78371635426e-14
1044.0   2.01178816191e-14
1045.0   2.1876364282e-14
1046.0   2.44633939389e-14
1047.0   2.74511230785e-14
1048.0   3.02619569967e-14
1049.0   3.23060767288e-14
1050.0   3.5627991471e-14
1051.0   3.8060952639e-14
1052.0   3.92107294366e-14
1053.0   4.01163856237e-14
1054.0   4.0380634338e-14
1055.0   4.08897360808e-14
1056.0   4.13686465944e-14
1057.0   4.09616692421e-14
1058.0   3.95465630227e-14
1059.0   3.90486505867e-14
1060.0   4.04153137346e-14
1061.0   4.34020688571e-14
1062.0   4.8375645374e-14
1063.0   5.63139857352e-14
1064.0   6.87145634651e-14
1065.0   7.62563814474e-14
1066.0   8.35540996602e-14
1067.0   9.12494933821e-14
1068.0   9.54308008132e-14
1069.0   9.68314791846e-14
1070.0   9.18148125578e-14
1071.0   8.79598441024e-14
1072.0   8.43803165148e-14
1073.0   8.27570672175e-14
1074.0   7.87810459332e-14
1075.0   7.49887883242e-14
1076.0   7.07385222932e-14
1077.0   6.91168752267e-14
1078.0   7.08878649943e-14
1079.0   7.70905553271e-14
1080.0   8.75721445456e-14
1081.0   1.01446375331e-13
1082.0   1.19935675319e-13
1083.0   1.3157980176e-13
1084.0   1.45821997546e-13
1085.0   1.52974537712e-13
1086.0   1.60769268657e-13
1087.0   1.64530412268e-13
1088.0   1.68811507179e-13
1089.0   1.71014899574e-13
1090.0   1.74410580722e-13
1091.0   1.75759123119e-13
1092.0   1.76771924803e-13
1093.0   1.77601790582e-13
1094.0   1.78707131778e-13
1096.0   1.79421637089e-13
1097.0   1.79794820577e-13
1099.0   1.79900722577e-13
1101.0   1.79825015841e-13
1104.0   1.79027158776e-13
1107.0   1.777137884e-13
1110.0   1.75976627539e-13
1113.0   1.73724034863e-13
1117.0   1.71246555408e-13
1120.0   1.68698077697e-13
1123.0   1.66214954066e-13
1126.0   1.63705541998e-13
1129.0   1.60925395425e-13
1133.0   1.57653156073e-13
1136.0   1.5375247568e-13
1139.0   1.49642310256e-13
1142.0   1.4541437948e-13
1145.0   1.40763114212e-13
1149.0   1.35566828478e-13
1152.0   1.29887178486e-13
1155.0   1.23937119178e-13
1157.0   1.20859265395e-13
1158.0   1.1756388304e-13
1160.0   1.14183557261e-13
1161.0   1.10584141505e-13
1165.0   1.03312392654e-13
1168.0   9.57936790133e-14
1169.0   9.19234686907e-14
1171.0   8.80353026145e-14
1173.0   8.39659308475e-14
1174.0   7.96400085041e-14
1177.0   7.12190427863e-14
1181.0   6.31261233338e-14
1182.0   5.89879444193e-14
1184.0   5.5022297974e-14
1185.0   5.30555871672e-14
1186.0   4.91946722365e-14
1187.0   4.74124390311e-14
1188.0   4.56704932388e-14
1189.0   4.3981060259e-14
1190.0   4.06480250651e-14
1191.0   3.91216863409e-14
1192.0   3.76600880703e-14
1193.0   3.62632313681e-14
1194.0   3.35742244152e-14
1195.0   3.23954800588e-14
1196.0   3.12906487739e-14
1197.0   3.02627877157e-14
1198.0   2.87954229574e-14
1199.0   2.79551223151e-14
1200.0   2.67670020767e-14
1201.0   2.60989858107e-14
1202.0   2.51595537017e-14
1203.0   2.46485457221e-14
1204.0   2.39333574318e-14
1205.0   2.3561025533e-14
1206.0   2.3027300309e-14
1207.0   2.27630879735e-14
1208.0   2.23680450121e-14
1209.0   2.2181395671e-14
1210.0   2.18883662472e-14
1211.0   2.16316759844e-14
1212.0   2.15140096665e-14
1213.0   2.14002902018e-14
1214.0   2.12214514993e-14
1215.0   2.06236021893e-14
1216.0   1.97720763649e-14
1217.0   2.03535173452e-14
1218.0   2.17163729947e-14
1219.0   2.21593327913e-14
1220.0   2.27825811313e-14
1221.0   2.30403057135e-14
1222.0   2.35672521978e-14
1223.0   2.39908871637e-14
1224.0   2.45587528028e-14
1225.0   2.49927480939e-14
1226.0   2.5656545691e-14
1227.0   2.61834186697e-14
1228.0   2.68453577157e-14
1229.0   2.72909162167e-14
1230.0   2.78684864732e-14
1231.0   2.86391906547e-14
1232.0   2.97069358357e-14
1233.0   3.10961713899e-14
1234.0   3.27885617718e-14
1235.0   3.50988825306e-14
1236.0   3.75901171806e-14
1237.0   3.93668394568e-14
1238.0   4.12083467903e-14
1239.0   4.41017490356e-14
1240.0   4.7249413991e-14
1241.0   4.94992058901e-14
1242.0   5.17954496539e-14
1243.0   5.63782418209e-14
1244.0   5.88468493462e-14
1245.0   6.13771913859e-14
1246.0   6.63529995192e-14
1248.0   7.1325074507e-14
1250.0   7.62384930212e-14
1251.0   8.0972896952e-14
1252.0   8.32936277937e-14
1253.0   8.55232957723e-14
1254.0   8.97094652418e-14
1256.0   9.39885390297e-14
1258.0   9.81478576304e-14
1259.0   1.01787044618e-13
1261.0   1.05308330668e-13
1262.0   1.08582663343e-13
1264.0   1.11954898916e-13
1266.0   1.15085157404e-13
1267.0   1.17690290878e-13
1269.0   1.20213107643e-13
1270.0   1.22514522927e-13
1272.0   1.24949439623e-13
1274.0   1.27203519343e-13
1275.0   1.2914136545e-13
1277.0   1.31093637273e-13
1278.0   1.32758339227e-13
1282.0   1.36214633152e-13
1285.0   1.39019824057e-13
1288.0   1.41433471589e-13
1291.0   1.43486148496e-13
1294.0   1.45147305612e-13
1295.0   1.45569878983e-13
1298.0   1.46749774034e-13
1300.0   1.47845195023e-13
1305.0   1.50075498979e-13
1310.0   1.5171073985e-13
1312.0   1.52424375568e-13
1315.0   1.53178802697e-13
1318.0   1.53877946744e-13
1320.0   1.53960187585e-13
1325.0   1.54329966725e-13
1330.0   1.54807692752e-13
1335.0   1.55393382438e-13
1340.0   1.56087047781e-13
1345.0   1.57285984489e-13
1350.0   1.58073375505e-13
1355.0   1.5854090055e-13
1358.0   1.58829237455e-13
1360.0   1.58719113328e-13
1362.0   1.5836710926e-13
1365.0   1.57935667881e-13
1368.0   1.57357279214e-13
1370.0   1.5652671509e-13
1375.0   1.55470174892e-13
1380.0   1.54460415261e-13
1385.0   1.52947314396e-13
1388.0   1.52285583877e-13
1390.0   1.51633732681e-13
1391.0   1.51537979124e-13
1392.0   1.51442869893e-13
1394.0   1.51896356719e-13
1395.0   1.52169906208e-13
1396.0   1.52444098616e-13
1398.0   1.53147213959e-13
1399.0   1.53759500043e-13
1400.0   1.54433548829e-13
1402.0   1.5605861486e-13
1405.0   1.58057884778e-13
1408.0   1.60032344172e-13
1410.0   1.61606511121e-13
1412.0   1.6293873942e-13
1415.0   1.6428479429e-13
1418.0   1.65361511115e-13
1420.0   1.65970430784e-13
1422.0   1.66429073595e-13
1425.0   1.6699952265e-13
1430.0   1.67677607122e-13
1435.0   1.68218535363e-13
1445.0   1.69133094524e-13
1465.0   1.70993500797e-13
1485.0   1.73185881317e-13
1505.0   1.75764353417e-13
1525.0   1.78751610543e-13
1545.0   1.82108432266e-13
1565.0   1.85794878384e-13
1585.0   1.89862044924e-13
1605.0   1.9423821403e-13
1625.0   1.98912291995e-13
1645.0   2.03903321744e-13
1665.0   2.09138311791e-13
1685.0   2.14635669648e-13
1705.0   2.20352465572e-13
1725.0   2.26276178688e-13
1745.0   2.32394197376e-13
1765.0   2.38693876959e-13
1785.0   2.45162593884e-13
1805.0   2.51726674972e-13
1825.0   2.58465368835e-13
1845.0   2.65274721856e-13
1865.0   2.72203784794e-13
1885.0   2.79210163348e-13
1905.0   2.86251732302e-13
1925.0   2.93378346173e-13
1945.0   3.00517939961e-13
1965.0   3.07690475771e-13
1985.0   3.14855158507e-13
2005.0   3.22032694467e-13
2025.0   3.29183061935e-13
2045.0   3.36327764343e-13
2065.0   3.43427595748e-13
2085.0   3.50474328574e-13
2105.0   3.57460156605e-13
2125.0   3.64377696653e-13
2145.0   3.71250549065e-13
2165.0   3.78011053317e-13
2185.0   3.84683648608e-13
2205.0   3.91293187236e-13
2225.0   3.97773246743e-13
2245.0   4.0414948684e-13
2265.0   4.10402118521e-13
2285.0   4.16545352959e-13
2305.0   4.22566270671e-13
2325.0   4.28458428075e-13
2345.0   4.34215734667e-13
2365.0   4.39838554023e-13
2385.0   4.45324524116e-13
2405.0   4.50665489493e-13
2425.0   4.55865825698e-13
2445.0   4.60917978652e-13
2465.0   4.65820788859e-13
2485.0   4.70576423139e-13
2505.0   4.7517813819e-13
2525.0   4.79631660939e-13
2545.0   4.83930728025e-13
2565.0   4.88075410346e-13
2585.0   4.92069045317e-13
2605.0   4.9590905722e-13
2625.0   4.99596114161e-13
2645.0   5.03128004961e-13
2665.0   5.06511852699e-13
2685.0   5.09742711833e-13
2705.0   5.12824950515e-13
2725.0   5.15756960445e-13
2745.0   5.18540315545e-13
2765.0   5.21176706701e-13
2785.0   5.23670988959e-13
2805.0   5.26018948711e-13
2825.0   5.28225631869e-13
2845.0   5.30293111708e-13
2865.0   5.32223537357e-13
2885.0   5.34016070486e-13
2905.0   5.35672990495e-13
2925.0   5.371996879e-13
2945.0   5.38595489817e-13
2965.0   5.39865878209e-13
2985.0   5.41010259909e-13
3005.0   5.4203112938e-13
3025.0   5.42931007503e-13
3045.0   5.4370938063e-13
3065.0   5.44374920234e-13
3085.0   5.44927142157e-13
3105.0   5.45368626771e-13
3125.0   5.45698902973e-13
3145.0   5.45923612752e-13
3165.0   5.46042283512e-13
3185.0   5.46063605207e-13
3205.0   5.45984034895e-13
3225.0   5.45806130338e-13
3245.0   5.45535491346e-13
3265.0   5.45171589159e-13
3285.0   5.44719988473e-13
3305.0   5.44180121108e-13
3325.0   5.43554452288e-13
3345.0   5.42848478889e-13
3365.0   5.42061559623e-13
3385.0   5.41196081764e-13
3405.0   5.40254403741e-13
3425.0   5.39241909982e-13
3445.0   5.38154785559e-13
3465.0   5.37001407658e-13
3485.0   5.35780952242e-13
3505.0   5.34492561476e-13
3525.0   5.33144511233e-13
3545.0   5.31735874121e-13
3565.0   5.30265687163e-13
3585.0   5.28742119575e-13
3605.0   5.27161079958e-13
3625.0   5.25530664537e-13
3643.0   5.24016847428e-13
3644.0   5.23928786517e-13
3645.0   5.23846708432e-13
3647.0   5.23663828902e-13
3650.0   5.23406882118e-13
3660.0   5.22539059583e-13
3670.0   5.21658682109e-13
3676.0   5.21123303364e-13
3680.0   5.20765981523e-13
3683.0   5.20493663466e-13
3684.0   5.2040672473e-13
3687.0   5.201360211e-13
3688.0   5.20045547571e-13
3693.0   5.19591397728e-13
3698.0   5.19131242177e-13
3703.0   5.18671221141e-13
3704.0   5.1857886881e-13
3705.0   5.18486400959e-13
3707.0   5.18298063519e-13
3710.0   5.18022336676e-13
3712.0   5.17838966159e-13
3713.0   5.17739470008e-13
3716.0   5.17458637678e-13
3721.0   5.16988329443e-13
3722.0   5.16900043749e-13
3723.0   5.16802478312e-13
3725.0   5.16613125797e-13
3728.0   5.16325209804e-13
3735.0   5.15656688332e-13
3742.0   5.14985895327e-13
3747.0   5.14498297537e-13
3749.0   5.14303736272e-13
3751.0   5.14108752088e-13
3755.0   5.13726689947e-13
3763.0   5.12948396885e-13
3769.0   5.12338198022e-13
3770.0   5.12229520177e-13
3772.0   5.12030197125e-13
3775.0   5.11751848732e-13
3778.0   5.11472597776e-13
3781.0   5.11183281624e-13
3784.0   5.1088696189e-13
3787.0   5.10577531969e-13
3790.0   5.10258053437e-13
3793.0   5.09925475719e-13
3794.0   5.09820535129e-13
3796.0   5.09585916419e-13
3798.0   5.09375362232e-13
3799.0   5.09266885577e-13
3800.0   5.09176649917e-13
3802.0   5.0899894928e-13
3803.0   5.08920652898e-13
3804.0   5.08839205858e-13
3807.0   5.08575962783e-13
3809.0   5.08403054158e-13
3812.0   5.08123126814e-13
3815.0   5.07827083926e-13
3817.0   5.07619073743e-13
3820.0   5.07294146091e-13
3822.0   5.07051603996e-13
3825.0   5.06700862389e-13
3828.0   5.06330972175e-13
3829.0   5.06189159462e-13
3830.0   5.06050313348e-13
3833.0   5.0566380079e-13
3835.0   5.05400588525e-13
3836.0   5.05273433935e-13
3837.0   5.05161471557e-13
3838.0   5.0508609404e-13
3839.0   5.0501979699e-13
3840.0   5.04950356339e-13
3841.0   5.04883884408e-13
3842.0   5.0482038139e-13
3844.0   5.04683946465e-13
3847.0   5.04501565701e-13
3851.0   5.0419301076e-13
3853.0   5.04027524814e-13
3855.0   5.03852531192e-13
3857.0   5.03661919273e-13
3859.0   5.03464858759e-13
3860.0   5.03363146732e-13
3862.0   5.0315030401e-13
3864.0   5.02924904312e-13
3866.0   5.02683893066e-13
3868.0   5.02433383892e-13
3870.0   5.02179490407e-13
3872.0   5.01913045898e-13
3874.0   5.01627939715e-13
3875.0   5.01427199866e-13
3877.0   5.01132440329e-13
3879.0   5.00815966735e-13
3881.0   5.00493060879e-13
3885.0   4.99834070357e-13
3887.0   4.99439923371e-13
3889.0   4.99143256171e-13
3890.0   4.98990221064e-13
3891.0   4.98898229229e-13
3892.0   4.98852000521e-13
3893.0   4.98811806272e-13
3894.0   4.98780702729e-13
3895.0   4.98746465811e-13
3896.0   4.98709095698e-13
3898.0   4.98640236929e-13
3900.0   4.98601632443e-13
3903.0   4.98457584578e-13
3906.0   4.98294519025e-13
3909.0   4.98118552711e-13
3911.0   4.98020223442e-13
3914.0   4.97797299263e-13
3917.0   4.97561487028e-13
3919.0   4.974069685e-13
3922.0   4.97124219472e-13
3925.0   4.96828594972e-13
3927.0   4.96620965618e-13
3930.0   4.96290649453e-13
3933.0   4.95941358144e-13
3935.0   4.95680640115e-13
3938.0   4.95284453545e-13
3941.0   4.94869304168e-13
3943.0   4.94549407266e-13
3945.0   4.94265908138e-13
3946.0   4.94084327023e-13
3947.0   4.93890453403e-13
3949.0   4.93588071928e-13
3950.0   4.93397050652e-13
3951.0   4.93196793609e-13
3953.0   4.92890815502e-13
3954.0   4.92681188558e-13
3955.0   4.92459270453e-13
3957.0   4.92119140424e-13
3958.0   4.91906190815e-13
3959.0   4.91684006776e-13
3961.0   4.91340290812e-13
3962.0   4.91099572678e-13
3965.0   4.90523716644e-13
3966.0   4.90288849352e-13
3967.0   4.90044748954e-13
3969.0   4.89687764888e-13
3970.0   4.89431246487e-13
3971.0   4.89248009397e-13
3972.0   4.89098324934e-13
3973.0   4.89113604063e-13
3974.0   4.89104370909e-13
3975.0   4.89104242351e-13
3976.0   4.89116274618e-13
3978.0   4.89127925231e-13
3981.0   4.89019630768e-13
3984.0   4.88913830198e-13
3986.0   4.88893920737e-13
3987.0   4.88899153765e-13
3989.0   4.88781080751e-13
3990.0   4.8876473731e-13
3991.0   4.8874222072e-13
3992.0   4.88719643273e-13
3994.0   4.88582624487e-13
3996.0   4.88540102198e-13
3999.0   4.88361266243e-13
4001.0   4.88266192588e-13
4004.0   4.8804673632e-13
4006.0   4.87932735898e-13
4009.0   4.87684895365e-13
4011.0   4.87533639621e-13
4014.0   4.87254370469e-13
4016.0   4.87075035379e-13
4019.0   4.86776573507e-13
4024.0   4.86263748034e-13
4029.0   4.85718969283e-13
4034.0   4.85148368431e-13
4039.0   4.84548908333e-13
4042.0   4.84182477732e-13
4044.0   4.83920607787e-13
4047.0   4.8353504825e-13
4049.0   4.83251261206e-13
4052.0   4.82843527813e-13
4054.0   4.82540887143e-13
4057.0   4.82110990968e-13
4060.0   4.81671469684e-13
4062.0   4.81328287873e-13
4065.0   4.80854397111e-13
4067.0   4.80480156441e-13
4070.0   4.79981075279e-13
4072.0   4.79591063307e-13
4075.0   4.79091251076e-13
4077.0   4.78688531052e-13
4080.0   4.78148269645e-13
4082.0   4.77726736573e-13
4085.0   4.77179653375e-13
4087.0   4.76724034017e-13
4090.0   4.76154859298e-13
4092.0   4.75689609215e-13
4095.0   4.750983535e-13
4096.0   4.74853299033e-13
4098.0   4.74494465423e-13
4099.0   4.74237051495e-13
4100.0   4.73976536713e-13
4101.0   4.73700696953e-13
4102.0   4.73446205137e-13
4103.0   4.73304743355e-13
4104.0   4.732365829e-13
4105.0   4.7327839669e-13
4106.0   4.73255989149e-13
4107.0   4.73312995477e-13
4108.0   4.73281332226e-13
4110.0   4.7319648275e-13
4111.0   4.73228866621e-13
4113.0   4.73134589683e-13
4114.0   4.73157676339e-13
4116.0   4.73053974387e-13
4118.0   4.72943990447e-13
4119.0   4.72963808714e-13
4121.0   4.72850515946e-13
4122.0   4.72848815982e-13
4124.0   4.72726104675e-13
4127.0   4.72592152708e-13
4130.0   4.72439495452e-13
4134.0   4.72143702849e-13
4137.0   4.71971862369e-13
4140.0   4.71790496698e-13
4143.0   4.71596553311e-13
4146.0   4.71374755406e-13
4150.0   4.71015327912e-13
4153.0   4.70759110406e-13
4156.0   4.7049033035e-13
4159.0   4.70208991205e-13
4162.0   4.69912040353e-13
4166.0   4.69482998303e-13
4172.0   4.68835303693e-13
4178.0   4.68161894099e-13
4185.0   4.67345652169e-13
4191.0   4.66635973856e-13
4198.0   4.65792262064e-13
4204.0   4.65058663301e-13
4210.0   4.64314770771e-13
4217.0   4.63445507846e-13
4223.0   4.62687040228e-13
4230.0   4.617967677e-13
4236.0   4.61020787397e-13
4242.0   4.60234647923e-13
4249.0   4.59313209401e-13
4255.0   4.58494446107e-13
4262.0   4.57537050113e-13
4268.0   4.56676607897e-13
4274.0   4.55787798612e-13
4278.0   4.55211090523e-13
4281.0   4.54744702166e-13
4284.0   4.54265886555e-13
4287.0   4.53783814765e-13
4294.0   4.52674517462e-13
4297.0   4.52173462866e-13
4300.0   4.51666108356e-13
4303.0   4.51146344611e-13
4306.0   4.50617230496e-13
4310.0   4.49952213976e-13
4313.0   4.49413517406e-13
4316.0   4.48862423639e-13
4319.0   4.48295879355e-13
4322.0   4.47719999416e-13
4326.0   4.47007931567e-13
4329.0   4.46410278992e-13
4332.0   4.45800243716e-13
4334.0   4.45430139615e-13
4335.0   4.45174772353e-13
4336.0   4.44983565449e-13
4337.0   4.44789285568e-13
4338.0   4.44585820677e-13
4339.0   4.44290657117e-13
4340.0   4.44117719546e-13
4341.0   4.4383474711e-13
4342.0   4.43437767022e-13
4343.0   4.43540742868e-13
4344.0   4.43590832561e-13
4345.0   4.43640906124e-13
4346.0   4.43574833179e-13
4347.0   4.43609594449e-13
4349.0   4.43455976814e-13
4350.0   4.43423457425e-13
4351.0   4.43381754291e-13
4353.0   4.43304413893e-13
4356.0   4.43087438931e-13
4358.0   4.42994667036e-13
4361.0   4.42765244637e-13
4363.0   4.42653989945e-13
4366.0   4.42412127229e-13
4368.0   4.42288506598e-13
4370.0   4.42152606352e-13
4373.0   4.41886004492e-13
4378.0   4.41473999879e-13
4382.0   4.4116494451e-13
4387.0   4.40703470208e-13
4392.0   4.40220301328e-13
4397.0   4.39733785588e-13
4402.0   4.39225597838e-13
4406.0   4.38826799625e-13
4411.0   4.38278407873e-13
4416.0   4.37717543312e-13
4421.0   4.37141160785e-13
4426.0   4.36552327181e-13
4430.0   4.3607927057e-13
4435.0   4.35471719309e-13
4445.0   4.34234643944e-13
4455.0   4.32978527932e-13
4464.0   4.31834959609e-13
4474.0   4.30559394919e-13
4483.0   4.2939967598e-13
4493.0   4.2811411915e-13
4503.0   4.26822129377e-13
4512.0   4.25655459999e-13
4522.0   4.24363069539e-13
4532.0   4.23067519721e-13
4541.0   4.21897523729e-13
4551.0   4.20601976726e-13
4560.0   4.19432098481e-13
4570.0   4.18133752196e-13
4580.0   4.16838696419e-13
4589.0   4.156663731e-13
4599.0   4.1436889029e-13
4609.0   4.13071833054e-13
4618.0   4.11903675675e-13
4628.0   4.1060454563e-13
4637.0   4.09434318134e-13
4647.0   4.08139450016e-13
4657.0   4.06845303498e-13
4666.0   4.05673902495e-13
4676.0   4.04375175463e-13
4686.0   4.03077337125e-13
4695.0   4.01905198755e-13
4705.0   4.00603089264e-13
4714.0   3.9942352768e-13
4724.0   3.98114285049e-13
4734.0   3.96800077077e-13
4743.0   3.95605171478e-13
4753.0   3.9428105781e-13
4763.0   3.92946011935e-13
4772.0   3.9172086116e-13
4782.0   3.90357841843e-13
4787.0   3.89666169193e-13
4791.0   3.890953671e-13
4796.0   3.88392127984e-13
4801.0   3.87683150099e-13
4806.0   3.86965382971e-13
4811.0   3.862418882e-13
4815.0   3.85632812249e-13
4820.0   3.84894743012e-13
4825.0   3.84144849221e-13
4830.0   3.83386192277e-13
4835.0   3.82615721398e-13
4840.0   3.81833441817e-13
4844.0   3.81162079861e-13
4847.0   3.80696173485e-13
4849.0   3.8035305672e-13
4852.0   3.79880378749e-13
4854.0   3.79524599093e-13
4855.0   3.79343984885e-13
4856.0   3.79158498412e-13
4858.0   3.78845643182e-13
4859.0   3.78645540154e-13
4860.0   3.78430174399e-13
4861.0   3.78250276638e-13
4862.0   3.7799980145e-13
4863.0   3.77565368858e-13
4864.0   3.7768012893e-13
4865.0   3.77740203233e-13
4866.0   3.7770830781e-13
4867.0   3.77655954626e-13
4868.0   3.77621344533e-13
4869.0   3.77550079612e-13
4870.0   3.77475471011e-13
4872.0   3.77317139745e-13
4874.0   3.77154602422e-13
4876.0   3.7698694253e-13
4878.0   3.76815994017e-13
4882.0   3.76465149171e-13
4885.0   3.76224366036e-13
4889.0   3.75855704145e-13
4893.0   3.75475118073e-13
4897.0   3.75088722333e-13
4901.0   3.74693463223e-13
4905.0   3.74289343087e-13
4909.0   3.73879420316e-13
4913.0   3.73460641149e-13
4916.0   3.73160515063e-13
4920.0   3.72733118843e-13
4924.0   3.72302984602e-13
4928.0   3.71864002445e-13
4932.0   3.71422286718e-13
4940.0   3.70521495135e-13
4947.0   3.69727505399e-13
4955.0   3.6879863491e-13
4963.0   3.67861944125e-13
4971.0   3.66917449581e-13
4978.0   3.66085272758e-13
4986.0   3.651280998e-13
4988.0   3.64888262314e-13
4994.0   3.64169281198e-13
5000.0   3.63448046082e-13
5010.0   3.62243712574e-13
5020.0   3.61035541917e-13
5040.0   3.58616971002e-13
5060.0   3.56198666471e-13
5080.0   3.53786951582e-13
5100.0   3.51382027858e-13
5120.0   3.48987143561e-13
5140.0   3.46602481824e-13
5160.0   3.4422821698e-13
5180.0   3.41867570874e-13
5200.0   3.3951458886e-13
5220.0   3.37175532491e-13
5240.0   3.34847487304e-13
5260.0   3.3253058731e-13
5280.0   3.30224959157e-13
5300.0   3.2793377841e-13
5320.0   3.25654101574e-13
5340.0   3.233860345e-13
5360.0   3.21129676518e-13
5380.0   3.1888817671e-13
5400.0   3.16658565901e-13
5420.0   3.1444092505e-13
5440.0   3.1223838543e-13
5460.0   3.1004490455e-13
5480.0   3.07866658785e-13
5500.0   3.05700651093e-13
5520.0   3.03546935441e-13
5540.0   3.01408616965e-13
5560.0   2.99279627872e-13
5580.0   2.97166120047e-13
5600.0   2.95065072747e-13
5620.0   2.92979573072e-13
5640.0   2.90903841392e-13
5660.0   2.88842484692e-13
5680.0   2.86794299559e-13
5700.0   2.84759301271e-13
5720.0   2.82737195884e-13
5740.0   2.80728297179e-13
5760.0   2.78732915571e-13
5780.0   2.76749218978e-13
5800.0   2.74779650672e-13
5820.0   2.72823594839e-13
5840.0   2.70880127137e-13
5860.0   2.68950154056e-13
5880.0   2.67033051339e-13
5900.0   2.65128803336e-13
5920.0   2.63237697488e-13
5940.0   2.61359713208e-13
5960.0   2.5949421637e-13
5980.0   2.57642098638e-13
6000.0   2.55802415884e-13
6020.0   2.53975749942e-13
6040.0   2.52162069441e-13
6060.0   2.5036072989e-13
6080.0   2.48572307389e-13
6100.0   2.46796459457e-13
6120.0   2.45033147535e-13
6140.0   2.43282025837e-13
6160.0   2.41543663851e-13
6180.0   2.39817407152e-13
6200.0   2.38103516719e-13
6220.0   2.36401946566e-13
6240.0   2.34712343803e-13
6260.0   2.3303465991e-13
6280.0   2.31369150792e-13
6300.0   2.29715154408e-13
6320.0   2.28072924466e-13
6340.0   2.2644179683e-13
6360.0   2.24821717609e-13
6380.0   2.23212326383e-13
6400.0   2.21612345038e-13
6420.0   2.20020800236e-13
6440.0   2.18436106643e-13
6450.0   2.17644821108e-13
6460.0   2.16853927725e-13
6470.0   2.16062807917e-13
6480.0   2.15270537459e-13
6490.0   2.14476803298e-13
6500.0   2.13680069917e-13
6505.0   2.13280003158e-13
6510.0   2.12878801762e-13
6515.0   2.12476159176e-13
6520.0   2.12071463241e-13
6525.0   2.11665324217e-13
6530.0   2.11256518728e-13
6535.0   2.10845351424e-13
6540.0   2.10431821349e-13
6545.0   2.10014705118e-13
6548.0   2.09767701124e-13
6550.0   2.09593390558e-13
6552.0   2.09417662426e-13
6555.0   2.09165431855e-13
6556.0   2.09074788689e-13
6558.0   2.08909170993e-13
6559.0   2.08815248843e-13
6560.0   2.08718603781e-13
6561.0   2.08631765668e-13
6562.0   2.08525396268e-13
6563.0   2.08414470295e-13
6564.0   2.08261092532e-13
6565.0   2.08044787336e-13
6566.0   2.08131365696e-13
6567.0   2.08128123234e-13
6568.0   2.08089152295e-13
6569.0   2.08039512604e-13
6570.0   2.07985316286e-13
6571.0   2.07928702577e-13
6572.0   2.07869977076e-13
6574.0   2.07749552341e-13
6576.0   2.07625875656e-13
6578.0   2.07500169386e-13
6582.0   2.07244807086e-13
6586.0   2.06986215401e-13
6590.0   2.06724699437e-13
6594.0   2.06460869908e-13
6598.0   2.06195031917e-13
6602.0   2.05927490571e-13
6606.0   2.05657939761e-13
6610.0   2.05386990196e-13
6614.0   2.05114641372e-13
6622.0   2.04566355145e-13
6630.0   2.04013688251e-13
6638.0   2.03458164671e-13
6646.0   2.02899780344e-13
6654.0   2.02340364839e-13
6662.0   2.0177960847e-13
6670.0   2.01218118364e-13
6678.0   2.00656501638e-13
6694.0   1.99533177512e-13
6710.0   1.98412353636e-13
6726.0   1.97294913802e-13
6742.0   1.96182658518e-13
6758.0   1.95075554558e-13
6774.0   1.93974179822e-13
6790.0   1.92878806526e-13
6806.0   1.91789706812e-13
6822.0   1.90706847154e-13
6838.0   1.89630499577e-13
6854.0   1.88560324843e-13
6870.0   1.8749628928e-13
6886.0   1.86438970391e-13
6902.0   1.85388028834e-13
6918.0   1.8434343085e-13
6934.0   1.83305142664e-13
6950.0   1.82273130493e-13
6966.0   1.81247666153e-13
6982.0   1.80228104645e-13
6998.0   1.79215023403e-13
7014.0   1.78208083053e-13
7030.0   1.77207249846e-13
7046.0   1.76212795662e-13
7062.0   1.75224381196e-13
7078.0   1.74241972784e-13
7094.0   1.73265842401e-13
7110.0   1.72295345248e-13
7126.0   1.71331364605e-13
7142.0   1.70372950159e-13
7158.0   1.69420679688e-13
7174.0   1.68474214206e-13
7190.0   1.67533826003e-13
7206.0   1.66599176222e-13
7222.0   1.65670231682e-13
7238.0   1.64746959274e-13
7254.0   1.6382963157e-13
7270.0   1.62917910012e-13
7286.0   1.62012067335e-13
7302.0   1.61111765146e-13
7318.0   1.60216970749e-13
7334.0   1.59327651537e-13
7350.0   1.58444080604e-13
7366.0   1.57565919929e-13
7382.0   1.56693137196e-13
7398.0   1.55826005795e-13
7414.0   1.54964188008e-13
7430.0   1.54107651832e-13
7446.0   1.53256365368e-13
7462.0   1.52410602438e-13
7478.0   1.5157002576e-13
7494.0   1.50734603775e-13
7510.0   1.4990430504e-13
7526.0   1.49079403836e-13
7542.0   1.4825956335e-13
7558.0   1.47444752499e-13
7574.0   1.46635245928e-13
7590.0   1.45830401586e-13
7606.0   1.45030799975e-13
7622.0   1.44236410513e-13
7638.0   1.4344659153e-13
7654.0   1.42661923914e-13
7670.0   1.41882071866e-13
7686.0   1.41107005322e-13
7702.0   1.40336694354e-13
7718.0   1.39571414773e-13
7734.0   1.38810831315e-13
7750.0   1.38054914457e-13
7766.0   1.37303940417e-13
7782.0   1.36557268737e-13
7798.0   1.35815481519e-13
7814.0   1.35078244187e-13
7830.0   1.34345527911e-13
7846.0   1.33617609608e-13
7862.0   1.32893849518e-13
7878.0   1.32174830448e-13
7894.0   1.31460218528e-13
7910.0   1.30749985637e-13
7926.0   1.30044409404e-13
7942.0   1.29342850783e-13
7958.0   1.28645893298e-13
7974.0   1.27953203796e-13
7990.0   1.27265060485e-13
8006.0   1.26580824895e-13
8022.0   1.2590108113e-13
8038.0   1.25225191011e-13
8054.0   1.24553738933e-13
8070.0   1.23886392616e-13
8086.0   1.23223431138e-13
8102.0   1.22564216904e-13
8118.0   1.21909334892e-13
8134.0   1.21258453406e-13
8150.0   1.20611546501e-13
8166.0   1.1996858838e-13
8182.0   1.1932955339e-13
8189.0   1.19051298203e-13
8198.0   1.18694721631e-13
8206.0   1.18378148218e-13
8223.0   1.17709966618e-13
8240.0   1.17045806433e-13
8257.0   1.16386248909e-13
8274.0   1.15730958659e-13
8291.0   1.15079906085e-13
8308.0   1.14433061775e-13
8325.0   1.1379070211e-13
8342.0   1.13152186831e-13
8359.0   1.12518098291e-13
8377.0   1.11851494033e-13
8392.0   1.11298859653e-13
8394.0   1.11225800083e-13
8395.0   1.11189138435e-13
8397.0   1.1111585699e-13
8401.0   1.10969155744e-13
8405.0   1.10822982796e-13
8410.0   1.10640579214e-13
8416.0   1.10422152456e-13
8426.0   1.10058908255e-13
8433.0   1.09805671234e-13
8437.0   1.09661572291e-13
8440.0   1.09553107283e-13
8448.0   1.09265284448e-13
8455.0   1.09014156268e-13
8462.0   1.08763389479e-13
8470.0   1.08478267998e-13
8484.0   1.07980852232e-13
8492.0   1.07697799263e-13
8498.0   1.07486072746e-13
8505.0   1.07239666861e-13
8518.0   1.06783787969e-13
8531.0   1.06330456133e-13
8541.0   1.05983021963e-13
8544.0   1.05879048143e-13
8548.0   1.05740905664e-13
8554.0   1.05533320811e-13
8568.0   1.05051802248e-13
8581.0   1.04606980095e-13
8588.0   1.04368201226e-13
8594.0   1.04164036205e-13
8601.0   1.0392673402e-13
8614.0   1.034874327e-13
8627.0   1.03050591258e-13
8639.0   1.02648690891e-13
8652.0   1.02215654251e-13
8663.0   1.01850942483e-13
8665.0   1.01784738277e-13
8667.0   1.01718583994e-13
8672.0   1.01553722038e-13
8681.0   1.01257815232e-13
8699.0   1.00668399519e-13
8717.0   1.00082971117e-13
8735.0   9.95015004073e-14
8752.0   9.89556694658e-14
8753.0   9.89239579855e-14
8754.0   9.88919529329e-14
8755.0   9.88599599095e-14
8758.0   9.87640529647e-14
8764.0   9.85728687977e-14
8777.0   9.81603691419e-14
8789.0   9.77811526583e-14
8801.0   9.7403643434e-14
8814.0   9.69968465486e-14
8826.0   9.66225613429e-14
8839.0   9.62195684504e-14
8851.0   9.58490820739e-14
8861.0   9.55414110943e-14
8863.0   9.54802596227e-14
8865.0   9.54188485353e-14
8869.0   9.5296469786e-14
8877.0   9.50522624985e-14
8894.0   9.45362829108e-14
8910.0   9.40531487329e-14
8926.0   9.35729011313e-14
8942.0   9.30946041887e-14
8958.0   9.26197669661e-14
8974.0   9.21477594037e-14
8991.0   9.16495792021e-14
8996.0   9.15032967391e-14
9007.0   9.11830432169e-14
9017.0   9.08930966167e-14
9028.0   9.05759510643e-14
9039.0   9.02607158939e-14
9049.0   8.99748163477e-14
9060.0   8.96617393992e-14
9071.0   8.93499444863e-14
9081.0   8.90671298627e-14
9092.0   8.87577662867e-14
9103.0   8.84493622341e-14
9113.0   8.816989343e-14
9124.0   8.78635830487e-14
9135.0   8.75585211169e-14
9145.0   8.72820484119e-14
9156.0   8.69793541268e-14
9167.0   8.6677586227e-14
9177.0   8.64040660968e-14
9188.0   8.61043290292e-14
9199.0   8.58058077163e-14
9209.0   8.55351972196e-14
9220.0   8.52389815559e-14
9230.0   8.49710692144e-14
9231.0   8.49442712343e-14
9232.0   8.49177887309e-14
9233.0   8.48910104869e-14
9237.0   8.47849129083e-14
9244.0   8.45995446409e-14
9258.0   8.42293329981e-14
9272.0   8.38619511902e-14
9286.0   8.3496471335e-14
9300.0   8.31328824356e-14
9314.0   8.27705623472e-14
9328.0   8.24104170226e-14
9342.0   8.20515188402e-14
9356.0   8.16941626686e-14
9370.0   8.13386434404e-14
9384.0   8.0984644939e-14
9398.0   8.06324622238e-14
9412.0   8.02817792044e-14
9426.0   7.99325854594e-14
9440.0   7.95848706297e-14
9455.0   7.92142439439e-14
9469.0   7.88698873311e-14
9483.0   7.85263669897e-14
9497.0   7.81845896304e-14
9511.0   7.78439339922e-14
9525.0   7.75043900872e-14
9529.0   7.74076052955e-14
9539.0   7.71668648073e-14
9544.0   7.70466678412e-14
9549.0   7.69266876656e-14
9553.0   7.68325707103e-14
9558.0   7.67157300907e-14
9563.0   7.65994106195e-14
9568.0   7.64830006397e-14
9573.0   7.63668053147e-14
9583.0   7.61350568614e-14
9602.0   7.5696593841e-14
9622.0   7.52370364554e-14
9641.0   7.48029878915e-14
9661.0   7.43487324029e-14
9680.0   7.39196099471e-14
9700.0   7.3470552434e-14
9720.0   7.3024442083e-14
9739.0   7.26035188976e-14
9759.0   7.2163063819e-14
9778.0   7.1747129463e-14
9798.0   7.13125356626e-14
9817.0   7.09024131325e-14
9837.0   7.04732770754e-14
9856.0   7.00691797306e-14
9876.0   6.96454051342e-14
9895.0   6.92447974264e-14
9915.0   6.88256784147e-14
9934.0   6.84293879937e-14
9954.0   6.80145258905e-14
9973.0   6.76221594815e-14
9986.0   6.73549384067e-14
9993.0   6.72108515723e-14
10000.0   6.70674237209e-14
10010.0   6.68606056236e-14
10030.0   6.64561440335e-14
10040.0   6.62505489515e-14
10050.0   6.6050245447e-14
10060.0   6.58521745765e-14
10070.0   6.5661528785e-14
10090.0   6.52792749434e-14
10100.0   6.50907172892e-14
10120.0   6.47104750574e-14
10130.0   6.45221465559e-14
10150.0   6.41438655736e-14
10170.0   6.37679849945e-14
10180.0   6.35808998045e-14
10200.0   6.3207509207e-14
10210.0   6.30218096091e-14
10250.0   6.22843643064e-14
10280.0   6.17368880188e-14
10310.0   6.1194881985e-14
10370.0   6.01263916734e-14
10410.0   5.94273920326e-14
10440.0   5.89087043389e-14
10470.0   5.83935976034e-14
10500.0   5.7885062922e-14
10530.0   5.73818137449e-14
10570.0   5.67208629772e-14
10630.0   5.57430074254e-14
10660.0   5.52613300499e-14
10690.0   5.47843044143e-14
10730.0   5.41568984522e-14
10760.0   5.36901727024e-14
10790.0   5.32272020334e-14
10810.0   5.29218253837e-14
10820.0   5.27675937767e-14
10840.0   5.24644990165e-14
10850.0   5.23106809517e-14
10870.0   5.20096173806e-14
10890.0   5.17096025077e-14
10900.0   5.15563924533e-14
10910.0   5.14089089437e-14
10920.0   5.12576456386e-14
10930.0   5.1105778877e-14
10940.0   5.09571573407e-14
10950.0   5.08113206679e-14
10960.0   5.06766710945e-14
10980.0   5.03996380742e-14
10990.0   5.02619265622e-14
11000.0   5.01239953369e-14
11010.0   4.9986423149e-14
11020.0   4.98486885742e-14
11030.0   4.9710973091e-14
11050.0   4.94350418081e-14
11060.0   4.92981975079e-14
11070.0   4.91614870826e-14
11080.0   4.902503093e-14
11100.0   4.87529657856e-14
11130.0   4.83472031427e-14
11150.0   4.80785461625e-14
11180.0   4.76788216801e-14
11200.0   4.74140031036e-14
11250.0   4.67596973849e-14
11290.0   4.62431513325e-14
11390.0   4.49825417165e-14
11480.0   4.3883080503e-14
11570.0   4.28150891795e-14
11670.0   4.16660336596e-14
11760.0   4.06632028092e-14
11860.0   3.95839244622e-14
11950.0   3.86417201109e-14
12040.0   3.77262468855e-14
12140.0   3.67408877807e-14
12230.0   3.58801760542e-14
12330.0   3.49530558596e-14
12420.0   3.4142687247e-14
12470.0   3.37025574381e-14
12510.0   3.33545684766e-14
12560.0   3.2926239959e-14
12610.0   3.25040596468e-14
12630.0   3.23363708806e-14
12650.0   3.21694725803e-14
12680.0   3.19219659561e-14
12700.0   3.17569191873e-14
12720.0   3.15923922004e-14
12740.0   3.14305168936e-14
12750.0   3.13487453419e-14
12760.0   3.12670074888e-14
12770.0   3.11853329937e-14
12780.0   3.11035681552e-14
12790.0   3.10233929153e-14
12800.0   3.0941322469e-14
12810.0   3.08609620865e-14
12820.0   3.07772683771e-14
12830.0   3.06983695945e-14
12840.0   3.06264957903e-14
12850.0   3.0553944808e-14
12860.0   3.04787293364e-14
12870.0   3.04035378476e-14
12880.0   3.032836948e-14
12900.0   3.01792599836e-14
12920.0   3.0029560385e-14
12930.0   2.99555338825e-14
12950.0   2.98066478547e-14
12960.0   2.97327645988e-14
12980.0   2.9584860464e-14
13000.0   2.94376841537e-14
13030.0   2.92183235269e-14
13060.0   2.90005791783e-14
13090.0   2.87845211735e-14
13120.0   2.8570250401e-14
13160.0   2.82877174148e-14
13220.0   2.78696822091e-14
13280.0   2.74589267964e-14
13350.0   2.69892543803e-14
13410.0   2.65941078798e-14
13480.0   2.61423746523e-14
13540.0   2.57623113031e-14
13600.0   2.5388996729e-14
13670.0   2.49623023994e-14
13730.0   2.46032209947e-14
13800.0   2.41927684971e-14
13860.0   2.3847357289e-14
13920.0   2.35080160164e-14
13990.0   2.31198586925e-14
14050.0   2.27931784508e-14
14120.0   2.24194877859e-14
14180.0   2.21049489505e-14
14240.0   2.17957935477e-14
14310.0   2.14420870673e-14
14370.0   2.11443174876e-14
14440.0   2.08035617503e-14
14500.0   2.05166310225e-14
14560.0   2.02345620414e-14
14630.0   1.99117497692e-14
14690.0   1.96397296056e-14
14760.0   1.93283719563e-14
14820.0   1.90660930899e-14
14880.0   1.88081874819e-14
14950.0   1.85129681949e-14
15010.0   1.82642432485e-14
15060.0   1.80601430423e-14
15080.0   1.7979530339e-14
15090.0   1.79392374897e-14
15110.0   1.78590131581e-14
15140.0   1.77396663861e-14
15190.0   1.75427798863e-14
15200.0   1.75038039954e-14
15220.0   1.74259880219e-14
15230.0   1.73871778107e-14
15250.0   1.73101179545e-14
15260.0   1.72715620215e-14
15300.0   1.71191434745e-14
15350.0   1.69307773928e-14
15440.0   1.65979977751e-14
15450.0   1.65616144172e-14
15460.0   1.65251153835e-14
15490.0   1.64167547258e-14
15500.0   1.63806149913e-14
15530.0   1.62732942053e-14
15560.0   1.6166865857e-14
15620.0   1.5956531438e-14
15650.0   1.5852639755e-14
15680.0   1.5749577601e-14
15710.0   1.56473065472e-14
15760.0   1.54785271753e-14
15820.0   1.52791768393e-14
15880.0   1.50830013752e-14
15890.0   1.5050688505e-14
15900.0   1.50182777061e-14
15920.0   1.49538641455e-14
15970.0   1.47945359155e-14
15990.0   1.47312979989e-14
16050.0   1.45436853858e-14
16110.0   1.43589982092e-14
16180.0   1.41473944308e-14
16240.0   1.39688919087e-14
16300.0   1.37931777063e-14
16320.0   1.37353020399e-14
16360.0   1.36201706264e-14
16410.0   1.34780454864e-14
16510.0   1.31995252806e-14
16600.0   1.29546654259e-14
16700.0   1.26892687836e-14
16780.0   1.24815569667e-14
16800.0   1.2430343609e-14
16810.0   1.24047269084e-14
16840.0   1.23287206491e-14
16870.0   1.22532884939e-14
16930.0   1.21040036832e-14
16980.0   1.19811662272e-14
17040.0   1.18358878038e-14
17100.0   1.1692772308e-14
17150.0   1.15750117309e-14
17210.0   1.14357626824e-14
17270.0   1.12985700458e-14
17290.0   1.125332044e-14
17330.0   1.11633976792e-14
17370.0   1.10743570629e-14
17450.0   1.08989728217e-14
17530.0   1.0727086844e-14
17610.0   1.05585287289e-14
17690.0   1.03931912865e-14
17780.0   1.02110908741e-14
17860.0   1.00524170461e-14
17940.0   9.89676777749e-15
18020.0   9.74392161815e-15
18030.0   9.72508909842e-15
18100.0   9.59402563696e-15
18140.0   9.52017118772e-15
18180.0   9.44704527742e-15
18220.0   9.37473171169e-15
18260.0   9.30310047399e-15
18330.0   9.17922711392e-15
18410.0   9.04010960932e-15
18450.0   8.97149408233e-15
18490.0   8.90345697529e-15
18530.0   8.83602172803e-15
18560.0   8.7856039611e-15
18600.0   8.71901410412e-15
18620.0   8.68590375031e-15
18640.0   8.65288474938e-15
18660.0   8.61995625596e-15
18680.0   8.58714799074e-15
18700.0   8.55436743717e-15
18710.0   8.5379872929e-15
18720.0   8.52158320533e-15
18730.0   8.50515507163e-15
18740.0   8.48861110734e-15
18750.0   8.47185952834e-15
18760.0   8.45285572518e-15
18770.0   8.44005572862e-15
18780.0   8.42527835104e-15
18790.0   8.41010958939e-15
18800.0   8.39500775286e-15
18810.0   8.37966713472e-15
18830.0   8.34900260987e-15
18850.0   8.31832914385e-15
18870.0   8.28776818878e-15
18880.0   8.27258695842e-15
18900.0   8.2420863363e-15
18920.0   8.21169627077e-15
18960.0   8.151244722e-15
19000.0   8.09122618582e-15
19040.0   8.03169573434e-15
19070.0   7.98729011367e-15
19150.0   7.87038068981e-15
19220.0   7.76966742095e-15
19300.0   7.6564914954e-15
19370.0   7.55895312833e-15
19450.0   7.44947712365e-15
19460.0   7.43598751335e-15
19470.0   7.42249764479e-15
19490.0   7.3956696116e-15
19530.0   7.34240417883e-15
19610.0   7.23729575247e-15
19690.0   7.13392823632e-15
19770.0   7.0323234881e-15
19850.0   6.93250431936e-15
19930.0   6.83438139492e-15
20010.0   6.73796407605e-15
20090.0   6.64322287292e-15
20170.0   6.55009247688e-15
20250.0   6.45860009203e-15
20330.0   6.36872788993e-15
20410.0   6.28034575439e-15
20490.0   6.19347713801e-15
20570.0   6.10809734147e-15
20650.0   6.0241701664e-15
20730.0   5.94166928856e-15
20810.0   5.86056601492e-15
20890.0   5.78082620938e-15
20970.0   5.70242249944e-15
21040.0   5.63484380909e-15
21120.0   5.55886758465e-15
21200.0   5.4841400117e-15
21280.0   5.41062997291e-15
21360.0   5.33830386747e-15
21440.0   5.26711642815e-15
21480.0   5.23193475622e-15
21520.0   5.19702293112e-15
21540.0   5.17964516782e-15
21560.0   5.16235978263e-15
21570.0   5.15372832013e-15
21600.0   5.1279425092e-15
21620.0   5.1108741059e-15
21630.0   5.10227128789e-15
21650.0   5.08525826058e-15
21660.0   5.07661570524e-15
21670.0   5.06834793951e-15
21680.0   5.06007902514e-15
21690.0   5.05184864885e-15
21710.0   5.03530775447e-15
21740.0   5.01060715058e-15
21770.0   4.98601887713e-15
21800.0   4.96156321483e-15
21870.0   4.90500953819e-15
21930.0   4.85710659522e-15
22000.0   4.80193994554e-15
22060.0   4.75522959687e-15
22120.0   4.70906972308e-15
22190.0   4.65592406722e-15
22250.0   4.61093134138e-15
22320.0   4.55914514976e-15
22380.0   4.51529820949e-15
22440.0   4.4719692717e-15
22510.0   4.42210216902e-15
22570.0   4.37987695426e-15
22640.0   4.33127779545e-15
22700.0   4.29012582405e-15
22760.0   4.24945680158e-15
22830.0   4.202645089e-15
22890.0   4.16299628631e-15
22960.0   4.11735115044e-15
23020.0   4.07869489923e-15
23080.0   4.04048668232e-15
23150.0   3.99650609941e-15
23210.0   3.95926576947e-15
23280.0   3.91637641872e-15
23340.0   3.88004829357e-15
23400.0   3.8441361824e-15
23470.0   3.80279307365e-15
23530.0   3.76776899125e-15
23600.0   3.72744262474e-15
23660.0   3.69328070324e-15
23720.0   3.65950540026e-15
23790.0   3.62061360756e-15
23850.0   3.58766422552e-15
23920.0   3.54972100691e-15
23980.0   3.5175707189e-15
24040.0   3.48578309319e-15
24110.0   3.44917464194e-15
24170.0   3.41815279212e-15
24240.0   3.38242437736e-15
24300.0   3.35214643859e-15
24360.0   3.32220631588e-15
24430.0   3.28772086549e-15
24490.0   3.25849399274e-15
24560.0   3.22482831962e-15
24620.0   3.1962976223e-15
24680.0   3.16807880952e-15
24750.0   3.13556546769e-15
24810.0   3.10799013956e-15
24880.0   3.07624412594e-15
24940.0   3.04933346026e-15
25000.0   3.02271665479e-15
25070.0   2.99204814011e-15
25130.0   2.96604856664e-15
25200.0   2.93609315129e-15
25260.0   2.91069675499e-15
25320.0   2.88557171905e-15
25390.0   2.85661890532e-15
25450.0   2.83206996322e-15
25520.0   2.8037769158e-15
25580.0   2.77978521498e-15
25640.0   2.75604386833e-15
25710.0   2.72868098813e-15
25770.0   2.70546857939e-15
25840.0   2.67870962887e-15
25900.0   2.65599933802e-15
25960.0   2.63351364758e-15
26030.0   2.60758385502e-15
26090.0   2.58554615265e-15
26120.0   2.57460059564e-15
26160.0   2.56011579822e-15
26180.0   2.5528512366e-15
26190.0   2.54926188466e-15
26200.0   2.54563593868e-15
26210.0   2.54202839495e-15
26220.0   2.53843007243e-15
26230.0   2.53482567797e-15
26240.0   2.53126715189e-15
26250.0   2.52766891162e-15
26260.0   2.52423875684e-15
26270.0   2.52064050771e-15
26280.0   2.5171339171e-15
26300.0   2.51025813797e-15
26330.0   2.49993633843e-15
26360.0   2.4896350424e-15
26400.0   2.47593774766e-15
26430.0   2.46571864696e-15
26460.0   2.45554644562e-15
26520.0   2.43532309708e-15
26590.0   2.41196254302e-15
26650.0   2.392141112e-15
26720.0   2.36926239391e-15
26780.0   2.34985247819e-15
26840.0   2.33063378627e-15
26910.0   2.30846277217e-15
26970.0   2.28965428072e-15
27040.0   2.26795999327e-15
27100.0   2.24955688246e-15
27160.0   2.23133562943e-15
27230.0   2.21032148548e-15
27290.0   2.19249328179e-15
27360.0   2.17193173644e-15
27420.0   2.15448949784e-15
27480.0   2.13721759449e-15
27550.0   2.1172966757e-15
27610.0   2.10039645882e-15
27680.0   2.0809031336e-15
27740.0   2.06436213385e-15
27800.0   2.04799299727e-15
27870.0   2.02910077819e-15
27930.0   2.0130714867e-15
28000.0   1.9945808022e-15
28060.0   1.97888872292e-15
28120.0   1.9633494017e-15
28190.0   1.94542310885e-15
28250.0   1.93021173278e-15
28320.0   1.91266275661e-15
28380.0   1.89777119551e-15
28440.0   1.8830200981e-15
28510.0   1.86600443647e-15
28570.0   1.85156169307e-15
28640.0   1.8348977686e-15
28700.0   1.82075581508e-15
28760.0   1.80674573021e-15
28830.0   1.79058336379e-15
28890.0   1.77686645806e-15
28960.0   1.76103486611e-15
29020.0   1.74759798486e-15
29080.0   1.73428802603e-15
29150.0   1.71892842571e-15
29210.0   1.70588855664e-15
29280.0   1.69084326293e-15
29340.0   1.67806692217e-15
29400.0   1.66541310421e-15
29470.0   1.65080919932e-15
29530.0   1.63841270642e-15
29600.0   1.62410185552e-15
29660.0   1.61195351411e-15
29720.0   1.59991768826e-15
29790.0   1.58602559957e-15
29850.0   1.5742292895e-15
29920.0   1.56061633988e-15
29980.0   1.54905383817e-15
