900.0   5.61009821871e-16
902.5   5.80253402829e-16
905.0   5.99950748869e-16
908.2   6.26044319916e-16
910.0   6.41101834906e-16
910.9   6.48755373614e-16
911.8   6.56875299131e-16
912.3   6.61151602996e-16
912.7   6.64711768368e-16
912.9   6.66497044891e-16
913.2   6.69159398583e-16
913.4   6.7130646514e-16
913.5   6.72491649739e-16
913.6   6.73854258335e-16
913.7   6.75350153546e-16
913.9   6.77814906916e-16
914.0   6.79754804243e-16
914.1   6.81872129059e-16
914.2   6.84211020146e-16
914.3   6.86771478202e-16
914.4   6.89553503926e-16
914.5   6.92557098019e-16
914.6   6.95738123101e-16
914.8   6.99895908044e-16
914.9   7.03432677976e-16
915.1   7.10906105679e-16
915.3   7.18956859927e-16
915.6   7.28214788004e-16
915.8   7.36980604883e-16
916.0   7.46058939513e-16
916.2   7.55317383285e-16
916.3   7.57939658079e-16
916.5   7.6557033868e-16
916.9   7.84682431317e-16
917.1   7.91264527722e-16
917.4   8.07147180343e-16
917.6   8.15415504153e-16
917.8   8.23466739618e-16
918.0   8.31212616249e-16
918.1   8.34822080756e-16
918.2   8.38167620841e-16
918.3   8.41249237216e-16
918.4   8.43757964028e-16
918.5   8.45296559265e-16
918.6   8.45247090509e-16
918.7   8.42859211104e-16
918.8   8.35705327335e-16
918.9   8.22108192855e-16
919.0   8.00258147077e-16
919.1   7.73730375232e-16
919.2   7.40273835928e-16
919.3   7.00859567649e-16
919.4   6.80204896188e-16
919.5   7.23021697798e-16
919.6   7.62308367002e-16
919.7   7.95813862409e-16
919.8   8.24906465229e-16
919.9   8.49277209613e-16
920.0   8.66321949527e-16
920.1   8.76482066491e-16
920.2   8.80022389703e-16
920.3   8.77516714928e-16
920.4   8.67949867027e-16
920.5   8.41170088205e-16
920.6   8.15715372986e-16
920.7   7.8646570475e-16
920.8   7.50993489785e-16
920.9   7.0925459073e-16
921.0   6.92145664649e-16
921.1   7.30254402043e-16
921.2   7.69423378863e-16
921.3   8.02237398304e-16
921.4   8.31212331673e-16
921.5   8.70163398883e-16
921.6   8.92298785794e-16
921.7   9.11257159999e-16
921.8   9.31540606428e-16
921.9   9.41187705985e-16
922.0   9.47128138031e-16
922.1   9.49935698332e-16
922.2   9.48242107113e-16
922.3   9.4323909327e-16
922.4   9.34397000557e-16
922.5   9.14168217932e-16
922.6   8.96500379552e-16
922.7   8.76317606884e-16
922.8   8.38966057925e-16
922.9   8.1039892473e-16
923.0   7.77772026598e-16
923.1   7.18883909762e-16
923.2   7.15390023862e-16
923.3   7.60095862502e-16
923.4   7.84190158913e-16
923.5   8.23954415987e-16
923.6   8.74489307514e-16
923.7   9.03794725859e-16
923.8   9.17873450696e-16
923.9   9.43693849931e-16
924.0   9.65895872279e-16
924.1   9.93351272644e-16
924.2   1.00809585299e-15
924.3   1.01970757752e-15
924.4   1.02500850515e-15
924.5   1.03278211463e-15
924.6   1.0398504649e-15
924.7   1.04228526752e-15
924.8   1.04330860309e-15
924.9   1.04234667729e-15
925.0   1.0388256958e-15
925.1   1.02793460859e-15
925.2   1.01704447582e-15
925.3   1.00275666602e-15
925.4   9.864835985e-16
925.5   9.67430788537e-16
925.6   9.45289270298e-16
925.7   9.20147320676e-16
925.8   8.92225630802e-16
925.9   8.59670402026e-16
926.0   8.21378183067e-16
926.1   7.74568275585e-16
926.2   7.42324896411e-16
926.3   7.42479830795e-16
926.4   7.89333817552e-16
926.5   8.36497734811e-16
926.6   8.75541209931e-16
926.7   9.09730461603e-16
926.8   9.39859976006e-16
926.9   9.67960105578e-16
927.0   9.93501194084e-16
927.1   1.01674807074e-15
927.2   1.03849522174e-15
927.3   1.05887506205e-15
927.4   1.07696069271e-15
927.5   1.09275211446e-15
927.6   1.10686726116e-15
927.7   1.11917371931e-15
927.8   1.12936252308e-15
927.9   1.13831643481e-15
928.0   1.14621200757e-15
928.1   1.15287268976e-15
928.2   1.15865158676e-15
928.3   1.16310731852e-15
928.4   1.16668126656e-15
928.5   1.16937343163e-15
928.6   1.17074243367e-15
928.7   1.1712296542e-15
928.8   1.17083509398e-15
928.9   1.16779323052e-15
929.0   1.16342820697e-15
929.1   1.15685726246e-15
929.2   1.14878660703e-15
929.3   1.13864244635e-15
929.4   1.12752823319e-15
929.5   1.11491431132e-15
929.6   1.10208068581e-15
929.7   1.08796804347e-15
929.8   1.07209086616e-15
929.9   1.05405191189e-15
930.0   1.03367462908e-15
930.1   1.0111355708e-15
930.2   9.85772666581e-16
930.3   9.58159712208e-16
930.4   9.26619461366e-16
930.5   8.90048462786e-16
930.6   8.44739118448e-16
930.7   7.91441776464e-16
930.8   7.85461452438e-16
930.9   8.35669901293e-16
931.0   8.85658656899e-16
931.1   9.26379413499e-16
931.2   9.6162804676e-16
931.3   9.92861114081e-16
931.4   1.02166758711e-15
931.5   1.04795919042e-15
931.6   1.07217730557e-15
931.7   1.09445434755e-15
931.8   1.11474617901e-15
931.9   1.13367073384e-15
932.0   1.15166939359e-15
932.1   1.17024285373e-15
932.2   1.18802283452e-15
932.3   1.20620106487e-15
932.4   1.22305616041e-15
932.5   1.23858812187e-15
932.6   1.25367971161e-15
932.7   1.26744816877e-15
932.8   1.27901073249e-15
932.9   1.28925016512e-15
933.0   1.29904922904e-15
933.1   1.30796654417e-15
933.2   1.31644349207e-15
933.3   1.3244800735e-15
933.5   1.3383493783e-15
933.7   1.34957446459e-15
933.9   1.35903809998e-15
934.1   1.36629890966e-15
934.3   1.37135689965e-15
934.5   1.37377069516e-15
934.6   1.37431705747e-15
934.7   1.37354030221e-15
934.8   1.37144043014e-15
934.9   1.3684588228e-15
935.0   1.36459548097e-15
935.1   1.35985040538e-15
935.2   1.3542235968e-15
935.3   1.34771505597e-15
935.4   1.34032478366e-15
935.5   1.33161139981e-15
935.6   1.32201628598e-15
935.7   1.31153944293e-15
935.8   1.30062225222e-15
935.9   1.29014747621e-15
936.0   1.28011511567e-15
936.1   1.26875964812e-15
936.2   1.25740521673e-15
936.3   1.24472767986e-15
936.4   1.23160979987e-15
936.5   1.21774261094e-15
936.6   1.20264059496e-15
936.7   1.18617133844e-15
936.8   1.16824656597e-15
936.9   1.1489104164e-15
937.0   1.12833944281e-15
937.1   1.10582743666e-15
937.2   1.08075646558e-15
937.3   1.05259687338e-15
937.4   1.02068658961e-15
937.5   9.84231129563e-16
937.6   9.40052552219e-16
937.7   8.82412907869e-16
937.8   8.58010286437e-16
937.9   8.59120524599e-16
938.0   9.13506475745e-16
938.1   9.67231406273e-16
938.2   1.00983459187e-15
938.3   1.04687743143e-15
938.4   1.07986062046e-15
938.5   1.10953450708e-15
938.6   1.13634047288e-15
938.7   1.16111714213e-15
938.8   1.1843058964e-15
938.9   1.20621570303e-15
939.0   1.22693483893e-15
939.1   1.24637502872e-15
939.2   1.2646245493e-15
939.3   1.28199236802e-15
939.5   1.31584842612e-15
939.7   1.34750182833e-15
939.9   1.38004224641e-15
940.1   1.4152352097e-15
940.3   1.44910829709e-15
940.5   1.4812201339e-15
940.7   1.51289486868e-15
940.9   1.54369112676e-15
941.1   1.57096062947e-15
941.3   1.59602752535e-15
941.5   1.61977458218e-15
941.7   1.64220180611e-15
941.9   1.66286782248e-15
942.1   1.68221401828e-15
942.3   1.69891625724e-15
942.5   1.71429868795e-15
942.7   1.72836131658e-15
942.9   1.74154553012e-15
943.1   1.75296857314e-15
943.3   1.76307183263e-15
943.5   1.77141393396e-15
943.7   1.77843626414e-15
943.9   1.78369744855e-15
944.1   1.7867561126e-15
944.3   1.78761226247e-15
944.5   1.78626590438e-15
944.7   1.78271704454e-15
944.9   1.77608292756e-15
945.1   1.76592217883e-15
945.3   1.7531175662e-15
945.5   1.73766909589e-15
945.7   1.72134229734e-15
945.9   1.70281303438e-15
946.1   1.68208131324e-15
946.3   1.65958852096e-15
946.5   1.63489328298e-15
946.7   1.61020250956e-15
946.9   1.58728173019e-15
947.1   1.5643654279e-15
947.5   1.51854627955e-15
947.7   1.49476068442e-15
947.9   1.4700968298e-15
948.1   1.44411334116e-15
948.2   1.43068190865e-15
948.3   1.41636884397e-15
948.4   1.40161552873e-15
948.5   1.3859805829e-15
948.6   1.36902262646e-15
948.7   1.35056510787e-15
948.8   1.33087285641e-15
948.9   1.30972518246e-15
949.0   1.28694553448e-15
949.1   1.26200425629e-15
949.2   1.23419513939e-15
949.3   1.20303266569e-15
949.4   1.16794304092e-15
949.5   1.12769039962e-15
949.6   1.07741955371e-15
949.7   1.00817047365e-15
949.8   9.955958302e-16
949.9   1.05589429968e-15
950.0   1.11539942654e-15
950.1   1.16153185862e-15
950.2   1.20157437999e-15
950.3   1.23733665274e-15
950.4   1.26956902504e-15
950.5   1.29871287847e-15
950.6   1.32556269928e-15
950.7   1.35064814521e-15
950.8   1.37432232171e-15
950.9   1.39640867724e-15
951.0   1.41743686956e-15
951.1   1.43714207097e-15
951.2   1.45596566308e-15
951.3   1.47434902747e-15
951.4   1.49185078414e-15
951.5   1.50891231468e-15
951.7   1.54215608135e-15
952.1   1.60733336325e-15
952.3   1.64014965277e-15
952.5   1.67297058954e-15
952.7   1.70712032231e-15
952.8   1.72463831659e-15
952.9   1.74215747665e-15
953.0   1.76276746892e-15
953.1   1.78337862856e-15
953.2   1.80354957556e-15
953.3   1.82416307233e-15
953.4   1.84433635806e-15
953.6   1.88512782277e-15
953.8   1.92636535687e-15
954.0   1.96716620513e-15
954.2   2.01150280117e-15
954.4   2.05672686653e-15
954.6   2.10151426518e-15
954.8   2.14542362271e-15
955.2   2.23016685915e-15
955.4   2.27188351248e-15
955.6   2.31272215025e-15
955.8   2.35047587484e-15
956.0   2.38735159672e-15
956.2   2.42290794146e-15
956.4   2.45758629628e-15
956.6   2.4891797636e-15
956.8   2.51812973061e-15
957.2   2.5733957591e-15
957.6   2.62514995641e-15
958.0   2.67295099321e-15
958.4   2.7159161594e-15
958.8   2.75492826818e-15
959.2   2.78910460958e-15
959.6   2.81800385447e-15
960.0   2.84162605458e-15
960.4   2.85952988088e-15
960.8   2.8712740044e-15
961.2   2.87729985785e-15
961.6   2.87672473154e-15
962.0   2.86954867745e-15
962.4   2.85577174763e-15
962.8   2.83539399414e-15
963.2   2.80929823075e-15
963.6   2.77748450962e-15
964.0   2.739952883e-15
964.4   2.69802754557e-15
964.8   2.65170854966e-15
965.2   2.60187870927e-15
965.6   2.54942083843e-15
966.0   2.49477637041e-15
966.8   2.38245889942e-15
967.6   2.26889914427e-15
969.0   2.06749883714e-15
969.2   2.04908898833e-15
969.9   1.95159191355e-15
970.4   1.89327700559e-15
970.6   1.86254500041e-15
970.8   1.83049409449e-15
970.9   1.81380853802e-15
971.0   1.79668291366e-15
971.1   1.77823446062e-15
971.2   1.75890456054e-15
971.3   1.73869321425e-15
971.4   1.71671766097e-15
971.6   1.69395678504e-15
971.7   1.66801275818e-15
971.8   1.63875969484e-15
971.9   1.61515762618e-15
972.0   1.57959545893e-15
972.1   1.53931183911e-15
972.2   1.50578266848e-15
972.3   1.45389338007e-15
972.4   1.38439432209e-15
972.5   1.31149795729e-15
972.6   1.30728177194e-15
972.7   1.37726302695e-15
972.8   1.44892285689e-15
972.9   1.50270809294e-15
973.0   1.54912359908e-15
973.1   1.59050869441e-15
973.2   1.62779027947e-15
973.3   1.66158628821e-15
973.4   1.69238224034e-15
973.5   1.72075193176e-15
973.6   1.7473574345e-15
973.7   1.7721987494e-15
973.8   1.79571725809e-15
973.9   1.81791296141e-15
974.0   1.839227241e-15
974.1   1.8596600977e-15
974.2   1.87965291314e-15
974.4   1.9178770428e-15
974.6   1.95522377908e-15
975.0   2.02860924066e-15
975.4   2.10113349384e-15
975.8   2.17500349621e-15
976.2   2.25154344381e-15
976.6   2.33031200949e-15
977.0   2.41263338937e-15
977.4   2.49983177961e-15
977.8   2.59146585319e-15
978.2   2.68930118715e-15
978.6   2.79377921616e-15
978.8   2.84889546637e-15
979.0   2.90578275575e-15
979.2   2.96488247187e-15
979.4   3.02619462148e-15
979.6   3.0897192113e-15
979.8   3.15545624812e-15
980.0   3.22428850028e-15
980.2   3.29577459373e-15
980.4   3.37035591606e-15
980.6   3.4475910932e-15
980.8   3.52836289353e-15
981.0   3.61222994303e-15
981.2   3.70007501006e-15
981.4   3.79101533978e-15
981.6   3.8863750814e-15
981.8   3.98571286087e-15
982.0   4.08947006579e-15
982.2   4.19764670294e-15
982.4   4.31024277909e-15
982.6   4.42769968184e-15
982.8   4.55045879878e-15
983.0   4.6780787559e-15
983.2   4.81144232161e-15
983.4   4.95010812189e-15
983.6   5.09451754434e-15
983.8   5.24467059577e-15
984.0   5.40056728299e-15
984.2   5.5630903744e-15
984.4   5.73135711519e-15
984.6   5.90801579702e-15
984.8   6.08776985704e-15
985.0   6.28077106056e-15
985.2   6.47819179832e-15
985.4   6.68003207713e-15
985.6   6.89070571184e-15
985.8   7.11021270931e-15
986.0   7.33855307635e-15
986.2   7.57131301173e-15
986.6   8.06333303901e-15
987.0   8.57744522972e-15
987.4   9.12247725466e-15
987.8   9.69842916857e-15
988.2   1.03053010262e-14
988.6   1.09430928824e-14
989.0   1.16118047921e-14
989.4   1.22981953858e-14
989.8   1.29934371024e-14
990.2   1.37063576132e-14
990.6   1.44325431647e-14
991.0   1.51719938123e-14
991.4   1.59379510349e-14
991.8   1.67127596555e-14
992.2   1.74920059212e-14
992.6   1.82536208468e-14
993.0   1.89667078313e-14
993.4   1.9657749778e-14
993.8   2.03576433987e-14
994.2   2.10531473243e-14
994.6   2.17266063781e-14
995.0   2.2351537767e-14
995.4   2.29102863142e-14
995.8   2.34381625395e-14
996.2   2.39263388822e-14
996.6   2.43659877818e-14
997.0   2.47306264453e-14
997.4   2.49849444638e-14
997.8   2.5221631862e-14
998.2   2.54406886955e-14
998.4   2.55458125718e-14
998.6   2.56112183635e-14
998.8   2.56324922693e-14
999.0   2.56449447606e-14
999.2   2.55956101478e-14
999.4   2.55286265183e-14
999.8   2.54520574385e-14
1000.0   2.53762648813e-14
1001.0   2.52533967527e-14
1002.0   2.40404749923e-14
1003.0   2.31543328564e-14
1004.0   2.13811740051e-14
1005.0   2.00363141115e-14
1006.0   1.78883016053e-14
1007.0   1.64201768675e-14
1008.0   1.42769017043e-14
1009.0   1.29017922261e-14
1010.0   1.10457416339e-14
1011.0   9.9181342132e-15
1012.0   8.68034731538e-15
1013.0   7.6148655371e-15
1014.0   6.72610356871e-15
1015.0   5.98713806412e-15
1016.0   5.38870091017e-15
1017.0   4.90519290461e-15
1018.0   4.43906977462e-15
1019.0   4.19425033783e-15
1020.0   3.87765862607e-15
1021.0   3.70601350151e-15
1022.0   3.46877720765e-15
1023.0   3.33235119598e-15
1024.0   3.15990830548e-15
1025.0   2.96733913413e-15
1026.0   2.51753480297e-15
1027.0   2.90008885699e-15
1028.0   3.19489976047e-15
1029.0   3.48636041399e-15
1030.0   3.6711886002e-15
1031.0   3.90695815781e-15
1032.0   4.21000106827e-15
1033.0   4.60591831014e-15
1034.0   4.896972175e-15
1035.0   5.20012946852e-15
1036.0   5.5343704579e-15
1037.0   6.18350389346e-15
1038.0   7.45561446995e-15
1039.0   9.0695435076e-15
1040.0   1.10279401843e-14
1041.0   1.29379764769e-14
1042.0   1.56117939596e-14
1043.0   1.7301525538e-14
1044.0   1.95917291951e-14
1045.0   2.22837844618e-14
1046.0   2.55542445531e-14
1047.0   2.94781450989e-14
1048.0   3.32256910786e-14
1049.0   3.58876389269e-14
1050.0   4.04124133133e-14
1051.0   4.36838666472e-14
1052.0   4.5565171771e-14
1053.0   4.64668137254e-14
1054.0   4.70420369932e-14
1055.0   4.73791186265e-14
1056.0   4.82902001975e-14
1057.0   4.8009759377e-14
1058.0   4.59331053522e-14
1059.0   4.48321104683e-14
1060.0   4.66311959239e-14
1061.0   5.06859466328e-14
1062.0   5.75569171056e-14
1063.0   6.87536305832e-14
1064.0   8.38347071478e-14
1065.0   9.71946114634e-14
1066.0   1.10334039153e-13
1067.0   1.18177111845e-13
1068.0   1.27079714016e-13
1069.0   1.30156305992e-13
1070.0   1.22551699803e-13
1071.0   1.1653628271e-13
1072.0   1.11536260546e-13
1073.0   1.07684048437e-13
1074.0   1.03832057168e-13
1075.0   9.53457891679e-14
1076.0   9.02583759655e-14
1077.0   8.74222283457e-14
1078.0   8.9838736659e-14
1079.0   1.0002377237e-13
1080.0   1.16167675053e-13
1081.0   1.37652512455e-13
1082.0   1.66464499073e-13
1083.0   1.84462884693e-13
1084.0   2.0347667576e-13
1085.0   2.20018964786e-13
1086.0   2.2813111177e-13
1087.0   2.36817286003e-13
1088.0   2.43208513119e-13
1089.0   2.46466170453e-13
1090.0   2.49326819861e-13
1091.0   2.53555985424e-13
1092.0   2.55048826519e-13
1093.0   2.56232938433e-13
1094.0   2.57902807473e-13
1096.0   2.58903945442e-13
1098.0   2.59508803924e-13
1099.0   2.5954676803e-13
1101.0   2.59314460625e-13
1104.0   2.58063008951e-13
1107.0   2.55975162101e-13
1110.0   2.53050942747e-13
1114.0   2.49420352608e-13
1117.0   2.4535388293e-13
1120.0   2.41333876902e-13
1123.0   2.37448632722e-13
1126.0   2.33433343781e-13
1130.0   2.28936684773e-13
1133.0   2.23338037847e-13
1136.0   2.17035622797e-13
1139.0   2.10382565382e-13
1142.0   2.03599576924e-13
1144.0   1.99991161417e-13
1146.0   1.9603076022e-13
1147.0   1.91799939017e-13
1149.0   1.8739984678e-13
1152.0   1.78197689802e-13
1155.0   1.68556723567e-13
1157.0   1.63499131675e-13
1158.0   1.58212139416e-13
1160.0   1.52714905206e-13
1162.0   1.47086422945e-13
1165.0   1.35291404515e-13
1168.0   1.23234213427e-13
1170.0   1.17169071733e-13
1171.0   1.10826592354e-13
1173.0   1.04366001382e-13
1174.0   9.76713171581e-14
1176.0   9.10801176484e-14
1178.0   8.45784048292e-14
1179.0   7.81942003186e-14
1181.0   7.19150036624e-14
1182.0   6.57082673178e-14
1183.0   6.26797793568e-14
1184.0   5.96515986316e-14
1185.0   5.67561400286e-14
1186.0   5.39492661086e-14
1187.0   4.8485588903e-14
1188.0   4.59353348054e-14
1189.0   4.34913225277e-14
1190.0   4.1131483658e-14
1191.0   3.66577424125e-14
1192.0   3.4607494088e-14
1193.0   3.26723176927e-14
1194.0   3.08610414575e-14
1195.0   2.83262148484e-14
1196.0   2.68068788452e-14
1197.0   2.46964079223e-14
1198.0   2.34557731454e-14
1199.0   2.17608326974e-14
1200.0   2.07856601138e-14
1201.0   1.94621144375e-14
1202.0   1.8712682138e-14
1203.0   1.76943264619e-14
1204.0   1.71309125094e-14
1205.0   1.63647834581e-14
1206.0   1.59476658873e-14
1207.0   1.53631448249e-14
1208.0   1.50481878339e-14
1209.0   1.45984906594e-14
1210.0   1.43539170802e-14
1211.0   1.38466039983e-14
1212.0   1.3796885439e-14
1213.0   1.35135596098e-14
1214.0   1.32257036928e-14
1215.0   1.24297027304e-14
1216.0   1.12292817486e-14
1217.0   1.19006420919e-14
1218.0   1.35133535532e-14
1219.0   1.39443749866e-14
1220.0   1.45889116386e-14
1221.0   1.4950852003e-14
1222.0   1.53312183036e-14
1223.0   1.57432524753e-14
1224.0   1.64928319232e-14
1225.0   1.67395680981e-14
1226.0   1.74147749981e-14
1227.0   1.79402442644e-14
1228.0   1.86381843767e-14
1229.0   1.90716288262e-14
1230.0   1.96422346299e-14
1231.0   2.04382784291e-14
1232.0   2.16054163661e-14
1233.0   2.31966146104e-14
1234.0   2.56002887391e-14
1235.0   2.74878829944e-14
1236.0   3.05543001284e-14
1237.0   3.27691888955e-14
1238.0   3.6268832845e-14
1239.0   3.88463284016e-14
1240.0   4.30440294471e-14
1241.0   4.7599587321e-14
1242.0   5.07739620892e-14
1243.0   5.405019369e-14
1244.0   6.09240185283e-14
1245.0   6.46246554818e-14
1246.0   6.83697710402e-14
1247.0   7.56904120607e-14
1249.0   8.29175210558e-14
1251.0   9.03225510531e-14
1252.0   9.72917982651e-14
1253.0   1.0064206624e-13
1254.0   1.03904401808e-13
1255.0   1.10212609069e-13
1257.0   1.1669486434e-13
1258.0   1.19782026413e-13
1259.0   1.22781257966e-13
1260.0   1.2812015379e-13
1261.0   1.30766973069e-13
1262.0   1.33414139072e-13
1263.0   1.38533384658e-13
1264.0   1.41092969001e-13
1265.0   1.43520486871e-13
1266.0   1.45771800529e-13
1267.0   1.4784691031e-13
1268.0   1.5177616825e-13
1270.0   1.55575028368e-13
1271.0   1.59240506111e-13
1273.0   1.62732499101e-13
1275.0   1.66005204422e-13
1276.0   1.68922088195e-13
1278.0   1.71711383223e-13
1281.0   1.7675866021e-13
1284.0   1.81147042891e-13
1287.0   1.84876538429e-13
1291.0   1.88132778744e-13
1294.0   1.90633863462e-13
1297.0   1.92608496695e-13
1300.0   1.9445392685e-13
1305.0   1.97257252862e-13
1310.0   1.99363326762e-13
1312.0   2.00323027894e-13
1315.0   2.01125273125e-13
1318.0   2.01842480223e-13
1320.0   2.01792761856e-13
1325.0   2.01674774131e-13
1330.0   2.01477531194e-13
1335.0   2.01421732751e-13
1338.0   2.01498522477e-13
1340.0   2.01507385456e-13
1342.0   2.01959075815e-13
1345.0   2.02528978771e-13
1350.0   2.03118233584e-13
1355.0   2.03054458249e-13
1358.0   2.02976393184e-13
1360.0   2.02558339321e-13
1362.0   2.01788625764e-13
1365.0   2.00526418336e-13
1368.0   1.98914354136e-13
1370.0   1.97046962424e-13
1375.0   1.93973759368e-13
1378.0   1.92725606895e-13
1380.0   1.91218518857e-13
1382.0   1.89492177134e-13
1385.0   1.87633634121e-13
1388.0   1.85734178715e-13
1390.0   1.84013571416e-13
1391.0   1.83528977858e-13
1392.0   1.83044741661e-13
1394.0   1.83224930677e-13
1395.0   1.83447974695e-13
1396.0   1.83627237212e-13
1398.0   1.84339935803e-13
1399.0   1.8518233802e-13
1400.0   1.86113372133e-13
1402.0   1.88506163647e-13
1405.0   1.91303527848e-13
1408.0   1.94015805057e-13
1410.0   1.96281851836e-13
1412.0   1.98152068279e-13
1415.0   1.99724170275e-13
1418.0   2.00813919087e-13
1420.0   2.01409758986e-13
1422.0   2.01698033529e-13
1425.0   2.01912376903e-13
1430.0   2.01761642563e-13
1435.0   2.01310619901e-13
1445.0   2.00213744844e-13
1455.0   1.98974486243e-13
1465.0   1.97724853724e-13
1485.0   1.95501649128e-13
1505.0   1.93672660717e-13
1525.0   1.92145248977e-13
1545.0   1.9095874905e-13
1565.0   1.90107958799e-13
1585.0   1.89587317947e-13
1605.0   1.89346811293e-13
1625.0   1.89424424064e-13
1645.0   1.89769630148e-13
1665.0   1.9037584604e-13
1685.0   1.91192193213e-13
1705.0   1.92255949534e-13
1725.0   1.93516032523e-13
1745.0   1.94921309369e-13
1765.0   1.96553043171e-13
1785.0   1.98315956421e-13
1805.0   2.00247225606e-13
1825.0   2.02295816795e-13
1845.0   2.04454923807e-13
1865.0   2.0676199009e-13
1885.0   2.09166314315e-13
1905.0   2.1166148248e-13
1925.0   2.14197107653e-13
1945.0   2.1685539634e-13
1965.0   2.19542194154e-13
1985.0   2.22295962889e-13
2005.0   2.25067098986e-13
2025.0   2.27894493178e-13
2045.0   2.30728984015e-13
2065.0   2.33565776598e-13
2085.0   2.36444445781e-13
2105.0   2.39316523957e-13
2125.0   2.42177916218e-13
2145.0   2.45068900283e-13
2165.0   2.47897573169e-13
2185.0   2.50748815922e-13
2205.0   2.53531186383e-13
2225.0   2.56285882474e-13
2245.0   2.59054324089e-13
2265.0   2.61745734437e-13
2285.0   2.64401963645e-13
2305.0   2.66976793074e-13
2325.0   2.6955662008e-13
2345.0   2.72051485524e-13
2365.0   2.74504034164e-13
2385.0   2.76912955958e-13
2405.0   2.79237393354e-13
2425.0   2.81511693662e-13
2445.0   2.83717401907e-13
2465.0   2.85858288811e-13
2485.0   2.87933861176e-13
2505.0   2.89943768938e-13
2525.0   2.91878970837e-13
2545.0   2.93748210614e-13
2565.0   2.95542699972e-13
2585.0   2.97267008766e-13
2605.0   2.98921403406e-13
2625.0   3.00506254443e-13
2645.0   3.02013202855e-13
2665.0   3.0344722315e-13
2685.0   3.04813376153e-13
2705.0   3.06103561968e-13
2725.0   3.0732299737e-13
2745.0   3.08468141487e-13
2765.0   3.09544345938e-13
2785.0   3.10548194674e-13
2805.0   3.11485154473e-13
2825.0   3.12347501341e-13
2845.0   3.13145212783e-13
2865.0   3.13870653147e-13
2885.0   3.14533880061e-13
2905.0   3.15127330124e-13
2925.0   3.15656711889e-13
2945.0   3.16118933321e-13
2965.0   3.16519753696e-13
2985.0   3.1685612519e-13
3005.0   3.17133845107e-13
3025.0   3.17349897782e-13
3045.0   3.17505693305e-13
3065.0   3.17607064962e-13
3085.0   3.17646611584e-13
3105.0   3.17630178118e-13
3125.0   3.17563612059e-13
3145.0   3.17439520011e-13
3165.0   3.1726374864e-13
3185.0   3.17037727674e-13
3205.0   3.1676288205e-13
3225.0   3.16440630369e-13
3245.0   3.1606796965e-13
3265.0   3.156463016e-13
3285.0   3.15185845187e-13
3305.0   3.14674738832e-13
3325.0   3.14127591236e-13
3345.0   3.13536928519e-13
3365.0   3.12904089978e-13
3385.0   3.12230399658e-13
3405.0   3.11521579411e-13
3425.0   3.10774506799e-13
3445.0   3.09994869718e-13
3465.0   3.09179510618e-13
3485.0   3.08325253632e-13
3505.0   3.07446559377e-13
3525.0   3.06531386498e-13
3545.0   3.05585329419e-13
3565.0   3.04609549021e-13
3585.0   3.03609600025e-13
3605.0   3.02577775563e-13
3625.0   3.01519589874e-13
3643.0   3.00550189375e-13
3644.0   3.00488778214e-13
3645.0   3.00440536762e-13
3647.0   3.00304114962e-13
3650.0   3.00140878846e-13
3660.0   2.99584811371e-13
3670.0   2.99021780605e-13
3676.0   2.98676259498e-13
3680.0   2.98451915123e-13
3683.0   2.98277434868e-13
3684.0   2.98222083766e-13
3687.0   2.98046803941e-13
3688.0   2.97991187325e-13
3693.0   2.97703288171e-13
3698.0   2.97409339261e-13
3703.0   2.97122597601e-13
3704.0   2.97061525144e-13
3705.0   2.97000388616e-13
3707.0   2.96882337651e-13
3710.0   2.96706990659e-13
3712.0   2.96597132148e-13
3713.0   2.96531073681e-13
3716.0   2.96354590028e-13
3721.0   2.96057729014e-13
3722.0   2.9600434969e-13
3723.0   2.95942080883e-13
3725.0   2.95826185766e-13
3728.0   2.95643054495e-13
3735.0   2.95220970173e-13
3742.0   2.94809172451e-13
3747.0   2.94491175754e-13
3749.0   2.94359150307e-13
3751.0   2.94235717914e-13
3755.0   2.94023463672e-13
3759.0   2.93805868646e-13
3761.0   2.93676863718e-13
3763.0   2.93556457463e-13
3766.0   2.93331282762e-13
3769.0   2.93114425772e-13
3770.0   2.93031728449e-13
3772.0   2.92901475801e-13
3773.0   2.9286274832e-13
3774.0   2.92828378798e-13
3776.0   2.92746231239e-13
3777.0   2.92711694856e-13
3778.0   2.92672689272e-13
3781.0   2.92533272272e-13
3784.0   2.92362464193e-13
3786.0   2.92221836127e-13
3789.0   2.91992831314e-13
3792.0   2.91736857382e-13
3794.0   2.91507088671e-13
3795.0   2.91423020714e-13
3797.0   2.91223828188e-13
3798.0   2.91126359076e-13
3799.0   2.91046492175e-13
3800.0   2.91023951869e-13
3801.0   2.91010186383e-13
3802.0   2.91005195826e-13
3804.0   2.90995057098e-13
3806.0   2.9098029515e-13
3808.0   2.90956497059e-13
3810.0   2.90901594669e-13
3812.0   2.90842071709e-13
3814.0   2.90747032403e-13
3816.0   2.90642960478e-13
3818.0   2.90512201577e-13
3820.0   2.90345928956e-13
3821.0   2.90216371714e-13
3823.0   2.90010071574e-13
3825.0   2.89759432275e-13
3827.0   2.89495351341e-13
3829.0   2.89204588211e-13
3831.0   2.88900385173e-13
3834.0   2.88465779381e-13
3835.0   2.8828255947e-13
3836.0   2.8816991151e-13
3837.0   2.88092525146e-13
3838.0   2.88121021411e-13
3839.0   2.8817153806e-13
3840.0   2.88261730432e-13
3843.0   2.88390775454e-13
3845.0   2.88566312097e-13
3848.0   2.88650498752e-13
3851.0   2.88685705148e-13
3853.0   2.8873247981e-13
3856.0   2.88674288596e-13
3859.0   2.88553883253e-13
3861.0   2.88454254125e-13
3863.0   2.88323543394e-13
3864.0   2.88236049891e-13
3865.0   2.88126441423e-13
3867.0   2.87942397585e-13
3868.0   2.87814996726e-13
3869.0   2.87678722737e-13
3871.0   2.87467831944e-13
3872.0   2.87296111567e-13
3873.0   2.87093449432e-13
3875.0   2.86824818312e-13
3876.0   2.86595538635e-13
3877.0   2.86379455687e-13
3878.0   2.861368453e-13
3880.0   2.85810388246e-13
3881.0   2.85541161844e-13
3882.0   2.85271891257e-13
3885.0   2.84631540102e-13
3887.0   2.84251500877e-13
3888.0   2.83968725876e-13
3889.0   2.8369914882e-13
3890.0   2.83553115011e-13
3891.0   2.83495314084e-13
3892.0   2.83622849918e-13
3893.0   2.8378123933e-13
3896.0   2.84057528736e-13
3898.0   2.84373922354e-13
3900.0   2.84659249397e-13
3902.0   2.84750199759e-13
3903.0   2.84890508638e-13
3904.0   2.85004292684e-13
3905.0   2.85118034844e-13
3908.0   2.85295700092e-13
3910.0   2.85469844198e-13
3913.0   2.85527715705e-13
3915.0   2.8563082738e-13
3917.0   2.85694051546e-13
3920.0   2.85640720857e-13
3922.0   2.85610850361e-13
3925.0   2.85495122945e-13
3927.0   2.85407473079e-13
3930.0   2.85224942349e-13
3932.0   2.85070690295e-13
3934.0   2.8487655728e-13
3937.0   2.84582858724e-13
3939.0   2.84300061149e-13
3942.0   2.83930748811e-13
3944.0   2.83563705215e-13
3946.0   2.83134716155e-13
3949.0   2.82605707933e-13
3951.0   2.82136617502e-13
3953.0   2.81826274628e-13
3954.0   2.81558495242e-13
3955.0   2.81277437328e-13
3956.0   2.80974273362e-13
3957.0   2.80693141516e-13
3959.0   2.80351457838e-13
3960.0   2.80048146747e-13
3961.0   2.79731557682e-13
3963.0   2.79111511691e-13
3965.0   2.78575182952e-13
3966.0   2.78404068176e-13
3967.0   2.78122572199e-13
3968.0   2.7773069511e-13
3969.0   2.77497679293e-13
3970.0   2.77251386325e-13
3971.0   2.76793194934e-13
3972.0   2.76816073075e-13
3973.0   2.77125813285e-13
3974.0   2.77250138192e-13
3975.0   2.77370014017e-13
3976.0   2.77657579365e-13
3978.0   2.77861844994e-13
3979.0   2.78140477716e-13
3981.0   2.78326878905e-13
3983.0   2.7853079675e-13
3984.0   2.78773945788e-13
3986.0   2.78920277607e-13
3987.0   2.79180979019e-13
3989.0   2.7935358877e-13
3991.0   2.79495166142e-13
3992.0   2.79685076971e-13
3995.0   2.79985365529e-13
3997.0   2.80113298553e-13
3999.0   2.8021461583e-13
4000.0   2.80351294108e-13
4002.0   2.80403861463e-13
4005.0   2.80544260121e-13
4008.0   2.8062698654e-13
4011.0   2.80647629253e-13
4015.0   2.80561417438e-13
4018.0   2.8049311546e-13
4021.0   2.80393634173e-13
4024.0   2.80276217303e-13
4027.0   2.80132039527e-13
4031.0   2.79898178363e-13
4034.0   2.79709222575e-13
4037.0   2.7949351346e-13
4040.0   2.79259880892e-13
4043.0   2.79003913306e-13
4047.0   2.78653385702e-13
4050.0   2.7833059907e-13
4053.0   2.7797224342e-13
4056.0   2.77582734769e-13
4059.0   2.77153247699e-13
4063.0   2.76602275759e-13
4066.0   2.76057445176e-13
4069.0   2.75490298674e-13
4072.0   2.74892010798e-13
4074.0   2.74560695715e-13
4075.0   2.74275825127e-13
4077.0   2.73917866677e-13
4079.0   2.73537732967e-13
4080.0   2.73217419139e-13
4082.0   2.72837127283e-13
4083.0   2.7250790712e-13
4085.0   2.72109803301e-13
4087.0   2.71689526737e-13
4088.0   2.71311625055e-13
4090.0   2.70904435531e-13
4091.0   2.70539698431e-13
4093.0   2.70092631649e-13
4095.0   2.6964987746e-13
4096.0   2.6924087576e-13
4098.0   2.68784729483e-13
4099.0   2.6853013608e-13
4100.0   2.68090137898e-13
4101.0   2.67813425848e-13
4102.0   2.67514620071e-13
4103.0   2.67180479217e-13
4104.0   2.6724797036e-13
4105.0   2.67540541255e-13
4106.0   2.67683018293e-13
4107.0   2.67975540498e-13
4108.0   2.68091486151e-13
4110.0   2.68274753177e-13
4111.0   2.68536282257e-13
4113.0   2.68701750256e-13
4114.0   2.6893672493e-13
4116.0   2.69084395259e-13
4118.0   2.6920990234e-13
4119.0   2.69435931637e-13
4121.0   2.69574539954e-13
4122.0   2.69756361412e-13
4124.0   2.69868348034e-13
4127.0   2.70135466667e-13
4130.0   2.70375897852e-13
4134.0   2.70497536574e-13
4137.0   2.70675704771e-13
4140.0   2.70827192121e-13
4143.0   2.7096524201e-13
4146.0   2.71045718314e-13
4150.0   2.71015893463e-13
4153.0   2.71016475922e-13
4156.0   2.70994801717e-13
4159.0   2.70942045151e-13
4162.0   2.70858208136e-13
4166.0   2.70681406987e-13
4169.0   2.70557424239e-13
4172.0   2.7041560878e-13
4178.0   2.70096142464e-13
4185.0   2.69674012004e-13
4191.0   2.69291281506e-13
4198.0   2.68818923444e-13
4204.0   2.68395066584e-13
4210.0   2.67957344029e-13
4217.0   2.67442955185e-13
4223.0   2.6698185976e-13
4230.0   2.66435091628e-13
4236.0   2.6594627523e-13
4242.0   2.65439253981e-13
4249.0   2.64846317057e-13
4255.0   2.64285185824e-13
4262.0   2.63624743537e-13
4268.0   2.62987496006e-13
4271.0   2.62646623002e-13
4274.0   2.62292390615e-13
4278.0   2.61852267999e-13
4281.0   2.61458042391e-13
4284.0   2.61041635159e-13
4287.0   2.6062070313e-13
4294.0   2.5966605981e-13
4297.0   2.59209458799e-13
4300.0   2.58726270789e-13
4303.0   2.58225324955e-13
4306.0   2.57697795235e-13
4310.0   2.57084015203e-13
4313.0   2.56529772875e-13
4316.0   2.55948951784e-13
4319.0   2.55337139644e-13
4322.0   2.54707579395e-13
4326.0   2.5398278287e-13
4329.0   2.53308873682e-13
4332.0   2.52608393771e-13
4334.0   2.52223750162e-13
4335.0   2.51881344622e-13
4337.0   2.51461333778e-13
4338.0   2.51238072917e-13
4339.0   2.50833836655e-13
4340.0   2.50663523003e-13
4341.0   2.50290165019e-13
4342.0   2.49647555635e-13
4343.0   2.50090733979e-13
4344.0   2.50339695768e-13
4345.0   2.50548924339e-13
4346.0   2.50634557392e-13
4348.0   2.50920556048e-13
4350.0   2.51038795075e-13
4351.0   2.51203833019e-13
4353.0   2.5130436523e-13
4356.0   2.51534548746e-13
4359.0   2.51755829902e-13
4362.0   2.51941727277e-13
4366.0   2.52036466835e-13
4369.0   2.52169232948e-13
4372.0   2.52271033793e-13
4375.0   2.52355112193e-13
4378.0   2.52417055729e-13
4382.0   2.52396558258e-13
4385.0   2.52414215502e-13
4388.0   2.52414156282e-13
4391.0   2.52387554344e-13
4398.0   2.52242866863e-13
4401.0   2.52180764665e-13
4404.0   2.52109780817e-13
4407.0   2.52016675225e-13
4410.0   2.51910276828e-13
4414.0   2.51712426414e-13
4417.0   2.51575016584e-13
4423.0   2.51260332908e-13
4430.0   2.50840748002e-13
4436.0   2.504550713e-13
4442.0   2.50051583739e-13
4449.0   2.49560802812e-13
4455.0   2.4913052953e-13
4462.0   2.48621767087e-13
4468.0   2.48173581867e-13
4474.0   2.47720879665e-13
4481.0   2.47194080683e-13
4487.0   2.46732359917e-13
4494.0   2.46200950057e-13
4500.0   2.45739082179e-13
4506.0   2.45272747125e-13
4513.0   2.44736726163e-13
4519.0   2.44270306413e-13
4526.0   2.43734211029e-13
4532.0   2.43263334367e-13
4538.0   2.42796865402e-13
4545.0   2.42256333505e-13
4551.0   2.41785466824e-13
4558.0   2.41249390633e-13
4564.0   2.40778579475e-13
4570.0   2.40307807005e-13
4577.0   2.39767459817e-13
4583.0   2.39296798965e-13
4590.0   2.38756603904e-13
4596.0   2.3828609202e-13
4602.0   2.3781566126e-13
4609.0   2.3727576579e-13
4615.0   2.36805537109e-13
4622.0   2.36265898131e-13
4628.0   2.3579149307e-13
4634.0   2.35321623102e-13
4641.0   2.34782432091e-13
4647.0   2.34308435984e-13
4654.0   2.33769600194e-13
4660.0   2.3329592518e-13
4666.0   2.32826823232e-13
4673.0   2.3227974809e-13
4679.0   2.3180660091e-13
4686.0   2.31259974297e-13
4692.0   2.30782813458e-13
4698.0   2.30305847751e-13
4705.0   2.29755528125e-13
4711.0   2.29270179785e-13
4718.0   2.28711569172e-13
4724.0   2.28222281803e-13
4730.0   2.27724395802e-13
4737.0   2.27153389636e-13
4743.0   2.26651606896e-13
4750.0   2.26072392843e-13
4756.0   2.25553500031e-13
4762.0   2.25021626693e-13
4769.0   2.24412479769e-13
4775.0   2.23859122399e-13
4782.0   2.2321977685e-13
4788.0   2.22631720476e-13
4794.0   2.22017472209e-13
4801.0   2.21312994369e-13
4807.0   2.20642015564e-13
4814.0   2.19876516142e-13
4817.0   2.19517048137e-13
4820.0   2.19148831681e-13
4823.0   2.18771867416e-13
4826.0   2.18381742176e-13
4830.0   2.1791025332e-13
4833.0   2.17498249223e-13
4836.0   2.17073086258e-13
4839.0   2.16639178857e-13
4842.0   2.16192113834e-13
4846.0   2.15663836951e-13
4849.0   2.15190487009e-13
4852.0   2.14703981488e-13
4854.0   2.14413531658e-13
4855.0   2.14191079567e-13
4857.0   2.1388744628e-13
4858.0   2.13726816585e-13
4859.0   2.13460265235e-13
4860.0   2.1327317219e-13
4861.0   2.13064019888e-13
4862.0   2.12784256462e-13
4863.0   2.12067094485e-13
4864.0   2.12565946474e-13
4865.0   2.12841028265e-13
4866.0   2.12901167497e-13
4867.0   2.13036351379e-13
4868.0   2.13056786187e-13
4870.0   2.13084444273e-13
4871.0   2.1316670233e-13
4873.0   2.13172351443e-13
4876.0   2.13233866348e-13
4879.0   2.13273403372e-13
4882.0   2.13304204514e-13
4886.0   2.13249783874e-13
4889.0   2.13249904611e-13
4892.0   2.13236877543e-13
4895.0   2.13206289418e-13
4898.0   2.13166968408e-13
4902.0   2.13047010316e-13
4905.0   2.12981429635e-13
4908.0   2.12907117892e-13
4911.0   2.12819661822e-13
4914.0   2.12723475767e-13
4921.0   2.12437630998e-13
4927.0   2.12193051661e-13
4934.0   2.1184642385e-13
4940.0   2.11540926863e-13
4946.0   2.11213771439e-13
4953.0   2.10802453384e-13
4959.0   2.1044530461e-13
4966.0   2.10004154493e-13
4972.0   2.09621444459e-13
4978.0   2.09230338184e-13
4985.0   2.08764298839e-13
4991.0   2.08365312353e-13
4995.0   2.08095153469e-13
4998.0   2.07891560717e-13
5000.0   2.07754423034e-13
5010.0   2.07065070773e-13
5020.0   2.06372566466e-13
5040.0   2.04969337135e-13
5060.0   2.03562512848e-13
5080.0   2.02147796895e-13
5100.0   2.00742956276e-13
5120.0   1.99339269974e-13
5140.0   1.97941253367e-13
5160.0   1.96553416951e-13
5180.0   1.95167025058e-13
5200.0   1.93790992647e-13
5220.0   1.92420988785e-13
5240.0   1.91061505816e-13
5260.0   1.89708204257e-13
5280.0   1.88361154351e-13
5300.0   1.87020422376e-13
5320.0   1.85690484573e-13
5340.0   1.84366985843e-13
5360.0   1.83054395085e-13
5380.0   1.81748350079e-13
5400.0   1.80448899019e-13
5420.0   1.79160500612e-13
5440.0   1.77874368957e-13
5460.0   1.76599370291e-13
5480.0   1.75335540248e-13
5500.0   1.74074083948e-13
5520.0   1.72823858936e-13
5540.0   1.71580478622e-13
5560.0   1.70348381404e-13
5580.0   1.69123175523e-13
5600.0   1.67904880569e-13
5620.0   1.66693513756e-13
5640.0   1.65489089999e-13
5660.0   1.642960358e-13
5680.0   1.63109947897e-13
5700.0   1.6193524857e-13
5720.0   1.60763116673e-13
5740.0   1.59602384355e-13
5760.0   1.58448640474e-13
5780.0   1.57301885895e-13
5800.0   1.56162119741e-13
5820.0   1.55033753268e-13
5840.0   1.53912368497e-13
5860.0   1.52797959697e-13
5880.0   1.51690519636e-13
5900.0   1.5059445344e-13
5920.0   1.49500923418e-13
5940.0   1.48418745769e-13
5960.0   1.47343493976e-13
5980.0   1.46275154089e-13
6000.0   1.45218124767e-13
6020.0   1.44163562101e-13
6040.0   1.43120276309e-13
6060.0   1.42083835125e-13
6080.0   1.41054219075e-13
6100.0   1.40031407707e-13
6120.0   1.39019352061e-13
6140.0   1.38012291905e-13
6160.0   1.37012410999e-13
6180.0   1.36019685378e-13
6200.0   1.3503453167e-13
6220.0   1.34056041608e-13
6240.0   1.3308463035e-13
6260.0   1.32119829604e-13
6280.0   1.31162053184e-13
6300.0   1.30210831521e-13
6320.0   1.29265694447e-13
6340.0   1.28326171231e-13
6360.0   1.27392673363e-13
6380.0   1.2646340492e-13
6400.0   1.25537452254e-13
6420.0   1.24612135733e-13
6440.0   1.23684775293e-13
6450.0   1.23217946136e-13
6460.0   1.22747835266e-13
6470.0   1.22273114456e-13
6480.0   1.21792896837e-13
6490.0   1.21305412755e-13
6500.0   1.20807127015e-13
6505.0   1.20553270148e-13
6510.0   1.20295387158e-13
6515.0   1.20033036138e-13
6520.0   1.19765775184e-13
6525.0   1.19493162386e-13
6530.0   1.19214314455e-13
6535.0   1.18929230861e-13
6540.0   1.18637028312e-13
6545.0   1.18336823515e-13
6548.0   1.18162799231e-13
6550.0   1.18027291794e-13
6552.0   1.17888314578e-13
6555.0   1.17703577428e-13
6556.0   1.17629081804e-13
6558.0   1.17511915843e-13
6559.0   1.1743216951e-13
6560.0   1.17348024648e-13
6561.0   1.17282874434e-13
6562.0   1.17184194548e-13
6563.0   1.17079791977e-13
6564.0   1.16896838885e-13
6565.0   1.16522341779e-13
6566.0   1.16848331264e-13
6567.0   1.1692936965e-13
6568.0   1.16947747205e-13
6569.0   1.16967464143e-13
6570.0   1.16960272087e-13
6571.0   1.16949564215e-13
6573.0   1.16921573435e-13
6575.0   1.16887905577e-13
6577.0   1.16849884749e-13
6579.0   1.16808835058e-13
6581.0   1.16766080613e-13
6585.0   1.16674133177e-13
6589.0   1.16575807688e-13
6593.0   1.16471986629e-13
6597.0   1.16362669724e-13
6601.0   1.16248739455e-13
6605.0   1.16130195544e-13
6609.0   1.16007920474e-13
6613.0   1.15881472584e-13
6617.0   1.15751734357e-13
6621.0   1.15618264132e-13
6629.0   1.15343657612e-13
6637.0   1.15059857681e-13
6645.0   1.1476818623e-13
6653.0   1.14470406526e-13
6661.0   1.14168281831e-13
6669.0   1.13862692639e-13
6677.0   1.13554519442e-13
6693.0   1.12931294687e-13
6709.0   1.12303003124e-13
6725.0   1.11673598864e-13
6741.0   1.11044387679e-13
6757.0   1.10416675286e-13
6773.0   1.09790884592e-13
6789.0   1.09168321224e-13
6805.0   1.08548083861e-13
6821.0   1.07931478055e-13
6837.0   1.073180438e-13
6853.0   1.06708203826e-13
6869.0   1.06101939459e-13
6885.0   1.05498790623e-13
6901.0   1.04899621371e-13
6917.0   1.04303971597e-13
6933.0   1.03711822571e-13
6949.0   1.03123155555e-13
6965.0   1.0253839319e-13
6981.0   1.01957075355e-13
6997.0   1.01379183316e-13
7013.0   1.00805139724e-13
7029.0   1.00234484481e-13
7045.0   9.966764026e-14
7061.0   9.91041469899e-14
7077.0   9.85439859974e-14
7093.0   9.79875800105e-14
7109.0   9.74344690187e-14
7125.0   9.68850757984e-14
7141.0   9.63389403919e-14
7157.0   9.57960442526e-14
7173.0   9.52568102465e-14
7189.0   9.47212198931e-14
7205.0   9.41888133677e-14
7221.0   9.36595722644e-14
7237.0   9.31339195983e-14
7253.0   9.26113956652e-14
7269.0   9.20919821854e-14
7285.0   9.15761023057e-14
7301.0   9.10637378392e-14
7317.0   9.05539878867e-14
7333.0   9.0048158503e-14
7349.0   8.95449075105e-14
7365.0   8.90455410697e-14
7381.0   8.8548717111e-14
7397.0   8.80553005253e-14
7413.0   8.75648321184e-14
7429.0   8.70772941357e-14
7445.0   8.65931102636e-14
7461.0   8.61118214877e-14
7477.0   8.56338516179e-14
7493.0   8.51583003847e-14
7509.0   8.46864744871e-14
7525.0   8.42170324048e-14
7541.0   8.37508395878e-14
7557.0   8.32878787916e-14
7573.0   8.28272500784e-14
7589.0   8.23698191026e-14
7605.0   8.19151274458e-14
7621.0   8.14635995219e-14
7637.0   8.10147770545e-14
7653.0   8.05686432197e-14
7669.0   8.01256226473e-14
7685.0   7.96852572788e-14
7701.0   7.92475305103e-14
7717.0   7.88124258122e-14
7733.0   7.83803681109e-14
7749.0   7.79508996467e-14
7765.0   7.75244454974e-14
7781.0   7.71001066749e-14
7797.0   7.66787497912e-14
7813.0   7.6260358774e-14
7829.0   7.58440348669e-14
7845.0   7.54306449151e-14
7861.0   7.50197316995e-14
7877.0   7.46112794605e-14
7893.0   7.42057138982e-14
7909.0   7.38025780307e-14
7925.0   7.34018563359e-14
7941.0   7.30039747524e-14
7957.0   7.26080351564e-14
7973.0   7.22149050273e-14
7989.0   7.18245691631e-14
8005.0   7.14361296807e-14
8021.0   7.10504543006e-14
8037.0   7.06670866817e-14
8053.0   7.02860119442e-14
8069.0   6.99072152893e-14
8085.0   6.95311233799e-14
8101.0   6.9157280198e-14
8117.0   6.87856711876e-14
8133.0   6.84162818733e-14
8149.0   6.8049539242e-14
8165.0   6.76849875993e-14
8181.0   6.73226127131e-14
8188.0   6.71647269834e-14
8197.0   6.69624004318e-14
8206.0   6.67598709268e-14
8224.0   6.63586069007e-14
8242.0   6.59604736768e-14
8260.0   6.55650101562e-14
8278.0   6.51721967496e-14
8296.0   6.47820139967e-14
8314.0   6.43944425655e-14
8332.0   6.40099046333e-14
8350.0   6.36279397438e-14
8368.0   6.32485289494e-14
8378.0   6.30390380328e-14
8387.0   6.28518687926e-14
8395.0   6.26850433135e-14
8406.0   6.24566873112e-14
8409.0   6.23947308558e-14
8411.0   6.23537592817e-14
8416.0   6.22505820643e-14
8425.0   6.20656109668e-14
8440.0   6.17582591295e-14
8442.0   6.1717319979e-14
8456.0   6.14324773909e-14
8470.0   6.11495553095e-14
8483.0   6.08871500588e-14
8490.0   6.07473623843e-14
8497.0   6.06070565811e-14
8505.0   6.04477827763e-14
8520.0   6.01498671767e-14
8522.0   6.01105645233e-14
8535.0   5.98540466961e-14
8548.0   5.95987633399e-14
8561.0   5.93447078441e-14
8574.0   5.90918736317e-14
8587.0   5.88406955401e-14
8599.0   5.8609368143e-14
8600.0   5.85902842973e-14
8601.0   5.85712075626e-14
8602.0   5.85516965551e-14
8606.0   5.84754890695e-14
8613.0   5.83415161882e-14
8627.0   5.80750505095e-14
8641.0   5.78099631016e-14
8642.0   5.77911753977e-14
8655.0   5.75462460035e-14
8667.0   5.7321098266e-14
8680.0   5.70788637254e-14
8693.0   5.68377918056e-14
8706.0   5.65978762646e-14
8719.0   5.6358669512e-14
8731.0   5.61383355585e-14
8736.0   5.60475519193e-14
8744.0   5.59017647164e-14
8753.0   5.5738818274e-14
8770.0   5.54328963201e-14
8787.0   5.51284483716e-14
8804.0   5.48263437397e-14
8821.0   5.45256863045e-14
8839.0   5.42094388077e-14
8846.0   5.40864786234e-14
8856.0   5.39121865696e-14
8865.0   5.37558264688e-14
8884.0   5.34292399974e-14
8903.0   5.31049356286e-14
8922.0   5.27824540651e-14
8941.0   5.24604533873e-14
8960.0   5.21411228607e-14
8979.0   5.18231208426e-14
8998.0   5.15073127314e-14
9016.0   5.12095999254e-14
9017.0   5.11932399193e-14
9019.0   5.11605378513e-14
9022.0   5.11124123341e-14
9028.0   5.10154396561e-14
9039.0   5.08392427072e-14
9051.0   5.06471636522e-14
9063.0   5.0456375352e-14
9074.0   5.02811251733e-14
9086.0   5.00906289257e-14
9098.0   4.99009698087e-14
9109.0   4.97270750475e-14
9121.0   4.95381260693e-14
9133.0   4.9349560776e-14
9144.0   4.91765477944e-14
9156.0   4.89891110655e-14
9168.0   4.88016047521e-14
9180.0   4.8614466199e-14
9191.0   4.84421586339e-14
9203.0   4.82556769662e-14
9215.0   4.80691100225e-14
9221.0   4.79761243705e-14
9226.0   4.78989346404e-14
9232.0   4.78076355524e-14
9237.0   4.77338368182e-14
9242.0   4.76610573605e-14
9253.0   4.74986851336e-14
9263.0   4.73532486928e-14
9274.0   4.71943338446e-14
9284.0   4.70500292647e-14
9294.0   4.69053774539e-14
9305.0   4.6746964635e-14
9315.0   4.66025474841e-14
9326.0   4.64444757349e-14
9336.0   4.63007249509e-14
9347.0   4.61429836776e-14
9357.0   4.5999448292e-14
9368.0   4.58420269954e-14
9378.0   4.56986975059e-14
9389.0   4.55420271611e-14
9399.0   4.53993355314e-14
9410.0   4.5242964445e-14
9420.0   4.51009013419e-14
9431.0   4.49452606745e-14
9441.0   4.48029340869e-14
9452.0   4.46466895672e-14
9462.0   4.45045317093e-14
9473.0   4.43489974416e-14
9483.0   4.42065578481e-14
9494.0   4.40503997422e-14
9504.0   4.39067866488e-14
9515.0   4.3750436227e-14
9525.0   4.36065234732e-14
9536.0   4.34499709655e-14
9544.0   4.33354382148e-14
9546.0   4.33061910906e-14
9549.0   4.32647840352e-14
9551.0   4.32395573639e-14
9553.0   4.3214349875e-14
9558.0   4.31518563535e-14
9567.0   4.30410815213e-14
9586.0   4.28051541748e-14
9605.0   4.25687263472e-14
9623.0   4.23440507285e-14
9642.0   4.21051698827e-14
9661.0   4.18666323959e-14
9679.0   4.1640433611e-14
9698.0   4.14024578884e-14
9717.0   4.11652289154e-14
9735.0   4.09409319309e-14
9754.0   4.07055157749e-14
9773.0   4.04708092892e-14
9791.0   4.02496347105e-14
9810.0   4.00171110866e-14
9829.0   3.97857023246e-14
9847.0   3.9567549101e-14
9866.0   3.93400191021e-14
9885.0   3.91104789806e-14
9904.0   3.88811238513e-14
9922.0   3.86642226159e-14
9941.0   3.84351245769e-14
9960.0   3.82052945838e-14
9969.0   3.80963120348e-14
9978.0   3.79867739017e-14
9988.0   3.78651038355e-14
9994.0   3.7791323247e-14
9997.0   3.77544869504e-14
10000.0   3.77176865936e-14
10010.0   3.75986616572e-14
10020.0   3.74707649414e-14
10030.0   3.73507672995e-14
10040.0   3.72210118888e-14
10050.0   3.7101800623e-14
10060.0   3.69873939554e-14
10070.0   3.68945627671e-14
10080.0   3.67950571041e-14
10090.0   3.66959374836e-14
10100.0   3.66020575259e-14
10110.0   3.65001742448e-14
10120.0   3.63991137015e-14
10130.0   3.63006398707e-14
10150.0   3.60951150974e-14
10170.0   3.58897670043e-14
10180.0   3.57874312762e-14
10200.0   3.55812220115e-14
10230.0   3.52728963545e-14
10260.0   3.49651913959e-14
10290.0   3.46589503999e-14
10330.0   3.42567624278e-14
10360.0   3.39561406528e-14
10390.0   3.36586203842e-14
10420.0   3.33641643066e-14
10450.0   3.30696459244e-14
10520.0   3.24016567352e-14
10580.0   3.18395696544e-14
10650.0   3.11984293334e-14
10680.0   3.09263887765e-14
10710.0   3.06566344408e-14
10740.0   3.03882511156e-14
10770.0   3.01207653924e-14
10790.0   2.99453767329e-14
10810.0   2.97698242196e-14
10820.0   2.96778456994e-14
10840.0   2.95026922808e-14
10850.0   2.94089219767e-14
10870.0   2.92328231135e-14
10890.0   2.90556413725e-14
10900.0   2.89584209303e-14
10910.0   2.88685402673e-14
10920.0   2.87780534323e-14
10930.0   2.86869593331e-14
10940.0   2.85908430746e-14
10950.0   2.85095657103e-14
10960.0   2.84440089241e-14
10970.0   2.83769577914e-14
10980.0   2.83057629587e-14
10990.0   2.82388095976e-14
11000.0   2.81650621286e-14
11010.0   2.80915815899e-14
11020.0   2.80210152163e-14
11040.0   2.78718483155e-14
11060.0   2.77228496857e-14
11070.0   2.76487419306e-14
11090.0   2.74986561396e-14
11100.0   2.74244415939e-14
11120.0   2.7274133106e-14
11150.0   2.7049694815e-14
11180.0   2.68257558475e-14
11220.0   2.65306479783e-14
11280.0   2.60922230699e-14
11340.0   2.56615263238e-14
11410.0   2.51707685588e-14
11470.0   2.47589363595e-14
11540.0   2.42881940934e-14
11600.0   2.38921369185e-14
11660.0   2.35036873387e-14
11730.0   2.30619401868e-14
11790.0   2.26902679444e-14
11860.0   2.22668301453e-14
11920.0   2.19104593991e-14
11980.0   2.15609979144e-14
12050.0   2.1162483504e-14
12110.0   2.08273607415e-14
12180.0   2.04458396859e-14
12240.0   2.01243836629e-14
12300.0   1.98089847487e-14
12370.0   1.94496966336e-14
12430.0   1.91466488802e-14
12500.0   1.88010921453e-14
12530.0   1.865438287e-14
12560.0   1.85087486776e-14
12590.0   1.8363998291e-14
12620.0   1.82199406147e-14
12660.0   1.80309222929e-14
12670.0   1.79818941864e-14
12690.0   1.78877044673e-14
12700.0   1.78383487055e-14
12720.0   1.77440287073e-14
12740.0   1.76496461808e-14
12750.0   1.75991308838e-14
12770.0   1.75040290644e-14
12780.0   1.74562194642e-14
12790.0   1.7403337415e-14
12800.0   1.73544748672e-14
12810.0   1.73045113119e-14
12820.0   1.72512834931e-14
12830.0   1.72048544054e-14
12840.0   1.71740070411e-14
12850.0   1.71386580896e-14
12860.0   1.7099910521e-14
12870.0   1.70636342203e-14
12880.0   1.70237817925e-14
12890.0   1.69837513938e-14
12900.0   1.69454404876e-14
12920.0   1.68645297173e-14
12940.0   1.67835174605e-14
12950.0   1.6743689354e-14
12970.0   1.66623413442e-14
12980.0   1.66220122498e-14
13000.0   1.6540629179e-14
13030.0   1.6418898336e-14
13060.0   1.62975339216e-14
13100.0   1.61371075293e-14
13130.0   1.60173315146e-14
13160.0   1.58984563226e-14
13220.0   1.56636273274e-14
13290.0   1.53950754727e-14
13350.0   1.51685148392e-14
13420.0   1.49100113822e-14
13480.0   1.46920224125e-14
13540.0   1.4477883187e-14
13610.0   1.42336186746e-14
13670.0   1.40278077722e-14
13740.0   1.37929472633e-14
13800.0   1.35951984771e-14
13860.0   1.34009406353e-14
13930.0   1.31792273168e-14
13990.0   1.29922362904e-14
14060.0   1.2778794355e-14
14120.0   1.25988018779e-14
14180.0   1.24218569663e-14
14250.0   1.22198968942e-14
14310.0   1.20494774289e-14
14380.0   1.1854901324e-14
14440.0   1.16907756568e-14
14500.0   1.15294282173e-14
14570.0   1.13451314468e-14
14630.0   1.11895663879e-14
14700.0   1.10115554273e-14
14760.0   1.08612199105e-14
14820.0   1.07134295627e-14
14890.0   1.05446736145e-14
14950.0   1.04021746256e-14
15020.0   1.02394423503e-14
15070.0   1.01246281384e-14
15080.0   1.01020187064e-14
15090.0   1.0079426561e-14
15100.0   1.00565866733e-14
15130.0   9.98918271321e-15
15140.0   9.96720366914e-15
15150.0   9.94488761688e-15
15170.0   9.90030301941e-15
15200.0   9.83438059965e-15
15230.0   9.76876913113e-15
15250.0   9.72543866466e-15
15260.0   9.70377243061e-15
15300.0   9.61772909149e-15
15350.0   9.51193477223e-15
15430.0   9.34526294114e-15
15440.0   9.32474382305e-15
15460.0   9.2836045827e-15
15490.0   9.22239094103e-15
15560.0   9.08211081484e-15
15570.0   9.06224474127e-15
15580.0   9.04243110629e-15
15600.0   9.00296048469e-15
15640.0   8.92464119659e-15
15710.0   8.78972714821e-15
15770.0   8.67576097912e-15
15800.0   8.61986367572e-15
15840.0   8.5455007433e-15
15890.0   8.45408143732e-15
15970.0   8.30963131994e-15
16010.0   8.23878480761e-15
16060.0   8.15118620017e-15
16110.0   8.06471082335e-15
16160.0   7.97942959335e-15
16210.0   7.89523718156e-15
16260.0   7.81211683697e-15
16320.0   7.71404688691e-15
16370.0   7.63313929783e-15
16410.0   7.56880440284e-15
16460.0   7.49034029628e-15
16510.0   7.41273640468e-15
16600.0   7.2749467711e-15
16690.0   7.14019474733e-15
16760.0   7.03736685761e-15
16780.0   7.00786761007e-15
16800.0   6.97904211752e-15
16810.0   6.96439623943e-15
16820.0   6.95022744216e-15
16840.0   6.92208479463e-15
16850.0   6.90802245455e-15
16860.0   6.893907111e-15
16890.0   6.85194821156e-15
16950.0   6.76870376386e-15
17000.0   6.69998142314e-15
17050.0   6.6320580079e-15
17110.0   6.55187470744e-15
17160.0   6.48571824503e-15
17210.0   6.42036563573e-15
17270.0   6.34326944661e-15
17320.0   6.27959985232e-15
17370.0   6.21696181493e-15
17460.0   6.10618051429e-15
17560.0   5.98629091401e-15
17650.0   5.88055892482e-15
17750.0   5.76589872441e-15
17840.0   5.66481699789e-15
17940.0   5.55509920154e-15
18030.0   5.45802024929e-15
18070.0   5.41560960312e-15
18130.0   5.35284301866e-15
18150.0   5.33188026671e-15
18180.0   5.30101415557e-15
18210.0   5.27067230574e-15
18230.0   5.25048955013e-15
18290.0   5.19068175737e-15
18340.0   5.14126690307e-15
18400.0   5.08280236028e-15
18450.0   5.03432558036e-15
18500.0   4.98627061811e-15
18530.0   4.95771811843e-15
18560.0   4.92922831107e-15
18590.0   4.90084370784e-15
18610.0   4.88152710047e-15
18640.0   4.85310828814e-15
18670.0   4.82465800491e-15
18680.0   4.81484853684e-15
18690.0   4.8049715847e-15
18710.0   4.78611845e-15
18720.0   4.77599456275e-15
18730.0   4.76642089531e-15
18740.0   4.75620566266e-15
18750.0   4.74570191277e-15
18760.0   4.73045164301e-15
18770.0   4.72806589122e-15
18780.0   4.7209776452e-15
18790.0   4.71351238091e-15
18800.0   4.70540521409e-15
18820.0   4.68942771661e-15
18840.0   4.6728681578e-15
18850.0   4.6648168659e-15
18870.0   4.64811166962e-15
18880.0   4.63989903714e-15
18900.0   4.62313549936e-15
18930.0   4.59807060257e-15
18960.0   4.57300381057e-15
19000.0   4.53968879879e-15
19030.0   4.51467089315e-15
19060.0   4.48982292645e-15
19120.0   4.44036644801e-15
19190.0   4.38341650945e-15
19250.0   4.33507463212e-15
19320.0   4.2794916535e-15
19380.0   4.23217094456e-15
19440.0   4.18560085016e-15
19450.0   4.1778985731e-15
19460.0   4.17034556194e-15
19490.0   4.14800787775e-15
19510.0   4.13318480944e-15
19570.0   4.08920045218e-15
19620.0   4.05281208631e-15
19670.0   4.01678215011e-15
19720.0   3.98101704294e-15
19770.0   3.94564393587e-15
19820.0   3.91056938942e-15
19870.0   3.87587659494e-15
19920.0   3.8415605448e-15
19970.0   3.80757216908e-15
20020.0   3.77395074858e-15
20080.0   3.73414448736e-15
20130.0   3.7013136299e-15
20180.0   3.66879053248e-15
20230.0   3.63665891341e-15
20280.0   3.60495842108e-15
20330.0   3.57346394244e-15
20380.0   3.54230353497e-15
20430.0   3.51151704477e-15
20480.0   3.48105610547e-15
20530.0   3.45087241335e-15
20580.0   3.42105014047e-15
20640.0   3.38578246647e-15
20690.0   3.35664406269e-15
20740.0   3.32785434704e-15
20790.0   3.29932118689e-15
20840.0   3.27108492027e-15
20890.0   3.24318594073e-15
20940.0   3.21553228213e-15
20990.0   3.18820858436e-15
21040.0   3.16112298776e-15
21090.0   3.13431609887e-15
21150.0   3.1026167608e-15
21200.0   3.07641084826e-15
21250.0   3.05042854353e-15
21300.0   3.0247106621e-15
21350.0   2.99920979101e-15
21400.0   2.97392270226e-15
21450.0   2.94884621397e-15
21500.0   2.92392422398e-15
21550.0   2.89914039905e-15
21580.0   2.88443755393e-15
21600.0   2.87445638081e-15
21620.0   2.86477441513e-15
21630.0   2.85976254009e-15
21640.0   2.85472056767e-15
21650.0   2.8498559232e-15
21660.0   2.84475809898e-15
21670.0   2.84014210842e-15
21680.0   2.83582696195e-15
21690.0   2.83141980731e-15
21700.0   2.82696917308e-15
21730.0   2.81342678184e-15
21760.0   2.79988948476e-15
21780.0   2.79091275389e-15
21810.0   2.77742671361e-15
21860.0   2.75505740921e-15
21920.0   2.72839866467e-15
21970.0   2.70634968806e-15
22020.0   2.68446483313e-15
22080.0   2.65851105596e-15
22130.0   2.63705119975e-15
22180.0   2.61578236891e-15
22240.0   2.59058513654e-15
22290.0   2.56975852889e-15
22340.0   2.5491281489e-15
22390.0   2.52870038448e-15
22450.0   2.50450851371e-15
22500.0   2.48451366666e-15
22550.0   2.46471385122e-15
22610.0   2.44127536515e-15
22660.0   2.42189656008e-15
22710.0   2.40270994369e-15
22770.0   2.37999697404e-15
22820.0   2.36121574933e-15
22870.0   2.34261535403e-15
22920.0   2.3241804377e-15
22980.0   2.30236037699e-15
23030.0   2.28432018905e-15
23080.0   2.26645216185e-15
23140.0   2.24529765415e-15
23190.0   2.22783230182e-15
23240.0   2.21051075917e-15
23300.0   2.19000209336e-15
23350.0   2.17304321624e-15
23400.0   2.15624861402e-15
23460.0   2.13636709429e-15
23510.0   2.11992219874e-15
23560.0   2.10363581226e-15
23610.0   2.08750618278e-15
23670.0   2.06840578433e-15
23720.0   2.05260966956e-15
23770.0   2.03696485852e-15
23830.0   2.01844179282e-15
23880.0   2.00311874963e-15
23930.0   1.98794178212e-15
23990.0   1.96996714427e-15
24040.0   1.95510068157e-15
24090.0   1.94037528123e-15
24140.0   1.92578941903e-15
24200.0   1.90851294892e-15
24250.0   1.89421909164e-15
24300.0   1.88006002596e-15
24360.0   1.86329306328e-15
24410.0   1.84942460164e-15
24460.0   1.8356775499e-15
24520.0   1.81940260565e-15
24570.0   1.80593634302e-15
24620.0   1.79259594747e-15
24680.0   1.77679182405e-15
24730.0   1.76371396977e-15
24780.0   1.7507180631e-15
24830.0   1.73787786246e-15
24890.0   1.72267037901e-15
24940.0   1.71008533842e-15
24990.0   1.69761230244e-15
25050.0   1.68283935434e-15
25100.0   1.67061290368e-15
25150.0   1.65849463799e-15
25210.0   1.64414155672e-15
25260.0   1.63225722645e-15
25310.0   1.62048182575e-15
25360.0   1.60880982396e-15
25420.0   1.59498072887e-15
25470.0   1.58353234131e-15
25520.0   1.5721838708e-15
25580.0   1.55873406384e-15
25630.0   1.54759287028e-15
25680.0   1.53654383353e-15
25740.0   1.52345163591e-15
25790.0   1.5125938302e-15
25840.0   1.50181613674e-15
25900.0   1.4890427117e-15
25950.0   1.47843165431e-15
26000.0   1.46787996082e-15
26050.0   1.45737786154e-15
26110.0   1.44491135398e-15
26130.0   1.44068822825e-15
26160.0   1.43446566721e-15
26170.0   1.43241164155e-15
26190.0   1.428243306e-15
26200.0   1.42608925749e-15
26210.0   1.42396511831e-15
26220.0   1.42182674324e-15
26230.0   1.41977122895e-15
26240.0   1.417714706e-15
26250.0   1.41555564972e-15
26260.0   1.4136471577e-15
26270.0   1.41157873876e-15
26280.0   1.40978293905e-15
26290.0   1.40798168166e-15
26310.0   1.40433186924e-15
26340.0   1.39869907788e-15
26360.0   1.39498554799e-15
26380.0   1.39124996557e-15
26410.0   1.38561174439e-15
26450.0   1.37814442357e-15
26500.0   1.36880287129e-15
26540.0   1.36135938076e-15
26590.0   1.35210475445e-15
26630.0   1.34472709162e-15
26720.0   1.32828253812e-15
26810.0   1.31204756152e-15
26910.0   1.29428870033e-15
27000.0   1.27852549862e-15
27090.0   1.26298894807e-15
27180.0   1.24768362399e-15
27270.0   1.23260094929e-15
27360.0   1.21774126132e-15
27450.0   1.20310498227e-15
27540.0   1.18868378953e-15
27630.0   1.17447826896e-15
27720.0   1.16048467157e-15
27810.0   1.1467081531e-15
27900.0   1.13311863415e-15
28000.0   1.11827818116e-15
28090.0   1.10510432487e-15
28180.0   1.09212881062e-15
28270.0   1.07933950593e-15
28360.0   1.06673758655e-15
28450.0   1.0543154659e-15
28540.0   1.04207886261e-15
28630.0   1.03001590241e-15
28720.0   1.01812359955e-15
28810.0   1.00640344163e-15
28900.0   9.94852560615e-16
29000.0   9.82232710223e-16
29090.0   9.71025123188e-16
29180.0   9.59978248249e-16
29270.0   9.49085029312e-16
29360.0   9.38347289704e-16
29450.0   9.27758075787e-16
29540.0   9.17319311067e-16
29630.0   9.07028553671e-16
29720.0   8.9687899528e-16
29810.0   8.86872701503e-16
29900.0   8.77002955637e-16
29990.0   8.67271912895e-16
