900.0   4.72887238561e-15
905.0   4.77847331742e-15
908.2   4.80959841077e-15
910.0   4.82710701e-15
911.8   4.8562708794e-15
912.7   4.86405442502e-15
913.6   4.87280933587e-15
914.1   4.88058691798e-15
914.5   4.89224788935e-15
915.0   4.91168028055e-15
915.4   4.94373709451e-15
915.7   4.96413761955e-15
915.9   4.99133516523e-15
916.1   5.02241762843e-15
916.3   5.0602986921e-15
916.6   5.10109504465e-15
916.8   5.15063085748e-15
917.0   5.20308036026e-15
917.3   5.2642725301e-15
917.7   5.39442349652e-15
917.9   5.46144144561e-15
918.0   5.49155112607e-15
918.2   5.51971998021e-15
918.3   5.54108861724e-15
918.4   5.55371620729e-15
918.5   5.55080415689e-15
918.6   5.54012228715e-15
918.7   5.49544745181e-15
918.8   5.43717543131e-15
918.9   5.3002339738e-15
919.0   5.17786093267e-15
919.1   4.95156653591e-15
919.2   4.65437252326e-15
919.3   4.47469705678e-15
919.4   4.33581315292e-15
919.5   4.58056416841e-15
919.6   4.90592707973e-15
919.7   5.21575035064e-15
919.8   5.35852246936e-15
919.9   5.5780215734e-15
920.0   5.71496632989e-15
920.1   5.80140725093e-15
920.2   5.80238014151e-15
920.3   5.71497131872e-15
920.4   5.58871339215e-15
920.5   5.38281480096e-15
920.6   5.07979344765e-15
920.7   4.70004511264e-15
920.8   4.30087222666e-15
920.9   4.04641226074e-15
921.0   3.82108912582e-15
921.1   4.08720717821e-15
921.2   4.47472868734e-15
921.3   4.85350914952e-15
921.4   5.25948398743e-15
921.5   5.60718516879e-15
921.6   5.98402318116e-15
921.7   6.26859456962e-15
921.8   6.5065470332e-15
921.9   6.67457110858e-15
922.0   6.75518469825e-15
922.1   6.75421516804e-15
922.2   6.7046842577e-15
922.3   6.56871408928e-15
922.4   6.33367870348e-15
922.5   6.02774370184e-15
922.6   5.70044169398e-15
922.7   5.28670042805e-15
922.8   4.89141248911e-15
922.9   4.4096852921e-15
923.0   3.97457702362e-15
923.1   3.53752630171e-15
923.2   3.42195193026e-15
923.3   3.68418511235e-15
923.4   4.1290090925e-15
923.5   4.74185545607e-15
923.6   5.0604198468e-15
923.7   5.5304957511e-15
923.8   6.02970848644e-15
923.9   6.6542095891e-15
924.0   6.96597539376e-15
924.1   7.3845762406e-15
924.2   7.73130624398e-15
924.3   8.13825236286e-15
924.4   8.2266358179e-15
924.5   8.42768168096e-15
924.6   8.57336757045e-15
924.7   8.59862123453e-15
924.8   8.5481191446e-15
924.9   8.47236513791e-15
925.0   8.28491995458e-15
925.1   8.00715060265e-15
925.2   7.53902063529e-15
925.3   7.28358952282e-15
925.4   6.69502733193e-15
925.5   6.36869660554e-15
925.6   6.04722201921e-15
925.7   5.57617837831e-15
925.8   5.08473895887e-15
925.9   4.42721961498e-15
926.0   4.12225590605e-15
926.1   3.63275894754e-15
926.2   3.20930547039e-15
926.3   3.08013396984e-15
926.4   3.77262105405e-15
926.5   4.05233639344e-15
926.6   4.46802360422e-15
926.7   5.20324471025e-15
926.8   5.5120968845e-15
926.9   6.09580648258e-15
927.0   6.41922707521e-15
927.1   7.09034716462e-15
927.2   7.73621533732e-15
927.3   8.04603874871e-15
927.4   8.71521638855e-15
927.5   9.36302702222e-15
927.6   9.66216693529e-15
927.7   1.01895453455e-14
927.8   1.07042977984e-14
927.9   1.09276819613e-14
928.0   1.13258871011e-14
928.1   1.16269694791e-14
928.2   1.17532308838e-14
928.3   1.19377659488e-14
928.4   1.2054315081e-14
928.5   1.20834537275e-14
928.6   1.2064030994e-14
928.7   1.19669100514e-14
928.8   1.18795013869e-14
928.9   1.16366963022e-14
929.0   1.12773439027e-14
929.1   1.10733879273e-14
929.2   1.06072004912e-14
929.3   1.00730271224e-14
929.4   9.80108521809e-15
929.5   9.21058065003e-15
929.6   8.5734571572e-15
929.7   8.24324160035e-15
929.8   7.6109742496e-15
929.9   6.9738507626e-15
930.0   6.64266398392e-15
930.1   6.01331032191e-15
930.2   5.42086331215e-15
930.3   5.12269827904e-15
930.4   4.53122250081e-15
930.5   3.94168917979e-15
930.6   3.65226520129e-15
930.7   3.20355989189e-15
930.8   2.9811506244e-15
930.9   3.50755786879e-15
931.0   4.23986537468e-15
931.1   4.73325088325e-15
931.2   5.23052130433e-15
931.3   5.73459032085e-15
931.4   5.978370332e-15
931.5   6.51546109218e-15
931.6   7.0816886835e-15
931.7   7.64791627679e-15
931.8   8.22191369317e-15
931.9   8.84253003819e-15
932.0   9.47188743395e-15
932.1   1.04130089039e-14
932.3   1.17241699978e-14
932.5   1.30741802051e-14
932.6   1.37443291737e-14
932.7   1.43756290385e-14
932.8   1.49875043525e-14
932.9   1.55702428394e-14
933.0   1.61141322227e-14
933.1   1.66288847788e-14
933.2   1.70950759549e-14
933.3   1.75418425802e-14
933.4   1.79400478255e-14
933.5   1.82896916908e-14
933.6   1.86004864526e-14
933.7   1.88724321108e-14
933.8   1.91152409419e-14
933.9   1.93289129457e-14
934.0   1.9503735846e-14
934.1   1.96299973662e-14
934.2   1.96979852302e-14
934.3   1.97076994378e-14
934.4   1.9659139989e-14
934.5   1.95620191603e-14
934.6   1.93969123988e-14
934.7   1.91929565337e-14
934.8   1.89113024596e-14
934.9   1.85810870054e-14
935.0   1.81828856186e-14
935.1   1.77361228517e-14
935.2   1.72505109814e-14
935.3   1.6716337731e-14
935.4   1.61336031008e-14
935.5   1.55702930253e-14
935.6   1.49972706755e-14
935.7   1.44048237749e-14
935.8   1.37929523235e-14
935.9   1.31810808743e-14
936.0   1.25497848742e-14
936.1   1.19184888761e-14
936.2   1.12871928801e-14
936.4   1.00731622761e-14
936.6   8.88244114362e-15
936.7   8.29290794628e-15
936.8   7.71600071028e-15
936.9   7.15657557385e-15
937.0   6.60297780528e-15
937.1   6.06783336391e-15
937.2   5.55405593266e-15
937.3   5.04222095873e-15
937.4   4.54689685671e-15
937.5   4.29146598366e-15
937.6   3.77380365006e-15
937.7   3.24545781446e-15
937.8   2.88027822434e-15
937.9   2.8812514563e-15
938.0   3.49312687546e-15
938.1   4.01176444331e-15
938.2   4.77806506124e-15
938.3   5.28310544626e-15
938.4   5.80077179266e-15
938.5   6.05814913377e-15
938.6   6.60106740293e-15
938.7   7.16341022693e-15
938.8   7.73352287413e-15
938.9   8.32111762091e-15
939.0   8.9320218331e-15
939.1   9.55652323432e-15
939.2   1.01897656864e-14
939.3   1.08210656852e-14
939.4   1.15009270681e-14
939.5   1.22002130058e-14
939.6   1.29189234985e-14
939.7   1.36667708224e-14
939.8   1.44243304248e-14
939.9   1.52110268585e-14
940.0   1.60074355705e-14
940.1   1.68038442848e-14
940.2   1.76682389359e-14
940.3   1.86200440765e-14
940.4   2.00380384862e-14
940.6   2.19804978836e-14
940.8   2.38938204603e-14
941.0   2.5748869387e-14
941.2   2.75165078346e-14
941.3   2.83711902324e-14
941.4   2.91870235267e-14
941.5   2.99445831647e-14
941.6   3.0605020041e-14
941.7   3.12460323666e-14
941.8   3.18773324179e-14
941.9   3.24697833657e-14
942.1   3.35964116094e-14
942.3   3.46162048212e-14
942.5   3.55582998305e-14
942.7   3.64032720842e-14
942.9   3.71414093062e-14
943.1   3.77727114964e-14
943.3   3.83068909312e-14
943.5   3.87342353342e-14
943.7   3.90644569819e-14
943.9   3.9268419045e-14
944.1   3.92975601417e-14
944.3   3.91713048247e-14
944.5   3.88702285412e-14
944.6   3.86759851589e-14
944.7   3.84137558441e-14
944.8   3.8093252873e-14
944.9   3.76562025874e-14
945.0   3.71803031984e-14
945.1   3.66461301531e-14
945.2   3.60439711754e-14
945.3   3.54029630941e-14
945.4   3.46939690804e-14
945.5   3.39461259631e-14
945.6   3.31691460189e-14
945.7   3.23436046949e-14
945.8   3.14695019912e-14
945.9   3.0556550184e-14
946.1   2.86820851942e-14
946.3   2.68367570423e-14
946.5   2.49720043464e-14
946.7   2.3175237594e-14
946.9   2.14270322323e-14
947.1   1.96885391558e-14
947.2   1.88435733119e-14
947.3   1.80083197465e-14
947.4   1.71827784597e-14
947.5   1.64155108335e-14
947.6   1.56773800386e-14
947.7   1.49489615224e-14
947.8   1.42302552848e-14
947.9   1.35309736021e-14
948.0   1.28414041981e-14
948.1   1.21615470727e-14
948.2   1.15011145023e-14
948.3   1.08503942105e-14
948.4   1.02190984736e-14
948.5   9.5994574707e-15
948.6   8.99049997402e-15
948.7   8.39416843888e-15
948.8   7.81434777583e-15
948.9   7.24521061904e-15
949.0   6.6916131067e-15
949.1   6.15355523882e-15
949.2   5.6261808772e-15
949.3   5.1085187942e-15
949.4   4.60348267275e-15
949.5   4.33348364226e-15
949.6   3.78279982622e-15
949.7   3.16413007767e-15
949.8   2.82031775329e-15
949.9   3.55942424901e-15
950.0   4.1139974955e-15
950.1   4.65788724019e-15
950.2   5.16778401975e-15
950.3   5.69030676087e-15
950.4   6.221570553e-15
950.5   6.76546030669e-15
950.6   7.32683216013e-15
950.7   7.90180120277e-15
950.8   8.49036743462e-15
950.9   9.09350208332e-15
951.0   9.71217637649e-15
951.1   1.03454190865e-14
951.2   1.098643162e-14
951.3   1.16468687084e-14
951.4   1.23267303518e-14
951.5   1.30260165505e-14
951.6   1.37447273041e-14
951.7   1.44731503363e-14
951.8   1.52209979236e-14
951.9   1.59785577896e-14
952.0   1.67652544871e-14
952.1   1.76005125687e-14
952.2   1.8494044311e-14
952.3   1.94070006084e-14
952.4   2.03393814608e-14
952.5   2.13106114212e-14
952.6   2.23109782129e-14
952.7   2.33307695598e-14
952.8   2.43505609089e-14
952.9   2.53897768131e-14
953.0   2.65552523127e-14
953.1   2.77498646437e-14
953.2   2.89736138062e-14
953.3   3.02264998002e-14
953.4   3.14988103493e-14
953.5   3.2877955941e-14
953.6   3.42959506406e-14
953.8   3.71805014286e-14
954.2   4.29981644143e-14
954.4   4.58924275063e-14
954.6   4.87284169492e-14
954.7   5.00881380158e-14
954.8   5.13313117681e-14
954.9   5.24676504822e-14
955.0   5.35845646459e-14
955.1   5.46723419828e-14
955.2   5.57406947691e-14
955.3   5.67799107287e-14
955.4   5.77899898613e-14
955.5   5.87806444435e-14
955.7   6.05871326399e-14
955.9   6.22673612524e-14
956.1   6.38796039396e-14
956.3   6.54044361486e-14
956.5   6.68612824321e-14
956.7   6.82210059612e-14
956.9   6.95030312884e-14
957.3   7.18534118905e-14
957.7   7.39415610675e-14
958.1   7.57674788199e-14
958.5   7.73505897004e-14
958.9   7.86520446034e-14
959.3   7.97204049111e-14
959.7   8.05265337944e-14
960.1   8.10801435298e-14
960.5   8.13618095646e-14
960.9   8.13909564517e-14
961.3   8.11287350856e-14
961.7   8.06042822957e-14
962.1   7.97884612527e-14
962.5   7.87006965097e-14
962.9   7.73021389611e-14
963.3   7.56219254363e-14
963.7   7.36114945533e-14
964.1   7.13194076942e-14
964.5   6.87262403064e-14
964.9   6.58611292191e-14
965.3   6.27240744324e-14
965.7   5.93345004994e-14
966.1   5.57409688018e-14
966.5   5.19629038927e-14
966.9   4.80391548779e-14
967.3   4.4037707692e-14
967.7   3.99974114408e-14
968.1   3.59668275064e-14
968.5   3.20139418236e-14
968.7   3.00812042411e-14
968.9   2.81776034981e-14
969.1   2.63322764235e-14
969.3   2.45257984648e-14
969.5   2.27678818981e-14
969.7   2.1068239e-14
969.9   1.9436582047e-14
970.1   1.78729110388e-14
970.3   1.63675136994e-14
970.5   1.49301023048e-14
970.6   1.42405334406e-14
970.7   1.35606768554e-14
970.8   1.29002448255e-14
970.9   1.2259237351e-14
971.0   1.16279421554e-14
971.1   1.10063592388e-14
971.2   1.04042008776e-14
971.3   9.81175479534e-15
971.4   9.22610730915e-15
971.5   8.65502824012e-15
971.6   8.09366145007e-15
971.8   6.99715102402e-15
971.9   6.45909370508e-15
972.0   5.92783498221e-15
972.1   5.40531731069e-15
972.2   4.88765577996e-15
972.3   4.32240409749e-15
972.4   3.7047061251e-15
972.5   2.76553180669e-15
972.6   2.7674770734e-15
972.7   3.75036225844e-15
972.8   4.36320971549e-15
972.9   4.92652456554e-15
973.0   5.70836563705e-15
973.2   6.77963537476e-15
973.4   7.87907072446e-15
973.5   8.44335681782e-15
973.6   9.01152782436e-15
973.7   9.59815215866e-15
973.8   1.01906038614e-14
973.9   1.08024801196e-14
974.0   1.14143563804e-14
974.1   1.20456571966e-14
974.2   1.26963825682e-14
974.3   1.33665324952e-14
974.4   1.40463947013e-14
974.5   1.47456814628e-14
974.6   1.54643927797e-14
974.7   1.6202528652e-14
974.8   1.69600890798e-14
974.9   1.77273617865e-14
975.0   1.85237713251e-14
975.1   1.93298931427e-14
975.3   2.10101227207e-14
975.5   2.27680505204e-14
975.7   2.46036765418e-14
975.9   2.6517000785e-14
976.1   2.84885986971e-14
976.3   3.05476071075e-14
976.5   3.26648891869e-14
976.7   3.48501572117e-14
976.9   3.70839866291e-14
977.1   3.9385801992e-14
977.3   4.17361787475e-14
977.5   4.41351168958e-14
977.9   4.90786773704e-14
978.3   5.41582097575e-14
978.7   5.93640017809e-14
979.5   6.99892560381e-14
980.3   8.06436472984e-14
980.7   8.59465623031e-14
981.1   9.11426423111e-14
981.5   9.62901609811e-14
981.9   1.01301707825e-13
982.3   1.06157858292e-13
982.7   1.10916886038e-13
983.1   1.15481668302e-13
983.5   1.19949327845e-13
983.9   1.24125619141e-13
984.3   1.28204787718e-13
984.7   1.32089710811e-13
985.1   1.35780388422e-13
985.5   1.3927682055e-13
985.9   1.42579007195e-13
986.3   1.45686948357e-13
986.7   1.48600644037e-13
987.5   1.54039544477e-13
988.3   1.58798585752e-13
989.1   1.62974890626e-13
989.9   1.66568459101e-13
990.7   1.6967641394e-13
991.5   1.72298755147e-13
992.3   1.7443548272e-13
993.1   1.76183719425e-13
993.9   1.77543465263e-13
994.7   1.78611842998e-13
995.5   1.79291729868e-13
996.3   1.79680248637e-13
997.1   1.79777399306e-13
997.9   1.79583181876e-13
998.7   1.79097596347e-13
999.5   1.78417765485e-13
1000.0   1.77349432985e-13
1001.0   1.76086873089e-13
1002.0   1.74630067974e-13
1003.0   1.72784772111e-13
1004.0   1.70745231033e-13
1005.0   1.65597761821e-13
1006.0   1.62586993731e-13
1007.0   1.59187734902e-13
1008.0   1.55497108099e-13
1009.0   1.46756097891e-13
1010.0   1.41802875798e-13
1011.0   1.36364040208e-13
1012.0   1.30439591124e-13
1013.0   1.17133812309e-13
1014.0   1.09849645185e-13
1015.0   1.02079864572e-13
1016.0   9.39021686819e-14
1017.0   7.66726315273e-14
1018.0   6.78345015118e-14
1019.0   5.90157963863e-14
1020.0   5.03719125748e-14
1021.0   3.8124774562e-14
1022.0   3.06852137063e-14
1023.0   2.24201097013e-14
1024.0   1.54661633553e-14
1025.0   9.71653962956e-15
1026.0   4.42436447134e-15
1027.0   7.99852678369e-15
1028.0   1.36307208166e-14
1029.0   2.03613736642e-14
1030.0   2.84420332869e-14
1031.0   3.93586779744e-14
1032.0   4.6157317831e-14
1033.0   6.04635477013e-14
1034.0   6.77478021025e-14
1035.0   8.21317309122e-14
1036.0   8.90566318188e-14
1037.0   1.02080842669e-13
1038.0   1.0810250261e-13
1039.0   1.19174546647e-13
1040.0   1.24127856931e-13
1041.0   1.32966078148e-13
1042.0   1.3685103878e-13
1043.0   1.43746805474e-13
1044.0   1.46854784756e-13
1045.0   1.52099465228e-13
1046.0   1.54430463164e-13
1047.0   1.56567215959e-13
1048.0   1.60160810602e-13
1049.0   1.6317166905e-13
1051.0   1.65599844857e-13
1052.0   1.67639476845e-13
1053.0   1.69290618174e-13
1055.0   1.7065044675e-13
1056.0   1.71621729932e-13
1057.0   1.72495890754e-13
1060.0   1.73564411434e-13
1063.0   1.74050199225e-13
1066.0   1.74147499704e-13
1068.0   1.73953374755e-13
1071.0   1.73467944991e-13
1074.0   1.72885396329e-13
1077.0   1.72108606054e-13
1079.0   1.71234631266e-13
1082.0   1.70360724853e-13
1085.0   1.69389699713e-13
1087.0   1.68321486575e-13
1090.0   1.67253345502e-13
1093.0   1.66088085825e-13
1096.0   1.65019953117e-13
1098.0   1.63854627438e-13
1101.0   1.62689379076e-13
1104.0   1.61524135039e-13
1106.0   1.60358817051e-13
1109.0   1.59096457559e-13
1112.0   1.57931225275e-13
1115.0   1.56765997479e-13
1117.0   1.55600690408e-13
1120.0   1.5443547019e-13
1123.0   1.53173131812e-13
1126.0   1.52007920846e-13
1128.0   1.50842625081e-13
1131.0   1.49677421954e-13
1134.0   1.48415100823e-13
1136.0   1.47249813521e-13
1139.0   1.4608462318e-13
1142.0   1.44822314944e-13
1145.0   1.43657134383e-13
1147.0   1.42491859035e-13
1150.0   1.41229563985e-13
1153.0   1.39967273952e-13
1156.0   1.38704988975e-13
1158.0   1.37442603175e-13
1161.0   1.36180326711e-13
1164.0   1.34820932643e-13
1166.0   1.33364310486e-13
1169.0   1.31907802334e-13
1172.0   1.30354176678e-13
1175.0   1.2870343355e-13
1177.0   1.26955455998e-13
1180.0   1.24916230718e-13
1183.0   1.22682765299e-13
1186.0   1.20060814247e-13
1187.0   1.18506972426e-13
1188.0   1.16953131213e-13
1190.0   1.15108046546e-13
1191.0   1.13165716107e-13
1192.0   1.1093201799e-13
1194.0   1.08407078876e-13
1195.0   1.05590646019e-13
1196.0   1.0228859996e-13
1197.0   1.00540518742e-13
1198.0   9.869531538e-14
1199.0   9.66073057293e-14
1200.0   9.20815153257e-14
1201.0   8.95758790352e-14
1202.0   8.40205885814e-14
1203.0   8.09516415099e-14
1204.0   7.4230879141e-14
1205.0   7.05694844639e-14
1206.0   6.2673537908e-14
1207.0   5.84585447352e-14
1208.0   4.96496454595e-14
1209.0   4.51335729818e-14
1210.0   3.60721557853e-14
1211.0   3.16434950628e-14
1212.0   2.52820919736e-14
1213.0   1.94354401696e-14
1214.0   1.58614616793e-14
1215.0   1.08403546452e-14
1216.0   5.0403236839e-15
1217.0   9.94710685943e-15
1218.0   1.48325236687e-14
1219.0   2.00384462418e-14
1220.0   2.5768832384e-14
1221.0   3.3179442987e-14
1222.0   4.08717102514e-14
1223.0   4.59999371949e-14
1224.0   5.10310420223e-14
1225.0   5.82376974106e-14
1226.0   6.27540528879e-14
1227.0   6.89506328321e-14
1228.0   7.27094320533e-14
1229.0   7.93042166341e-14
1230.0   8.21597754571e-14
1231.0   8.47531034721e-14
1232.0   8.70842006801e-14
1233.0   9.10372487023e-14
1234.0   9.27176247059e-14
1235.0   9.42134681163e-14
1236.0   9.55344912109e-14
1237.0   9.78267426049e-14
1238.0   9.87010023065e-14
1240.0   1.00352400932e-13
1241.0   1.01518030914e-13
1243.0   1.02489574177e-13
1244.0   1.03169592335e-13
1246.0   1.03752648542e-13
1248.0   1.04141461896e-13
1251.0   1.04627564191e-13
1254.0   1.04725181484e-13
1257.0   1.0453143656e-13
1260.0   1.04240574966e-13
1264.0   1.03852769023e-13
1267.0   1.03367676196e-13
1270.0   1.02785466761e-13
1273.0   1.022032635e-13
1276.0   1.01523943665e-13
1280.0   1.00844813324e-13
1283.0   1.00165507992e-13
1286.0   9.94862089006e-14
1289.0   9.87097932991e-14
1292.0   9.80305067283e-14
1296.0   9.73514208522e-14
1298.0   9.68661979628e-14
1299.0   9.66041630154e-14
1300.0   9.63421287685e-14
1302.0   9.57792132723e-14
1305.0   9.52165013068e-14
1308.0   9.4663507942e-14
1310.0   9.41006036888e-14
1312.0   9.3547414529e-14
1315.0   9.29944359535e-14
1318.0   9.24511760049e-14
1320.0   9.18979981348e-14
1325.0   9.08210025378e-14
1335.0   8.86864889917e-14
1355.0   8.45827833085e-14
1375.0   8.07027434678e-14
1395.0   7.70269436257e-14
1415.0   7.35650934983e-14
1435.0   7.02977647466e-14
1455.0   6.72152401341e-14
1475.0   6.42980890343e-14
1495.0   6.1546304326e-14
1515.0   5.89501656352e-14
1535.0   5.64902394106e-14
1555.0   5.41665158311e-14
1575.0   5.19692720561e-14
1595.0   4.98790723071e-14
1615.0   4.78959047771e-14
1635.0   4.60197571585e-14
1655.0   4.42409044448e-14
1675.0   4.25399090085e-14
1695.0   4.09361820561e-14
1715.0   3.94102854892e-14
1735.0   3.79524933543e-14
1755.0   3.65627919074e-14
1775.0   3.52411673985e-14
1795.0   3.39876061287e-14
1815.0   3.278266995e-14
1835.0   3.16457699731e-14
1855.0   3.05477561245e-14
1875.0   2.95080399513e-14
1895.0   2.85071841709e-14
1915.0   2.75548886384e-14
1935.0   2.66511412708e-14
1955.0   2.57765057961e-14
1975.0   2.49406831579e-14
1995.0   2.4143662428e-14
2015.0   2.33854330999e-14
2035.0   2.26465605476e-14
2055.0   2.1946459695e-14
2075.0   2.12754090881e-14
2095.0   2.06334000065e-14
2115.0   2.0010711912e-14
2135.0   1.94170492804e-14
2155.0   1.88426924933e-14
2175.0   1.8297346942e-14
2195.0   1.77615816402e-14
2215.0   1.72548151538e-14
2235.0   1.67673296588e-14
2255.0   1.62991200386e-14
2275.0   1.58404693222e-14
2295.0   1.54107977799e-14
2315.0   1.49906769777e-14
2335.0   1.45898157008e-14
2355.0   1.41984985594e-14
2375.0   1.38167228061e-14
2395.0   1.3454198323e-14
2415.0   1.31109230559e-14
2435.0   1.27674707249e-14
2455.0   1.24432644695e-14
2475.0   1.21285909008e-14
2495.0   1.18234491936e-14
2515.0   1.15278387966e-14
2535.0   1.12514716961e-14
2555.0   1.09749232973e-14
2575.0   1.07079060696e-14
2595.0   1.0450420429e-14
2615.0   1.02024670015e-14
2635.0   9.96210415621e-15
2655.0   9.72933290392e-15
2675.0   9.50415443036e-15
2695.0   9.28559885732e-15
2715.0   9.07463891481e-15
2735.0   8.86933379224e-15
2755.0   8.67065649415e-15
2775.0   8.47763769215e-15
2795.0   8.29027939836e-15
2815.0   8.10955495632e-15
2835.0   7.93352412168e-15
2855.0   7.76218919189e-15
2875.0   7.59652377062e-15
2895.0   7.43555907705e-15
2915.0   7.27929762143e-15
2935.0   7.12774197043e-15
2955.0   6.97992351276e-15
2975.0   6.83681613573e-15
2995.0   6.69648008099e-15
3015.0   6.56183175988e-15
3035.0   6.42996024396e-15
3055.0   6.3018395362e-15
3075.0   6.17650120034e-15
3095.0   6.05491926675e-15
3115.0   5.93709654528e-15
3135.0   5.82206462111e-15
3155.0   5.70982630621e-15
3175.0   5.6003844081e-15
3195.0   5.4947129542e-15
3215.0   5.39087227801e-15
3235.0   5.28983638214e-15
3255.0   5.19160802491e-15
3275.0   5.09618994559e-15
3295.0   5.00261363429e-15
3315.0   4.91088178517e-15
3335.0   4.82196829437e-15
3355.0   4.73587580296e-15
3375.0   4.65066446759e-15
3395.0   4.56827932482e-15
3415.0   4.48775169618e-15
3435.0   4.4090840976e-15
3455.0   4.3322790105e-15
3475.0   4.25733888086e-15
3495.0   4.18426611832e-15
3515.0   4.11306309535e-15
3535.0   4.04276091893e-15
3555.0   3.97433311289e-15
3575.0   3.9077819345e-15
3595.0   3.84213837398e-15
3615.0   3.77837583715e-15
3623.0   3.75343683847e-15
3635.0   3.71552523458e-15
3644.0   3.6875636091e-15
3647.0   3.67856426878e-15
3650.0   3.66956366954e-15
3660.0   3.6385814408e-15
3670.0   3.60855678297e-15
3676.0   3.5895643104e-15
3680.0   3.57851872057e-15
3683.0   3.5685334977e-15
3684.0   3.56649979832e-15
3687.0   3.55651300731e-15
3688.0   3.55447878719e-15
3693.0   3.53944960983e-15
3698.0   3.52344599634e-15
3703.0   3.51035288782e-15
3704.0   3.50637416874e-15
3705.0   3.50336655165e-15
3707.0   3.49735094146e-15
3710.0   3.48832658978e-15
3712.0   3.48425218915e-15
3713.0   3.48027234784e-15
3716.0   3.47124576689e-15
3721.0   3.45717024074e-15
3722.0   3.45513175194e-15
3723.0   3.45115068652e-15
3725.0   3.44610187555e-15
3728.0   3.43707091354e-15
3735.0   3.41696571045e-15
3742.0   3.39879716751e-15
3747.0   3.38179247584e-15
3749.0   3.37479554372e-15
3751.0   3.36876937922e-15
3755.0   3.36351427096e-15
3759.0   3.35534366175e-15
3761.0   3.35028645234e-15
3763.0   3.34620002154e-15
3766.0   3.33035726104e-15
3769.0   3.3174271834e-15
3770.0   3.31149822361e-15
3772.0   3.30643856711e-15
3773.0   3.3063366432e-15
3774.0   3.30817706504e-15
3776.0   3.30894389807e-15
3777.0   3.30981276501e-15
3778.0   3.31068152331e-15
3781.0   3.30940223807e-15
3784.0   3.3042370726e-15
3786.0   3.29626069754e-15
3789.0   3.28235288052e-15
3792.0   3.26455919924e-15
3794.0   3.24395516942e-15
3795.0   3.23802352147e-15
3797.0   3.22130377368e-15
3798.0   3.21342935719e-15
3799.0   3.20846851962e-15
3800.0   3.21127739941e-15
3801.0   3.21602863092e-15
3802.0   3.22272221438e-15
3804.0   3.23513784455e-15
3806.0   3.24561060873e-15
3808.0   3.25511173629e-15
3810.0   3.26072754606e-15
3812.0   3.26440049503e-15
3814.0   3.26418812967e-15
3816.0   3.26203290697e-15
3818.0   3.256963601e-15
3820.0   3.2470377582e-15
3821.0   3.23430486674e-15
3823.0   3.21757983572e-15
3825.0   3.19696949979e-15
3827.0   3.17247386062e-15
3829.0   3.14409291994e-15
3831.0   3.11182667943e-15
3834.0   3.06682588918e-15
3835.0   3.04437935439e-15
3836.0   3.03552991049e-15
3837.0   3.0305652813e-15
3838.0   3.04211142634e-15
3839.0   3.05657115888e-15
3840.0   3.07880061731e-15
3843.0   3.12023650476e-15
3845.0   3.15595352111e-15
3848.0   3.18670449186e-15
3851.0   3.21162725665e-15
3853.0   3.22888945426e-15
3856.0   3.24021364424e-15
3859.0   3.24279596012e-15
3861.0   3.24160336533e-15
3864.0   3.2335008139e-15
3867.0   3.21665640306e-15
3869.0   3.19506658669e-15
3872.0   3.16462364995e-15
3875.0   3.12252518541e-15
3876.0   3.09910365407e-15
3877.0   3.07568203508e-15
3878.0   3.0464329628e-15
3880.0   3.01512893056e-15
3881.0   2.98296591419e-15
3882.0   2.94886035588e-15
3884.0   2.9107570369e-15
3885.0   2.87179508161e-15
3886.0   2.82991935754e-15
3887.0   2.82592142573e-15
3888.0   2.78598798579e-15
3889.0   2.74993937114e-15
3890.0   2.73622890712e-15
3891.0   2.73417308989e-15
3892.0   2.76222524479e-15
3893.0   2.79804713633e-15
3896.0   2.86957688333e-15
3898.0   2.93442131743e-15
3900.0   2.99052436954e-15
3902.0   3.01749026077e-15
3903.0   3.04359904179e-15
3904.0   3.06485160227e-15
3905.0   3.08513285296e-15
3908.0   3.12460910601e-15
3910.0   3.15545859649e-15
3913.0   3.17842276188e-15
3915.0   3.19761671363e-15
3917.0   3.21292543467e-15
3920.0   3.22229073233e-15
3922.0   3.22691515564e-15
3925.0   3.22948067639e-15
3927.0   3.22924817726e-15
3930.0   3.22501393525e-15
3932.0   3.21798206782e-15
3934.0   3.20803621016e-15
3937.0   3.19311685075e-15
3939.0   3.17540041024e-15
3942.0   3.15173886642e-15
3944.0   3.12333816941e-15
3946.0   3.08716735287e-15
3949.0   3.04505091727e-15
3951.0   3.00208076767e-15
3954.0   2.95025095317e-15
3956.0   2.8868842927e-15
3957.0   2.85568646758e-15
3959.0   2.82339865766e-15
3960.0   2.78637325057e-15
3961.0   2.74643408888e-15
3962.0   2.70552362803e-15
3963.0   2.66267064059e-15
3965.0   2.6148423304e-15
3966.0   2.57004667478e-15
3967.0   2.51748112744e-15
3968.0   2.4629730544e-15
3969.0   2.40652245583e-15
3970.0   2.37338125053e-15
3971.0   2.34703856883e-15
3972.0   2.33817791491e-15
3973.0   2.38759084981e-15
3974.0   2.45739949579e-15
3975.0   2.50001369868e-15
3976.0   2.54262783258e-15
3977.0   2.58038575944e-15
3978.0   2.61717239002e-15
3980.0   2.68394685246e-15
3983.0   2.74671577153e-15
3985.0   2.80086359608e-15
3987.0   2.85015501345e-15
3989.0   2.89653248034e-15
3991.0   2.93513985991e-15
3993.0   2.96694838123e-15
3995.0   2.99875663913e-15
3997.0   3.02862217972e-15
3999.0   3.05266009383e-15
4001.0   3.07281283811e-15
4004.0   3.08895867063e-15
4006.0   3.10231217925e-15
4010.0   3.12124861328e-15
4014.0   3.13144299147e-15
4018.0   3.13580900755e-15
4022.0   3.13628912756e-15
4031.0   3.12935322157e-15
4039.0   3.11185293729e-15
4043.0   3.09970209822e-15
4048.0   3.08451225745e-15
4052.0   3.06556077042e-15
4056.0   3.04175224884e-15
4060.0   3.0121154753e-15
4064.0   2.97373677705e-15
4068.0   2.92855861951e-15
4073.0   2.87548401708e-15
4075.0   2.84609549393e-15
4077.0   2.81282185066e-15
4079.0   2.77469186087e-15
4081.0   2.7346192087e-15
4083.0   2.69163266777e-15
4085.0   2.64378978404e-15
4087.0   2.58817687579e-15
4089.0   2.53159253774e-15
4090.0   2.50135783801e-15
4092.0   2.46808266236e-15
4093.0   2.43299167463e-15
4094.0   2.39692940965e-15
4095.0   2.3589246399e-15
4096.0   2.31800613792e-15
4097.0   2.27417390385e-15
4098.0   2.22937039311e-15
4099.0   2.17776824004e-15
4100.0   2.12519481059e-15
4101.0   2.06485151146e-15
4102.0   2.00353693628e-15
4103.0   1.9810714184e-15
4104.0   1.99357004742e-15
4105.0   2.08085315669e-15
4106.0   2.12054606382e-15
4107.0   2.158296468e-15
4108.0   2.19410436937e-15
4109.0   2.25807782491e-15
4110.0   2.28708703821e-15
4111.0   2.34329057833e-15
4113.0   2.39159649375e-15
4114.0   2.43808761714e-15
4116.0   2.47862343208e-15
4118.0   2.51430292405e-15
4119.0   2.5510815401e-15
4121.0   2.58481830185e-15
4122.0   2.61382695996e-15
4124.0   2.64076485593e-15
4125.0   2.66491724034e-15
4127.0   2.68796995606e-15
4130.0   2.72837606145e-15
4133.0   2.76101194835e-15
4136.0   2.78879130358e-15
4139.0   2.811714131e-15
4142.0   2.83172288974e-15
4145.0   2.84687512837e-15
4148.0   2.85814207834e-15
4151.0   2.86552374348e-15
4155.0   2.87083299233e-15
4161.0   2.87588196725e-15
4167.0   2.87413091679e-15
4173.0   2.86849355358e-15
4179.0   2.8609123624e-15
4185.0   2.85235860008e-15
4192.0   2.84173006625e-15
4198.0   2.83123103687e-15
4204.0   2.81975952728e-15
4210.0   2.80828679334e-15
4216.0   2.79584163539e-15
4222.0   2.78339530878e-15
4229.0   2.77081560929e-15
4235.0   2.75739561695e-15
4241.0   2.74397454218e-15
4247.0   2.72958118411e-15
4253.0   2.71421556925e-15
4260.0   2.69774459434e-15
4266.0   2.67946315658e-15
4272.0   2.65826708918e-15
4278.0   2.63512764534e-15
4284.0   2.60615993983e-15
4290.0   2.57427768071e-15
4297.0   2.53546193169e-15
4300.0   2.51369263616e-15
4303.0   2.48803822886e-15
4306.0   2.46044116812e-15
4309.0   2.42993022934e-15
4312.0   2.39553418789e-15
4315.0   2.35628181912e-15
4318.0   2.31217312604e-15
4321.0   2.26126565634e-15
4323.0   2.23283086621e-15
4324.0   2.20355941298e-15
4326.0   2.17026836618e-15
4327.0   2.13516948836e-15
4329.0   2.09896464212e-15
4330.0   2.05998079597e-15
4332.0   2.01600601404e-15
4334.0   1.97008870153e-15
4335.0   1.91847880194e-15
4336.0   1.89017834719e-15
4337.0   1.85993541877e-15
4338.0   1.81026791929e-15
4339.0   1.77419758855e-15
4340.0   1.71384654877e-15
4341.0   1.66709267796e-15
4342.0   1.59411564303e-15
4343.0   1.6483694111e-15
4344.0   1.7045656168e-15
4345.0   1.77727267482e-15
4346.0   1.8033607887e-15
4347.0   1.87218290139e-15
4348.0   1.91089694004e-15
4350.0   1.94753340519e-15
4351.0   1.97847757167e-15
4352.0   2.00942172133e-15
4353.0   2.03842339901e-15
4354.0   2.06548260481e-15
4356.0   2.08852168256e-15
4357.0   2.11169592864e-15
4359.0   2.15513068941e-15
4361.0   2.19176679279e-15
4364.0   2.22341136651e-15
4366.0   2.25130626497e-15
4368.0   2.27531619185e-15
4371.0   2.29724816876e-15
4373.0   2.31445935317e-15
4375.0   2.33069925174e-15
4378.0   2.34486110207e-15
4383.0   2.36652145116e-15
4387.0   2.38248976737e-15
4392.0   2.39346601195e-15
4397.0   2.40055702966e-15
4401.0   2.40584113324e-15
4406.0   2.40710424649e-15
4415.0   2.40588072743e-15
4425.0   2.39869290762e-15
4434.0   2.38775540813e-15
4443.0   2.3748747517e-15
4453.0   2.3608859117e-15
4462.0   2.34606153599e-15
4472.0   2.33207145252e-15
4481.0   2.31724610037e-15
4490.0   2.30242038358e-15
4500.0   2.28745781075e-15
4509.0   2.27263152552e-15
4519.0   2.25766847022e-15
4528.0   2.24284188294e-15
4537.0   2.22801524318e-15
4547.0   2.21402323302e-15
4556.0   2.19919666883e-15
4565.0   2.18534145452e-15
4575.0   2.17037863827e-15
4584.0   2.15652385983e-15
4594.0   2.14253288704e-15
4603.0   2.12867877938e-15
4612.0   2.11482506928e-15
4622.0   2.10083546977e-15
4631.0   2.08698276296e-15
4641.0   2.07299439953e-15
4650.0   2.06011414026e-15
4659.0   2.04626330473e-15
4669.0   2.03227719207e-15
4678.0   2.01939911036e-15
4687.0   2.00555059392e-15
4697.0   1.99253844887e-15
4706.0   1.97869174996e-15
4716.0   1.96568173056e-15
4725.0   1.95183703867e-15
4734.0   1.93799336175e-15
4744.0   1.92401562235e-15
4753.0   1.90920299229e-15
4763.0   1.89328542221e-15
4772.0   1.87750401277e-15
4781.0   1.85978136664e-15
4791.0   1.83901186996e-15
4800.0   1.81546455127e-15
4805.0   1.80119622467e-15
4809.0   1.78706242597e-15
4814.0   1.76988117141e-15
4819.0   1.75075788932e-15
4824.0   1.72775013029e-15
4828.0   1.70196290912e-15
4831.0   1.68699320395e-15
4833.0   1.67118612409e-15
4835.0   1.65246543328e-15
4838.0   1.63263996771e-15
4840.0   1.61197700311e-15
4842.0   1.58742920117e-15
4845.0   1.56177675421e-15
4847.0   1.53334422635e-15
4849.0   1.50102686241e-15
4850.0   1.48341136701e-15
4852.0   1.4646913024e-15
4853.0   1.44513340811e-15
4854.0   1.42363307742e-15
4855.0   1.40116153803e-15
4856.0   1.37548496639e-15
4858.0   1.34744134355e-15
4859.0   1.31574321772e-15
4860.0   1.27977170942e-15
4861.0   1.23661313577e-15
4862.0   1.21025681952e-15
4863.0   1.16525295186e-15
4864.0   1.20338618945e-15
4865.0   1.25336842359e-15
4866.0   1.29227868204e-15
4867.0   1.31428959902e-15
4868.0   1.3343580802e-15
4869.0   1.3703547142e-15
4870.0   1.38556709628e-15
4872.0   1.41443795511e-15
4873.0   1.43955691808e-15
4875.0   1.46260052939e-15
4876.0   1.48286341351e-15
4878.0   1.50105100568e-15
4880.0   1.51826745001e-15
4881.0   1.53367429568e-15
4883.0   1.54797717741e-15
4884.0   1.56144162814e-15
4888.0   1.58422034897e-15
4891.0   1.60227583088e-15
4894.0   1.61838904185e-15
4897.0   1.63158875533e-15
4900.0   1.6418749724e-15
4904.0   1.6500865972e-15
4907.0   1.65745957073e-15
4913.0   1.66637872323e-15
4920.0   1.67225297765e-15
4926.0   1.67534644034e-15
4932.0   1.6755270067e-15
4939.0   1.67460557348e-15
4945.0   1.6718741888e-15
4952.0   1.66804111487e-15
4958.0   1.66434027135e-15
4964.0   1.65966902875e-15
4971.0   1.65389656045e-15
4977.0   1.64825591119e-15
4984.0   1.64248558763e-15
4990.0   1.63684679386e-15
4993.0   1.63451333576e-15
4996.0   1.63120886784e-15
5000.0   1.62777447859e-15
5010.0   1.61870460618e-15
5020.0   1.60866598075e-15
5040.0   1.58859627741e-15
5060.0   1.56950806427e-15
5080.0   1.54945911568e-15
5100.0   1.53039210614e-15
5120.0   1.51133601707e-15
5140.0   1.49229104768e-15
5160.0   1.47422861523e-15
5180.0   1.45520644479e-15
5200.0   1.43716716292e-15
5220.0   1.42011093218e-15
5240.0   1.4020954513e-15
5260.0   1.38506332135e-15
5280.0   1.36804345243e-15
5300.0   1.35200720219e-15
5320.0   1.33501223778e-15
5340.0   1.31900112962e-15
5360.0   1.30339124919e-15
5380.0   1.2877942066e-15
5400.0   1.27240434191e-15
5420.0   1.25722174316e-15
5440.0   1.24234361494e-15
5460.0   1.22767291023e-15
5480.0   1.21320969891e-15
5500.0   1.19895404519e-15
5520.0   1.18490600777e-15
5540.0   1.17106564002e-15
5560.0   1.15743299018e-15
5580.0   1.14400810149e-15
5600.0   1.13079101237e-15
5620.0   1.11778175658e-15
5640.0   1.10498036337e-15
5660.0   1.09228973488e-15
5680.0   1.07990413731e-15
5700.0   1.06762934175e-15
5720.0   1.0554653609e-15
5740.0   1.04360644917e-15
5760.0   1.03185836626e-15
5780.0   1.02022111387e-15
5800.0   1.00879181304e-15
5820.0   9.97570458773e-16
5840.0   9.86459920114e-16
5860.0   9.75557308594e-16
5880.0   9.64765487261e-16
5900.0   9.54181561855e-16
5920.0   9.43708389851e-16
5940.0   9.33345948857e-16
5960.0   9.23191336714e-16
5980.0   9.13147403294e-16
6000.0   9.0321411889e-16
6020.0   8.9348857431e-16
6040.0   8.83873612669e-16
6060.0   8.74369197764e-16
6080.0   8.64975291402e-16
6100.0   8.55691853474e-16
6120.0   8.466159648e-16
6140.0   8.37553336146e-16
6160.0   8.28698167654e-16
6180.0   8.19953289555e-16
6200.0   8.11221530543e-16
6220.0   8.02697086121e-16
6240.0   7.94282782094e-16
6260.0   7.85881442922e-16
6280.0   7.77687260066e-16
6300.0   7.69505932712e-16
6320.0   7.61434527168e-16
6340.0   7.5347298587e-16
6360.0   7.45524127433e-16
6380.0   7.37685014995e-16
6400.0   7.29761342454e-16
6420.0   7.21753048332e-16
6440.0   7.13660070301e-16
6460.0   7.04996731401e-16
6480.0   6.95471599441e-16
6490.0   6.90082332261e-16
6500.0   6.83919136638e-16
6510.0   6.76593513335e-16
6515.0   6.72203420444e-16
6520.0   6.67231349254e-16
6525.0   6.61385930441e-16
6530.0   6.54570040203e-16
6535.0   6.46298063685e-16
6538.0   6.41587759013e-16
6540.0   6.36375754316e-16
6542.0   6.30581133531e-16
6545.0   6.24026128943e-16
6548.0   6.16694412981e-16
6550.0   6.08472204409e-16
6552.0   5.9908464283e-16
6554.0   5.93776357431e-16
6555.0   5.88062892681e-16
6556.0   5.81863844109e-16
6558.0   5.7500183447e-16
6559.0   5.67443157147e-16
6560.0   5.59010404914e-16
6561.0   5.54268347666e-16
6562.0   5.43893200057e-16
6563.0   5.34489310028e-16
6564.0   5.21589030427e-16
6565.0   5.02570046621e-16
6566.0   5.23468548704e-16
6567.0   5.35820277469e-16
6568.0   5.44772739392e-16
6569.0   5.52462635272e-16
6570.0   5.59181333394e-16
6571.0   5.65317324802e-16
6572.0   5.70773486727e-16
6573.0   5.75744064688e-16
6574.0   5.80326181439e-16
6576.0   5.88422154043e-16
6578.0   5.95352772763e-16
6580.0   6.01312283061e-16
6582.0   6.06689175923e-16
6584.0   6.11289205754e-16
6586.0   6.15403740778e-16
6588.0   6.18935658163e-16
6592.0   6.25028621854e-16
6596.0   6.29762341813e-16
6600.0   6.33428185783e-16
6604.0   6.36123275984e-16
6608.0   6.38236102924e-16
6612.0   6.39669543293e-16
6616.0   6.40617842068e-16
6624.0   6.4164174923e-16
6632.0   6.41599188302e-16
6640.0   6.40975768693e-16
6656.0   6.38277704038e-16
6672.0   6.34712992956e-16
6688.0   6.30572968122e-16
6704.0   6.2614896207e-16
6720.0   6.2163518445e-16
6736.0   6.1703159926e-16
6752.0   6.12435293163e-16
6768.0   6.07749107193e-16
6784.0   6.03167250585e-16
6800.0   5.98592564205e-16
6816.0   5.9402501161e-16
6832.0   5.8946455629e-16
6848.0   5.85008284448e-16
6864.0   5.80461913944e-16
6880.0   5.76116776416e-16
6896.0   5.71681466885e-16
6912.0   5.67350194168e-16
6928.0   5.63025798767e-16
6944.0   5.58708243935e-16
6960.0   5.54494615683e-16
6976.0   5.50287754496e-16
6992.0   5.46184746388e-16
7008.0   5.4208843186e-16
7024.0   5.37998774193e-16
7040.0   5.33915736691e-16
7056.0   5.29936405451e-16
7072.0   5.25963621073e-16
7088.0   5.21997346964e-16
7104.0   5.18134669333e-16
7120.0   5.14278428914e-16
7136.0   5.10428589256e-16
7152.0   5.06682236728e-16
7168.0   5.02942212234e-16
7184.0   4.99208479509e-16
7200.0   4.9557812512e-16
7216.0   4.91856867418e-16
7232.0   4.88238915885e-16
7248.0   4.84724234558e-16
7264.0   4.81118542032e-16
7280.0   4.77616048043e-16
7296.0   4.74119594132e-16
7312.0   4.70726267458e-16
7328.0   4.67338909751e-16
7344.0   4.6395748561e-16
7360.0   4.60581959732e-16
7376.0   4.57212296925e-16
7392.0   4.53945584869e-16
7408.0   4.50684665828e-16
7424.0   4.47429504945e-16
7440.0   4.44277190243e-16
7456.0   4.41033441573e-16
7472.0   4.37892469964e-16
7488.0   4.34757118274e-16
7504.0   4.31724475019e-16
7520.0   4.28600260546e-16
7536.0   4.25578686392e-16
7552.0   4.22562595928e-16
7568.0   4.19649078193e-16
7584.0   4.16643854062e-16
7600.0   4.13741135607e-16
7616.0   4.10843766742e-16
7632.0   4.07951714288e-16
7648.0   4.05064945207e-16
7664.0   4.02280549362e-16
7680.0   3.99501371238e-16
7696.0   3.96727378222e-16
7712.0   3.93958537852e-16
7728.0   3.91194817811e-16
7744.0   3.88533308691e-16
7760.0   3.85779732945e-16
7776.0   3.83128304229e-16
7792.0   3.8048186806e-16
7808.0   3.77937515631e-16
7824.0   3.75300969998e-16
7840.0   3.72766445424e-16
7856.0   3.70236788035e-16
7872.0   3.67711966872e-16
7888.0   3.65191951136e-16
7904.0   3.62676710178e-16
7920.0   3.60263336272e-16
7936.0   3.5785467632e-16
7952.0   3.55353577379e-16
7968.0   3.52954254954e-16
7984.0   3.50656679183e-16
8000.0   3.48266574831e-16
8016.0   3.45881035113e-16
8032.0   3.43597153404e-16
8048.0   3.41317777706e-16
8064.0   3.39042878946e-16
8080.0   3.36772428208e-16
8096.0   3.34506396738e-16
8112.0   3.32341878699e-16
8128.0   3.30084600126e-16
8144.0   3.27928778266e-16
8160.0   3.25777262234e-16
8176.0   3.23630024067e-16
8177.0   3.23392770148e-16
8192.0   3.2148703596e-16
8206.0   3.1953040359e-16
8221.0   3.17631823767e-16
8235.0   3.15778952149e-16
8250.0   3.13887442446e-16
8264.0   3.120411306e-16
8279.0   3.10156607655e-16
8293.0   3.08316778188e-16
8308.0   3.06439159519e-16
8322.0   3.04702858623e-16
8337.0   3.02832062627e-16
8351.0   3.01102091783e-16
8366.0   2.99238037732e-16
8380.0   2.97514322e-16
8395.0   2.95754052802e-16
8402.0   2.94894914659e-16
8409.0   2.94036518056e-16
8416.0   2.93275983625e-16
8417.0   2.93139646724e-16
8429.0   2.9169902081e-16
8440.0   2.90396527671e-16
8452.0   2.89057145862e-16
8457.0   2.8847542009e-16
8463.0   2.87758412763e-16
8470.0   2.86906388484e-16
8483.0   2.85436966563e-16
8486.0   2.85030982126e-16
8496.0   2.83970018266e-16
8505.0   2.82948409781e-16
8523.0   2.80811590301e-16
8536.0   2.79449293228e-16
8542.0   2.78739176966e-16
8548.0   2.78126697716e-16
8560.0   2.7680615411e-16
8571.0   2.75524607605e-16
8583.0   2.74207968492e-16
8589.0   2.73501846596e-16
8595.0   2.72893351821e-16
8601.0   2.72285360152e-16
8612.0   2.71010140034e-16
8624.0   2.69797492462e-16
8636.0   2.68489710565e-16
8647.0   2.6731692956e-16
8651.0   2.66979167893e-16
8659.0   2.66110054115e-16
8667.0   2.65241811379e-16
8684.0   2.63472516634e-16
8700.0   2.6183942012e-16
8717.0   2.60174779818e-16
8733.0   2.58451600898e-16
8747.0   2.56995153339e-16
8750.0   2.56697267257e-16
8753.0   2.56399499133e-16
8759.0   2.5580431618e-16
8772.0   2.545811127e-16
8784.0   2.5349130512e-16
8797.0   2.52272312152e-16
8809.0   2.50992125581e-16
8822.0   2.4977729971e-16
8834.0   2.48598062568e-16
8847.0   2.47290238054e-16
8853.0   2.46702287026e-16
8859.0   2.46017665345e-16
8865.0   2.45430617415e-16
8877.0   2.44452115567e-16
8890.0   2.43442653569e-16
8902.0   2.42370749206e-16
8914.0   2.41300616903e-16
8926.0   2.40232247861e-16
8939.0   2.39036359884e-16
8951.0   2.37874513466e-16
8963.0   2.36714403448e-16
8976.0   2.35524315584e-16
8988.0   2.34173549891e-16
9000.0   2.32921616911e-16
9007.0   2.32119266884e-16
9012.0   2.31574262623e-16
9017.0   2.31126675049e-16
9028.0   2.30395533186e-16
9038.0   2.29793890644e-16
9048.0   2.29193411187e-16
9058.0   2.28594089998e-16
9069.0   2.27868182832e-16
9079.0   2.27077032893e-16
9089.0   2.26384149188e-16
9099.0   2.25595281452e-16
9110.0   2.24680275174e-16
9120.0   2.23893783463e-16
9130.0   2.23011293173e-16
9140.0   2.22129922418e-16
9151.0   2.21122853015e-16
9161.0   2.20146695459e-16
9171.0   2.19074520375e-16
9181.0   2.18003445952e-16
9192.0   2.16807105364e-16
9202.0   2.15641204768e-16
9212.0   2.14282145249e-16
9213.0   2.14156011164e-16
9222.0   2.13021290609e-16
9227.0   2.12391267681e-16
9232.0   2.11955759134e-16
9236.0   2.11743517364e-16
9241.0   2.11599859638e-16
9246.0   2.11553591973e-16
9250.0   2.11341948947e-16
9259.0   2.11084901073e-16
9278.0   2.10545063461e-16
9297.0   2.09620535856e-16
9315.0   2.08727699942e-16
9334.0   2.07519120834e-16
9353.0   2.06314255663e-16
9371.0   2.05043299127e-16
9390.0   2.03651337565e-16
9409.0   2.02165882112e-16
9427.0   2.00613690181e-16
9446.0   1.98940974648e-16
9464.0   1.97201104563e-16
9483.0   1.95146777406e-16
9492.0   1.9403687901e-16
9502.0   1.92804573986e-16
9511.0   1.9150207464e-16
9520.0   1.90006104287e-16
9529.0   1.88510905581e-16
9530.0   1.88485108337e-16
9539.0   1.86796518134e-16
9544.0   1.85891117727e-16
9546.0   1.85451325408e-16
9547.0   1.85231443388e-16
9549.0   1.85083075898e-16
9550.0   1.85057467657e-16
9551.0   1.8512899159e-16
9552.0   1.85200524927e-16
9553.0   1.85272067667e-16
9555.0   1.8531805857e-16
9556.0   1.85389629491e-16
9557.0   1.85461209797e-16
9558.0   1.85532799486e-16
9559.0   1.85604398553e-16
9561.0   1.85650502042e-16
9562.0   1.8572212922e-16
9563.0   1.85793765762e-16
9564.0   1.85865411663e-16
9565.0   1.85937066918e-16
9567.0   1.85886159952e-16
9568.0   1.8595784325e-16
9570.0   1.86101237861e-16
9575.0   1.86265642103e-16
9585.0   1.86498025802e-16
9594.0   1.86562280063e-16
9604.0   1.86505054359e-16
9623.0   1.86224036604e-16
9643.0   1.85533074307e-16
9662.0   1.8477318061e-16
9681.0   1.83822284953e-16
9700.0   1.82777484834e-16
9720.0   1.81711814879e-16
9739.0   1.80576419716e-16
9758.0   1.79444167011e-16
9777.0   1.78217909571e-16
9797.0   1.77068470693e-16
9816.0   1.75848537711e-16
9835.0   1.74631649404e-16
9854.0   1.73514904907e-16
9874.0   1.72164734348e-16
9893.0   1.70811310824e-16
9912.0   1.69392851476e-16
9931.0   1.67889908897e-16
9951.0   1.66202633022e-16
9970.0   1.64346274004e-16
9978.0   1.63452025375e-16
9989.0   1.62152843973e-16
10000.0   1.60718641457e-16
10010.0   1.59792655351e-16
10020.0   1.58187588939e-16
10030.0   1.56272505553e-16
10040.0   1.5416394935e-16
10050.0   1.51735657594e-16
10060.0   1.50696987798e-16
10070.0   1.52844707978e-16
10080.0   1.53643181955e-16
10090.0   1.54277304358e-16
10100.0   1.54659661624e-16
10110.0   1.55363274996e-16
10120.0   1.55426626061e-16
10140.0   1.55341889784e-16
10150.0   1.55203508685e-16
10170.0   1.54724993301e-16
10180.0   1.54326579404e-16
10200.0   1.53648476846e-16
10230.0   1.52355067806e-16
10260.0   1.50941810459e-16
10300.0   1.49280976781e-16
10360.0   1.46305406136e-16
10420.0   1.43334743198e-16
10490.0   1.40136898613e-16
10550.0   1.37246116924e-16
10620.0   1.34241919916e-16
10680.0   1.31389589863e-16
10740.0   1.28471248176e-16
10780.0   1.26757469896e-16
10810.0   1.25070225888e-16
10820.0   1.24207862444e-16
10840.0   1.23086980949e-16
10860.0   1.21832358459e-16
10870.0   1.20545443483e-16
10880.0   1.19715556619e-16
10890.0   1.18808520485e-16
10900.0   1.1777577153e-16
10910.0   1.15480971256e-16
10920.0   1.14672691731e-16
10930.0   1.1226242692e-16
10940.0   1.10260615904e-16
10950.0   1.09910427938e-16
10960.0   1.11940281638e-16
10970.0   1.12863467674e-16
10980.0   1.14331070937e-16
10990.0   1.14759988288e-16
11000.0   1.15034034802e-16
11010.0   1.15221194346e-16
11020.0   1.15515710386e-16
11040.0   1.1541672702e-16
11050.0   1.15334016384e-16
11070.0   1.14985599767e-16
11090.0   1.1456152209e-16
11100.0   1.14238551015e-16
11130.0   1.13340635751e-16
11170.0   1.12215118895e-16
11200.0   1.11201308825e-16
11260.0   1.09138144007e-16
11330.0   1.06935517031e-16
11390.0   1.0489902109e-16
11450.0   1.02936979784e-16
11520.0   1.00852420253e-16
11580.0   9.89435992654e-17
11650.0   9.69460532419e-17
11710.0   9.51276504916e-17
11770.0   9.33526885403e-17
11840.0   9.15051226559e-17
11900.0   8.98086126688e-17
11970.0   8.80436289602e-17
12030.0   8.64144182273e-17
12090.0   8.48367231479e-17
12160.0   8.31865317356e-17
12220.0   8.16741683187e-17
12290.0   8.01026908429e-17
12350.0   7.86544008126e-17
12410.0   7.72270592648e-17
12480.0   7.57359515162e-17
12540.0   7.43321142466e-17
12610.0   7.28192162124e-17
12640.0   7.20641076678e-17
12670.0   7.1253249205e-17
12690.0   7.07658641414e-17
12700.0   7.03380518487e-17
12720.0   6.97551929574e-17
12730.0   6.91922287522e-17
12750.0   6.84264675631e-17
12760.0   6.79905739724e-17
12770.0   6.75160996497e-17
12780.0   6.64397315877e-17
12790.0   6.57229841768e-17
12800.0   6.49093794577e-17
12810.0   6.39212182549e-17
12820.0   6.24379944864e-17
12830.0   6.20233836949e-17
12840.0   6.3473791592e-17
12850.0   6.45553936581e-17
12860.0   6.48991224452e-17
12870.0   6.51654118071e-17
12880.0   6.55873554396e-17
12890.0   6.56890508662e-17
12900.0   6.58784127656e-17
12910.0   6.59611946842e-17
12930.0   6.58847131053e-17
12940.0   6.58322828154e-17
12970.0   6.55502370896e-17
13000.0   6.51733067727e-17
13030.0   6.47500291508e-17
13080.0   6.39102128059e-17
13140.0   6.29608156911e-17
13190.0   6.20854446664e-17
13250.0   6.1131926648e-17
13310.0   6.01962184235e-17
13360.0   5.93496815882e-17
13420.0   5.84380898396e-17
13470.0   5.76130369975e-17
13530.0   5.6734723981e-17
13580.0   5.59307067881e-17
13640.0   5.50948584774e-17
13700.0   5.42660662121e-17
13750.0   5.35175605669e-17
13810.0   5.27401759662e-17
13860.0   5.20310742254e-17
13920.0   5.12754895942e-17
13980.0   5.05360192487e-17
14030.0   4.98614599825e-17
14090.0   4.91528131571e-17
14140.0   4.84972876065e-17
14200.0   4.7809330212e-17
14260.0   4.7127188931e-17
14310.0   4.651453453e-17
14370.0   4.58621775813e-17
14420.0   4.52677092326e-17
14480.0   4.46350459803e-17
14530.0   4.40584550016e-17
14590.0   4.34451227773e-17
14650.0   4.2836889667e-17
14700.0   4.22723398121e-17
14760.0   4.16731941674e-17
14810.0   4.11257922278e-17
14870.0   4.05548327077e-17
14930.0   3.99788073698e-17
14980.0   3.94618021641e-17
14990.0   3.93879130247e-17
15040.0   3.89134852312e-17
15090.0   3.84518211428e-17
15140.0   3.79834467565e-17
15180.0   3.76089335708e-17
15190.0   3.752773809e-17
15200.0   3.74466588385e-17
15210.0   3.73268463339e-17
15230.0   3.71749778695e-17
15250.0   3.7004143775e-17
15260.0   3.68849049289e-17
15300.0   3.65159171251e-17
15350.0   3.61276173043e-17
15420.0   3.55264644979e-17
15430.0   3.54285327269e-17
15440.0   3.53307085154e-17
15470.0   3.50961514533e-17
15480.0   3.49890417671e-17
15520.0   3.46684931617e-17
15560.0   3.43496165975e-17
15570.0   3.42725842867e-17
15640.0   3.3726507237e-17
15710.0   3.31853586936e-17
15770.0   3.26948332813e-17
15800.0   3.24897267925e-17
15840.0   3.21722645977e-17
15890.0   3.1821264059e-17
15970.0   3.1213976892e-17
16010.0   3.09319421382e-17
16060.0   3.05789823576e-17
16110.0   3.02185132343e-17
16170.0   2.98470839215e-17
16220.0   2.95010545313e-17
16270.0   2.91668335063e-17
16320.0   2.8824964135e-17
16330.0   2.8754892687e-17
16370.0   2.84754148242e-17
16390.0   2.83361571833e-17
16410.0   2.81875055056e-17
16430.0   2.8078019225e-17
16450.0   2.79688473015e-17
16470.0   2.78502755378e-17
16490.0   2.7732014303e-17
16530.0   2.7496415857e-17
16610.0   2.70094383058e-17
16690.0   2.65175094661e-17
16740.0   2.62306312663e-17
16770.0   2.59913782925e-17
16790.0   2.58484181273e-17
16800.0   2.57624753966e-17
16810.0   2.56960274465e-17
16820.0   2.56587863421e-17
16830.0   2.56216150438e-17
16840.0   2.55942256179e-17
16850.0   2.55474810261e-17
16870.0   2.54639114467e-17
16890.0   2.53709046469e-17
16920.0   2.5202769747e-17
17000.0   2.47865126094e-17
17080.0   2.43744884623e-17
17150.0   2.39821541936e-17
17230.0   2.35680877925e-17
17240.0   2.350446903e-17
17300.0   2.31726047832e-17
17340.0   2.29881861175e-17
17370.0   2.28189356951e-17
17400.0   2.26793555396e-17
17430.0   2.25403041439e-17
17460.0   2.24017768771e-17
17530.0   2.21129334579e-17
17590.0   2.18300997372e-17
17660.0   2.15366464716e-17
17720.0   2.12581043173e-17
17780.0   2.09814889811e-17
17850.0   2.06854429291e-17
17910.0   2.04099759713e-17
17980.0   2.0109840184e-17
18040.0   1.98266316754e-17
18100.0   1.95335260479e-17
18150.0   1.9287193178e-17
18170.0   1.92136613752e-17
18180.0   1.91609408584e-17
18190.0   1.91267205827e-17
18200.0   1.90944895455e-17
18230.0   1.90097305435e-17
18280.0   1.88557917499e-17
18330.0   1.86913384344e-17
18370.0   1.85399959731e-17
18470.0   1.8180274748e-17
18520.0   1.79908740162e-17
18570.0   1.77869995506e-17
18590.0   1.7685154877e-17
18620.0   1.75521257145e-17
18640.0   1.74167044484e-17
18660.0   1.73222396788e-17
18670.0   1.72386478226e-17
18680.0   1.7144413354e-17
18690.0   1.70317663387e-17
18700.0   1.68968217532e-17
18710.0   1.68104791026e-17
18720.0   1.67183495268e-17
18730.0   1.65223389225e-17
18740.0   1.63972681531e-17
18750.0   1.61178122953e-17
18760.0   1.57820652299e-17
18770.0   1.60999942506e-17
18780.0   1.62946171361e-17
18790.0   1.63873007846e-17
18800.0   1.65276141432e-17
18810.0   1.6569872957e-17
18820.0   1.66024588325e-17
18830.0   1.66253716612e-17
18840.0   1.66619207987e-17
18860.0   1.66593802526e-17
18870.0   1.66601106879e-17
18890.0   1.66335219304e-17
18910.0   1.66002885033e-17
18940.0   1.6532271801e-17
18970.0   1.64500282914e-17
19030.0   1.62710152865e-17
19100.0   1.60619078101e-17
19160.0   1.58614753649e-17
19230.0   1.56391365544e-17
19290.0   1.54191276747e-17
19320.0   1.53037629657e-17
19350.0   1.51828789391e-17
19390.0   1.50415996876e-17
19420.0   1.49107413199e-17
19430.0   1.48532676896e-17
19450.0   1.47918375449e-17
19470.0   1.47470504714e-17
19480.0   1.47324761099e-17
19500.0   1.47043968828e-17
19530.0   1.46591231034e-17
19560.0   1.46073418746e-17
19600.0   1.45338929713e-17
19660.0   1.43999041283e-17
19730.0   1.42377200866e-17
19790.0   1.40857502559e-17
19860.0   1.39166230279e-17
19920.0   1.37601876163e-17
19990.0   1.35917934921e-17
20050.0   1.34366412719e-17
20110.0   1.32834751208e-17
20180.0   1.31188306909e-17
20240.0   1.29697519905e-17
20310.0   1.28124241872e-17
20370.0   1.2666390379e-17
20440.0   1.25104702272e-17
20500.0   1.2368383939e-17
20570.0   1.22176778567e-17
20630.0   1.20794731017e-17
20700.0   1.19319631236e-17
20760.0   1.17985476436e-17
20830.0   1.16551323419e-17
20890.0   1.152450259e-17
20960.0   1.13851120425e-17
21020.0   1.12572092193e-17
21090.0   1.11208048931e-17
21150.0   1.09955723947e-17
21220.0   1.08611182637e-17
21280.0   1.0735587906e-17
21340.0   1.06088563161e-17
21410.0   1.04674285936e-17
21470.0   1.03257546753e-17
21510.0   1.02394686804e-17
21540.0   1.01569908385e-17
21550.0   1.01340692913e-17
21570.0   1.00640032273e-17
21600.0   9.9585621116e-18
21620.0   9.90131291724e-18
21630.0   9.84843604314e-18
21640.0   9.81694505782e-18
21650.0   9.78061676865e-18
21660.0   9.71711289372e-18
21670.0   9.70316037048e-18
21680.0   9.73196055948e-18
21690.0   9.74426852893e-18
21700.0   9.75659510298e-18
21720.0   9.75508073657e-18
21730.0   9.76066425816e-18
21760.0   9.75130203559e-18
21790.0   9.7333633607e-18
21820.0   9.70684703105e-18
21850.0   9.67563676487e-18
21900.0   9.61070345184e-18
21960.0   9.52986985214e-18
22020.0   9.44480720075e-18
22080.0   9.35744889904e-18
22130.0   9.27702243149e-18
22190.0   9.18883171893e-18
22250.0   9.10026297011e-18
22310.0   9.01325015057e-18
22370.0   8.92681368349e-18
22420.0   8.84777155683e-18
22480.0   8.76334173483e-18
22540.0   8.67849412206e-18
22600.0   8.59516333948e-18
22650.0   8.52079048506e-18
22710.0   8.43844005046e-18
22770.0   8.35855616533e-18
22830.0   8.27821779148e-18
22890.0   8.19936014843e-18
22940.0   8.12706904577e-18
23000.0   8.04912708648e-18
23060.0   7.97167475855e-18
23120.0   7.89470526413e-18
23180.0   7.82015436984e-18
23230.0   7.75175087285e-18
23290.0   7.67805589355e-18
23350.0   7.60578991161e-18
23410.0   7.53300418379e-18
23460.0   7.46799555832e-18
23520.0   7.39796400173e-18
23580.0   7.32836664805e-18
23640.0   7.25919758296e-18
23700.0   7.19142221304e-18
23750.0   7.13008143939e-18
23810.0   7.06403700524e-18
23870.0   6.9983990377e-18
23930.0   6.93316205813e-18
23980.0   6.87505354347e-18
24040.0   6.81150898958e-18
24100.0   6.74835036019e-18
24160.0   6.68654372396e-18
24220.0   6.62511277419e-18
24270.0   6.56950942181e-18
24330.0   6.50972552612e-18
24390.0   6.45030334774e-18
24450.0   6.39123810103e-18
24500.0   6.33872514835e-18
24560.0   6.28127331712e-18
24620.0   6.22416525231e-18
24680.0   6.16836767023e-18
24740.0   6.11290490051e-18
24790.0   6.06175864585e-18
24850.0   6.00786961054e-18
24910.0   5.95333193442e-18
24970.0   5.90008388221e-18
25020.0   5.85287519088e-18
25080.0   5.80020018992e-18
25140.0   5.74880327859e-18
25200.0   5.69770927472e-18
25260.0   5.64691428282e-18
25310.0   5.60189708168e-18
25370.0   5.55261158063e-18
25430.0   5.50264313877e-18
25490.0   5.45490176085e-18
25540.0   5.41079967696e-18
25600.0   5.36259948073e-18
25660.0   5.31467376398e-18
25720.0   5.26701905216e-18
25780.0   5.21963192165e-18
25830.0   5.17565034643e-18
25890.0   5.12680260039e-18
25950.0   5.07627054974e-18
26010.0   5.02307973098e-18
26060.0   4.96923419686e-18
26090.0   4.93603879863e-18
26120.0   4.89999160327e-18
26150.0   4.86012099648e-18
26180.0   4.81351291147e-18
26190.0   4.78924934962e-18
26210.0   4.75822451191e-18
26220.0   4.74077970405e-18
26230.0   4.71848545025e-18
26240.0   4.69522664712e-18
26250.0   4.67683064665e-18
26260.0   4.68466444305e-18
26270.0   4.66531050235e-18
26280.0   4.66733019275e-18
26290.0   4.67615508589e-18
26310.0   4.69188218995e-18
26330.0   4.70375065648e-18
26350.0   4.71078914909e-18
26370.0   4.71299755953e-18
26390.0   4.71328946301e-18
26410.0   4.70972229706e-18
26430.0   4.70423841024e-18
26480.0   4.68675567526e-18
26520.0   4.66919304421e-18
26560.0   4.64784612997e-18
26640.0   4.60156597965e-18
26720.0   4.55276485368e-18
26810.0   4.49990329335e-18
26890.0   4.44997316182e-18
26970.0   4.39944495056e-18
27060.0   4.34692416288e-18
27140.0   4.29814027628e-18
27220.0   4.24971110134e-18
27310.0   4.19843748895e-18
27390.0   4.15074336616e-18
27470.0   4.10435779657e-18
27550.0   4.05830419966e-18
27640.0   4.01052627925e-18
27720.0   3.96613202556e-18
27800.0   3.92205364212e-18
27890.0   3.87538632509e-18
27970.0   3.8329340382e-18
28050.0   3.79078241997e-18
28140.0   3.7461434832e-18
28220.0   3.70558656762e-18
28300.0   3.66531596303e-18
28380.0   3.62532724446e-18
28470.0   3.58297813576e-18
28550.0   3.54454532035e-18
28630.0   3.50540983912e-18
28720.0   3.46594744684e-18
28800.0   3.42834033785e-18
28880.0   3.39196042088e-18
28960.0   3.35486135554e-18
29050.0   3.31754918833e-18
29130.0   3.28194442978e-18
29210.0   3.24755127182e-18
29300.0   3.21011302311e-18
29380.0   3.1762187443e-18
29460.0   3.14352498722e-18
29550.0   3.10786415807e-18
29630.0   3.07564637242e-18
29710.0   3.04364739146e-18
29790.0   3.01186397719e-18
29880.0   2.9781823972e-18
29960.0   2.94781779111e-18
