900.0   9.19423277674e-16
900.1   9.20661225276e-16
900.2   9.21961405284e-16
900.3   9.23202067497e-16
900.4   9.24444088736e-16
900.5   9.25748345821e-16
900.6   9.27053964227e-16
900.7   9.28300069428e-16
900.8   9.29608413921e-16
900.9   9.30857247507e-16
901.0   9.32168322684e-16
901.1   9.33419889255e-16
901.2   9.34733699718e-16
901.3   9.35988003877e-16
901.4   9.37304554232e-16
901.5   9.38561600587e-16
901.6   9.39820019769e-16
901.7   9.41140688606e-16
901.8   9.42401856903e-16
901.9   9.43725277163e-16
902.0   9.44989199193e-16
902.1   9.46315375497e-16
902.2   9.47642931555e-16
902.3   9.48910992852e-16
902.4   9.50241311891e-16
902.5   9.51512138482e-16
902.6   9.52845225132e-16
902.7   9.5411882165e-16
902.8   9.55454680544e-16
902.9   9.56731051625e-16
903.0   9.58069687401e-16
903.1   9.59348837685e-16
903.2   9.60690254986e-16
903.3   9.61972189117e-16
903.4   9.63316392588e-16
903.5   9.64601115214e-16
903.6   9.65887233832e-16
903.7   9.67235625279e-16
903.8   9.68524539371e-16
903.9   9.69875728621e-16
904.0   9.7122831852e-16
904.1   9.72521434559e-16
904.2   9.73876829253e-16
904.3   9.7517275242e-16
904.4   9.76530956575e-16
904.5   9.77829691537e-16
904.6   9.79190709823e-16
904.7   9.80553136927e-16
904.8   9.81856098344e-16
904.9   9.83221346592e-16
905.0   9.84527131493e-16
905.1   9.85895205565e-16
905.2   9.87264694306e-16
905.5   9.91320784581e-16
906.2   1.00073326809e-15
907.4   1.01714497744e-15
908.0   1.02545899641e-15
909.0   1.03926939388e-15
909.9   1.05196971174e-15
910.9   1.06618041932e-15
911.3   1.07194269688e-15
911.8   1.07955951123e-15
912.3   1.08672667662e-15
912.5   1.08967708712e-15
912.8   1.09399222478e-15
913.0   1.09701855606e-15
913.1   1.09862529772e-15
913.2   1.10029442501e-15
913.3   1.10202593913e-15
913.5   1.10531087869e-15
913.6   1.10741218762e-15
913.7   1.10975851526e-15
913.8   1.11234986281e-15
913.9   1.11530798285e-15
914.1   1.11988951827e-15
914.2   1.12346095765e-15
914.3   1.1273382987e-15
914.4   1.13146066696e-15
914.5   1.13588893932e-15
914.6   1.14056224132e-15
914.8   1.14686964735e-15
914.9   1.15197366722e-15
915.0   1.15726184593e-15
915.1   1.16273418471e-15
915.4   1.17544699538e-15
915.6   1.18725776025e-15
916.1   1.21309823415e-15
916.5   1.23823019176e-15
917.0   1.26493175169e-15
917.2   1.2775225908e-15
917.5   1.2914287472e-15
917.7   1.30360907495e-15
918.0   1.31680819699e-15
918.1   1.3223270964e-15
918.2   1.32748231285e-15
918.3   1.33203034488e-15
918.4   1.33469280456e-15
918.5   1.33735683903e-15
918.6   1.3372830442e-15
918.7   1.33641944286e-15
918.8   1.33032211205e-15
918.9   1.31199035051e-15
919.0   1.28915537007e-15
919.1   1.26120841523e-15
919.2   1.21128692553e-15
919.3   1.16641970146e-15
919.4   1.14488770915e-15
919.5   1.17354320961e-15
919.6   1.22772546858e-15
919.7   1.27283884178e-15
919.8   1.31040522229e-15
919.9   1.34285963833e-15
920.0   1.36587991828e-15
920.1   1.38007482012e-15
920.2   1.38574872348e-15
920.3   1.38375388902e-15
920.4   1.37299455586e-15
920.5   1.35407948198e-15
920.6   1.32688691729e-15
920.7   1.29366926296e-15
920.8   1.25247849868e-15
920.9   1.19935770688e-15
921.0   1.16811723813e-15
921.1   1.19587907966e-15
921.2   1.25343508436e-15
921.3   1.29985245028e-15
921.4   1.33920984885e-15
921.5   1.37485544338e-15
921.6   1.4049629649e-15
921.7   1.43044554977e-15
921.8   1.44935517768e-15
921.9   1.46315286605e-15
922.0   1.47135161074e-15
922.1   1.47516892648e-15
922.2   1.47430043616e-15
922.3   1.46850263833e-15
922.4   1.45722765318e-15
922.5   1.44023197928e-15
922.6   1.41781999623e-15
922.7   1.39145272149e-15
922.8   1.35930388607e-15
922.9   1.32179962096e-15
923.0   1.27656577613e-15
923.1   1.21861054757e-15
923.2   1.20467006466e-15
923.3   1.259703355e-15
923.4   1.28990100626e-15
923.5   1.33769336445e-15
923.6   1.39699286345e-15
923.7   1.43115234877e-15
923.8   1.44772040526e-15
923.9   1.47762187655e-15
924.0   1.50362894817e-15
924.1   1.53499472381e-15
924.2   1.55193461071e-15
924.3   1.56540623144e-15
924.4   1.57187879818e-15
924.5   1.58115329569e-15
924.6   1.5898206875e-15
924.7   1.5931326723e-15
924.8   1.59480266746e-15
924.9   1.5942827932e-15
925.0   1.59090341836e-15
925.1   1.57924660922e-15
925.2   1.56753058303e-15
925.3   1.55192017361e-15
925.4   1.53424165244e-15
925.5   1.51333838298e-15
925.6   1.48854073408e-15
925.7   1.46057921511e-15
925.8   1.42902769761e-15
925.9   1.39181640994e-15
926.0   1.34687558046e-15
926.1   1.29043091865e-15
926.2   1.25206800332e-15
926.3   1.25278894326e-15
926.4   1.30988243116e-15
926.5   1.36752547526e-15
926.6   1.41402994743e-15
926.7   1.45408327584e-15
926.8   1.48920735361e-15
926.9   1.52165458197e-15
927.0   1.55136408649e-15
927.1   1.57815324145e-15
927.2   1.60311781024e-15
927.3   1.62668392386e-15
927.4   1.64763407011e-15
927.5   1.66602912594e-15
927.6   1.68241697368e-15
927.7   1.69679761463e-15
927.8   1.70856229331e-15
927.9   1.71905027584e-15
928.0   1.72826156348e-15
928.1   1.73637878455e-15
928.2   1.74334106465e-15
928.3   1.74896577804e-15
928.4   1.75355730437e-15
928.5   1.75705476924e-15
928.6   1.75933642259e-15
928.7   1.76046314138e-15
928.8   1.76025229987e-15
928.9   1.7576081372e-15
929.0   1.75301766006e-15
929.1   1.74648086972e-15
929.2   1.73793689181e-15
929.3   1.72702047356e-15
929.4   1.71531438377e-15
929.5   1.70208811565e-15
929.6   1.68843743261e-15
929.7   1.67320569814e-15
929.8   1.65608853515e-15
929.9   1.63647718819e-15
930.0   1.61412815586e-15
930.1   1.58904143943e-15
930.2   1.56073003481e-15
930.3   1.52955919734e-15
930.4   1.49370265807e-15
930.5   1.45157765079e-15
930.6   1.39758361477e-15
930.7   1.33305981613e-15
930.8   1.32703927045e-15
930.9   1.38804457335e-15
931.0   1.44899073344e-15
931.1   1.49739823884e-15
931.2   1.5387459015e-15
931.3   1.5751643713e-15
931.4   1.60860167111e-15
931.5   1.63917955356e-15
931.6   1.66714152265e-15
931.7   1.69279195805e-15
931.8   1.71613086104e-15
931.9   1.73801049237e-15
932.0   1.75830910197e-15
932.1   1.77976609648e-15
932.3   1.82116344014e-15
932.4   1.84079941352e-15
932.5   1.85928050138e-15
932.6   1.87660670503e-15
932.7   1.89277802577e-15
932.8   1.90651607574e-15
932.9   1.91855136433e-15
933.0   1.93058841172e-15
933.1   1.94080094898e-15
933.2   1.95101524764e-15
933.3   1.96001379552e-15
933.5   1.97679867111e-15
933.7   1.99054682944e-15
933.9   2.00247579442e-15
934.1   2.01197681975e-15
934.3   2.01904991588e-15
934.5   2.02308633654e-15
934.6   2.0241940806e-15
934.7   2.02408609217e-15
934.8   2.02276237254e-15
934.9   2.02022292302e-15
935.0   2.01646774494e-15
935.1   2.01149683959e-15
935.2   2.00591896502e-15
935.3   1.99912536581e-15
935.4   1.99111604327e-15
935.5   1.98189099871e-15
935.6   1.97205899019e-15
935.7   1.96101126227e-15
935.8   1.94899131896e-15
935.9   1.93831243719e-15
936.0   1.9275136021e-15
936.1   1.91592518258e-15
936.2   1.90354717996e-15
936.3   1.89007521717e-15
936.4   1.87593542526e-15
936.5   1.86094517851e-15
936.6   1.84461747285e-15
936.7   1.8267088069e-15
936.8   1.80728005765e-15
936.9   1.78614859941e-15
937.0   1.76355793617e-15
937.1   1.7387166855e-15
937.2   1.71077258928e-15
937.3   1.6791168921e-15
937.4   1.6429582115e-15
937.5   1.60113991101e-15
937.6   1.54921806775e-15
937.7   1.47927884542e-15
937.8   1.45091953015e-15
937.9   1.45275637224e-15
938.0   1.51906237744e-15
938.1   1.58439619757e-15
938.2   1.63512168299e-15
938.3   1.67860479156e-15
938.4   1.71715880023e-15
938.5   1.75169684543e-15
938.6   1.78282768522e-15
938.7   1.81140358036e-15
938.8   1.83803328891e-15
938.9   1.8634473203e-15
939.0   1.88740217315e-15
939.1   1.90995872446e-15
939.2   1.93117785123e-15
939.3   1.95148568451e-15
939.5   1.99052411372e-15
939.7   2.02768277946e-15
939.8   2.04593006785e-15
939.9   2.06600547605e-15
940.0   2.08608273517e-15
940.1   2.10616184655e-15
940.2   2.12624281151e-15
940.3   2.14571687465e-15
940.4   2.16519279405e-15
940.6   2.20232393669e-15
940.8   2.23885376359e-15
940.9   2.25651271401e-15
941.0   2.2729560152e-15
941.1   2.2881836685e-15
941.2   2.30280443198e-15
941.3   2.31681830698e-15
941.4   2.33083405158e-15
941.5   2.34424291036e-15
941.7   2.3698487326e-15
941.9   2.39424454113e-15
942.1   2.41682158992e-15
942.3   2.43697113295e-15
942.5   2.45530193768e-15
942.7   2.47181401483e-15
942.9   2.48772488863e-15
943.1   2.50242581307e-15
943.3   2.5146992854e-15
943.5   2.52576282989e-15
943.7   2.53500770054e-15
943.9   2.54182515137e-15
944.1   2.54743270664e-15
944.3   2.55000410691e-15
944.5   2.5501481197e-15
944.7   2.54786475581e-15
944.9   2.54254526929e-15
945.1   2.53297215746e-15
945.3   2.52036294462e-15
945.5   2.50471764159e-15
945.7   2.48786252941e-15
945.9   2.46858010542e-15
946.1   2.44626162372e-15
946.3   2.42212460863e-15
946.5   2.39616907101e-15
946.9   2.3454987957e-15
947.3   2.29790342515e-15
947.7   2.24851299245e-15
947.9   2.22200323611e-15
948.1   2.19428380099e-15
948.2   2.17994001946e-15
948.3   2.16474594125e-15
948.4   2.14864069206e-15
948.5   2.13162427324e-15
948.6   2.11320968079e-15
948.7   2.0932751647e-15
948.8   2.07175985067e-15
948.9   2.04872461575e-15
949.0   2.02368245591e-15
949.1   1.99608549144e-15
949.2   1.96495971293e-15
949.3   1.92981811636e-15
949.4   1.88980844367e-15
949.5   1.84334792868e-15
949.6   1.78410550269e-15
949.7   1.69984515659e-15
949.8   1.68620257555e-15
949.9   1.74658679868e-15
950.0   1.81634786159e-15
950.1   1.87028323665e-15
950.2   1.93493471907e-15
950.3   1.97335077613e-15
950.4   2.00781190586e-15
950.5   2.0395964988e-15
950.6   2.06864368064e-15
950.7   2.11966897638e-15
950.8   2.14391097255e-15
950.9   2.16718095629e-15
951.0   2.18905279925e-15
951.1   2.2100135082e-15
951.2   2.23000220883e-15
951.4   2.26828110415e-15
951.6   2.30462000429e-15
951.7   2.33831576455e-15
952.1   2.40798195553e-15
952.5   2.47768040632e-15
952.6   2.51139431274e-15
952.7   2.5298913238e-15
952.8   2.54778160265e-15
952.9   2.5675001776e-15
953.0   2.58904705006e-15
953.1   2.61120470791e-15
953.2   2.63275563907e-15
953.3   2.65430860165e-15
953.4   2.67647235377e-15
953.5   2.69802938335e-15
953.7   2.76123852301e-15
954.1   2.84932959892e-15
954.4   2.9402261989e-15
954.8   3.03080958871e-15
955.2   3.11838205231e-15
955.5   3.20082382654e-15
955.9   3.28054016709e-15
956.3   3.35663706939e-15
956.4   3.39042882856e-15
956.6   3.42331944171e-15
956.8   3.45378334246e-15
957.0   3.4836468122e-15
957.3   3.53880651656e-15
957.7   3.59249597987e-15
958.1   3.64256640687e-15
958.4   3.68622883546e-15
958.8   3.72844427262e-15
959.1   3.76423710242e-15
959.5   3.79798906778e-15
959.9   3.82629613034e-15
960.2   3.84815749016e-15
960.6   3.86678400019e-15
961.0   3.8805746118e-15
961.3   3.88546122865e-15
961.7   3.88713669467e-15
962.0   3.88111078586e-15
962.4   3.87067138305e-15
962.8   3.85539648844e-15
963.1   3.83239667531e-15
963.5   3.80622486112e-15
963.9   3.77521780448e-15
964.2   3.73707087153e-15
964.6   3.6976023592e-15
964.9   3.65219630382e-15
965.3   3.60609288464e-15
965.7   3.55758965937e-15
966.0   3.50495116618e-15
966.7   3.39843898999e-15
967.5   3.29319356068e-15
968.2   3.18691521947e-15
968.9   3.08257304322e-15
969.6   2.97955876733e-15
970.0   2.92900491654e-15
970.4   2.87787860671e-15
970.5   2.84927503634e-15
970.7   2.82190380469e-15
970.9   2.79332417433e-15
971.1   2.76231864329e-15
971.2   2.74529741189e-15
971.3   2.72827846639e-15
971.4   2.70943553801e-15
971.5   2.69004701736e-15
971.6   2.64302323095e-15
971.7   2.61791697885e-15
971.8   2.60529253302e-15
971.9   2.57605132277e-15
972.0   2.52447103618e-15
972.1   2.4858595656e-15
972.2   2.44171070759e-15
972.3   2.39068519877e-15
972.4   2.32377344083e-15
972.5   2.21504239812e-15
972.6   2.21765526777e-15
972.7   2.28619879845e-15
972.8   2.37154632272e-15
972.9   2.43455478367e-15
973.0   2.5104103223e-15
973.1   2.55485632509e-15
973.2   2.59559122515e-15
973.3   2.63243239688e-15
973.4   2.6949654193e-15
973.5   2.72420176578e-15
973.6   2.75179678823e-15
973.7   2.77768961242e-15
973.8   2.80273249925e-15
973.9   2.82595143938e-15
974.1   2.87117878251e-15
974.2   2.91084113387e-15
974.4   2.95182115142e-15
974.8   3.03137415791e-15
975.1   3.10658675398e-15
975.5   3.1849877732e-15
975.9   3.26525263421e-15
976.2   3.34419526211e-15
976.6   3.4281786381e-15
976.9   3.5126496647e-15
977.3   3.60339562516e-15
977.7   3.69844087433e-15
978.0   3.79577415001e-15
978.4   3.90062621725e-15
978.7   4.00896725444e-15
979.1   4.12667021023e-15
979.5   4.25232541657e-15
979.6   4.31585714918e-15
979.8   4.3832696798e-15
980.0   4.45434439516e-15
980.2   4.52603752329e-15
980.4   4.60139285964e-15
980.5   4.67590393965e-15
980.7   4.7555350969e-15
980.9   4.83882849175e-15
981.1   4.92517537923e-15
981.3   5.0145757711e-15
981.5   5.10702967914e-15
981.6   5.20043893383e-15
981.8   5.30021254353e-15
982.0   5.40303969883e-15
982.2   5.510137925e-15
982.4   5.62150723385e-15
982.5   5.73502745177e-15
982.7   5.85432529856e-15
982.9   5.97850301425e-15
983.1   6.10756061063e-15
983.3   6.24149809952e-15
983.4   6.37695567033e-15
983.6   6.52064804708e-15
983.8   6.66922034586e-15
984.0   6.82328133526e-15
984.2   6.98283102708e-15
984.3   7.14509612432e-15
984.5   7.31622705403e-15
984.7   7.49406422923e-15
984.9   7.67799890502e-15
985.1   7.86863984999e-15
985.2   8.06319140411e-15
985.4   8.26723993712e-15
985.6   8.47982103915e-15
985.8   8.69667342487e-15
986.0   8.9214496466e-15
986.3   9.39255923483e-15
986.7   9.88478478575e-15
987.0   1.04046476228e-14
987.4   1.09517317054e-14
987.8   1.15292939986e-14
988.1   1.21283784825e-14
988.5   1.27668873327e-14
988.8   1.34329883296e-14
989.2   1.41263564613e-14
989.6   1.48319405301e-14
990.3   1.62768321939e-14
990.6   1.70222095574e-14
991.0   1.77888128611e-14
991.4   1.85737200994e-14
991.7   1.93739706116e-14
992.1   2.01772129393e-14
992.4   2.09653427171e-14
992.8   2.17321323211e-14
993.2   2.24746133191e-14
993.5   2.3195865787e-14
993.9   2.39262447926e-14
994.2   2.46536397949e-14
994.6   2.53597419675e-14
995.0   2.60171856969e-14
995.3   2.66168286067e-14
995.7   2.71769451573e-14
996.0   2.77096803609e-14
996.4   2.82029078644e-14
996.8   2.8629214656e-14
997.1   2.89733229871e-14
997.5   2.92353401173e-14
997.8   2.94881910422e-14
998.2   2.97259328568e-14
998.4   2.98235133836e-14
998.6   2.99028419612e-14
998.7   2.99425102862e-14
998.9   2.9960979342e-14
999.1   2.99368462093e-14
999.3   2.98761984675e-14
999.5   2.98216491006e-14
999.6   2.97700282041e-14
1000.0   2.97096733147e-14
1001.0   2.95772388764e-14
1002.0   2.81179875047e-14
1003.0   2.7206891474e-14
1004.0   2.54133739641e-14
1005.0   2.25913348772e-14
1006.0   2.11210145864e-14
1007.0   1.81351703716e-14
1008.0   1.67080252919e-14
1009.0   1.53481268619e-14
1010.0   1.34893328411e-14
1011.0   1.20873928399e-14
1012.0   1.08805429908e-14
1013.0   9.62528213001e-15
1014.0   8.59737859368e-15
1015.0   7.90275758904e-15
1016.0   7.11589969089e-15
1017.0   6.76703355638e-15
1018.0   6.32045479276e-15
1019.0   5.96366201505e-15
1020.0   5.6686539535e-15
1021.0   5.51274425532e-15
1022.0   5.28713090111e-15
1023.0   5.08130267476e-15
1024.0   4.87821593165e-15
1025.0   4.70283124299e-15
1026.0   4.22240372062e-15
1027.0   4.65858793603e-15
1028.0   5.00949359432e-15
1029.0   5.33149311738e-15
1030.0   5.61484794578e-15
1031.0   5.84494946675e-15
1032.0   6.21173133253e-15
1033.0   6.7103250392e-15
1034.0   7.04670263189e-15
1035.0   7.42419041244e-15
1036.0   7.76060777211e-15
1037.0   8.55391927531e-15
1038.0   9.88022106614e-15
1039.0   1.17760401008e-14
1040.0   1.39260419403e-14
1041.0   1.58633117173e-14
1042.0   1.85314239307e-14
1043.0   2.11024709664e-14
1044.0   2.39295332858e-14
1045.0   2.64160308361e-14
1046.0   3.03821478209e-14
1047.0   3.52617420238e-14
1048.0   3.92589826149e-14
1049.0   4.28304387e-14
1050.0   4.78571701558e-14
1051.0   5.25189958812e-14
1052.0   5.45574299229e-14
1053.0   5.59570208016e-14
1054.0   5.6535143045e-14
1055.0   5.69553430478e-14
1056.0   5.8130757468e-14
1057.0   5.74863468447e-14
1058.0   5.48820986743e-14
1059.0   5.4013167913e-14
1060.0   5.58535668894e-14
1061.0   6.09329155117e-14
1062.0   6.83928683208e-14
1063.0   8.26895261936e-14
1064.0   1.05265644145e-13
1065.0   1.19989170116e-13
1066.0   1.35017445959e-13
1067.0   1.48280700295e-13
1068.0   1.58683172533e-13
1069.0   1.62267945402e-13
1070.0   1.55138977302e-13
1071.0   1.44662226318e-13
1072.0   1.37899272162e-13
1073.0   1.33693478561e-13
1074.0   1.29001063345e-13
1075.0   1.19865109236e-13
1076.0   1.10912168982e-13
1077.0   1.07377552071e-13
1078.0   1.11087530243e-13
1079.0   1.21859478001e-13
1080.0   1.43345937302e-13
1081.0   1.7286838001e-13
1082.0   2.06409013163e-13
1083.0   2.38062897901e-13
1084.0   2.58394306273e-13
1085.0   2.79091369192e-13
1086.0   2.96866801774e-13
1087.0   3.06850551608e-13
1088.0   3.14338803838e-13
1089.0   3.20244695074e-13
1090.0   3.24933480863e-13
1091.0   3.286486654e-13
1092.0   3.31390250181e-13
1093.0   3.33401739398e-13
1094.0   3.34804885892e-13
1095.0   3.35964945196e-13
1098.0   3.37316982427e-13
1100.0   3.3763198048e-13
1102.0   3.37218168033e-13
1104.0   3.36075556856e-13
1106.0   3.3450853705e-13
1108.0   3.32517120298e-13
1110.0   3.29857815543e-13
1112.0   3.26895888417e-13
1114.0   3.23570474789e-13
1119.0   3.16634451662e-13
1123.0   3.09876244996e-13
1127.0   3.02820980258e-13
1129.0   2.98717802041e-13
1131.0   2.94129481923e-13
1133.0   2.88995155243e-13
1135.0   2.83375708624e-13
1140.0   2.71922628374e-13
1142.0   2.66005487788e-13
1144.0   2.59542400068e-13
1146.0   2.52533375801e-13
1148.0   2.44917549832e-13
1150.0   2.36938435301e-13
1152.0   2.28778669606e-13
1154.0   2.20255636026e-13
1157.0   2.11583940045e-13
1159.0   2.02335408348e-13
1161.0   1.92662768553e-13
1163.0   1.82566030615e-13
1165.0   1.72227831436e-13
1167.0   1.61769932161e-13
1169.0   1.51314093853e-13
1171.0   1.40555947778e-13
1173.0   1.29312876466e-13
1176.0   1.18113628147e-13
1178.0   1.07119301142e-13
1180.0   9.64923410922e-14
1182.0   8.60501301383e-14
1183.0   8.09820124635e-14
1184.0   7.60361800516e-14
1185.0   7.13100351009e-14
1186.0   6.67609657547e-14
1187.0   6.24194109589e-14
1188.0   6.03977577034e-14
1189.0   5.64225347736e-14
1190.0   5.26548296869e-14
1191.0   4.91494316362e-14
1192.0   4.58576411625e-14
1193.0   4.28281598792e-14
1194.0   4.00792515572e-14
1195.0   3.88588685753e-14
1196.0   3.64945699032e-14
1197.0   3.43682343908e-14
1198.0   3.24798630827e-14
1199.0   3.08233694505e-14
1200.0   2.93865793922e-14
1201.0   2.813296853e-14
1202.0   2.70564503174e-14
1203.0   2.61265879317e-14
1204.0   2.57755996667e-14
1205.0   2.50477384434e-14
1206.0   2.44239230824e-14
1207.0   2.38919794387e-14
1208.0   2.34257319563e-14
1209.0   2.30245728561e-14
1210.0   2.2670240407e-14
1211.0   2.2348734169e-14
1212.0   2.18269012696e-14
1213.0   2.17366321567e-14
1214.0   2.16414491941e-14
1215.0   2.06781362647e-14
1216.0   1.92322808205e-14
1217.0   2.01198707145e-14
1218.0   2.21186450853e-14
1219.0   2.27361112522e-14
1220.0   2.34229374332e-14
1221.0   2.38315244308e-14
1222.0   2.44007867489e-14
1223.0   2.50187140353e-14
1224.0   2.57954921412e-14
1225.0   2.62660317925e-14
1226.0   2.69684748151e-14
1227.0   2.7738457751e-14
1228.0   2.84603176746e-14
1229.0   2.91097051647e-14
1230.0   2.98144599783e-14
1231.0   3.06293710569e-14
1232.0   3.19683938119e-14
1233.0   3.41298198671e-14
1234.0   3.64927181631e-14
1235.0   3.9227541395e-14
1236.0   4.2255151988e-14
1237.0   4.55146750627e-14
1238.0   4.90182865416e-14
1239.0   5.2863388284e-14
1240.0   5.85718729129e-14
1241.0   6.17180796988e-14
1242.0   6.81704243718e-14
1243.0   7.15978375935e-14
1244.0   7.87575199201e-14
1245.0   8.26426820185e-14
1246.0   9.05036173902e-14
1247.0   9.82555690381e-14
1249.0   1.06030042078e-13
1250.0   1.1378377548e-13
1251.0   1.21720731227e-13
1253.0   1.29378215462e-13
1254.0   1.36525577534e-13
1255.0   1.4349091063e-13
1257.0   1.50727049465e-13
1258.0   1.57633304969e-13
1259.0   1.64053155735e-13
1261.0   1.7013746195e-13
1262.0   1.7601123739e-13
1263.0   1.81824740304e-13
1265.0   1.87731244645e-13
1266.0   1.92937803873e-13
1267.0   1.97597087565e-13
1268.0   2.02135226016e-13
1271.0   2.10822354084e-13
1274.0   2.18845324789e-13
1276.0   2.25800080179e-13
1279.0   2.32310315867e-13
1282.0   2.38156431333e-13
1284.0   2.43233840034e-13
1287.0   2.47871657258e-13
1290.0   2.51967138547e-13
1292.0   2.55228134795e-13
1295.0   2.58115369226e-13
1298.0   2.60703799135e-13
1300.0   2.62878942067e-13
1305.0   2.67171036046e-13
1310.0   2.70565560704e-13
1312.0   2.72086013654e-13
1315.0   2.73488680395e-13
1318.0   2.74775222835e-13
1320.0   2.74905538677e-13
1325.0   2.75242290665e-13
1330.0   2.75290340895e-13
1335.0   2.75475835252e-13
1340.0   2.76042287997e-13
1345.0   2.77781089866e-13
1350.0   2.79048600064e-13
1355.0   2.79418686715e-13
1358.0   2.7962392739e-13
1360.0   2.79256597172e-13
1362.0   2.78404772598e-13
1365.0   2.7691867703e-13
1368.0   2.74890344552e-13
1370.0   2.72344034921e-13
1375.0   2.68211180343e-13
1380.0   2.64702715731e-13
1385.0   2.60053217552e-13
1388.0   2.5745362201e-13
1390.0   2.55114911894e-13
1391.0   2.54494370073e-13
1392.0   2.53874449272e-13
1394.0   2.54219236932e-13
1395.0   2.54575187974e-13
1396.0   2.5493175868e-13
1398.0   2.56072887368e-13
1399.0   2.57344450009e-13
1400.0   2.5879925787e-13
1402.0   2.62441234734e-13
1405.0   2.66691313237e-13
1408.0   2.70825182532e-13
1410.0   2.74355260521e-13
1412.0   2.77279036222e-13
1415.0   2.79782147902e-13
1418.0   2.8162112853e-13
1420.0   2.82667538316e-13
1422.0   2.83290253403e-13
1425.0   2.83802752764e-13
1430.0   2.83979108229e-13
1435.0   2.83805290707e-13
1445.0   2.83015590961e-13
1455.0   2.8204176705e-13
1465.0   2.81126618528e-13
1485.0   2.79590998126e-13
1505.0   2.78584606151e-13
1525.0   2.78099859961e-13
1545.0   2.78006661662e-13
1565.0   2.78478597994e-13
1585.0   2.79323379284e-13
1605.0   2.80713419287e-13
1625.0   2.82516274219e-13
1645.0   2.84659967287e-13
1665.0   2.87193933338e-13
1685.0   2.90045583148e-13
1705.0   2.93263870704e-13
1725.0   2.96714976674e-13
1745.0   3.00447621287e-13
1765.0   3.04449617236e-13
1785.0   3.08647921901e-13
1805.0   3.13091313093e-13
1825.0   3.17706931521e-13
1845.0   3.22482949402e-13
1865.0   3.27468608468e-13
1885.0   3.32530751756e-13
1905.0   3.3771910868e-13
1925.0   3.43022819981e-13
1945.0   3.48431337808e-13
1965.0   3.53934446974e-13
1985.0   3.5946140755e-13
2005.0   3.65002721626e-13
2025.0   3.70610146025e-13
2045.0   3.76214075462e-13
2065.0   3.81867053029e-13
2085.0   3.87500273077e-13
2105.0   3.93106211746e-13
2125.0   3.98677752906e-13
2145.0   4.04208188014e-13
2165.0   4.09691214378e-13
2185.0   4.15120931966e-13
2205.0   4.20491838899e-13
2225.0   4.25798825772e-13
2245.0   4.31037168915e-13
2265.0   4.36202522732e-13
2285.0   4.41230035543e-13
2305.0   4.46237843098e-13
2325.0   4.51100929061e-13
2345.0   4.55816368751e-13
2365.0   4.60503318418e-13
2385.0   4.65037750123e-13
2405.0   4.69466394992e-13
2425.0   4.73775404119e-13
2445.0   4.77957300142e-13
2465.0   4.82017053074e-13
2485.0   4.85953805835e-13
2505.0   4.89754774948e-13
2525.0   4.93431764278e-13
2545.0   4.96978540497e-13
2565.0   5.00389084371e-13
2585.0   5.03669754641e-13
2605.0   5.06821014279e-13
2625.0   5.0983133209e-13
2645.0   5.12713697535e-13
2665.0   5.15462997428e-13
2685.0   5.18080356161e-13
2705.0   5.20560950795e-13
2725.0   5.22912264293e-13
2745.0   5.25129726081e-13
2765.0   5.27221053452e-13
2785.0   5.29181892746e-13
2805.0   5.31014073816e-13
2825.0   5.32719514534e-13
2845.0   5.34300213182e-13
2865.0   5.35758241154e-13
2885.0   5.37095735966e-13
2905.0   5.38314894571e-13
2925.0   5.39411879412e-13
2945.0   5.40388987469e-13
2965.0   5.4125464446e-13
2985.0   5.42011224197e-13
3005.0   5.42648955783e-13
3025.0   5.4318244405e-13
3045.0   5.43608051885e-13
3065.0   5.43934333624e-13
3085.0   5.44151593014e-13
3105.0   5.44268404656e-13
3125.0   5.44287260015e-13
3145.0   5.44210651477e-13
3165.0   5.44041069066e-13
3185.0   5.43780997362e-13
3205.0   5.43426825056e-13
3225.0   5.42987104962e-13
3245.0   5.42458201247e-13
3265.0   5.41854724935e-13
3285.0   5.41160831216e-13
3305.0   5.40397180687e-13
3325.0   5.39547886703e-13
3345.0   5.38627476919e-13
3365.0   5.37638278771e-13
3385.0   5.36576505615e-13
3405.0   5.35444430571e-13
3425.0   5.34244297785e-13
3445.0   5.32984408933e-13
3465.0   5.31660859574e-13
3485.0   5.30275801004e-13
3505.0   5.28831351938e-13
3525.0   5.27335685424e-13
3545.0   5.25778678002e-13
3565.0   5.2416843462e-13
3585.0   5.22513025524e-13
3605.0   5.20802223218e-13
3625.0   5.19050115165e-13
3643.0   5.17429043689e-13
3644.0   5.17328654331e-13
3645.0   5.17240315479e-13
3647.0   5.17020651834e-13
3650.0   5.1674805924e-13
3660.0   5.15821293518e-13
3670.0   5.14882426982e-13
3676.0   5.14307304147e-13
3680.0   5.13931683073e-13
3683.0   5.13641133157e-13
3684.0   5.1354810947e-13
3687.0   5.13262257628e-13
3688.0   5.13162684961e-13
3693.0   5.12687454163e-13
3698.0   5.12191117711e-13
3703.0   5.11710228087e-13
3704.0   5.11608844577e-13
3705.0   5.11513437291e-13
3707.0   5.11310114418e-13
3710.0   5.11022563101e-13
3712.0   5.10830311577e-13
3713.0   5.10721846127e-13
3716.0   5.10426231951e-13
3721.0   5.09929339658e-13
3722.0   5.09838159777e-13
3723.0   5.09734697248e-13
3725.0   5.09539625626e-13
3728.0   5.09240129533e-13
3735.0   5.0853353783e-13
3739.0   5.0814398451e-13
3742.0   5.07840073935e-13
3746.0   5.07423268038e-13
3747.0   5.07305112722e-13
3749.0   5.07086758053e-13
3751.0   5.06874083331e-13
3753.0   5.06697528027e-13
3755.0   5.06520568371e-13
3759.0   5.06153267379e-13
3761.0   5.05944666587e-13
3763.0   5.05735667937e-13
3766.0   5.0535750805e-13
3769.0   5.04990637184e-13
3770.0   5.04851917405e-13
3772.0   5.04635060755e-13
3773.0   5.04569099419e-13
3774.0   5.04515216163e-13
3776.0   5.04370633875e-13
3777.0   5.04316460646e-13
3778.0   5.04250016022e-13
3781.0   5.04013581172e-13
3784.0   5.03727586573e-13
3786.0   5.03489777452e-13
3789.0   5.03104961592e-13
3792.0   5.02676687721e-13
3794.0   5.02297362248e-13
3795.0   5.02150173011e-13
3797.0   5.01812903595e-13
3798.0   5.01653261641e-13
3799.0   5.01523965386e-13
3800.0   5.01473715561e-13
3801.0   5.01453811822e-13
3802.0   5.01439904093e-13
3804.0   5.01417902299e-13
3806.0   5.01383361453e-13
3808.0   5.01336283094e-13
3810.0   5.01246230922e-13
3812.0   5.01137556737e-13
3814.0   5.00979824233e-13
3816.0   5.00797385203e-13
3817.0   5.00678638514e-13
3819.0   5.0041044201e-13
3821.0   5.00099280076e-13
3823.0   4.99763416929e-13
3825.0   4.99360241106e-13
3827.0   4.98926279518e-13
3829.0   4.98461533668e-13
3831.0   4.97966005055e-13
3833.0   4.9745187031e-13
3835.0   4.96949568763e-13
3836.0   4.96743946983e-13
3837.0   4.96586940817e-13
3838.0   4.96612476932e-13
3839.0   4.96765767407e-13
3841.0   4.96834680304e-13
3844.0   4.97074390374e-13
3847.0   4.97270736444e-13
3848.0   4.97398923959e-13
3850.0   4.97393285636e-13
3851.0   4.97466437454e-13
3853.0   4.97411605055e-13
3854.0   4.97447985521e-13
3856.0   4.97350049894e-13
3857.0   4.9731922281e-13
3859.0   4.97159924523e-13
3860.0   4.97080154221e-13
3861.0   4.96988128254e-13
3863.0   4.96761222476e-13
3864.0   4.96601992757e-13
3866.0   4.96301556768e-13
3867.0   4.96081212482e-13
3869.0   4.95755950053e-13
3870.0   4.95498843083e-13
3872.0   4.95100056895e-13
3873.0   4.94751400741e-13
3875.0   4.94279094001e-13
3876.0   4.93893678371e-13
3877.0   4.93660374258e-13
3878.0   4.93402642383e-13
3879.0   4.93132658058e-13
3881.0   4.92391568447e-13
3882.0   4.91926551079e-13
3884.0   4.91325015332e-13
3885.0   4.90817155691e-13
3887.0   4.90276038595e-13
3888.0   4.89682725288e-13
3889.0   4.89460678034e-13
3890.0   4.89165504589e-13
3891.0   4.89058970524e-13
3892.0   4.89390666276e-13
3894.0   4.89682491761e-13
3896.0   4.89974019192e-13
3898.0   4.90253074819e-13
3899.0   4.90608600456e-13
3901.0   4.908628634e-13
3902.0   4.90986841046e-13
3903.0   4.91098570423e-13
3904.0   4.91185876569e-13
3905.0   4.91273109926e-13
3907.0   4.91465621656e-13
3908.0   4.91735264691e-13
3910.0   4.91854292462e-13
3912.0   4.91912157497e-13
3914.0   4.91957561692e-13
3915.0   4.92092777072e-13
3917.0   4.92089054713e-13
3919.0   4.92036349494e-13
3921.0   4.91952925465e-13
3923.0   4.91838783969e-13
3924.0   4.91809002833e-13
3926.0   4.916396563e-13
3928.0   4.91457858349e-13
3930.0   4.9124534761e-13
3931.0   4.91105507929e-13
3933.0   4.90831711582e-13
3935.0   4.90533293332e-13
3937.0   4.90204166932e-13
3938.0   4.89929926565e-13
3940.0   4.89527346358e-13
3942.0   4.89100148859e-13
3944.0   4.88623985108e-13
3946.0   4.88092768842e-13
3947.0   4.87629216024e-13
3949.0   4.87042817484e-13
3951.0   4.8645615779e-13
3953.0   4.85844887966e-13
3954.0   4.85277390613e-13
3956.0   4.84562244776e-13
3958.0   4.83871192573e-13
3960.0   4.83155534749e-13
3962.0   4.82390922314e-13
3963.0   4.81749799606e-13
3965.0   4.80966545757e-13
3967.0   4.80170865891e-13
3968.0   4.79772932273e-13
3969.0   4.79368848843e-13
3970.0   4.78940353057e-13
3971.0   4.78316993185e-13
3972.0   4.78204927204e-13
3973.0   4.78500666624e-13
3974.0   4.78954621341e-13
3975.0   4.79116311524e-13
3977.0   4.79409070785e-13
3978.0   4.79789730439e-13
3980.0   4.80076037631e-13
3981.0   4.80438253035e-13
3983.0   4.80699848265e-13
3985.0   4.80924678519e-13
3986.0   4.81243981485e-13
3988.0   4.81492804976e-13
3990.0   4.81698779019e-13
3991.0   4.81981260985e-13
3993.0   4.82132094519e-13
3994.0   4.82390050706e-13
3996.0   4.825405346e-13
3998.0   4.82684699365e-13
3999.0   4.82899753126e-13
4001.0   4.82970522025e-13
4002.0   4.83118440702e-13
4004.0   4.83146254308e-13
4006.0   4.83155578513e-13
4007.0   4.83248425707e-13
4009.0   4.83208711588e-13
4012.0   4.83176115426e-13
4015.0   4.83076056779e-13
4019.0   4.82812007509e-13
4022.0   4.82613398533e-13
4025.0   4.8237777829e-13
4028.0   4.82105150758e-13
4031.0   4.8180160747e-13
4035.0   4.81351504321e-13
4038.0   4.8097989798e-13
4041.0   4.80577388989e-13
4044.0   4.80137893677e-13
4048.0   4.79545102088e-13
4051.0   4.79001057733e-13
4054.0   4.78407864805e-13
4057.0   4.77771614704e-13
4061.0   4.76944917931e-13
4064.0   4.76149369424e-13
4067.0   4.75286426137e-13
4070.0   4.74386529674e-13
4073.0   4.73449683786e-13
4077.0   4.72346004421e-13
4080.0   4.71268169605e-13
4081.0   4.70785019142e-13
4083.0   4.7017774803e-13
4085.0   4.69558120478e-13
4086.0   4.69019955276e-13
4090.0   4.6770084337e-13
4091.0   4.67156367363e-13
4093.0   4.66462974637e-13
4094.0   4.65887928471e-13
4096.0   4.65309936091e-13
4097.0   4.64637357733e-13
4098.0   4.64226501336e-13
4099.0   4.63815601637e-13
4100.0   4.63380308498e-13
4101.0   4.63091073941e-13
4102.0   4.62600906756e-13
4103.0   4.61976770319e-13
4104.0   4.62040486359e-13
4105.0   4.62524202046e-13
4106.0   4.62910474281e-13
4107.0   4.63083639417e-13
4108.0   4.63262850011e-13
4110.0   4.63572444864e-13
4112.0   4.63869697727e-13
4114.0   4.64142434516e-13
4116.0   4.64396743845e-13
4117.0   4.64721682992e-13
4119.0   4.64975747141e-13
4121.0   4.65199211298e-13
4123.0   4.65385988934e-13
4125.0   4.65560431353e-13
4127.0   4.65722539584e-13
4128.0   4.65986161399e-13
4130.0   4.66129770277e-13
4132.0   4.66230609696e-13
4134.0   4.66325206083e-13
4136.0   4.66407472887e-13
4138.0   4.66483498692e-13
4141.0   4.66719003278e-13
4143.0   4.66770299658e-13
4145.0   4.66778833168e-13
4147.0   4.66775042646e-13
4149.0   4.66746753958e-13
4152.0   4.66749702558e-13
4156.0   4.66588761354e-13
4160.0   4.66366370755e-13
4163.0   4.66203771712e-13
4167.0   4.6588299493e-13
4171.0   4.65531228125e-13
4174.0   4.6525791396e-13
4182.0   4.64442377737e-13
4189.0   4.63679885533e-13
4196.0   4.62867130573e-13
4204.0   4.61905968519e-13
4211.0   4.61035212608e-13
4218.0   4.60144756697e-13
4226.0   4.59105380757e-13
4233.0   4.58157187407e-13
4240.0   4.57177239964e-13
4248.0   4.56047909777e-13
4255.0   4.54986129915e-13
4262.0   4.53844012666e-13
4266.0   4.53189110673e-13
4270.0   4.5250948559e-13
4273.0   4.51917343997e-13
4277.0   4.51170119382e-13
4281.0   4.50392102494e-13
4284.0   4.49683566077e-13
4288.0   4.48850156706e-13
4292.0   4.47985973151e-13
4295.0   4.47221954891e-13
4299.0   4.46302410251e-13
4303.0   4.45339934088e-13
4306.0   4.44453507447e-13
4310.0   4.43411350817e-13
4314.0   4.42338455303e-13
4317.0   4.41335743953e-13
4321.0   4.40164935652e-13
4325.0   4.3895123055e-13
4328.0   4.37820094869e-13
4330.0   4.37173465961e-13
4332.0   4.36520681999e-13
4334.0   4.35855656178e-13
4336.0   4.3516012656e-13
4337.0   4.34803205902e-13
4338.0   4.34428006337e-13
4339.0   4.34046703093e-13
4340.0   4.33452318974e-13
4341.0   4.33016195686e-13
4342.0   4.3213566415e-13
4343.0   4.32691782786e-13
4344.0   4.33022645788e-13
4345.0   4.33304792705e-13
4346.0   4.33410384715e-13
4348.0   4.33779799504e-13
4350.0   4.33917826043e-13
4351.0   4.34139005971e-13
4353.0   4.34246505032e-13
4354.0   4.34443290287e-13
4356.0   4.34520263536e-13
4359.0   4.34787804584e-13
4362.0   4.35000430114e-13
4366.0   4.35062555274e-13
4369.0   4.35201842277e-13
4372.0   4.35292309508e-13
4375.0   4.35358309665e-13
4378.0   4.35387670031e-13
4382.0   4.35278512601e-13
4385.0   4.3524673973e-13
4388.0   4.35184422613e-13
4391.0   4.35085476052e-13
4394.0   4.34974252674e-13
4398.0   4.34730428833e-13
4401.0   4.34582451904e-13
4404.0   4.34422205941e-13
4407.0   4.34225342984e-13
4410.0   4.34010128035e-13
4414.0   4.33643901455e-13
4417.0   4.33379786509e-13
4423.0   4.3280261323e-13
4430.0   4.32049716953e-13
4436.0   4.31374495965e-13
4442.0   4.30668566693e-13
4449.0   4.29817269942e-13
4455.0   4.29068201365e-13
4462.0   4.28191987328e-13
4468.0   4.27418122378e-13
4474.0   4.26644078131e-13
4481.0   4.25742851192e-13
4487.0   4.24956299979e-13
4494.0   4.24042555437e-13
4500.0   4.23255748574e-13
4506.0   4.22462761401e-13
4513.0   4.21542586433e-13
4519.0   4.20749452075e-13
4526.0   4.19829147776e-13
4532.0   4.19029850946e-13
4538.0   4.18230543495e-13
4545.0   4.17310199739e-13
4551.0   4.16510920253e-13
4558.0   4.15590649308e-13
4564.0   4.14785378743e-13
4570.0   4.13986262977e-13
4577.0   4.13066240209e-13
4583.0   4.12261230845e-13
4590.0   4.11341472443e-13
4596.0   4.10536721957e-13
4602.0   4.09738200014e-13
4609.0   4.08818962241e-13
4615.0   4.08014703906e-13
4622.0   4.07095911865e-13
4628.0   4.06292066131e-13
4634.0   4.05488431166e-13
4641.0   4.04570417604e-13
4647.0   4.03767282551e-13
4654.0   4.02843798724e-13
4660.0   4.02041221666e-13
4666.0   4.01238921367e-13
4673.0   4.00310372259e-13
4679.0   3.99502624905e-13
4686.0   3.98574855249e-13
4692.0   3.97767803276e-13
4698.0   3.96955002832e-13
4705.0   3.96016310642e-13
4711.0   3.95198195924e-13
4718.0   3.94254348721e-13
4724.0   3.9342488394e-13
4730.0   3.92589729521e-13
4737.0   3.91623002002e-13
4743.0   3.90776571011e-13
4750.0   3.89798745325e-13
4756.0   3.88928911443e-13
4762.0   3.88047355818e-13
4769.0   3.87022504458e-13
4775.0   3.86105440054e-13
4782.0   3.85045276331e-13
4788.0   3.84074486417e-13
4794.0   3.8307376429e-13
4801.0   3.8191197976e-13
4807.0   3.80827159462e-13
4814.0   3.79581490103e-13
4817.0   3.79006115056e-13
4820.0   3.7840652731e-13
4823.0   3.77800990688e-13
4826.0   3.77177331167e-13
4830.0   3.76417026143e-13
4833.0   3.75757171717e-13
4836.0   3.75085285624e-13
4839.0   3.74389193813e-13
4842.0   3.73681072497e-13
4846.0   3.72836569398e-13
4849.0   3.72092266641e-13
4852.0   3.71323762794e-13
4854.0   3.70868327588e-13
4855.0   3.70524971341e-13
4857.0   3.70045286601e-13
4858.0   3.69793294405e-13
4859.0   3.69389129948e-13
4860.0   3.69100646234e-13
4861.0   3.68781741683e-13
4862.0   3.68377628228e-13
4863.0   3.673142483e-13
4864.0   3.67989494736e-13
4865.0   3.68364641251e-13
4866.0   3.6842933902e-13
4867.0   3.6860363023e-13
4868.0   3.68619661954e-13
4870.0   3.68621339513e-13
4871.0   3.68722649204e-13
4873.0   3.68687905743e-13
4874.0   3.68764917525e-13
4876.0   3.68724191552e-13
4879.0   3.68730197942e-13
4882.0   3.68712013475e-13
4886.0   3.68558149102e-13
4889.0   3.68503815035e-13
4892.0   3.68425293387e-13
4895.0   3.68328672697e-13
4898.0   3.68213953929e-13
4902.0   3.67963852228e-13
4905.0   3.67812995891e-13
4908.0   3.67644044647e-13
4911.0   3.67456999432e-13
4914.0   3.67264036316e-13
4918.0   3.669299085e-13
4924.0   3.66477990721e-13
4930.0   3.65984154528e-13
4937.0   3.65325702988e-13
4943.0   3.64748170292e-13
4950.0   3.64030646727e-13
4956.0   3.63399888235e-13
4962.0   3.62757686511e-13
4969.0   3.61975903556e-13
4975.0   3.6130487274e-13
4982.0   3.60500634412e-13
4988.0   3.59800805197e-13
4989.0   3.59685255967e-13
4994.0   3.59101742763e-13
5000.0   3.58397365814e-13
5010.0   3.57208905394e-13
5020.0   3.56010462531e-13
5040.0   3.53602001723e-13
5060.0   3.51178283967e-13
5080.0   3.48757775455e-13
5100.0   3.4634675799e-13
5120.0   3.43939329249e-13
5140.0   3.41541753308e-13
5160.0   3.39160285761e-13
5180.0   3.36788998826e-13
5200.0   3.34428044288e-13
5220.0   3.32077566167e-13
5240.0   3.2974378851e-13
5260.0   3.27420752915e-13
5280.0   3.25114669013e-13
5300.0   3.22813476849e-13
5320.0   3.20529460056e-13
5340.0   3.18262720656e-13
5360.0   3.16007266819e-13
5380.0   3.13763188196e-13
5400.0   3.11530568537e-13
5420.0   3.09315573437e-13
5440.0   3.07112187817e-13
5460.0   3.04920478799e-13
5480.0   3.0274659587e-13
5500.0   3.0058450835e-13
5520.0   2.98434268255e-13
5540.0   2.96302010449e-13
5560.0   2.94181690098e-13
5580.0   2.92073345517e-13
5600.0   2.89977010751e-13
5620.0   2.87898803282e-13
5640.0   2.85832661462e-13
5660.0   2.83778607348e-13
5680.0   2.8173665927e-13
5700.0   2.79712919518e-13
5720.0   2.77701311765e-13
5740.0   2.75701843891e-13
5760.0   2.73720608098e-13
5780.0   2.7174543075e-13
5800.0   2.69788485462e-13
5820.0   2.6784368023e-13
5840.0   2.65911007804e-13
5860.0   2.63996545795e-13
5880.0   2.62094194064e-13
5900.0   2.60203937528e-13
5920.0   2.58325758676e-13
5940.0   2.56459637668e-13
5960.0   2.54611639987e-13
5980.0   2.52775653819e-13
6000.0   2.50951652843e-13
6020.0   2.49139608743e-13
6040.0   2.47339491285e-13
6060.0   2.45551268392e-13
6080.0   2.43780993788e-13
6100.0   2.42022544367e-13
6120.0   2.40275882964e-13
6140.0   2.38540970853e-13
6160.0   2.36817767817e-13
6180.0   2.35108667236e-13
6200.0   2.33411191068e-13
6220.0   2.31725903747e-13
6240.0   2.30052759701e-13
6260.0   2.28391103408e-13
6280.0   2.26741495722e-13
6300.0   2.25103278895e-13
6320.0   2.23475794148e-13
6340.0   2.21858381719e-13
6360.0   2.20250989664e-13
6380.0   2.18651738882e-13
6400.0   2.17059966942e-13
6420.0   2.15470749319e-13
6440.0   2.13880378241e-13
6450.0   2.13081090161e-13
6460.0   2.12277840143e-13
6470.0   2.11468186064e-13
6480.0   2.10651512029e-13
6490.0   2.0982415832e-13
6495.0   2.09403278363e-13
6500.0   2.08981856427e-13
6505.0   2.08553804039e-13
6510.0   2.08119729046e-13
6515.0   2.07679630535e-13
6520.0   2.0723229008e-13
6525.0   2.06777098008e-13
6530.0   2.06313444643e-13
6535.0   2.05840111554e-13
6540.0   2.0535648906e-13
6545.0   2.04860749968e-13
6548.0   2.0457287953e-13
6550.0   2.04352284594e-13
6552.0   2.04126926075e-13
6555.0   2.03823178174e-13
6556.0   2.03703922262e-13
6558.0   2.03510538147e-13
6559.0   2.03383448093e-13
6560.0   2.03250297022e-13
6561.0   2.03144566548e-13
6562.0   2.02991379584e-13
6563.0   2.02833349094e-13
6564.0   2.02566377669e-13
6565.0   2.0199261936e-13
6566.0   2.02470210446e-13
6567.0   2.02567355068e-13
6568.0   2.02578082724e-13
6569.0   2.02593706918e-13
6570.0   2.02571005912e-13
6571.0   2.02543461322e-13
6573.0   2.02479320164e-13
6575.0   2.02406762196e-13
6577.0   2.02328831141e-13
6579.0   2.02246744452e-13
6581.0   2.02161110827e-13
6585.0   2.01981637552e-13
6589.0   2.01793454619e-13
6593.0   2.01596561545e-13
6597.0   2.01392784118e-13
6601.0   2.01182121854e-13
6605.0   2.00963965513e-13
6609.0   2.00740749637e-13
6613.0   2.00511256227e-13
6617.0   2.00277311067e-13
6621.0   2.00038304915e-13
6629.0   1.99548151466e-13
6637.0   1.99044444516e-13
6645.0   1.98530223937e-13
6653.0   1.98007312077e-13
6661.0   1.97478748788e-13
6669.0   1.96945138891e-13
6677.0   1.96407087194e-13
6693.0   1.95323730149e-13
6709.0   1.94234733502e-13
6725.0   1.93144935482e-13
6741.0   1.92056130431e-13
6757.0   1.90970721359e-13
6773.0   1.89889893675e-13
6789.0   1.88813615201e-13
6805.0   1.87743071201e-13
6821.0   1.86677620608e-13
6837.0   1.85618448573e-13
6853.0   1.84565522682e-13
6869.0   1.83518201727e-13
6885.0   1.82477670734e-13
6901.0   1.81443288431e-13
6917.0   1.80414413526e-13
6933.0   1.79392230979e-13
6949.0   1.78376708228e-13
6965.0   1.77366595194e-13
6981.0   1.76363076825e-13
6997.0   1.75366120563e-13
7013.0   1.74374476348e-13
7029.0   1.73389329164e-13
7045.0   1.72410646503e-13
7061.0   1.71437787127e-13
7077.0   1.70470718585e-13
7093.0   1.69510017221e-13
7109.0   1.68555650658e-13
7125.0   1.67606369053e-13
7141.0   1.66663966393e-13
7157.0   1.65726584177e-13
7173.0   1.64795407744e-13
7189.0   1.63870404979e-13
7205.0   1.62950935073e-13
7221.0   1.62037574797e-13
7237.0   1.61129074721e-13
7253.0   1.60227229273e-13
7269.0   1.59330789174e-13
7285.0   1.58439722736e-13
7301.0   1.57553998354e-13
7317.0   1.56674802022e-13
7333.0   1.55800276037e-13
7349.0   1.54931606571e-13
7365.0   1.54068762376e-13
7381.0   1.53210494783e-13
7397.0   1.5235799025e-13
7413.0   1.51511217821e-13
7429.0   1.50669537887e-13
7445.0   1.49832919696e-13
7461.0   1.49001941363e-13
7477.0   1.48175963596e-13
7493.0   1.47354955969e-13
7509.0   1.46539496926e-13
7525.0   1.45728947512e-13
7541.0   1.44923277641e-13
7557.0   1.44123066104e-13
7573.0   1.43327674295e-13
7589.0   1.42537681241e-13
7605.0   1.41751839821e-13
7621.0   1.4097194682e-13
7637.0   1.40196146607e-13
7653.0   1.39425627459e-13
7669.0   1.38659751509e-13
7685.0   1.37899098531e-13
7701.0   1.37143030915e-13
7717.0   1.36391519934e-13
7733.0   1.35644536996e-13
7749.0   1.34902662392e-13
7765.0   1.34165259035e-13
7781.0   1.33432298727e-13
7797.0   1.3270436216e-13
7813.0   1.31980812645e-13
7829.0   1.31261622389e-13
7845.0   1.30547372487e-13
7861.0   1.29837426659e-13
7877.0   1.29131757518e-13
7893.0   1.28430337815e-13
7909.0   1.27733749194e-13
7925.0   1.27041355925e-13
7941.0   1.26353131171e-13
7957.0   1.25669656993e-13
7973.0   1.24989689321e-13
7989.0   1.24314419249e-13
8005.0   1.236438205e-13
8021.0   1.22976649422e-13
8037.0   1.22314097529e-13
8053.0   1.21655530208e-13
8069.0   1.21000921741e-13
8085.0   1.20350855307e-13
8101.0   1.19704696714e-13
8117.0   1.19062420666e-13
8133.0   1.18424002007e-13
8149.0   1.17789415725e-13
8165.0   1.17159245701e-13
8181.0   1.16532858447e-13
8188.0   1.16260225522e-13
8197.0   1.15910229369e-13
8206.0   1.1556080583e-13
8224.0   1.14867311821e-13
8242.0   1.14178491492e-13
8260.0   1.13494310574e-13
8278.0   1.12815343784e-13
8296.0   1.12140948546e-13
8314.0   1.11471700022e-13
8332.0   1.10806347326e-13
8350.0   1.10146074823e-13
8368.0   1.09490240828e-13
8378.0   1.09128403192e-13
8387.0   1.08804272602e-13
8395.0   1.08516262448e-13
8406.0   1.08121348844e-13
8409.0   1.08014313966e-13
8411.0   1.07942821324e-13
8416.0   1.07765236553e-13
8425.0   1.07444475415e-13
8440.0   1.0691307416e-13
8442.0   1.06843013653e-13
8456.0   1.06350412439e-13
8470.0   1.05860990408e-13
8483.0   1.05407380818e-13
8490.0   1.05165115126e-13
8497.0   1.04922874337e-13
8505.0   1.04647670938e-13
8520.0   1.0413250971e-13
8522.0   1.04064526076e-13
8535.0   1.03620831105e-13
8548.0   1.03179890155e-13
8561.0   1.02740474226e-13
8574.0   1.02303180643e-13
8587.0   1.01868606794e-13
8599.0   1.01469138255e-13
8600.0   1.01436132607e-13
8601.0   1.01403139317e-13
8602.0   1.01369549622e-13
8606.0   1.01237140534e-13
8613.0   1.01005746827e-13
8627.0   1.00544764471e-13
8641.0   1.00086786032e-13
8642.0   1.00053686263e-13
8655.0   9.96305801622e-14
8667.0   9.92410836084e-14
8680.0   9.88218935941e-14
8693.0   9.84053327399e-14
8706.0   9.7990172685e-14
8719.0   9.75764026384e-14
8731.0   9.71960385144e-14
8736.0   9.70390660069e-14
8744.0   9.67866908801e-14
8753.0   9.65051051693e-14
8770.0   9.59757139409e-14
8787.0   9.54496512724e-14
8804.0   9.49262850325e-14
8821.0   9.44062007644e-14
8839.0   9.38597911061e-14
8846.0   9.36469265159e-14
8856.0   9.33457826675e-14
8865.0   9.30750339499e-14
8884.0   9.25101823873e-14
8903.0   9.19492966648e-14
8922.0   9.13917368899e-14
8941.0   9.08344283857e-14
8960.0   9.02822105542e-14
8979.0   8.97326179562e-14
8998.0   8.91856204179e-14
9016.0   8.86706776728e-14
9017.0   8.86424055159e-14
9019.0   8.85858923854e-14
9022.0   8.85024180969e-14
9028.0   8.83351407543e-14
9039.0   8.80297369263e-14
9051.0   8.76976584685e-14
9063.0   8.73670560533e-14
9074.0   8.70637723491e-14
9086.0   8.67341522888e-14
9098.0   8.64059869949e-14
9109.0   8.61053752867e-14
9121.0   8.57787606227e-14
9133.0   8.54523622454e-14
9144.0   8.515375772e-14
9156.0   8.48288700812e-14
9168.0   8.45047868254e-14
9180.0   8.4181500939e-14
9191.0   8.38836961496e-14
9203.0   8.3560650836e-14
9215.0   8.3238382637e-14
9221.0   8.30771573323e-14
9226.0   8.29430656434e-14
9232.0   8.27855139388e-14
9237.0   8.26580334693e-14
9242.0   8.25313989923e-14
9253.0   8.22504702593e-14
9263.0   8.19995569621e-14
9274.0   8.17238450887e-14
9284.0   8.14742899837e-14
9294.0   8.12238392542e-14
9305.0   8.09488658766e-14
9315.0   8.06991394896e-14
9326.0   8.04250753736e-14
9336.0   8.0176056518e-14
9347.0   7.99028832537e-14
9357.0   7.96545552678e-14
9368.0   7.93822546096e-14
9378.0   7.91346009807e-14
9389.0   7.88631548457e-14
9399.0   7.86161592084e-14
9410.0   7.83461584321e-14
9420.0   7.81004133241e-14
9431.0   7.78312313888e-14
9441.0   7.75855032229e-14
9452.0   7.73159050132e-14
9462.0   7.70707866162e-14
9473.0   7.68019722017e-14
9483.0   7.65556215165e-14
9494.0   7.62863560962e-14
9504.0   7.60393662344e-14
9515.0   7.57696326761e-14
9525.0   7.55213793765e-14
9536.0   7.52517694588e-14
9544.0   7.50537813768e-14
9546.0   7.50040636265e-14
9547.0   7.4979521658e-14
9549.0   7.49322890306e-14
9550.0   7.49108158783e-14
9551.0   7.48887423066e-14
9552.0   7.48666770687e-14
9553.0   7.48446201612e-14
9556.0   7.47791081436e-14
9560.0   7.46934985556e-14
9570.0   7.44776202875e-14
9588.0   7.40900250952e-14
9607.0   7.36779982567e-14
9626.0   7.3264649988e-14
9644.0   7.28724798964e-14
9663.0   7.24587034491e-14
9682.0   7.20447560584e-14
9700.0   7.16539114763e-14
9719.0   7.12430594923e-14
9738.0   7.08331886568e-14
9756.0   7.04471394478e-14
9775.0   7.00408469114e-14
9794.0   6.96372979414e-14
9812.0   6.92564745675e-14
9831.0   6.88563810539e-14
9840.0   6.86669351135e-14
9850.0   6.84589687884e-14
9859.0   6.82720031555e-14
9868.0   6.80850235083e-14
9887.0   6.76891205395e-14
9906.0   6.72934029726e-14
9925.0   6.68996767773e-14
9943.0   6.65251443627e-14
9962.0   6.6129118866e-14
9971.0   6.59420956281e-14
9981.0   6.57338083621e-14
9990.0   6.55443294722e-14
9998.0   6.53752948638e-14
9999.0   6.53548055396e-14
10000.0   6.53337143924e-14
10010.0   6.51292712312e-14
10020.0   6.49176045173e-14
10030.0   6.47047990074e-14
10040.0   6.44914606598e-14
10050.0   6.42781954449e-14
10060.0   6.40808282638e-14
10070.0   6.39164015431e-14
10080.0   6.37422995611e-14
10090.0   6.35682596875e-14
10100.0   6.34028017904e-14
10110.0   6.32252254266e-14
10120.0   6.3048311785e-14
10130.0   6.28757107155e-14
10150.0   6.25172590487e-14
10170.0   6.21595892424e-14
10180.0   6.1982334542e-14
10200.0   6.16236673604e-14
10210.0   6.14446846983e-14
10250.0   6.0732656695e-14
10280.0   6.02009574589e-14
10310.0   5.96736076511e-14
10370.0   5.86322973328e-14
10440.0   5.74432198489e-14
10500.0   5.64416996016e-14
10570.0   5.53053726779e-14
10630.0   5.43473930714e-14
10660.0   5.38747728317e-14
10690.0   5.34057131129e-14
10730.0   5.27910840624e-14
10760.0   5.2329909367e-14
10770.0   5.21731490784e-14
10790.0   5.18702821669e-14
10810.0   5.15682140923e-14
10820.0   5.14109304909e-14
10840.0   5.11088132755e-14
10850.0   5.09487568047e-14
10870.0   5.06459462462e-14
10890.0   5.03414364807e-14
10900.0   5.01765166276e-14
10910.0   5.00230369592e-14
10920.0   4.98688204348e-14
10930.0   4.97132564001e-14
10940.0   4.95496466414e-14
10950.0   4.94090358712e-14
10960.0   4.92920309731e-14
10970.0   4.91724535424e-14
10980.0   4.90472579386e-14
10990.0   4.89280086907e-14
11000.0   4.87988762828e-14
11010.0   4.86702077466e-14
11020.0   4.85462625544e-14
11040.0   4.82857496451e-14
11060.0   4.80252369509e-14
11070.0   4.78962698135e-14
11090.0   4.76348175008e-14
11100.0   4.75053725762e-14
11120.0   4.72441663612e-14
11140.0   4.69841213439e-14
11170.0   4.65958203719e-14
11200.0   4.62095982679e-14
11230.0   4.58260182124e-14
11260.0   4.54456439737e-14
11330.0   4.45735018213e-14
11390.0   4.38393487076e-14
11460.0   4.30044855217e-14
11520.0   4.23009810728e-14
11580.0   4.16111107966e-14
11650.0   4.08254125339e-14
11710.0   4.01640245687e-14
11780.0   3.94119549885e-14
11840.0   3.87782741895e-14
11900.0   3.81578719124e-14
11970.0   3.74506147087e-14
12030.0   3.68547515908e-14
12100.0   3.61765558504e-14
12160.0   3.56058502562e-14
12220.0   3.50460152071e-14
12290.0   3.4408044667e-14
12350.0   3.387068182e-14
12420.0   3.32581019061e-14
12480.0   3.27414858601e-14
12540.0   3.22333835836e-14
12580.0   3.19012982381e-14
12610.0   3.16523325457e-14
12640.0   3.14045320537e-14
12670.0   3.11576285044e-14
12690.0   3.09951289409e-14
12700.0   3.09105625619e-14
12720.0   3.07480630533e-14
12740.0   3.05856764684e-14
12750.0   3.04995771767e-14
12770.0   3.03362510644e-14
12780.0   3.02542742069e-14
12790.0   3.01648630849e-14
12800.0   3.00814094884e-14
12810.0   2.99963639791e-14
12820.0   2.99069863004e-14
12830.0   2.98285553988e-14
12840.0   2.97716019216e-14
12850.0   2.97106181205e-14
12860.0   2.96416462395e-14
12870.0   2.95722949037e-14
12880.0   2.95025632828e-14
12900.0   2.93652431664e-14
12920.0   2.92240787518e-14
12930.0   2.91550510192e-14
12950.0   2.90133432515e-14
12960.0   2.89432792596e-14
12980.0   2.88015006466e-14
13000.0   2.86600523824e-14
13030.0   2.8448630174e-14
13060.0   2.82379311861e-14
13090.0   2.80283607141e-14
13160.0   2.75459429832e-14
13220.0   2.71390087142e-14
13280.0   2.67385351792e-14
13350.0   2.62812717959e-14
13410.0   2.58958681084e-14
13480.0   2.54559244911e-14
13540.0   2.50850898029e-14
13600.0   2.47208520762e-14
13670.0   2.43054442454e-14
13730.0   2.39552645896e-14
13800.0   2.35560040088e-14
13860.0   2.32195244067e-14
13920.0   2.28889580255e-14
13990.0   2.25114021928e-14
14050.0   2.21931625971e-14
14120.0   2.18297052872e-14
14180.0   2.15232621927e-14
14240.0   2.12220686823e-14
14310.0   2.08780278464e-14
14370.0   2.05879634598e-14
14440.0   2.02565286426e-14
14500.0   1.99770033521e-14
14560.0   1.97022562503e-14
14630.0   1.93882101269e-14
14690.0   1.9122810603e-14
14760.0   1.88194964688e-14
14820.0   1.8563578186e-14
14880.0   1.83119672728e-14
14950.0   1.80244237731e-14
15010.0   1.77817851645e-14
15070.0   1.754386985e-14
15080.0   1.75045231534e-14
15090.0   1.74652223249e-14
15110.0   1.73870003844e-14
15140.0   1.72706724606e-14
15200.0   1.70407728509e-14
15240.0   1.68890161296e-14
15250.0   1.68514985063e-14
15260.0   1.68140818852e-14
15290.0   1.67029826565e-14
15300.0   1.66653580338e-14
15330.0   1.65554533245e-14
15350.0   1.64822500371e-14
15390.0   1.63370144374e-14
15440.0   1.6157548454e-14
15500.0   1.59459784515e-14
15550.0   1.57721138889e-14
15560.0   1.57374590113e-14
15570.0   1.57028955528e-14
15600.0   1.5600420417e-14
15650.0   1.54310443804e-14
15700.0   1.52639501538e-14
15710.0   1.52313060867e-14
15720.0   1.51981404222e-14
15730.0   1.51650007655e-14
15760.0   1.50668308616e-14
15810.0   1.49045004428e-14
15840.0   1.48080689908e-14
15860.0   1.47442812197e-14
15890.0   1.46498311115e-14
15930.0   1.45243593425e-14
16010.0   1.42773028568e-14
16060.0   1.41253259434e-14
16090.0   1.40354439288e-14
16110.0   1.39754836081e-14
16170.0   1.37987791736e-14
16220.0   1.36531865661e-14
16270.0   1.3509451238e-14
16320.0   1.3367544694e-14
16340.0   1.33114339504e-14
16380.0   1.31998871338e-14
16390.0   1.31716755312e-14
16410.0   1.31163767313e-14
16430.0   1.30618451928e-14
16450.0   1.30075313207e-14
16470.0   1.29534334129e-14
16480.0   1.29261529292e-14
16520.0   1.2818932189e-14
16590.0   1.26333482735e-14
16660.0   1.2450892113e-14
16700.0   1.23482640434e-14
16740.0   1.22464795302e-14
16770.0   1.21701070755e-14
16810.0   1.20696626524e-14
16820.0   1.20448440846e-14
16840.0   1.19961228298e-14
16870.0   1.19231972211e-14
16900.0   1.18505156029e-14
16920.0   1.18019169878e-14
16980.0   1.16584690767e-14
17040.0   1.15169609173e-14
17100.0   1.13774765745e-14
17160.0   1.12400400062e-14
17220.0   1.11046150452e-14
17280.0   1.09711053828e-14
17300.0   1.09267714966e-14
17330.0   1.08609462952e-14
17370.0   1.07744095905e-14
17430.0   1.06459943872e-14
17500.0   1.04989788626e-14
17560.0   1.0374669606e-14
17630.0   1.02321540243e-14
17690.0   1.01116198213e-14
17760.0   9.97343493878e-15
17820.0   9.85647297241e-15
17880.0   9.74110885163e-15
17950.0   9.60880934552e-15
18010.0   9.49663813477e-15
18080.0   9.36810006815e-15
18110.0   9.31363021964e-15
18140.0   9.25923764185e-15
18160.0   9.2234501441e-15
18180.0   9.1878298757e-15
18200.0   9.15274114487e-15
18220.0   9.11781775794e-15
18230.0   9.10026558728e-15
18250.0   9.06558846773e-15
18270.0   9.03101349397e-15
18310.0   8.96240981887e-15
18380.0   8.8434200257e-15
18450.0   8.72592934553e-15
18490.0   8.65960697748e-15
18520.0   8.60977858208e-15
18560.0   8.54415321309e-15
18590.0   8.49456587475e-15
18610.0   8.46189597933e-15
18630.0   8.42919082529e-15
18650.0   8.39657134657e-15
18670.0   8.36385410397e-15
18680.0   8.34663674722e-15
18700.0   8.31371047163e-15
18710.0   8.29714909352e-15
18720.0   8.28056267298e-15
18730.0   8.26376848387e-15
18740.0   8.24670555173e-15
18750.0   8.22888677267e-15
18760.0   8.20379835143e-15
18770.0   8.19828636236e-15
18780.0   8.18544366004e-15
18790.0   8.17245347676e-15
18800.0   8.1581590778e-15
18820.0   8.12943153847e-15
18830.0   8.1154852112e-15
18850.0   8.08641806572e-15
18860.0   8.07221019216e-15
18880.0   8.04304522897e-15
18900.0   8.0138952772e-15
18930.0   7.97030338935e-15
18960.0   7.9267106424e-15
18990.0   7.88323630063e-15
19020.0   7.83981702481e-15
19060.0   7.78236459079e-15
19120.0   7.69664310124e-15
19180.0   7.61176989115e-15
19250.0   7.51424399021e-15
19310.0   7.43137855628e-15
19380.0   7.33609480448e-15
19430.0   7.26861007678e-15
19440.0   7.25521395169e-15
19450.0   7.24202981718e-15
19460.0   7.22887496748e-15
19480.0   7.20301806282e-15
19500.0   7.1772773586e-15
19540.0   7.12614207046e-15
19590.0   7.06274385212e-15
19630.0   7.0123873724e-15
19670.0   6.96241655542e-15
19710.0   6.91276579539e-15
19790.0   6.81464931686e-15
19880.0   6.70625186885e-15
19960.0   6.61148692034e-15
20040.0   6.51829793362e-15
20130.0   6.41553434876e-15
20210.0   6.32565087921e-15
20290.0   6.23754416817e-15
20370.0   6.15069568075e-15
20460.0   6.05497615022e-15
20540.0   5.97127840809e-15
20620.0   5.8889885927e-15
20710.0   5.79828058954e-15
20790.0   5.71888858755e-15
20870.0   5.64093918009e-15
20950.0   5.56422320232e-15
21040.0   5.47958476299e-15
21120.0   5.40547298387e-15
21200.0   5.3325764734e-15
21290.0   5.25208946121e-15
21370.0   5.1815134342e-15
21410.0   5.14659412173e-15
21450.0   5.11189654871e-15
21490.0   5.07735705279e-15
21540.0   5.03469374913e-15
21580.0   5.00059121546e-15
21600.0   4.98355042268e-15
21620.0   4.96648573048e-15
21630.0   4.95793290444e-15
21640.0   4.94935419504e-15
21650.0   4.94099915146e-15
21660.0   4.93225897602e-15
21670.0   4.92401632518e-15
21680.0   4.9164416101e-15
21690.0   4.90882863236e-15
21710.0   4.89318334875e-15
21740.0   4.86956745915e-15
21760.0   4.85393342948e-15
21800.0   4.82268905994e-15
21840.0   4.79153099541e-15
21890.0   4.75282501913e-15
21930.0   4.72204078079e-15
21970.0   4.69144442132e-15
22060.0   4.62340535634e-15
22150.0   4.5564831117e-15
22230.0   4.49785922888e-15
22320.0   4.43306142982e-15
22410.0   4.36939778479e-15
22490.0   4.31365715728e-15
22580.0   4.25208057248e-15
22660.0   4.19817467564e-15
22750.0   4.13862646807e-15
22840.0   4.08011943345e-15
22920.0   4.02885977019e-15
23010.0   3.97221876152e-15
23100.0   3.91656383297e-15
23180.0   3.86784805445e-15
23270.0   3.81400237166e-15
23360.0   3.76107965623e-15
23440.0   3.71472477295e-15
23530.0   3.66350727779e-15
23620.0   3.61316565002e-15
23700.0   3.56906549286e-15
23790.0   3.52033202882e-15
23870.0   3.4776371097e-15
23960.0   3.4304518641e-15
24050.0   3.3840560899e-15
24130.0   3.34340963366e-15
24220.0   3.29847541479e-15
24310.0   3.25428631916e-15
24390.0   3.21556833546e-15
24480.0   3.17275980068e-15
24570.0   3.13065492889e-15
24650.0   3.09375284491e-15
24740.0   3.05294061537e-15
24820.0   3.01712522545e-15
24910.0   2.97756485552e-15
25000.0   2.93864535855e-15
25080.0   2.90452721415e-15
25170.0   2.86678560339e-15
25260.0   2.82965008761e-15
25340.0   2.79707899112e-15
25430.0   2.76105168811e-15
25520.0   2.72558572029e-15
25600.0   2.69445972056e-15
25690.0   2.66001193476e-15
25780.0   2.6260705866e-15
25860.0   2.59623208972e-15
25950.0   2.56316781496e-15
25990.0   2.54855038198e-15
26030.0   2.5339959711e-15
26080.0   2.51599799084e-15
26120.0   2.50156713437e-15
26140.0   2.49434851587e-15
26160.0   2.48714184016e-15
26190.0   2.47648336061e-15
26210.0   2.46923914039e-15
26220.0   2.46559855563e-15
26230.0   2.46193955039e-15
26240.0   2.45824993721e-15
26250.0   2.4546758054e-15
26260.0   2.45124149298e-15
26270.0   2.44773392285e-15
26280.0   2.44450007414e-15
26300.0   2.43820821015e-15
26320.0   2.43172052182e-15
26330.0   2.42854018358e-15
26370.0   2.41546271446e-15
26400.0   2.40570283336e-15
26440.0   2.39264579707e-15
26470.0   2.38290189431e-15
26510.0   2.36992994912e-15
26540.0   2.3602429234e-15
26610.0   2.3377524061e-15
26680.0   2.31546298111e-15
26750.0   2.29340126395e-15
26810.0   2.27464997705e-15
26880.0   2.25301426451e-15
26950.0   2.23162612091e-15
27020.0   2.21047587366e-15
27090.0   2.18957217161e-15
27160.0   2.16890545858e-15
27230.0   2.14847841011e-15
27290.0   2.13111597575e-15
27360.0   2.11112515495e-15
27430.0   2.09136455257e-15
27500.0   2.0718370528e-15
27570.0   2.05253341635e-15
27640.0   2.03345054228e-15
27700.0   2.01723240166e-15
27770.0   1.99856971979e-15
27840.0   1.98011312428e-15
27910.0   1.96185970138e-15
27980.0   1.94381875889e-15
28050.0   1.92598138749e-15
28120.0   1.90835089773e-15
28180.0   1.89336461503e-15
28250.0   1.8760998103e-15
28320.0   1.85903419237e-15
28390.0   1.84215906185e-15
28460.0   1.8254779355e-15
28530.0   1.80898219517e-15
28590.0   1.79496430174e-15
28660.0   1.77881235789e-15
28730.0   1.76283878533e-15
28800.0   1.74704728973e-15
28870.0   1.73142943853e-15
28940.0   1.71598292301e-15
29010.0   1.70071155762e-15
29070.0   1.6877268495e-15
29140.0   1.67276963321e-15
29210.0   1.65797517561e-15
29280.0   1.64334133523e-15
29350.0   1.62887209087e-15
29420.0   1.61455927832e-15
29490.0   1.60040085251e-15
29550.0   1.58836640868e-15
29620.0   1.57449546843e-15
29690.0   1.56077324102e-15
29760.0   1.54720388572e-15
29830.0   1.53377941568e-15
29900.0   1.52049796015e-15
29960.0   1.50920802302e-15
