900.0   4.66516060803e-15
902.5   4.74380989026e-15
905.0   4.82265413391e-15
908.2   4.92416004395e-15
909.1   4.95376467496e-15
910.0   4.9833959876e-15
910.5   4.99959698045e-15
910.9   5.01550621659e-15
911.1   5.02346283908e-15
911.4   5.03172222643e-15
911.5   5.03611071885e-15
911.6   5.03968220091e-15
911.7   5.04407136535e-15
911.8   5.04600882753e-15
911.9   5.06838028201e-15
912.0   5.07358780274e-15
912.3   5.08103892715e-15
912.7   5.09533767349e-15
913.2   5.11158404656e-15
913.4   5.12200823925e-15
913.6   5.13570318102e-15
913.9   5.15543081006e-15
914.1   5.18302405765e-15
914.3   5.22124417801e-15
914.5   5.27090851953e-15
914.8   5.33396476577e-15
915.0   5.4114223236e-15
915.2   5.50277614897e-15
915.4   5.60966093651e-15
915.7   5.73239279115e-15
915.9   5.86870551219e-15
916.1   6.0197318569e-15
916.3   6.18383713504e-15
916.6   6.36134058764e-15
916.8   6.54996974677e-15
917.0   6.74840846215e-15
917.3   6.95534373708e-15
917.5   7.16931554436e-15
917.7   7.38410610718e-15
917.9   7.59562869666e-15
918.0   7.69566909785e-15
918.2   7.78786126001e-15
918.3   7.86665172136e-15
918.4   7.92337418921e-15
918.5   7.93759500819e-15
918.6   7.91748764086e-15
918.7   7.81646335267e-15
918.8   7.6377915288e-15
918.9   7.20165600012e-15
919.0   6.71648005418e-15
919.1   5.89700985885e-15
919.2   4.91734016028e-15
919.3   4.10604414104e-15
919.4   3.55057784748e-15
919.5   4.23012205704e-15
919.6   5.20636330404e-15
919.7   6.11067844148e-15
919.8   6.93489400734e-15
919.9   7.63078657468e-15
920.0   8.17465310325e-15
920.1   8.48557631709e-15
920.2   8.57581640986e-15
920.3   8.48624069305e-15
920.4   8.15064412276e-15
920.5   7.58210423886e-15
920.6   6.89668420554e-15
920.7   6.04534324959e-15
920.8   5.11226803244e-15
920.9   4.10563201662e-15
921.0   3.26328295379e-15
921.1   3.98124819598e-15
921.2   5.02615229043e-15
921.3   6.00158231845e-15
921.4   6.93778009065e-15
921.5   7.77753137156e-15
921.6   8.61319628487e-15
921.7   9.30010454909e-15
921.8   9.82354393246e-15
921.9   1.02162082842e-14
922.0   1.04372302935e-14
922.1   1.0502956885e-14
922.2   1.04215615212e-14
922.3   1.01603503535e-14
922.4   9.71932338215e-15
922.5   9.1638683054e-15
922.6   8.45311781231e-15
922.7   7.62793921437e-15
922.8   6.77333651926e-15
922.9   5.8182006057e-15
923.0   4.80666817011e-15
923.1   3.69541986287e-15
923.2   3.27809886841e-15
923.3   4.40801464558e-15
923.4   4.94780681715e-15
923.5   5.97228566884e-15
923.6   7.42587165765e-15
923.7   8.33183604539e-15
923.8   8.79234711042e-15
923.9   9.65090615689e-15
924.0   1.04113840267e-14
924.1   1.14742803703e-14
924.2   1.20222489631e-14
924.3   1.24803098424e-14
924.4   1.26768203013e-14
924.5   1.29714126788e-14
924.6   1.32333115794e-14
924.7   1.32827008339e-14
924.8   1.32748762253e-14
924.9   1.31771439047e-14
925.0   1.29649834859e-14
925.1   1.24422318751e-14
925.2   1.19603479493e-14
925.3   1.13640359261e-14
925.4   1.06696427301e-14
925.5   9.91803567313e-15
925.6   9.10104129298e-15
925.7   8.19822593439e-15
925.8   7.28396810408e-15
925.9   6.28552398838e-15
926.0   5.22087520447e-15
926.1   4.11045540829e-15
926.2   3.20845927599e-15
926.3   3.16549440269e-15
926.4   4.37797370766e-15
926.5   5.50299734403e-15
926.6   6.56345100638e-15
926.7   7.56096938745e-15
926.8   8.50863002712e-15
926.9   9.44893492937e-15
927.0   1.03238525125e-14
927.1   1.16074435872e-14
927.2   1.20164745809e-14
927.3   1.2776964831e-14
927.4   1.3504761612e-14
927.5   1.4183518e-14
927.6   1.48050605328e-14
927.7   1.53612157486e-14
927.8   1.58438101852e-14
927.9   1.62691907676e-14
928.0   1.66373574961e-14
928.1   1.69401369087e-14
928.2   1.71857024678e-14
928.3   1.73658807116e-14
928.4   1.74888451026e-14
928.5   1.7554595641e-14
928.6   1.75713057895e-14
928.7   1.75226286238e-14
928.8   1.74085641441e-14
928.9   1.71882450396e-14
929.0   1.68943651596e-14
929.1   1.65269245042e-14
929.2   1.60940965361e-14
929.3   1.55877077933e-14
929.4   1.5007758276e-14
929.5   1.43542479847e-14
929.6   1.36925646175e-14
929.7   1.29981877879e-14
929.8   1.22874644208e-14
929.9   1.15113537431e-14
930.0   1.06780292171e-14
930.1   9.82835815444e-15
930.2   8.9214732442e-15
930.3   7.97126937246e-15
930.4   6.97938123197e-15
930.5   5.90248947312e-15
930.6   4.73569001883e-15
930.7   3.42095128745e-15
930.8   3.11236614852e-15
930.9   4.45645546606e-15
931.0   5.65914427717e-15
931.1   6.76783866318e-15
931.2   7.80052024133e-15
931.3   8.77844001375e-15
931.4   9.71876225145e-15
931.5   1.06182175698e-14
931.6   1.15013263559e-14
931.7   1.23599151478e-14
931.8   1.31612900967e-14
931.9   1.39544919763e-14
932.1   1.55735907652e-14
932.2   1.63749672882e-14
932.3   1.71518238186e-14
932.4   1.78878134323e-14
932.5   1.86074565164e-14
932.6   1.93189265334e-14
932.7   1.99977030968e-14
932.8   2.06110923579e-14
932.9   2.11836147039e-14
933.0   2.1723443597e-14
933.1   2.22305790378e-14
933.2   2.27131944888e-14
933.3   2.31549430257e-14
933.4   2.35721715733e-14
933.5   2.3932186283e-14
933.6   2.42268136927e-14
933.7   2.4496921114e-14
933.8   2.47343350851e-14
933.9   2.4939055606e-14
934.0   2.51110826772e-14
934.1   2.52504162989e-14
934.2   2.5340709547e-14
934.3   2.53819624218e-14
934.4   2.53741749234e-14
934.5   2.53173470523e-14
934.6   2.52114788087e-14
934.7   2.50565701928e-14
934.8   2.48281008184e-14
934.9   2.45424176101e-14
935.0   2.41995205683e-14
935.1   2.38075831554e-14
935.2   2.33911257586e-14
935.3   2.29419749159e-14
935.4   2.2443783703e-14
935.5   2.19047255826e-14
935.6   2.13411474794e-14
935.7   2.07367024692e-14
935.8   2.00995640146e-14
935.9   1.94624259647e-14
936.1   1.81799776186e-14
936.3   1.68484901219e-14
936.4   1.61623133271e-14
936.5   1.54516165524e-14
936.6   1.47082263355e-14
936.7   1.39403161391e-14
936.8   1.31478859636e-14
936.9   1.23227623468e-14
937.0   1.14649452891e-14
937.1   1.05907817152e-14
937.2   9.67575123894e-15
937.3   8.70350693588e-15
937.4   7.68058757618e-15
937.5   6.5824727734e-15
937.6   5.38954621844e-15
937.7   4.02334267403e-15
937.8   3.15245135225e-15
937.9   3.15121682431e-15
938.0   4.6555344533e-15
938.1   5.94815982146e-15
938.2   7.10347143556e-15
938.3   8.18522230141e-15
938.4   9.2064899589e-15
938.5   1.01713611395e-14
938.6   1.10871919594e-14
938.7   1.1986676268e-14
938.8   1.28616406033e-14
938.9   1.37039115034e-14
939.0   1.45298358931e-14
939.1   1.53312403104e-14
939.2   1.61162982178e-14
939.3   1.6893183078e-14
939.5   1.84224336577e-14
939.7   1.99680328253e-14
939.9   2.15953682811e-14
940.1   2.33044400276e-14
940.3   2.50380338316e-14
940.5   2.68124966197e-14
940.7   2.87340834037e-14
940.9   3.067201879e-14
941.1   3.25609150831e-14
941.3   3.43925988231e-14
941.4   3.52839209381e-14
941.5   3.61425496257e-14
941.6   3.69276175749e-14
941.7   3.76636451728e-14
941.8   3.83751528063e-14
941.9   3.9062140476e-14
942.0   3.97327816442e-14
942.2   4.09596367796e-14
942.4   4.2055718215e-14
942.6   4.30700667262e-14
942.8   4.39945088534e-14
943.0   4.48290445991e-14
943.2   4.55328066544e-14
943.4   4.61221419461e-14
943.6   4.65888770147e-14
943.8   4.69248384002e-14
943.9   4.70396922314e-14
944.0   4.71055057183e-14
944.1   4.7089585012e-14
944.2   4.70164504997e-14
944.3   4.68942756441e-14
944.5   4.64946314415e-14
944.6   4.62171620951e-14
944.7   4.58824789441e-14
944.8   4.5490581989e-14
944.9   4.50169508434e-14
945.0   4.4486105894e-14
945.1   4.38898736793e-14
945.2   4.32446011238e-14
945.3   4.25421147657e-14
945.5   4.09818475672e-14
945.7   3.93561944067e-14
945.9   3.76079410509e-14
946.1   3.57697813511e-14
946.5   3.2158854882e-14
946.7   3.03452208062e-14
946.9   2.85806292545e-14
947.0   2.77065075981e-14
947.1   2.6856906767e-14
947.2   2.60481736861e-14
947.3   2.52639614311e-14
947.4   2.44960965401e-14
947.6   2.29848884644e-14
948.0   2.00442122231e-14
948.2   1.85738767511e-14
948.4   1.7070849199e-14
948.5   1.63111626249e-14
948.6   1.5518782645e-14
948.7   1.47018827218e-14
948.8   1.38604628557e-14
948.9   1.29945230468e-14
949.0   1.20958898335e-14
949.1   1.11727366781e-14
949.2   1.02005431943e-14
949.3   9.17930938229e-15
949.4   8.10004443399e-15
949.5   6.93005450069e-15
949.6   5.62193350169e-15
949.7   3.98523976693e-15
949.8   3.27950382893e-15
949.9   5.02907639707e-15
950.0   6.44272011434e-15
950.1   7.66755730151e-15
950.2   8.79921746718e-15
950.3   9.8622209984e-15
950.4   1.08761842049e-14
950.5   1.18329336246e-14
950.6   1.2765163107e-14
950.7   1.36728726523e-14
950.8   1.45478887986e-14
950.9   1.53983850083e-14
951.0   1.62325347442e-14
951.1   1.70421645442e-14
951.2   1.78272744087e-14
951.4   1.94056689547e-14
951.6   2.09677183849e-14
951.8   2.25542900128e-14
952.0   2.41817307653e-14
952.2   2.5882734494e-14
952.3   2.67741043514e-14
952.4   2.76899950504e-14
952.5   2.86712739026e-14
952.6   2.97179409084e-14
952.7   3.07891287569e-14
952.8   3.18930109104e-14
952.9   3.30295873694e-14
953.0   3.42397254453e-14
953.1   3.54907312897e-14
953.2   3.67580845159e-14
953.3   3.80581320488e-14
953.4   3.93990473511e-14
953.5   4.08625650454e-14
953.6   4.23996443585e-14
953.7   4.39775914419e-14
953.8   4.5604579758e-14
953.9   4.7272435845e-14
954.0   4.8981159703e-14
954.1   5.08124859551e-14
954.2   5.26846799788e-14
954.4   5.65680182674e-14
954.6   6.05330930244e-14
954.8   6.45145165542e-14
955.2   7.22403387638e-14
955.4   7.60337782221e-14
955.5   7.78651109501e-14
955.6   7.95983625959e-14
955.7   8.12417066223e-14
955.8   8.28605307275e-14
955.9   8.44139676005e-14
956.0   8.59674049398e-14
956.1   8.7439108123e-14
956.3   9.04642505126e-14
956.5   9.3325925527e-14
956.7   9.61058677911e-14
956.9   9.87223426849e-14
957.1   1.01257084833e-13
957.5   1.05999636282e-13
957.9   1.10415256781e-13
958.3   1.14340477104e-13
958.7   1.17775297272e-13
959.1   1.20719717305e-13
959.5   1.23173737222e-13
959.7   1.24155546177e-13
959.9   1.249738878e-13
960.1   1.25628762093e-13
960.3   1.26120169058e-13
960.5   1.26529843322e-13
960.7   1.26694315641e-13
960.9   1.2669532064e-13
961.1   1.26614592944e-13
961.3   1.26288663312e-13
961.5   1.25799266368e-13
961.7   1.25064667491e-13
961.9   1.2424833593e-13
962.1   1.23268537064e-13
962.3   1.22043536275e-13
962.5   1.20736802808e-13
962.7   1.19184867422e-13
962.9   1.17551199364e-13
963.1   1.15754064015e-13
963.3   1.13711726754e-13
963.5   1.11587656829e-13
963.7   1.0930011962e-13
963.9   1.06930849753e-13
964.3   1.01783642805e-13
964.7   9.6309505253e-14
965.1   9.04267024934e-14
965.5   8.43804384148e-14
965.9   7.83014884334e-14
966.3   7.21898525699e-14
966.7   6.61599593164e-14
967.1   6.03425840893e-14
967.3   5.75238075699e-14
967.5   5.47867676828e-14
967.7   5.21232909682e-14
967.9   4.95415508909e-14
968.1   4.70578943781e-14
968.3   4.4655974508e-14
968.5   4.23603116695e-14
968.7   4.01545589411e-14
968.9   3.80387163252e-14
969.1   3.60127838245e-14
969.3   3.40685879791e-14
969.5   3.2206128792e-14
969.7   3.04172328031e-14
969.9   2.86937265531e-14
970.1   2.70356100444e-14
970.3   2.54265363552e-14
970.5   2.38419851012e-14
970.7   2.22901297473e-14
970.9   2.07382764473e-14
971.1   1.9170078279e-14
971.3   1.75691883209e-14
971.4   1.67442237279e-14
971.5   1.58865658017e-14
971.6   1.49962145425e-14
971.7   1.4081343413e-14
971.8   1.31174320267e-14
971.9   1.20963069216e-14
972.0   1.10179680982e-14
972.1   9.88241555673e-15
972.2   8.66512891077e-15
972.3   7.32524084943e-15
972.4   5.66577093289e-15
972.5   3.68508446902e-15
972.6   3.68728046551e-15
972.7   5.7982302413e-15
972.8   7.43266768804e-15
972.9   8.77531305285e-15
973.0   1.00018957744e-14
973.1   1.11549178566e-14
973.2   1.22507262243e-14
973.3   1.32811474157e-14
973.4   1.42707018177e-14
973.5   1.52112159684e-14
973.6   1.61190367928e-14
973.7   1.70023377532e-14
973.8   1.7852945388e-14
974.0   1.95214683793e-14
974.2   2.11491261563e-14
974.4   2.27767860327e-14
974.6   2.44126214732e-14
974.8   2.60893263296e-14
975.0   2.78069006045e-14
975.2   2.95980381496e-14
975.4   3.14627389673e-14
975.6   3.34255234472e-14
975.8   3.54863915917e-14
976.0   3.7661690328e-14
976.2   3.99595931209e-14
976.4   4.240462036e-14
976.6   4.49885985855e-14
976.8   4.77360481868e-14
977.0   5.06551426288e-14
977.2   5.37540553765e-14
977.4   5.70409598945e-14
977.6   6.053220311e-14
977.8   6.42277850258e-14
978.0   6.81522260311e-14
978.2   7.23055261287e-14
978.4   7.66958587834e-14
978.6   8.133139746e-14
978.8   8.62530094725e-14
979.0   9.14034805878e-14
979.2   9.67991577329e-14
979.4   1.02521775533e-13
979.6   1.08489599369e-13
979.8   1.14784363864e-13
980.0   1.213243344e-13
980.2   1.28191245602e-13
980.4   1.35385097472e-13
980.6   1.4282415539e-13
980.8   1.50590153983e-13
981.0   1.5868309325e-13
981.2   1.67102973197e-13
981.4   1.75849793825e-13
981.6   1.84923555138e-13
981.8   1.94242522516e-13
982.0   2.03888430582e-13
982.2   2.1386127934e-13
982.4   2.24161068793e-13
982.6   2.34787798944e-13
982.8   2.45741469794e-13
983.0   2.56858612103e-13
983.2   2.68384429739e-13
983.6   2.92253417893e-13
984.0   3.17103230412e-13
984.4   3.43015601938e-13
984.8   3.6990879787e-13
985.2   3.97782818229e-13
985.6   4.26474193793e-13
986.0   4.55982924581e-13
986.4   4.85982072128e-13
986.8   5.16471636452e-13
987.6   5.78104669296e-13
988.4   6.40800288664e-13
989.2   7.0365941388e-13
990.0   7.64475210309e-13
990.8   8.2283900501e-13
991.6   8.79241205892e-13
992.0   9.06216300969e-13
992.4   9.32374059167e-13
992.8   9.56897134281e-13
993.2   9.78968180108e-13
993.6   1.00022188912e-12
994.0   1.02065826134e-12
994.4   1.04027729679e-12
994.8   1.05907899549e-12
995.2   1.07461131878e-12
995.6   1.08932630536e-12
996.0   1.10240660904e-12
996.4   1.11466957606e-12
996.8   1.12366316775e-12
997.2   1.1310220766e-12
997.6   1.13674630263e-12
998.0   1.14165319208e-12
998.4   1.14574274498e-12
998.8   1.1473802689e-12
999.2   1.14574841762e-12
999.6   1.14248188364e-12
1000.0   1.13921535942e-12
1001.0   1.12859705301e-12
1002.0   1.10490126846e-12
1003.0   1.06404127499e-12
1004.0   1.02808542101e-12
1005.0   9.63522511657e-13
1006.0   9.15306589623e-13
1007.0   8.35214227998e-13
1008.0   7.78579766534e-13
1009.0   6.88842846829e-13
1010.0   5.98779052838e-13
1011.0   5.38875399083e-13
1012.0   4.80116094934e-13
1013.0   3.96264326926e-13
1014.0   3.44370861884e-13
1015.0   2.73433295734e-13
1016.0   2.31429852214e-13
1017.0   1.85503213435e-13
1018.0   1.46605819156e-13
1019.0   1.14574200477e-13
1020.0   8.88362153902e-14
1021.0   6.85826914787e-14
1022.0   5.29308951679e-14
1023.0   4.08264501757e-14
1024.0   3.11332455977e-14
1025.0   2.10396107689e-14
1026.0   9.74454673776e-15
1027.0   1.86870453258e-14
1028.0   2.81772363291e-14
1029.0   3.82723343324e-14
1030.0   4.88742581373e-14
1031.0   6.04162015921e-14
1032.0   7.96330979373e-14
1033.0   1.03664235736e-13
1034.0   1.30646065944e-13
1035.0   1.59017457624e-13
1036.0   1.82975252928e-13
1037.0   2.33987281856e-13
1038.0   3.26520572935e-13
1039.0   4.27799542906e-13
1040.0   5.32021033922e-13
1041.0   6.2913168777e-13
1042.0   7.01068153233e-13
1043.0   7.91558453683e-13
1044.0   8.49436715804e-13
1045.0   9.40989718767e-13
1046.0   1.00638771927e-12
1047.0   1.1093837232e-12
1048.0   1.16006964618e-12
1049.0   1.23037195635e-12
1050.0   1.29004884372e-12
1051.0   1.34482173222e-12
1052.0   1.36690085058e-12
1053.0   1.38325862454e-12
1054.0   1.3857215922e-12
1055.0   1.38818463976e-12
1056.0   1.39718653733e-12
1057.0   1.38984159099e-12
1058.0   1.35388960771e-12
1059.0   1.34164074622e-12
1060.0   1.35963377666e-12
1061.0   1.420946239e-12
1062.0   1.48471082231e-12
1063.0   1.61958460984e-12
1064.0   1.7217646314e-12
1065.0   1.8435610457e-12
1066.0   1.89751780706e-12
1067.0   1.96046546096e-12
1068.0   1.99398873516e-12
1069.0   2.00135701493e-12
1070.0   1.97439683834e-12
1071.0   1.92046432178e-12
1072.0   1.89432166264e-12
1073.0   1.86654439719e-12
1074.0   1.84121925688e-12
1075.0   1.76194935257e-12
1076.0   1.74316315603e-12
1077.0   1.71620358476e-12
1078.0   1.73011141257e-12
1079.0   1.78652133226e-12
1080.0   1.89687619131e-12
1081.0   1.98025871382e-12
1082.0   2.09715252076e-12
1083.0   2.16010156644e-12
1084.0   2.22795477937e-12
1085.0   2.25821015621e-12
1086.0   2.29418704719e-12
1087.0   2.30400894991e-12
1088.0   2.31056155899e-12
1089.0   2.31547956722e-12
1090.0   2.3203976674e-12
1092.0   2.32124333644e-12
1093.0   2.31798825221e-12
1097.0   2.30660354395e-12
1100.0   2.29111856225e-12
1103.0   2.27236505628e-12
1106.0   2.25116038122e-12
1109.0   2.22913923841e-12
1113.0   2.20550052001e-12
1116.0   2.18102942257e-12
1119.0   2.15574188662e-12
1122.0   2.13045526704e-12
1125.0   2.10598691865e-12
1129.0   2.0807200237e-12
1132.0   2.05461917412e-12
1135.0   2.02524989274e-12
1138.0   1.99506422653e-12
1141.0   1.96324483748e-12
1145.0   1.92981131624e-12
1148.0   1.89472483626e-12
1151.0   1.85718731404e-12
1154.0   1.81638141125e-12
1157.0   1.77230713568e-12
1161.0   1.72416852353e-12
1164.0   1.67028848466e-12
1167.0   1.61314009835e-12
1169.0   1.58294276766e-12
1170.0   1.55108867954e-12
1172.0   1.51598797215e-12
1173.0   1.47759546575e-12
1175.0   1.43677404024e-12
1177.0   1.39513574146e-12
1178.0   1.35102240267e-12
1180.0   1.3044807399e-12
1181.0   1.25464633538e-12
1183.0   1.19993192834e-12
1185.0   1.14113127139e-12
1186.0   1.07985462124e-12
1188.0   1.0153332663e-12
1189.0   9.47518210264e-13
1191.0   8.76458815579e-13
1193.0   8.01394913537e-13
1194.0   7.24589660454e-13
1196.0   6.47074457069e-13
1197.0   5.69125289011e-13
1198.0   5.30327128833e-13
1199.0   4.91856031099e-13
1200.0   4.54038934529e-13
1201.0   4.17202777846e-13
1202.0   3.64265025184e-13
1203.0   3.306167683e-13
1204.0   2.82992016077e-13
1205.0   2.53430740749e-13
1206.0   2.12917151563e-13
1207.0   1.88505408779e-13
1208.0   1.55838595124e-13
1209.0   1.36903324262e-13
1210.0   1.12410225508e-13
1211.0   9.84610197085e-14
1212.0   8.05314646644e-14
1213.0   7.03913462265e-14
1214.0   5.68185009433e-14
1215.0   4.45944044406e-14
1216.0   1.46176756581e-14
1217.0   3.20062885248e-14
1218.0   5.63097785886e-14
1219.0   6.71271842876e-14
1220.0   8.13775726771e-14
1221.0   9.23668783799e-14
1222.0   1.08579155409e-13
1223.0   1.2675319253e-13
1224.0   1.49831436349e-13
1225.0   1.67923997745e-13
1226.0   1.93618008772e-13
1227.0   2.24052757839e-13
1228.0   2.42063974422e-13
1229.0   2.68820925929e-13
1230.0   2.90265257486e-13
1231.0   3.24787259336e-13
1232.0   3.69117546768e-13
1233.0   4.22847446853e-13
1234.0   4.9537644136e-13
1235.0   5.70030667488e-13
1236.0   6.18448211419e-13
1237.0   6.6465905234e-13
1238.0   7.50347847886e-13
1239.0   7.9067406011e-13
1240.0   8.29610916077e-13
1241.0   8.6724015058e-13
1242.0   9.37563366738e-13
1243.0   9.69471443174e-13
1244.0   9.99744960166e-13
1245.0   1.02838391788e-12
1246.0   1.08072604945e-12
1247.0   1.10527854288e-12
1248.0   1.12819647752e-12
1249.0   1.14947985354e-12
1250.0   1.18711028803e-12
1251.0   1.20348985483e-12
1252.0   1.21823486346e-12
1253.0   1.23216266032e-12
1254.0   1.25835078515e-12
1256.0   1.28212032137e-12
1257.0   1.30258742733e-12
1259.0   1.31900165826e-12
1261.0   1.33296439244e-12
1262.0   1.34525871357e-12
1264.0   1.35677022407e-12
1265.0   1.36743026086e-12
1267.0   1.37485585769e-12
1269.0   1.38064730834e-12
1270.0   1.3855866044e-12
1273.0   1.39386654497e-12
1277.0   1.39973186261e-12
1280.0   1.4022932681e-12
1283.0   1.40240387793e-12
1286.0   1.40169838737e-12
1289.0   1.39935945293e-12
1293.0   1.39624282034e-12
1296.0   1.39145477035e-12
1298.0   1.38826343505e-12
1299.0   1.38666797703e-12
1300.0   1.38507265889e-12
1305.0   1.37628082251e-12
1310.0   1.36504045478e-12
1315.0   1.35380360216e-12
1320.0   1.34093557899e-12
1330.0   1.31521012014e-12
1340.0   1.29113349643e-12
1350.0   1.26788837833e-12
1360.0   1.23975334252e-12
1370.0   1.20754571909e-12
1380.0   1.17535220687e-12
1385.0   1.15762603554e-12
1390.0   1.14235541136e-12
1395.0   1.1319923645e-12
1400.0   1.12571953929e-12
1405.0   1.12190223285e-12
1410.0   1.11808839517e-12
1415.0   1.11182597525e-12
1420.0   1.10393230611e-12
1425.0   1.09359002738e-12
1430.0   1.08325116269e-12
1440.0   1.06258361077e-12
1460.0   1.02047136939e-12
1480.0   9.80046354456e-13
1500.0   9.42124440312e-13
1520.0   9.06703963876e-13
1540.0   8.73783086049e-13
1560.0   8.41725114985e-13
1580.0   8.12080864845e-13
1600.0   7.83948983009e-13
1620.0   7.57245351104e-13
1640.0   7.32049223974e-13
1660.0   7.08276306829e-13
1680.0   6.85678770453e-13
1700.0   6.64417408265e-13
1720.0   6.44244304183e-13
1740.0   6.25074988419e-13
1760.0   6.06824980943e-13
1780.0   5.89655007308e-13
1800.0   5.73235398233e-13
1820.0   5.5764518082e-13
1840.0   5.42881680396e-13
1860.0   5.28778794653e-13
1880.0   5.1541567473e-13
1900.0   5.02708059281e-13
1920.0   4.90571750142e-13
1940.0   4.79004352631e-13
1960.0   4.68003545891e-13
1980.0   4.57567087168e-13
2000.0   4.47529346199e-13
2020.0   4.37969981339e-13
2040.0   4.28887003502e-13
2060.0   4.20115043427e-13
2080.0   4.11815760791e-13
2100.0   4.03823968127e-13
2120.0   3.96219773659e-13
2140.0   3.88838173622e-13
2160.0   3.81841194317e-13
2180.0   3.75145749119e-13
2200.0   3.68668841388e-13
2220.0   3.62491032514e-13
2240.0   3.56611236573e-13
2260.0   3.50864984038e-13
2280.0   3.45414827639e-13
2300.0   3.40096463358e-13
2320.0   3.34990870606e-13
2340.0   3.30097371443e-13
2360.0   3.25415362799e-13
2380.0   3.20862579383e-13
2400.0   3.16438560382e-13
2420.0   3.1222464687e-13
2440.0   3.08138775326e-13
2460.0   3.0409894423e-13
2480.0   3.00268415283e-13
2500.0   2.96565303027e-13
2520.0   2.92907776074e-13
2540.0   2.89459258365e-13
2560.0   2.86056284232e-13
2580.0   2.82780638207e-13
2600.0   2.79550679414e-13
2620.0   2.76448277599e-13
2640.0   2.7339187225e-13
2660.0   2.70463408735e-13
2680.0   2.67581397543e-13
2700.0   2.64746115926e-13
2720.0   2.62039605748e-13
2740.0   2.59298732919e-13
2760.0   2.56687327727e-13
2780.0   2.54124040549e-13
2800.0   2.51691013077e-13
2820.0   2.49225203412e-13
2840.0   2.46808792059e-13
2860.0   2.44442241783e-13
2880.0   2.4212603063e-13
2900.0   2.39860650414e-13
2920.0   2.37646605254e-13
2940.0   2.35484410189e-13
2960.0   2.33374589856e-13
2980.0   2.31235942608e-13
3000.0   2.29150743191e-13
3020.0   2.27119537735e-13
3040.0   2.2514287731e-13
3060.0   2.23221316903e-13
3080.0   2.21273679844e-13
3100.0   2.19300526138e-13
3120.0   2.17465886238e-13
3140.0   2.15606852508e-13
3160.0   2.13723986205e-13
3180.0   2.11899582152e-13
3200.0   2.10134198832e-13
3220.0   2.08346657773e-13
3240.0   2.06619246837e-13
3260.0   2.04870781202e-13
3280.0   2.03183541353e-13
3300.0   2.01476334132e-13
3320.0   1.99831430807e-13
3340.0   1.98167628192e-13
3360.0   1.96567186774e-13
3380.0   1.94948891902e-13
3400.0   1.93354124664e-13
3420.0   1.91775218909e-13
3440.0   1.90204501775e-13
3460.0   1.88658813857e-13
3480.0   1.87122294775e-13
3500.0   1.85603597235e-13
3520.0   1.84095019564e-13
3540.0   1.82605199427e-13
3560.0   1.81126419864e-13
3580.0   1.79659129579e-13
3600.0   1.78203769397e-13
3620.0   1.76760772203e-13
3633.0   1.7584143528e-13
3640.0   1.75330562889e-13
3644.0   1.75033341796e-13
3647.0   1.74834651328e-13
3650.0   1.74627536051e-13
3660.0   1.73905384857e-13
3670.0   1.73180507082e-13
3676.0   1.72737753854e-13
3680.0   1.72469299997e-13
3683.0   1.72234989815e-13
3684.0   1.72184078999e-13
3687.0   1.71957629195e-13
3688.0   1.71890267488e-13
3693.0   1.71553071912e-13
3698.0   1.7115802152e-13
3703.0   1.70827724347e-13
3704.0   1.70751781155e-13
3705.0   1.70675812875e-13
3707.0   1.70523801245e-13
3710.0   1.70320117235e-13
3712.0   1.70200550747e-13
3713.0   1.70108036576e-13
3716.0   1.69895734027e-13
3721.0   1.69538682376e-13
3722.0   1.69503162271e-13
3723.0   1.69402230244e-13
3725.0   1.69282028325e-13
3728.0   1.69044330708e-13
3735.0   1.68548805913e-13
3742.0   1.68101164886e-13
3747.0   1.67691981346e-13
3749.0   1.67529780921e-13
3751.0   1.67375662113e-13
3755.0   1.67214272752e-13
3759.0   1.67019826571e-13
3761.0   1.66873427508e-13
3763.0   1.66751459186e-13
3766.0   1.66388523242e-13
3769.0   1.66082601872e-13
3770.0   1.6593154315e-13
3772.0   1.65792828986e-13
3773.0   1.65797000171e-13
3774.0   1.65825669874e-13
3776.0   1.65825729617e-13
3777.0   1.6584616052e-13
3778.0   1.65858396272e-13
3781.0   1.65805065752e-13
3784.0   1.65661633549e-13
3786.0   1.65456925622e-13
3789.0   1.65125183789e-13
3792.0   1.64703343464e-13
3794.0   1.64220399319e-13
3795.0   1.64076977367e-13
3797.0   1.63667468897e-13
3798.0   1.63483117089e-13
3799.0   1.63355958755e-13
3800.0   1.63424942799e-13
3801.0   1.63542946942e-13
3802.0   1.63685450841e-13
3803.0   1.63827934154e-13
3804.0   1.6395405e-13
3806.0   1.64189873311e-13
3808.0   1.64392921121e-13
3810.0   1.64505979541e-13
3812.0   1.64586263151e-13
3814.0   1.64560211136e-13
3816.0   1.64493211538e-13
3818.0   1.6435257085e-13
3820.0   1.64089248641e-13
3821.0   1.63773654898e-13
3823.0   1.63379438552e-13
3825.0   1.62854368075e-13
3827.0   1.62272004966e-13
3829.0   1.61599655716e-13
3830.0   1.61349273278e-13
3831.0   1.60853667586e-13
3833.0   1.60066734762e-13
3835.0   1.59394153364e-13
3836.0   1.59094614457e-13
3837.0   1.58950352198e-13
3838.0   1.59182050108e-13
3839.0   1.59462769739e-13
3840.0   1.59915113067e-13
3841.0   1.60375610888e-13
3843.0   1.60961437839e-13
3846.0   1.6202393994e-13
3848.0   1.62470630214e-13
3849.0   1.62906457393e-13
3851.0   1.63230434034e-13
3852.0   1.63535430153e-13
3854.0   1.63753040827e-13
3856.0   1.63897016779e-13
3857.0   1.63989410928e-13
3859.0   1.63986154831e-13
3861.0   1.6395013214e-13
3862.0   1.63878966113e-13
3864.0   1.63695712595e-13
3866.0   1.63406132136e-13
3867.0   1.63056978477e-13
3869.0   1.62693729566e-13
3870.0   1.6226278782e-13
3872.0   1.61703269248e-13
3874.0   1.61021078101e-13
3875.0   1.60254936099e-13
3877.0   1.59523598815e-13
3879.0   1.58636895906e-13
3880.0   1.5768267697e-13
3882.0   1.56689614885e-13
3884.0   1.55582055281e-13
3885.0   1.54496974639e-13
3887.0   1.53299403973e-13
3888.0   1.52696506293e-13
3889.0   1.52093591588e-13
3890.0   1.51351711039e-13
3891.0   1.51312731297e-13
3892.0   1.51984825864e-13
3893.0   1.52517954705e-13
3894.0   1.53615035612e-13
3896.0   1.54664862382e-13
3898.0   1.55681928456e-13
3899.0   1.56631803485e-13
3901.0   1.57517994479e-13
3904.0   1.59206789526e-13
3906.0   1.59953867069e-13
3907.0   1.60699273868e-13
3909.0   1.61339998573e-13
3911.0   1.61874403434e-13
3912.0   1.6233365801e-13
3914.0   1.62737190797e-13
3916.0   1.63140659514e-13
3917.0   1.63477232068e-13
3919.0   1.6369261562e-13
3920.0   1.63882018258e-13
3922.0   1.6399105195e-13
3924.0   1.64067328937e-13
3927.0   1.64103979332e-13
3930.0   1.63952500365e-13
3933.0   1.63604719585e-13
3937.0   1.63004573462e-13
3940.0   1.62166065182e-13
3942.0   1.61677821065e-13
3943.0   1.61114911509e-13
3945.0   1.60438588064e-13
3947.0   1.59647776717e-13
3950.0   1.57983301367e-13
3951.0   1.57117855287e-13
3953.0   1.56155224701e-13
3955.0   1.55061760458e-13
3956.0   1.53869303062e-13
3958.0   1.5276757851e-13
3960.0   1.51535021025e-13
3961.0   1.50244410161e-13
3963.0   1.48921858828e-13
3965.0   1.47484822207e-13
3966.0   1.46104232238e-13
3968.0   1.44642590544e-13
3969.0   1.43776886514e-13
3970.0   1.41905832638e-13
3971.0   1.4135069223e-13
3972.0   1.41171517167e-13
3973.0   1.42373643341e-13
3974.0   1.43338725262e-13
3975.0   1.44859588804e-13
3977.0   1.46266582144e-13
3979.0   1.47591786038e-13
3980.0   1.48810162947e-13
3982.0   1.50045377048e-13
3984.0   1.51206975868e-13
3986.0   1.52213225064e-13
3987.0   1.53357946345e-13
3989.0   1.54380462228e-13
3991.0   1.55280323033e-13
3993.0   1.56098396348e-13
3994.0   1.56867045606e-13
3996.0   1.57742254376e-13
3998.0   1.58494809035e-13
3999.0   1.59165311526e-13
4001.0   1.59721625343e-13
4003.0   1.6020432651e-13
4005.0   1.60678802998e-13
4008.0   1.61439463067e-13
4011.0   1.61987499411e-13
4015.0   1.62322988559e-13
4018.0   1.62560171565e-13
4022.0   1.62674631494e-13
4025.0   1.62731741485e-13
4029.0   1.62682392973e-13
4032.0   1.62567608294e-13
4036.0   1.62395325132e-13
4039.0   1.62157691396e-13
4042.0   1.61846392061e-13
4046.0   1.61420267385e-13
4049.0   1.60912564669e-13
4053.0   1.60257265828e-13
4056.0   1.59520470612e-13
4060.0   1.586114835e-13
4063.0   1.57531172003e-13
4067.0   1.56196860134e-13
4070.0   1.54797557387e-13
4073.0   1.53283730628e-13
4075.0   1.52465174244e-13
4077.0   1.51573014861e-13
4079.0   1.50615426188e-13
4080.0   1.49633948403e-13
4082.0   1.48627257032e-13
4084.0   1.47563310449e-13
4086.0   1.46442108902e-13
4087.0   1.45231702683e-13
4089.0   1.43996012029e-13
4091.0   1.42768454719e-13
4092.0   1.41451743343e-13
4094.0   1.40060657067e-13
4096.0   1.38595970119e-13
4097.0   1.37843178249e-13
4098.0   1.37090376591e-13
4099.0   1.3540579048e-13
4100.0   1.34448632782e-13
4101.0   1.33916485424e-13
4102.0   1.32158309062e-13
4103.0   1.31233816212e-13
4104.0   1.31764190034e-13
4105.0   1.33038339344e-13
4106.0   1.34132662937e-13
4107.0   1.35496701266e-13
4108.0   1.36337628524e-13
4109.0   1.37088638238e-13
4110.0   1.37815118137e-13
4112.0   1.39186315146e-13
4114.0   1.40483913635e-13
4115.0   1.41733448419e-13
4117.0   1.42834828216e-13
4119.0   1.4396069163e-13
4121.0   1.45021130809e-13
4123.0   1.45967105213e-13
4125.0   1.46864002773e-13
4127.0   1.4770365026e-13
4129.0   1.48535088678e-13
4130.0   1.49302253484e-13
4132.0   1.4997016968e-13
4134.0   1.50572663149e-13
4138.0   1.51769372453e-13
4142.0   1.52818822061e-13
4145.0   1.53714118585e-13
4149.0   1.54362832507e-13
4153.0   1.54839771324e-13
4157.0   1.55210324522e-13
4160.0   1.5548406805e-13
4164.0   1.55633713482e-13
4168.0   1.55693325093e-13
4175.0   1.55682919657e-13
4183.0   1.5549893204e-13
4190.0   1.55234366909e-13
4198.0   1.54877866533e-13
4205.0   1.54489959024e-13
4213.0   1.54034554449e-13
4220.0   1.53572386372e-13
4228.0   1.53034470922e-13
4235.0   1.52489908978e-13
4243.0   1.51869528062e-13
4250.0   1.51209917706e-13
4258.0   1.50417207674e-13
4265.0   1.4951998543e-13
4269.0   1.49004835176e-13
4273.0   1.48424214357e-13
4277.0   1.4778629794e-13
4280.0   1.47101428215e-13
4284.0   1.46308077235e-13
4288.0   1.45465608221e-13
4292.0   1.44557675723e-13
4295.0   1.43627386898e-13
4299.0   1.42572202974e-13
4303.0   1.41402518802e-13
4307.0   1.40118335824e-13
4310.0   1.38738306721e-13
4314.0   1.37249667544e-13
4318.0   1.35564798859e-13
4322.0   1.33724569387e-13
4325.0   1.31739519261e-13
4327.0   1.30647714354e-13
4329.0   1.2954772052e-13
4331.0   1.28382323695e-13
4333.0   1.27159697515e-13
4335.0   1.25871668688e-13
4336.0   1.25174521218e-13
4337.0   1.24436502764e-13
4338.0   1.23624919498e-13
4339.0   1.22756118366e-13
4340.0   1.21405079353e-13
4341.0   1.20201159073e-13
4342.0   1.17664960881e-13
4343.0   1.19632336841e-13
4344.0   1.2117468924e-13
4345.0   1.22471834269e-13
4346.0   1.23147792686e-13
4347.0   1.2436319615e-13
4348.0   1.24883851884e-13
4349.0   1.25388157274e-13
4350.0   1.25876112342e-13
4351.0   1.26772737146e-13
4353.0   1.2763420201e-13
4354.0   1.28465429111e-13
4356.0   1.29204272219e-13
4358.0   1.29951275782e-13
4359.0   1.30684405076e-13
4361.0   1.31333307892e-13
4362.0   1.31984693056e-13
4364.0   1.32568189343e-13
4366.0   1.33127152895e-13
4369.0   1.34173998715e-13
4372.0   1.35065521887e-13
4375.0   1.35867110656e-13
4378.0   1.36586939028e-13
4382.0   1.37197936646e-13
4385.0   1.37746064276e-13
4388.0   1.38204259845e-13
4391.0   1.38588870812e-13
4394.0   1.38948938481e-13
4401.0   1.39470245215e-13
4407.0   1.39846929373e-13
4414.0   1.40000221619e-13
4420.0   1.40025277732e-13
4426.0   1.39935833766e-13
4433.0   1.39753749454e-13
4439.0   1.39533388727e-13
4446.0   1.39244895353e-13
4452.0   1.38950850645e-13
4458.0   1.38640408476e-13
4465.0   1.38286340646e-13
4471.0   1.37951281691e-13
4478.0   1.37572591338e-13
4484.0   1.37221106677e-13
4490.0   1.36861418033e-13
4497.0   1.36474441407e-13
4503.0   1.36106525607e-13
4510.0   1.35711322681e-13
4516.0   1.35343369908e-13
4522.0   1.34975405613e-13
4529.0   1.34580160068e-13
4535.0   1.34212182604e-13
4542.0   1.33816930995e-13
4548.0   1.33448956221e-13
4554.0   1.33080987942e-13
4561.0   1.32677586822e-13
4567.0   1.32309643799e-13
4574.0   1.3191445442e-13
4580.0   1.31546551682e-13
4586.0   1.31178672515e-13
4593.0   1.3078357017e-13
4599.0   1.30415752662e-13
4606.0   1.30028904061e-13
4612.0   1.29661162442e-13
4618.0   1.2929346056e-13
4625.0   1.28898585259e-13
4631.0   1.28539152958e-13
4638.0   1.2814439769e-13
4644.0   1.27776901505e-13
4650.0   1.27417633812e-13
4657.0   1.27023081808e-13
4663.0   1.26655769359e-13
4670.0   1.26261374975e-13
4676.0   1.25894203954e-13
4682.0   1.25518928955e-13
4689.0   1.25124791234e-13
4695.0   1.24741502269e-13
4702.0   1.24339384212e-13
4708.0   1.23956266755e-13
4714.0   1.23565058967e-13
4721.0   1.23138727607e-13
4727.0   1.22731361455e-13
4734.0   1.22288909804e-13
4740.0   1.21857223155e-13
4746.0   1.2142563251e-13
4753.0   1.2094266819e-13
4759.0   1.204704262e-13
4766.0   1.19938679332e-13
4772.0   1.19401276284e-13
4778.0   1.18831287521e-13
4785.0   1.18193685098e-13
4791.0   1.17517683106e-13
4798.0   1.16741419799e-13
4804.0   1.15902200391e-13
4810.0   1.14965018985e-13
4817.0   1.1389495267e-13
4820.0   1.13316137636e-13
4823.0   1.12704660004e-13
4826.0   1.12044173099e-13
4830.0   1.11299797695e-13
4833.0   1.1053313025e-13
4836.0   1.09717454357e-13
4839.0   1.08836423337e-13
4842.0   1.07890037433e-13
4846.0   1.0685164899e-13
4849.0   1.0576639173e-13
4850.0   1.05200310212e-13
4852.0   1.0459126e-13
4854.0   1.03949530982e-13
4855.0   1.03293560185e-13
4857.0   1.02545598857e-13
4858.0   1.02126669853e-13
4859.0   1.0144619387e-13
4860.0   1.00904670568e-13
4861.0   9.98482229743e-14
4862.0   9.87427384466e-14
4863.0   9.65992280614e-14
4864.0   9.81419530058e-14
4865.0   9.96601614283e-14
4866.0   1.00679792527e-13
4867.0   1.01168152462e-13
4868.0   1.01967107853e-13
4869.0   1.02300179794e-13
4870.0   1.02616908718e-13
4872.0   1.031686437e-13
4873.0   1.03706067878e-13
4875.0   1.0418426532e-13
4877.0   1.04629784745e-13
4880.0   1.0547382315e-13
4883.0   1.06227989464e-13
4886.0   1.06908630834e-13
4890.0   1.07481097427e-13
4893.0   1.0801470184e-13
4896.0   1.08482955503e-13
4900.0   1.08859423216e-13
4903.0   1.09205161999e-13
4906.0   1.09510071138e-13
4910.0   1.09739583932e-13
4913.0   1.09946500235e-13
4920.0   1.10252362829e-13
4926.0   1.10470328802e-13
4933.0   1.10555902815e-13
4939.0   1.10586221453e-13
4946.0   1.10525076877e-13
4953.0   1.10406939035e-13
4959.0   1.10274329552e-13
4966.0   1.1009122087e-13
4973.0   1.09883819689e-13
4979.0   1.0967003365e-13
4986.0   1.09422194592e-13
4992.0   1.09184259659e-13
4998.0   1.08954671904e-13
4999.0   1.08920510997e-13
5000.0   1.08878181499e-13
5010.0   1.08463329283e-13
5020.0   1.08032624204e-13
5040.0   1.07148200528e-13
5060.0   1.06249478854e-13
5080.0   1.05336505033e-13
5100.0   1.04433843217e-13
5120.0   1.03525188222e-13
5140.0   1.02626926742e-13
5160.0   1.01739096638e-13
5180.0   1.00853560451e-13
5200.0   9.99866993066e-14
5220.0   9.9114025268e-14
5240.0   9.82600894743e-14
5260.0   9.74085741047e-14
5280.0   9.65676801252e-14
5300.0   9.57374334881e-14
5320.0   9.49096851785e-14
5340.0   9.40926316461e-14
5360.0   9.32862944631e-14
5380.0   9.24825203673e-14
5400.0   9.16895016917e-14
5420.0   9.09072560177e-14
5440.0   9.01276262164e-14
5460.0   8.93588008738e-14
5480.0   8.8600793942e-14
5500.0   8.78454447769e-14
5520.0   8.70927650985e-14
5540.0   8.63591124885e-14
5560.0   8.56199761886e-14
5580.0   8.48998852193e-14
5600.0   8.41825003268e-14
5620.0   8.34678282517e-14
5640.0   8.27640482962e-14
5660.0   8.20711654307e-14
5680.0   8.13810103227e-14
5700.0   8.06935862895e-14
5720.0   8.00170693265e-14
5740.0   7.93514612089e-14
5760.0   7.86804160564e-14
5780.0   7.80202811315e-14
5800.0   7.73710560915e-14
5820.0   7.67245664744e-14
5840.0   7.60889841093e-14
5860.0   7.54561332902e-14
5880.0   7.4834184647e-14
5900.0   7.42149613184e-14
5920.0   7.35984593593e-14
5940.0   7.29928477614e-14
5960.0   7.23899480862e-14
5980.0   7.17897548704e-14
6000.0   7.12004356459e-14
6020.0   7.06138105699e-14
6040.0   7.00380462922e-14
6060.0   6.94649621231e-14
6080.0   6.8894550437e-14
6100.0   6.83268032261e-14
6120.0   6.77698855785e-14
6140.0   6.72156153063e-14
6160.0   6.66639833476e-14
6180.0   6.61231537807e-14
6200.0   6.55849434511e-14
6220.0   6.5049342372e-14
6240.0   6.45245137373e-14
6260.0   6.3994100085e-14
6280.0   6.3474437546e-14
6300.0   6.29573416196e-14
6320.0   6.24428010348e-14
6340.0   6.19308042983e-14
6360.0   6.14213397064e-14
6380.0   6.0906221893e-14
6400.0   6.03936122265e-14
6420.0   5.98753249704e-14
6440.0   5.9335000756e-14
6460.0   5.87726269776e-14
6470.0   5.84678422793e-14
6480.0   5.81554970291e-14
6490.0   5.78110692231e-14
6500.0   5.74345572359e-14
6505.0   5.7230182433e-14
6510.0   5.70096125094e-14
6515.0   5.67728472596e-14
6520.0   5.65198864776e-14
6525.0   5.62425564949e-14
6530.0   5.59408571046e-14
6535.0   5.56066146372e-14
6540.0   5.52398288849e-14
6542.0   5.50441159218e-14
6545.0   5.48323261772e-14
6548.0   5.46042435612e-14
6550.0   5.43759328433e-14
6552.0   5.41312991911e-14
6555.0   5.38461282875e-14
6556.0   5.36993180392e-14
6558.0   5.35283174372e-14
6559.0   5.33488312973e-14
6560.0   5.31391093296e-14
6561.0   5.30103106189e-14
6562.0   5.27907924563e-14
6563.0   5.23849253318e-14
6564.0   5.17992480137e-14
6565.0   5.1055011502e-14
6566.0   5.1880085714e-14
6567.0   5.23880355615e-14
6568.0   5.26646823964e-14
6569.0   5.28563311912e-14
6570.0   5.3005483948e-14
6571.0   5.31244008583e-14
6572.0   5.32310635375e-14
6573.0   5.33213852528e-14
6574.0   5.34035394647e-14
6576.0   5.35515188337e-14
6578.0   5.36831750934e-14
6580.0   5.37985082301e-14
6584.0   5.39883785431e-14
6588.0   5.41538235131e-14
6592.0   5.42866695694e-14
6596.0   5.43950900653e-14
6600.0   5.44790848921e-14
6604.0   5.4546827403e-14
6608.0   5.45901440265e-14
6612.0   5.46253815778e-14
6616.0   5.46361930229e-14
6624.0   5.46335779298e-14
6632.0   5.45986447931e-14
6640.0   5.45313927326e-14
6648.0   5.44399943281e-14
6656.0   5.43326221574e-14
6672.0   5.40862998951e-14
6688.0   5.38087657586e-14
6704.0   5.35163595339e-14
6720.0   5.32090740574e-14
6736.0   5.28950756042e-14
6752.0   5.25825304284e-14
6768.0   5.22632578401e-14
6784.0   5.19454240559e-14
6800.0   5.16290218141e-14
6816.0   5.1314043839e-14
6832.0   5.10004828416e-14
6848.0   5.06883315221e-14
6864.0   5.03775825709e-14
6880.0   5.00682286701e-14
6896.0   4.97602624954e-14
6912.0   4.94536767168e-14
6928.0   4.91484640006e-14
6944.0   4.88446170104e-14
6960.0   4.85503018708e-14
6976.0   4.82491643193e-14
6992.0   4.79575439439e-14
7008.0   4.76590864855e-14
7024.0   4.73701315378e-14
7040.0   4.70824983121e-14
7056.0   4.67961794877e-14
7072.0   4.65111677506e-14
7088.0   4.62274557943e-14
7104.0   4.59450363212e-14
7120.0   4.56639020433e-14
7136.0   4.5384045683e-14
7152.0   4.51136334366e-14
7168.0   4.48363111259e-14
7184.0   4.45684184348e-14
7200.0   4.42936012122e-14
7216.0   4.40281991708e-14
7232.0   4.37640316519e-14
7248.0   4.35002741293e-14
7264.0   4.32385541324e-14
7280.0   4.29788645156e-14
7296.0   4.27211981518e-14
7312.0   4.24647305867e-14
7328.0   4.22102720777e-14
7344.0   4.19578155565e-14
7360.0   4.17073539753e-14
7376.0   4.14588803079e-14
7392.0   4.12115702033e-14
7408.0   4.09662340258e-14
7424.0   4.07220474698e-14
7440.0   4.04798209454e-14
7456.0   4.02395475407e-14
7472.0   4.00012203676e-14
7488.0   3.97640152168e-14
7504.0   3.95295599425e-14
7520.0   3.92953956935e-14
7536.0   3.90639677215e-14
7552.0   3.88336345737e-14
7568.0   3.86052068622e-14
7584.0   3.83778605337e-14
7600.0   3.81524062546e-14
7616.0   3.79288373726e-14
7632.0   3.77063299169e-14
7648.0   3.74856946373e-14
7664.0   3.72661076197e-14
7680.0   3.70483796707e-14
7696.0   3.68325042797e-14
7712.0   3.66176576192e-14
7728.0   3.64046505831e-14
7744.0   3.61926594025e-14
7760.0   3.59824950307e-14
7776.0   3.57741511045e-14
7792.0   3.55668039446e-14
7808.0   3.53612645945e-14
7824.0   3.51567094355e-14
7840.0   3.49539495718e-14
7856.0   3.4752161446e-14
7872.0   3.45521562237e-14
7888.0   3.4353110409e-14
7904.0   3.41558352295e-14
7920.0   3.39595072515e-14
7936.0   3.37649377647e-14
7952.0   3.35713033978e-14
7968.0   3.33794155033e-14
7984.0   3.31884507726e-14
8000.0   3.29992206209e-14
8016.0   3.28109018027e-14
8032.0   3.26243057963e-14
8048.0   3.24386094193e-14
8064.0   3.22546242133e-14
8080.0   3.20715270592e-14
8096.0   3.18901295618e-14
8112.0   3.17096086654e-14
8128.0   3.1529958692e-14
8144.0   3.13519913419e-14
8160.0   3.11748836541e-14
8176.0   3.09994473923e-14
8177.0   3.09867739964e-14
8192.0   3.0824859659e-14
8206.0   3.06721741015e-14
8221.0   3.05116881394e-14
8235.0   3.03603278623e-14
8250.0   3.02012534562e-14
8264.0   3.00512028436e-14
8279.0   2.98943406964e-14
8293.0   2.97472189892e-14
8308.0   2.95917352871e-14
8322.0   2.9445892505e-14
8337.0   2.9292588302e-14
8351.0   2.91488266668e-14
8366.0   2.89976858455e-14
8380.0   2.88551730493e-14
8395.0   2.87061796664e-14
8402.0   2.86346489173e-14
8409.0   2.85657182561e-14
8416.0   2.84969352181e-14
8417.0   2.84858366947e-14
8429.0   2.83684178587e-14
8440.0   2.82591867086e-14
8452.0   2.81434080483e-14
8457.0   2.80942030591e-14
8463.0   2.80349275937e-14
8470.0   2.79680865191e-14
8483.0   2.78424664949e-14
8486.0   2.78122271605e-14
8496.0   2.77173403319e-14
8505.0   2.76311281866e-14
8523.0   2.74585893715e-14
8536.0   2.7336600965e-14
8542.0   2.72803359996e-14
8548.0   2.72241737043e-14
8560.0   2.71121561082e-14
8571.0   2.70079243191e-14
8583.0   2.6897503605e-14
8589.0   2.68420361183e-14
8595.0   2.67866693269e-14
8601.0   2.67322203276e-14
8612.0   2.66300689536e-14
8624.0   2.65218369433e-14
8636.0   2.64140019267e-14
8647.0   2.63137293131e-14
8651.0   2.62785374144e-14
8659.0   2.6205832367e-14
8667.0   2.613411857e-14
8684.0   2.59849579208e-14
8700.0   2.58435987243e-14
8717.0   2.56951244353e-14
8733.0   2.55535361605e-14
8747.0   2.54329585183e-14
8750.0   2.54065451631e-14
8753.0   2.53801553585e-14
8759.0   2.53290809768e-14
8772.0   2.52195588162e-14
8784.0   2.51180959665e-14
8797.0   2.50094144383e-14
8809.0   2.49079062e-14
8822.0   2.47992392903e-14
8834.0   2.4697677703e-14
8847.0   2.45890168316e-14
8853.0   2.45385689644e-14
8859.0   2.44882113616e-14
8865.0   2.44387611452e-14
8877.0   2.43425819766e-14
8890.0   2.42410389321e-14
8902.0   2.41464198608e-14
8914.0   2.40505198907e-14
8926.0   2.39549719573e-14
8939.0   2.38492686694e-14
8951.0   2.37519965021e-14
8963.0   2.36558883551e-14
8976.0   2.35513430649e-14
8988.0   2.34534995967e-14
9000.0   2.33543628288e-14
9007.0   2.32966219178e-14
9012.0   2.32555657581e-14
9017.0   2.32153856268e-14
9028.0   2.31379842706e-14
9038.0   2.30678642702e-14
9048.0   2.29979764804e-14
9058.0   2.29275025937e-14
9069.0   2.28495116572e-14
9079.0   2.2777068244e-14
9089.0   2.27048531252e-14
9099.0   2.26312306633e-14
9110.0   2.25518151748e-14
9120.0   2.24770323959e-14
9130.0   2.24024740618e-14
9140.0   2.23265045513e-14
9151.0   2.22448298393e-14
9161.0   2.21668746675e-14
9171.0   2.20891401567e-14
9181.0   2.20099907016e-14
9192.0   2.19235876982e-14
9202.0   2.18416273745e-14
9212.0   2.17582493004e-14
9213.0   2.17508224711e-14
9222.0   2.16750872712e-14
9227.0   2.16356303596e-14
9232.0   2.15978618168e-14
9236.0   2.15732435093e-14
9241.0   2.15445621128e-14
9246.0   2.15167514284e-14
9250.0   2.14914353145e-14
9259.0   2.14392981245e-14
9269.0   2.1381659986e-14
9287.0   2.12758269673e-14
9306.0   2.11601733638e-14
9325.0   2.1042000512e-14
9343.0   2.09251845605e-14
9362.0   2.08019169064e-14
9381.0   2.067529547e-14
9399.0   2.05523526687e-14
9418.0   2.04230553947e-14
9436.0   2.0295717618e-14
9455.0   2.0158001661e-14
9474.0   2.00177216168e-14
9492.0   1.98751889727e-14
9511.0   1.97199196931e-14
9530.0   1.95563487772e-14
9548.0   1.93912201221e-14
9549.0   1.93836534953e-14
9550.0   1.93818101714e-14
9553.0   1.93705700445e-14
9558.0   1.93548709505e-14
9568.0   1.93236130952e-14
9578.0   1.92892723232e-14
9588.0   1.92518478672e-14
9599.0   1.92063173995e-14
9609.0   1.91635590089e-14
9619.0   1.91177145765e-14
9629.0   1.90712353873e-14
9639.0   1.90216686518e-14
9649.0   1.89714656615e-14
9659.0   1.89198083259e-14
9669.0   1.88675132503e-14
9680.0   1.88088874781e-14
9690.0   1.87536977932e-14
9700.0   1.86995027843e-14
9710.0   1.86446670309e-14
9720.0   1.85883724622e-14
9730.0   1.8533070395e-14
9740.0   1.84763080724e-14
9750.0   1.84197194713e-14
9761.0   1.83585708893e-14
9771.0   1.83015274425e-14
9781.0   1.82446555191e-14
9791.0   1.81871370704e-14
9801.0   1.81297887426e-14
9811.0   1.80726098392e-14
9821.0   1.80147823203e-14
9831.0   1.79563054953e-14
9842.0   1.78942176189e-14
9852.0   1.78401781743e-14
9862.0   1.77830352628e-14
9872.0   1.77236055522e-14
9882.0   1.76635230594e-14
9892.0   1.7602787112e-14
9902.0   1.75405796939e-14
9912.0   1.74785348309e-14
9923.0   1.74113715215e-14
9933.0   1.73480311745e-14
9943.0   1.72823992954e-14
9953.0   1.72152925755e-14
9963.0   1.71458930165e-14
9973.0   1.70758346616e-14
9983.0   1.70026648257e-14
9987.0   1.69737678986e-14
9993.0   1.69263828651e-14
10000.0   1.68738960655e-14
10010.0   1.67790810151e-14
10030.0   1.66348709326e-14
10040.0   1.65249910161e-14
10050.0   1.64258902453e-14
10060.0   1.63825220375e-14
10070.0   1.6394068424e-14
10080.0   1.63796115091e-14
10090.0   1.63612190238e-14
10100.0   1.63568719708e-14
10110.0   1.63281544659e-14
10120.0   1.62987689409e-14
10130.0   1.62744362128e-14
10150.0   1.62025114636e-14
10170.0   1.61270876528e-14
10180.0   1.60871425969e-14
10200.0   1.60036005777e-14
10230.0   1.58740530758e-14
10260.0   1.5738429477e-14
10290.0   1.56008010469e-14
10360.0   1.52861350719e-14
10420.0   1.50121166757e-14
10490.0   1.46997759399e-14
10550.0   1.44334366748e-14
10610.0   1.41724151557e-14
10680.0   1.38767049975e-14
10710.0   1.37462737783e-14
10740.0   1.36136285015e-14
10770.0   1.34787566265e-14
10790.0   1.33932295322e-14
10810.0   1.33057047276e-14
10820.0   1.32494427069e-14
10840.0   1.31568712379e-14
10850.0   1.30927711307e-14
10870.0   1.29926929721e-14
10890.0   1.28856988267e-14
10900.0   1.28041672712e-14
10910.0   1.27431781035e-14
10920.0   1.26790278537e-14
10930.0   1.26092640555e-14
10940.0   1.25159046662e-14
10950.0   1.2479049192e-14
10960.0   1.25003319032e-14
10970.0   1.25110952968e-14
10980.0   1.25031654921e-14
10990.0   1.25067838829e-14
11000.0   1.24884388591e-14
11010.0   1.24693810097e-14
11020.0   1.24569660394e-14
11040.0   1.24087437506e-14
11060.0   1.23568462781e-14
11070.0   1.2331050863e-14
11090.0   1.22724085558e-14
11120.0   1.2180705331e-14
11150.0   1.20849953574e-14
11180.0   1.19860854873e-14
11250.0   1.17586866546e-14
11310.0   1.15601178016e-14
11380.0   1.13371561097e-14
11440.0   1.11457108309e-14
11500.0   1.0959068793e-14
11570.0   1.07486332175e-14
11630.0   1.0566974871e-14
11700.0   1.03657046572e-14
11760.0   1.01927940583e-14
11820.0   1.00235025493e-14
11890.0   9.83422028605e-15
11950.0   9.67241865934e-15
12020.0   9.49143570288e-15
12080.0   9.33439037342e-15
12140.0   9.18227877708e-15
12210.0   9.01210104524e-15
12270.0   8.86517846629e-15
12340.0   8.70254387619e-15
12400.0   8.56138166432e-15
12460.0   8.42242151137e-15
12530.0   8.26628938588e-15
12560.0   8.19721852678e-15
12590.0   8.12866656425e-15
12620.0   8.05817576511e-15
12660.0   7.96879091882e-15
12670.0   7.94127140728e-15
12690.0   7.89457176178e-15
12700.0   7.86394837677e-15
12720.0   7.81512590421e-15
12740.0   7.7640688701e-15
12750.0   7.72799591099e-15
12760.0   7.69933284475e-15
12770.0   7.67072335957e-15
12780.0   7.64053256801e-15
12790.0   7.59241335139e-15
12800.0   7.56641548135e-15
12810.0   7.51186329935e-15
12820.0   7.45286832722e-15
12830.0   7.42351371152e-15
12840.0   7.4572287226e-15
12850.0   7.47072559071e-15
12860.0   7.47364881263e-15
12870.0   7.46681554667e-15
12880.0   7.45839906794e-15
12890.0   7.45493795988e-15
12910.0   7.43182195753e-15
12920.0   7.421974849e-15
12940.0   7.39425865334e-15
12960.0   7.36429118367e-15
12970.0   7.34979095638e-15
12990.0   7.31766988762e-15
13020.0   7.26822284621e-15
13050.0   7.21594528783e-15
13080.0   7.16410188373e-15
13150.0   7.04234422909e-15
13210.0   6.93699545748e-15
13280.0   6.81861080445e-15
13340.0   6.71595401282e-15
13400.0   6.6148629861e-15
13470.0   6.50144678148e-15
13530.0   6.40445366514e-15
13600.0   6.29559543156e-15
13660.0   6.20247172046e-15
13720.0   6.11074694064e-15
13790.0   6.00910135667e-15
13850.0   5.92194377452e-15
13920.0   5.82413351494e-15
13980.0   5.74018785833e-15
14040.0   5.65773941738e-15
14110.0   5.56529113596e-15
14170.0   5.4859589425e-15
14240.0   5.3969972181e-15
14300.0   5.32058551931e-15
14360.0   5.24554143522e-15
14430.0   5.16129930279e-15
14490.0   5.08893734523e-15
14560.0   5.0077921202e-15
14620.0   4.93817500896e-15
14680.0   4.86891191419e-15
14750.0   4.79116402449e-15
14810.0   4.72434378493e-15
14880.0   4.64950222984e-15
14940.0   4.58511740502e-15
15000.0   4.52180258285e-15
15050.0   4.47124566832e-15
15070.0   4.45080115599e-15
15090.0   4.43061663479e-15
15120.0   4.4004377238e-15
15130.0   4.39037118032e-15
15140.0   4.38032829951e-15
15160.0   4.36039495305e-15
15200.0   4.32129925371e-15
15260.0   4.26179516551e-15
15320.0   4.20506937684e-15
15330.0   4.19529831962e-15
15350.0   4.17737562239e-15
15370.0   4.15798810493e-15
15400.0   4.13029686859e-15
15410.0   4.12061950678e-15
15420.0   4.11161763473e-15
15440.0   4.09302457485e-15
15490.0   4.0483865483e-15
15560.0   3.98520688107e-15
15630.0   3.92328180401e-15
15710.0   3.85565600637e-15
15780.0   3.79663697442e-15
15810.0   3.77162078034e-15
15850.0   3.73880441191e-15
15890.0   3.70628867353e-15
15960.0   3.64915829535e-15
15970.0   3.64149022389e-15
16040.0   3.58643731075e-15
16110.0   3.53233359087e-15
16190.0   3.47285839981e-15
16260.0   3.42087801389e-15
16330.0   3.36962605857e-15
16390.0   3.3261056535e-15
16400.0   3.31843134807e-15
16410.0   3.31093634735e-15
16440.0   3.29091617755e-15
16460.0   3.27696656793e-15
16510.0   3.24289505958e-15
16610.0   3.17515897739e-15
16660.0   3.14189158624e-15
16710.0   3.10866295063e-15
16760.0   3.07530410201e-15
16810.0   3.04131922828e-15
16820.0   3.03484225708e-15
16830.0   3.02911483431e-15
16850.0   3.01745642791e-15
16900.0   2.98777491189e-15
16940.0   2.9630161364e-15
16990.0   2.93296242344e-15
17080.0   2.87881408392e-15
17170.0   2.82562841576e-15
17270.0   2.76838762465e-15
17350.0   2.72260785872e-15
17360.0   2.71715387569e-15
17370.0   2.71171176088e-15
17380.0   2.7056276025e-15
17420.0   2.68459626087e-15
17450.0   2.66843447493e-15
17520.0   2.63172602591e-15
17590.0   2.59549078373e-15
17650.0   2.56417628629e-15
17720.0   2.52886038557e-15
17790.0   2.49390462829e-15
17850.0   2.46370915261e-15
17920.0   2.42961646399e-15
17990.0   2.39560940804e-15
18050.0   2.36613423111e-15
18060.0   2.36135123919e-15
18120.0   2.33269238412e-15
18150.0   2.31841021414e-15
18160.0   2.31331423702e-15
18180.0   2.30429480109e-15
18190.0   2.29988088128e-15
18210.0   2.29157144389e-15
18220.0   2.28718546582e-15
18240.0   2.27893167516e-15
18250.0   2.2745734026e-15
18280.0   2.26188051821e-15
18340.0   2.23649470748e-15
18400.0   2.2110225363e-15
18450.0   2.18913896457e-15
18510.0   2.16342642656e-15
18540.0   2.15027704531e-15
18570.0   2.13695864414e-15
18600.0   2.12330711905e-15
18630.0   2.10915837215e-15
18660.0   2.09418484234e-15
18670.0   2.08806578492e-15
18680.0   2.08162795308e-15
18700.0   2.07114699524e-15
18710.0   2.06563260102e-15
18720.0   2.05734730366e-15
18730.0   2.05070475043e-15
18740.0   2.04325288041e-15
18750.0   2.03065973641e-15
18760.0   2.00810295359e-15
18770.0   2.02315206018e-15
18780.0   2.0274201377e-15
18790.0   2.02867195337e-15
18800.0   2.02911432016e-15
18810.0   2.02842027781e-15
18830.0   2.02370461361e-15
18840.0   2.02188978337e-15
18850.0   2.01967406921e-15
18870.0   2.01379469963e-15
18880.0   2.01111181704e-15
18910.0   2.0018832888e-15
18930.0   1.9954422365e-15
18960.0   1.98534718944e-15
19010.0   1.96793695665e-15
19070.0   1.94678302841e-15
19120.0   1.92863406644e-15
19170.0   1.91033852519e-15
19230.0   1.88897815529e-15
19280.0   1.870580476e-15
19330.0   1.85202855557e-15
19390.0   1.83026884987e-15
19430.0   1.8151066373e-15
19440.0   1.8115166169e-15
19450.0   1.808096682e-15
19460.0   1.80484681486e-15
19480.0   1.79893894781e-15
19500.0   1.79322073252e-15
19540.0   1.78161708665e-15
19610.0   1.76072025885e-15
19690.0   1.73670340601e-15
19760.0   1.7154008603e-15
19840.0   1.69146598181e-15
19910.0   1.6703859592e-15
19990.0   1.64699483023e-15
20060.0   1.62643978356e-15
20140.0   1.60364678716e-15
20210.0   1.58359332302e-15
20290.0   1.56169926259e-15
20360.0   1.54228849422e-15
20440.0   1.52085971718e-15
20510.0   1.50207027422e-15
20590.0   1.48124636842e-15
20660.0   1.46305781719e-15
20740.0   1.44297941423e-15
20810.0   1.42529047689e-15
20890.0   1.40585399685e-15
20960.0   1.38872771157e-15
21040.0   1.36974878369e-15
21110.0   1.35308552485e-15
21190.0   1.33462588008e-15
21270.0   1.3163535691e-15
21340.0   1.30020380817e-15
21420.0   1.28201308e-15
21450.0   1.27474649425e-15
21490.0   1.26546702109e-15
21530.0   1.25616824412e-15
21570.0   1.24652261117e-15
21590.0   1.24160018433e-15
21600.0   1.23844994154e-15
21620.0   1.23338685838e-15
21630.0   1.23057491851e-15
21640.0   1.22776674819e-15
21650.0   1.22528927665e-15
21660.0   1.22199820996e-15
21670.0   1.21977343524e-15
21680.0   1.21943228953e-15
21690.0   1.21819578652e-15
21700.0   1.21688126332e-15
21710.0   1.21548871084e-15
21730.0   1.21255121635e-15
21750.0   1.20930149621e-15
21770.0   1.20606641705e-15
21810.0   1.19923122324e-15
21850.0   1.19212680288e-15
21890.0   1.18491606493e-15
21970.0   1.17025516117e-15
22050.0   1.15548935801e-15
22130.0   1.14077786384e-15
22210.0   1.12627998153e-15
22290.0   1.11182816756e-15
22370.0   1.09766364136e-15
22450.0   1.08361903684e-15
22530.0   1.06977227713e-15
22610.0   1.0562013687e-15
22690.0   1.04282092994e-15
22770.0   1.02962739312e-15
22850.0   1.01661726776e-15
22930.0   1.00378713876e-15
23010.0   9.91133664575e-16
23090.0   9.78653575372e-16
23170.0   9.66425405955e-16
23250.0   9.54364290179e-16
23330.0   9.42467163173e-16
23410.0   9.3073102511e-16
23490.0   9.19234674266e-16
23570.0   9.07811767008e-16
23660.0   8.95480136771e-16
23740.0   8.84459448223e-16
23820.0   8.73667073313e-16
23900.0   8.62936908767e-16
23980.0   8.52511579194e-16
24060.0   8.42143354954e-16
24140.0   8.31911497123e-16
24220.0   8.21895317781e-16
24300.0   8.12010709575e-16
24380.0   8.02337083048e-16
24460.0   7.92708692395e-16
24540.0   7.83286776722e-16
24620.0   7.73987416612e-16
24700.0   7.64808471572e-16
24780.0   7.55723324008e-16
24860.0   7.4680348016e-16
24940.0   7.38022406047e-16
25020.0   7.29369954994e-16
25100.0   7.20844193253e-16
25180.0   7.12426878717e-16
25260.0   7.04140674289e-16
25340.0   6.95959238945e-16
25420.0   6.87888961526e-16
25500.0   6.79928092621e-16
25580.0   6.72058570316e-16
25660.0   6.64270539809e-16
25740.0   6.56554179208e-16
25820.0   6.48891525328e-16
25900.0   6.41223779135e-16
25980.0   6.33508519289e-16
26020.0   6.29607052286e-16
26060.0   6.25621619912e-16
26100.0   6.21535689341e-16
26140.0   6.17283688774e-16
26160.0   6.15084116688e-16
26180.0   6.12759180882e-16
26190.0   6.11798985142e-16
26200.0   6.10292511916e-16
26210.0   6.09408563508e-16
26220.0   6.07594179299e-16
26230.0   6.06238845089e-16
26240.0   6.05130048081e-16
26250.0   6.03744683922e-16
26260.0   6.031534734e-16
26270.0   6.01942404792e-16
26280.0   6.01721647408e-16
26290.0   6.01387781103e-16
26310.0   6.00609567724e-16
26320.0   6.00410419065e-16
26340.0   5.99296780275e-16
26350.0   5.98880865927e-16
26390.0   5.96314759142e-16
26420.0   5.94346517115e-16
26450.0   5.92275383045e-16
26480.0   5.90117632569e-16
26510.0   5.87914062225e-16
26580.0   5.82655570985e-16
26640.0   5.78056579168e-16
26710.0   5.72714096865e-16
26770.0   5.6807102955e-16
26830.0   5.63446385327e-16
26900.0   5.58156311148e-16
26960.0   5.53590233867e-16
27030.0   5.48380711668e-16
27090.0   5.43895341989e-16
27150.0   5.39442038213e-16
27220.0   5.34389361525e-16
27280.0   5.3002976271e-16
27350.0   5.2507557562e-16
27410.0   5.20807474419e-16
27470.0   5.16577104361e-16
27540.0   5.11778668941e-16
27600.0   5.07636688362e-16
27670.0   5.02938807729e-16
27730.0   4.98891341054e-16
27790.0   4.94903797585e-16
27860.0   4.90344892554e-16
27920.0   4.86416282824e-16
27990.0   4.81960433717e-16
28050.0   4.78113374591e-16
28110.0   4.74307728776e-16
28180.0   4.6998286363e-16
28240.0   4.66256086076e-16
28310.0   4.62029005409e-16
28370.0   4.58379326459e-16
28430.0   4.54769049968e-16
28500.0   4.50665523668e-16
28560.0   4.47129851161e-16
28630.0   4.4311920683e-16
28690.0   4.39656491901e-16
28750.0   4.3622313517e-16
28820.0   4.3232913309e-16
28880.0   4.28974585687e-16
28950.0   4.25160729425e-16
29010.0   4.21867111587e-16
29070.0   4.18617457129e-16
29140.0   4.14913807832e-16
29200.0   4.11722920619e-16
29270.0   4.08103341166e-16
29330.0   4.04977966555e-16
29390.0   4.01878585668e-16
29460.0   3.98363217622e-16
29520.0   3.95335507526e-16
29590.0   3.91892075417e-16
29650.0   3.88918357743e-16
29710.0   3.8597729436e-16
29780.0   3.8263248393e-16
29840.0   3.79751706923e-16
29910.0   3.76475138804e-16
29970.0   3.73645232543e-16
