900.0   2.41353526749e-16
900.1   2.41467946413e-16
900.2   2.41582377278e-16
900.3   2.41749169854e-16
900.4   2.41863623152e-16
900.5   2.42030438179e-16
900.6   2.42197264444e-16
900.7   2.42311751463e-16
900.8   2.42478600237e-16
900.9   2.42593109783e-16
901.0   2.42759981104e-16
901.1   2.42874513215e-16
901.2   2.4304140712e-16
901.3   2.43208312331e-16
901.4   2.43322878362e-16
901.5   2.43489806215e-16
901.6   2.43604394905e-16
901.7   2.43771345438e-16
901.8   2.43885956827e-16
901.9   2.44052930077e-16
902.0   2.44167564202e-16
902.1   2.44360735456e-16
902.2   2.44527742854e-16
902.3   2.44642411156e-16
902.4   2.44809441366e-16
902.5   2.44924132501e-16
902.6   2.45091185563e-16
902.7   2.45205899567e-16
902.8   2.45372975519e-16
902.9   2.45487712432e-16
903.0   2.45654811311e-16
903.1   2.45821921668e-16
903.2   2.45936693016e-16
903.3   2.46103826358e-16
903.4   2.4621862071e-16
903.5   2.46385777077e-16
903.6   2.46500594472e-16
903.7   2.466677739e-16
903.8   2.46782614377e-16
903.9   2.46949816906e-16
904.0   2.47117030998e-16
904.1   2.47258081417e-16
904.2   2.47425318668e-16
904.3   2.47540217017e-16
904.4   2.47707477465e-16
904.5   2.47822399029e-16
904.6   2.47989682712e-16
904.7   2.48156978028e-16
904.8   2.48271934488e-16
904.9   2.48439253097e-16
905.0   2.4855423287e-16
905.1   2.4872157481e-16
905.2   2.48941278929e-16
905.5   2.49417234723e-16
906.2   2.50327531958e-16
907.4   2.52154878886e-16
908.0   2.53056106486e-16
909.0   2.54471859712e-16
909.9   2.5587794477e-16
910.4   2.56848571365e-16
910.9   2.5781950293e-16
911.1   2.58286486968e-16
911.3   2.58779695329e-16
911.5   2.59037375603e-16
911.6   2.59284022815e-16
911.7   2.59504507097e-16
911.8   2.59646477961e-16
911.9   2.59945512653e-16
912.0   2.60192209197e-16
912.3   2.6053974428e-16
912.8   2.61250093543e-16
913.2   2.62001823502e-16
913.5   2.62506857637e-16
913.7   2.6302683632e-16
913.9   2.63834792846e-16
914.2   2.64968296019e-16
914.4   2.66483109879e-16
914.6   2.68495303852e-16
914.9   2.70964009248e-16
915.1   2.74128040486e-16
915.4   2.78088924918e-16
915.6   2.82561845414e-16
915.8   2.87558321755e-16
916.1   2.93351740672e-16
916.3   2.99918859463e-16
916.5   3.07271286868e-16
916.8   3.14897241755e-16
917.0   3.23296807349e-16
917.2   3.32219929354e-16
917.5   3.41416669217e-16
917.7   3.50863425148e-16
918.0   3.60060358824e-16
918.1   3.6452204255e-16
918.2   3.68198481792e-16
918.3   3.71351429042e-16
918.4   3.72672121885e-16
918.5   3.73207570272e-16
918.6   3.713872593e-16
918.7   3.6773469395e-16
918.8   3.59632349375e-16
918.9   3.40012908467e-16
919.0   3.12540906037e-16
919.1   2.82451391814e-16
919.2   2.46236882497e-16
919.3   2.06724304942e-16
919.4   1.92130577132e-16
919.5   2.20752197833e-16
919.6   2.61388270748e-16
919.7   2.99537708175e-16
919.8   3.34624654652e-16
919.9   3.62906049644e-16
920.0   3.85690655588e-16
920.1   3.98266927753e-16
920.2   4.01420123605e-16
920.3   3.96459005585e-16
920.4   3.81027801328e-16
920.5   3.54864758359e-16
920.6   3.24775441322e-16
920.7   2.87880572881e-16
920.8   2.47399708623e-16
920.9   2.03673126788e-16
921.0   1.71280440849e-16
921.1   2.03409755932e-16
921.2   2.47893801623e-16
921.3   2.90048263482e-16
921.4   3.31155728697e-16
921.5   3.67289909993e-16
921.6   4.0577987698e-16
921.7   4.36155530239e-16
921.8   4.59725632208e-16
921.9   4.7753719284e-16
922.0   4.87234439774e-16
922.1   4.89864382964e-16
922.2   4.8595052739e-16
922.3   4.74184110636e-16
922.4   4.53256370281e-16
922.5   4.27878851081e-16
922.6   3.95695780674e-16
922.7   3.57492416528e-16
922.8   3.20074323283e-16
922.9   2.78206451235e-16
923.0   2.34401624258e-16
923.1   1.86775224464e-16
923.2   1.68857745295e-16
923.3   2.17137483286e-16
923.4   2.40472222885e-16
923.5   2.84825700614e-16
923.6   3.48967679798e-16
923.7   3.90598958739e-16
923.8   4.11813557336e-16
923.9   4.51089091013e-16
924.0   4.86961855945e-16
924.1   5.36969268689e-16
924.2   5.6289546633e-16
924.3   5.85418895256e-16
924.4   5.94854713501e-16
924.5   6.09263842599e-16
924.6   6.21840717929e-16
924.7   6.24209259954e-16
924.8   6.23698538288e-16
924.9   6.18738038026e-16
925.0   6.08018996751e-16
925.1   5.81594820011e-16
925.2   5.58049934309e-16
925.3   5.30055270054e-16
925.4   4.97087322285e-16
925.5   4.61240110896e-16
925.6   4.23298893359e-16
925.7   3.81954907253e-16
925.8   3.40349182418e-16
925.9   2.95864194008e-16
926.0   2.49887230206e-16
926.1   2.02104188043e-16
926.2   1.63063692704e-16
926.3   1.61192064161e-16
926.4   2.13503214002e-16
926.5   2.62149842873e-16
926.6   3.07995733987e-16
926.7   3.52768453761e-16
926.8   3.96232424969e-16
926.9   4.39434657564e-16
927.0   4.8028113167e-16
927.1   5.21651124641e-16
927.2   5.61188864117e-16
927.3   5.97323835194e-16
927.4   6.33197067708e-16
927.5   6.6723804676e-16
927.6   6.98399762414e-16
927.7   7.26158709709e-16
927.8   7.50776641143e-16
927.9   7.72515309211e-16
928.0   7.90851208953e-16
928.1   8.06046092865e-16
928.2   8.18361713442e-16
928.3   8.27274565725e-16
928.4   8.33308154695e-16
928.5   8.36462480364e-16
928.6   8.36737542741e-16
928.7   8.33871589351e-16
928.8   8.27602867718e-16
928.9   8.16622615426e-16
929.0   8.01454337456e-16
929.1   7.82883291275e-16
929.2   7.61432981866e-16
929.3   7.36056399297e-16
929.4   7.07538801037e-16
929.5   6.75356682121e-16
929.6   6.42389319907e-16
929.7   6.07589704462e-16
929.8   5.72790103196e-16
929.9   5.35111238777e-16
930.0   4.95076616187e-16
930.1   4.54780255321e-16
930.2   4.13436898736e-16
930.3   3.69737784011e-16
930.4   3.24991673585e-16
930.5   2.77889805043e-16
930.6   2.27542219941e-16
930.7   1.70912589455e-16
930.8   1.57053329438e-16
930.9   2.15411594553e-16
931.0   2.67304587576e-16
931.1   3.15663936359e-16
931.2   3.6200780533e-16
931.3   4.28244877563e-16
931.4   4.70924240423e-16
931.5   5.13080112672e-16
931.6   5.54712494321e-16
931.7   5.94774375438e-16
931.8   6.3405101349e-16
931.9   6.73851170918e-16
932.0   7.13913095245e-16
932.1   7.53975033999e-16
932.2   7.92728224758e-16
932.3   8.30172667536e-16
932.4   8.66570114828e-16
932.5   9.02705824101e-16
932.6   9.38056290396e-16
932.7   9.70789246323e-16
932.8   1.00142819686e-15
932.9   1.03023489452e-15
933.0   1.0569475868e-15
933.1   1.08287503616e-15
933.2   1.10670848017e-15
933.3   1.12870967135e-15
933.4   1.14887860968e-15
933.5   1.16590653277e-15
933.6   1.18084045055e-15
933.7   1.19420386801e-15
933.8   1.20599678517e-15
933.9   1.21595744954e-15
934.0   1.22408586114e-15
934.1   1.23012026749e-15
934.2   1.23353716365e-15
934.3   1.23433654959e-15
934.4   1.23278017785e-15
934.5   1.22808279096e-15
934.6   1.22102964638e-15
934.7   1.2105737342e-15
934.8   1.19723855939e-15
934.9   1.18076236947e-15
935.0   1.16166866944e-15
935.1   1.14048096426e-15
935.2   1.11772275893e-15
935.3   1.09287054849e-15
935.4   1.06592433293e-15
935.5   1.03793112223e-15
935.6   1.00889091638e-15
935.7   9.7749495298e-16
935.8   9.45575499428e-16
936.0   8.80689626896e-16
936.2   8.13448041418e-16
936.3   7.79172889776e-16
936.4   7.43850743081e-16
936.5   7.07743353827e-16
936.6   6.7006546457e-16
936.7   6.31602332776e-16
936.8   5.92092205972e-16
936.9   5.51535084169e-16
937.0   5.10192719863e-16
937.1   4.68065113064e-16
937.2   4.4661596762e-16
937.3   4.01870865926e-16
937.4   3.55555264314e-16
937.5   3.06622152854e-16
937.6   2.54600377081e-16
937.7   2.00327544961e-16
937.8   1.47703768542e-16
937.9   1.60675180121e-16
938.0   2.43482169978e-16
938.1   2.97025246996e-16
938.2   3.47034680541e-16
938.3   3.93903099351e-16
938.4   4.39724523326e-16
938.5   4.83713695018e-16
938.6   5.26917624381e-16
938.7   5.69336311427e-16
938.8   6.10969756166e-16
938.9   6.5181795861e-16
939.0   6.92142671255e-16
939.2   7.7069812222e-16
939.4   8.47683119091e-16
939.6   9.25453434331e-16
939.7   9.65254748521e-16
939.8   1.00584133543e-15
939.9   1.04799845252e-15
940.0   1.09041733738e-15
940.1   1.13309799003e-15
940.2   1.17708742039e-15
940.3   1.22264738101e-15
940.4   1.26899261438e-15
940.5   1.31638487306e-15
940.6   1.36587116697e-15
940.7   1.41614273368e-15
940.8   1.46615256329e-15
940.9   1.51590065579e-15
941.0   1.56486350622e-15
941.2   1.66069523343e-15
941.3   1.70756411022e-15
941.4   1.75338599251e-15
941.5   1.7963286129e-15
941.6   1.834559704e-15
941.7   1.87122029567e-15
941.9   1.94113874312e-15
942.1   2.00608395536e-15
942.3   2.06448541755e-15
942.5   2.11817539718e-15
942.7   2.16741564683e-15
942.9   2.21194441411e-15
943.1   2.25045293667e-15
943.3   2.28320296707e-15
943.5   2.30967100045e-15
943.7   2.3298570369e-15
943.8   2.33798693503e-15
943.9   2.343499324e-15
944.0   2.34587069888e-15
944.1   2.34431580221e-15
944.2   2.3404051489e-15
944.3   2.3338769865e-15
944.4   2.32473131501e-15
944.5   2.31296813445e-15
944.6   2.29806393984e-15
944.7   2.28054223618e-15
944.8   2.25961776601e-15
944.9   2.23424351942e-15
945.0   2.20599001131e-15
945.1   2.17459548922e-15
945.2   2.14032170564e-15
945.3   2.10290690811e-15
945.4   2.06313635409e-15
945.5   2.02127179607e-15
945.7   1.93413994543e-15
945.9   1.84124960381e-15
946.1   1.74548004863e-15
946.5   1.55786741729e-15
946.7   1.46523908385e-15
946.9   1.37391957699e-15
947.0   1.32891422886e-15
947.1   1.2857411642e-15
947.2   1.24387687806e-15
947.3   1.20332137043e-15
947.4   1.16328938388e-15
947.5   1.12456617588e-15
947.6   1.08636648897e-15
947.7   1.04895207566e-15
947.8   1.0115376785e-15
948.0   9.36970685162e-16
948.2   8.62403756554e-16
948.4   7.87051635312e-16
948.5   7.4859034157e-16
948.6   7.09082054125e-16
948.7   6.69050277959e-16
948.8   6.27709755626e-16
948.9   5.85322239624e-16
949.0   5.42149482448e-16
949.1   4.98191484111e-16
949.2   4.52662987167e-16
949.3   4.05040486655e-16
949.4   3.55323982586e-16
949.5   3.02204712543e-16
949.6   2.42541646707e-16
949.7   1.89553285623e-16
949.8   1.53735903983e-16
949.9   2.12070907877e-16
950.0   2.86582231793e-16
950.1   3.32929004643e-16
950.2   4.04927537524e-16
950.3   4.32689916733e-16
950.4   4.85318798539e-16
950.5   5.36377181883e-16
950.6   5.8638857175e-16
950.7   6.35352968151e-16
950.8   6.83270371097e-16
950.9   7.29879028113e-16
951.0   7.75178939212e-16
951.2   8.19972125969e-16
951.4   9.08478044038e-16
951.6   9.97507533349e-16
951.8   1.08836935642e-15
951.9   1.13445467409e-15
952.1   1.1823891892e-15
952.2   1.23187733909e-15
952.3   1.28345952552e-15
952.4   1.337397501e-15
952.5   1.39447652299e-15
952.6   1.45548184896e-15
952.7   1.51805770655e-15
952.8   1.58272760074e-15
953.0   1.65081735763e-15
953.1   1.72150760921e-15
953.2   1.79455364992e-15
953.3   1.87047898475e-15
953.4   1.94954536619e-15
953.5   2.0367260915e-15
953.6   2.12704786344e-15
953.7   2.22234294941e-15
953.9   2.31974928694e-15
954.0   2.42001772068e-15
954.1   2.52578297348e-15
954.2   2.63416576802e-15
954.3   2.74411909436e-15
954.5   2.97187837233e-15
954.8   3.19965508489e-15
955.0   3.41432690794e-15
955.2   3.62376374921e-15
955.4   3.83058313361e-15
955.7   4.01909743203e-15
955.9   4.1918891637e-15
956.1   4.35944591398e-15
956.3   4.51915015811e-15
956.6   4.67625461976e-15
956.8   4.82287141104e-15
957.0   4.96425322136e-15
957.5   5.22609467848e-15
957.7   5.34915405611e-15
957.9   5.46697845319e-15
958.1   5.57433282008e-15
958.4   5.67647019116e-15
958.6   5.76811958243e-15
958.8   5.85453399357e-15
959.0   5.9330958998e-15
959.3   6.00120591766e-15
959.5   6.06406284931e-15
959.7   6.11383222666e-15
960.0   6.1557673634e-15
960.2   6.18983176698e-15
960.4   6.21342614145e-15
960.6   6.2265504869e-15
960.9   6.22922322572e-15
961.1   6.22140754872e-15
961.3   6.2057393679e-15
961.5   6.17698363361e-15
961.8   6.13777645247e-15
962.0   6.09069822165e-15
962.2   6.02791491284e-15
962.4   5.95989662557e-15
962.7   5.88142705216e-15
962.9   5.78985121969e-15
963.1   5.69304040908e-15
963.3   5.58314204584e-15
963.6   5.46541008303e-15
963.8   5.33980675023e-15
964.0   5.20373338998e-15
964.2   5.06242505212e-15
964.5   4.91590080216e-15
964.7   4.76150502065e-15
965.1   4.43962605069e-15
965.6   4.10467901183e-15
966.0   3.75924297266e-15
966.5   3.41906170463e-15
966.7   3.25157902725e-15
966.9   3.08409642324e-15
967.2   2.92186850016e-15
967.4   2.76223865453e-15
967.6   2.60941444723e-15
967.8   2.46051660101e-15
968.1   2.31687360215e-15
968.3   2.17896954521e-15
968.5   2.04682411707e-15
968.7   1.92069907032e-15
969.0   1.80113780077e-15
969.2   1.68626829686e-15
969.4   1.57741917466e-15
969.7   1.47356344563e-15
969.9   1.3741375997e-15
970.1   1.27942337338e-15
970.3   1.18758849939e-15
970.6   1.09891492027e-15
970.8   1.01100652141e-15
971.0   9.24145207793e-16
971.2   8.35713454666e-16
971.3   7.90450596463e-16
971.5   7.44161106831e-16
971.6   6.97066037921e-16
971.7   6.4761521556e-16
971.8   5.96593897218e-16
971.9   5.70439083974e-16
972.0   5.15753268734e-16
972.1   4.5871170009e-16
972.2   4.13972517261e-16
972.3   3.49601916989e-16
972.4   2.93869167754e-16
972.5   1.90183382134e-16
972.6   1.77404253867e-16
972.7   2.72388643051e-16
972.8   3.42375688892e-16
972.9   4.01290623647e-16
973.0   4.5523228025e-16
973.1   5.06818183568e-16
973.2   5.56571838587e-16
973.3   6.27789216556e-16
973.4   6.73093117552e-16
973.5   7.17088275257e-16
973.6   7.60036442167e-16
973.7   8.0219937078e-16
973.8   8.43315308622e-16
973.9   8.84169513163e-16
974.1   9.64830969903e-16
974.3   1.04523075104e-15
974.5   1.1266776191e-15
974.7   1.20969507914e-15
974.9   1.2955918937e-15
975.1   1.38462981536e-15
975.3   1.47785585414e-15
975.5   1.57579351513e-15
975.7   1.67896630339e-15
975.9   1.7876359715e-15
976.1   1.90284952951e-15
976.3   2.02486872999e-15
976.5   2.15421707801e-15
976.7   2.29141807864e-15
976.9   2.43673348446e-15
977.1   2.59068680053e-15
977.3   2.75380153195e-15
977.5   2.92660118374e-15
977.7   3.1098710135e-15
977.9   3.30099349645e-15
978.1   3.50520368238e-15
978.3   3.71988404657e-15
978.5   3.94503458908e-15
978.7   4.18327283489e-15
978.9   4.43198125923e-15
979.1   4.69377738706e-15
979.3   4.96604369361e-15
979.5   5.25139770382e-15
979.7   5.54983941782e-15
979.9   5.85875131084e-15
980.1   6.18336843267e-15
980.3   6.51845573372e-15
980.5   6.86663073894e-15
980.7   7.2278934484e-15
980.9   7.60224386222e-15
981.1   7.98968198051e-15
981.3   8.39020780334e-15
981.5   8.80120380596e-15
981.7   9.22790503819e-15
981.9   9.6650764504e-15
982.1   1.01179530924e-14
982.3   1.05786823897e-14
982.5   1.1055116917e-14
982.9   1.2036778988e-14
983.3   1.30655568311e-14
983.7   1.41309803474e-14
984.1   1.52356670627e-14
984.5   1.63769994529e-14
984.9   1.75497424691e-14
985.3   1.87565136369e-14
985.7   1.99868428576e-14
986.1   2.12381126073e-14
986.9   2.37642108234e-14
987.7   2.63007804684e-14
988.5   2.88661442227e-14
989.3   3.13529835733e-14
990.1   3.37351232779e-14
990.9   3.60125633429e-14
991.7   3.81853037745e-14
992.1   3.92062363812e-14
992.5   4.01748188334e-14
992.9   4.10648758831e-14
993.3   4.18764075315e-14
994.1   4.34471213666e-14
994.5   4.41801283064e-14
994.9   4.4834609848e-14
995.3   4.54105659919e-14
995.7   4.59341719876e-14
996.1   4.63792525874e-14
996.5   4.67981582891e-14
996.9   4.71123633478e-14
997.3   4.7348043013e-14
998.1   4.77147024085e-14
998.5   4.78456821405e-14
998.9   4.7845785985e-14
999.3   4.77411891913e-14
999.7   4.76104175059e-14
1000.0   4.74796199159e-14
1001.0   4.72966568096e-14
1002.0   4.60405107636e-14
1003.0   4.5046119468e-14
1004.0   4.30570710034e-14
1005.0   4.14344783087e-14
1006.0   3.86601769786e-14
1007.0   3.6592609675e-14
1008.0   3.32948080155e-14
1009.0   3.09131423964e-14
1010.0   2.6073623288e-14
1011.0   2.36212892155e-14
1012.0   2.11977502943e-14
1013.0   1.88396518852e-14
1014.0   1.54868964331e-14
1015.0   1.34088780027e-14
1016.0   1.10376992168e-14
1017.0   8.94398050715e-15
1018.0   7.13033941119e-15
1019.0   5.60724604112e-15
1020.0   4.35114268592e-15
1021.0   3.34370668434e-15
1022.0   2.55431300823e-15
1023.0   1.94160477762e-15
1024.0   1.45506377546e-15
1025.0   1.01171447653e-15
1026.0   4.39847262879e-16
1027.0   8.40393102615e-16
1028.0   1.28413068387e-15
1029.0   1.76373094982e-15
1030.0   2.27762339835e-15
1031.0   2.90459554047e-15
1032.0   3.84462628812e-15
1033.0   4.98882662002e-15
1034.0   6.24820070379e-15
1035.0   7.60966092793e-15
1036.0   8.75125174772e-15
1037.0   1.10497912514e-14
1038.0   1.50235493735e-14
1039.0   2.03558056191e-14
1040.0   2.37510962049e-14
1041.0   2.74945203444e-14
1042.0   3.0897669013e-14
1043.0   3.37249649862e-14
1044.0   3.73898717002e-14
1045.0   3.92748643097e-14
1046.0   4.3358580612e-14
1047.0   4.5374455101e-14
1048.0   4.75997344162e-14
1049.0   4.96679650901e-14
1050.0   5.22073531016e-14
1051.0   5.39876617802e-14
1052.0   5.48780148956e-14
1053.0   5.51663401952e-14
1054.0   5.53237921662e-14
1055.0   5.54027213186e-14
1056.0   5.56910553995e-14
1057.0   5.51156092298e-14
1058.0   5.40428363024e-14
1059.0   5.37291485622e-14
1060.0   5.46195252475e-14
1061.0   5.64522138855e-14
1062.0   5.92795649861e-14
1063.0   6.31277538105e-14
1064.0   6.72115229141e-14
1065.0   7.04053366205e-14
1066.0   7.24736177053e-14
1067.0   7.46204276159e-14
1068.0   7.53799524444e-14
1069.0   7.5537449661e-14
1070.0   7.44647133124e-14
1071.0   7.25805473886e-14
1072.0   7.19004460429e-14
1073.0   7.08538943732e-14
1074.0   7.01214488551e-14
1075.0   6.7975543095e-14
1076.0   6.69028257208e-14
1077.0   6.59871630445e-14
1078.0   6.68252452423e-14
1079.0   6.89459178524e-14
1080.0   7.30297373502e-14
1081.0   7.52027669584e-14
1082.0   7.8998665248e-14
1083.0   8.04649696957e-14
1084.0   8.25071329064e-14
1085.0   8.31620112493e-14
1086.0   8.40001196514e-14
1087.0   8.42362006679e-14
1088.0   8.45246355257e-14
1089.0   8.46821974972e-14
1091.0   8.47094038251e-14
1092.0   8.4657573952e-14
1095.0   8.43450533267e-14
1097.0   8.39011462004e-14
1100.0   8.34054506634e-14
1102.0   8.28307021521e-14
1105.0   8.22041831156e-14
1108.0   8.15515209126e-14
1110.0   8.08721284409e-14
1113.0   8.01933451797e-14
1116.0   7.94622443644e-14
1118.0   7.87305599603e-14
1121.0   7.79995147585e-14
1123.0   7.72678677231e-14
1126.0   7.65368790109e-14
1129.0   7.58059246085e-14
1131.0   7.50743385671e-14
1134.0   7.42649162873e-14
1137.0   7.34293538871e-14
1139.0   7.25407788031e-14
1142.0   7.16267498739e-14
1144.0   7.07120392956e-14
1147.0   6.9745719912e-14
1150.0   6.87270864478e-14
1152.0   6.76553891177e-14
1155.0   6.65059407471e-14
1158.0   6.5278003813e-14
1160.0   6.39446200971e-14
1163.0   6.25335190164e-14
1165.0   6.10431257949e-14
1168.0   5.94488613338e-14
1171.0   5.76975837584e-14
1173.0   5.56575785411e-14
1176.0   5.34352110439e-14
1177.0   5.2258176407e-14
1179.0   5.10296558872e-14
1180.0   4.974793334e-14
1181.0   4.83615141789e-14
1182.0   4.68703984132e-14
1184.0   4.53016435115e-14
1185.0   4.3601138982e-14
1186.0   4.18482883823e-14
1188.0   4.00178164089e-14
1189.0   3.80817524042e-14
1190.0   3.60409918683e-14
1192.0   3.38964526168e-14
1193.0   3.16463035354e-14
1194.0   2.93438084554e-14
1196.0   2.69637279562e-14
1197.0   2.45670155301e-14
1198.0   2.21336622894e-14
1200.0   1.96986500362e-14
1201.0   1.73150434196e-14
1202.0   1.61538254794e-14
1203.0   1.39115743487e-14
1204.0   1.17949689954e-14
1205.0   1.08012863987e-14
1206.0   9.39665700015e-15
1207.0   8.10982082905e-15
1208.0   6.94077789361e-15
1209.0   5.91046840077e-15
1210.0   5.0084222591e-15
1211.0   4.22416937713e-15
1212.0   3.54723966337e-15
1213.0   2.96978055108e-15
1214.0   2.46430803708e-15
1215.0   1.88502599452e-15
1216.0   6.10010524811e-16
1217.0   1.3701253201e-15
1218.0   2.45167686338e-15
1219.0   2.97334454246e-15
1220.0   3.54762918161e-15
1221.0   4.04862784262e-15
1222.0   4.83232391356e-15
1223.0   5.90133492664e-15
1224.0   6.5881920503e-15
1225.0   7.65197750063e-15
1226.0   9.11363148366e-15
1227.0   9.66439157744e-15
1228.0   1.06601356655e-14
1229.0   1.16427969048e-14
1230.0   1.28296298653e-14
1231.0   1.43907736699e-14
1232.0   1.63419334745e-14
1233.0   1.86202886892e-14
1234.0   2.10635527796e-14
1235.0   2.34989691118e-14
1236.0   2.58166016482e-14
1237.0   2.79745699979e-14
1238.0   2.89703621464e-14
1239.0   3.18246017868e-14
1240.0   3.35533105869e-14
1241.0   3.52034984964e-14
1242.0   3.6696639776e-14
1243.0   3.80850849288e-14
1244.0   3.93426587126e-14
1245.0   4.05217116304e-14
1246.0   4.15960684401e-14
1247.0   4.2591904396e-14
1248.0   4.34830442553e-14
1250.0   4.42968544939e-14
1251.0   4.50047823421e-14
1252.0   4.56080141169e-14
1253.0   4.61589003213e-14
1255.0   4.7182161787e-14
1256.0   4.76545370592e-14
1257.0   4.80745667829e-14
1258.0   4.8416075715e-14
1259.0   4.87314143579e-14
1261.0   4.92312302999e-14
1263.0   4.96787156444e-14
1265.0   5.00476951829e-14
1267.0   5.03119937064e-14
1269.0   5.04977865017e-14
1271.0   5.06050736063e-14
1276.0   5.07948535996e-14
1280.0   5.08263622271e-14
1284.0   5.07270755854e-14
1288.0   5.05755196661e-14
1292.0   5.03716946993e-14
1293.0   5.03207512096e-14
1297.0   5.00908531063e-14
1300.0   4.98595889633e-14
1305.0   4.95004265685e-14
1310.0   4.90366917006e-14
1315.0   4.85992608885e-14
1320.0   4.81096086343e-14
1330.0   4.71306920917e-14
1340.0   4.62046442874e-14
1350.0   4.53314658338e-14
1360.0   4.43017547508e-14
1370.0   4.3141685696e-14
1380.0   4.20083089775e-14
1385.0   4.14156387476e-14
1390.0   4.0875447578e-14
1395.0   4.04924361522e-14
1400.0   4.02142536266e-14
1405.0   4.00147243709e-14
1410.0   3.98153222231e-14
1420.0   3.92336706748e-14
1430.0   3.84954702196e-14
1440.0   3.77054173109e-14
1460.0   3.61791353882e-14
1480.0   3.47333042542e-14
1500.0   3.33678699737e-14
1520.0   3.20827716052e-14
1540.0   3.08517665086e-14
1560.0   2.97271319157e-14
1580.0   2.86302635287e-14
1600.0   2.76134285984e-14
1620.0   2.6666069676e-14
1640.0   2.57566855946e-14
1660.0   2.49008876893e-14
1680.0   2.40907271829e-14
1700.0   2.3326106023e-14
1720.0   2.26016897743e-14
1740.0   2.1914760685e-14
1760.0   2.12652181532e-14
1780.0   2.06477265899e-14
1800.0   2.00621859288e-14
1820.0   1.95058794312e-14
1840.0   1.8978709087e-14
1860.0   1.84779608861e-14
1880.0   1.80035401598e-14
1900.0   1.755011927e-14
1920.0   1.7120225468e-14
1940.0   1.67111534788e-14
1960.0   1.63228182575e-14
1980.0   1.59525200963e-14
2000.0   1.55975622825e-14
2020.0   1.52604862587e-14
2040.0   1.49386016126e-14
2060.0   1.46318387202e-14
2080.0   1.43401312723e-14
2100.0   1.40607987821e-14
2120.0   1.37937816519e-14
2140.0   1.35364061265e-14
2160.0   1.32912368558e-14
2180.0   1.30582242973e-14
2200.0   1.28320871562e-14
2220.0   1.26180174908e-14
2240.0   1.24107404588e-14
2260.0   1.2212836931e-14
2280.0   1.20216557981e-14
2300.0   1.18397839956e-14
2320.0   1.16619588002e-14
2340.0   1.14933904191e-14
2360.0   1.13288217041e-14
2380.0   1.1173468259e-14
2400.0   1.10220781482e-14
2420.0   1.08746369507e-14
2440.0   1.07337501392e-14
2460.0   1.05967904088e-14
2480.0   1.04637501542e-14
2500.0   1.03372413732e-14
2520.0   1.02120254701e-14
2540.0   1.00933358346e-14
2560.0   9.97593754798e-15
2580.0   9.86506748895e-15
2600.0   9.7554940429e-15
2620.0   9.64722216134e-15
2640.0   9.54549327397e-15
2660.0   9.44246252882e-15
2680.0   9.3459914822e-15
2700.0   9.24823771908e-15
2720.0   9.15706507258e-15
2740.0   9.0646332494e-15
2760.0   8.97619052933e-15
2780.0   8.88913349521e-15
2800.0   8.80347706369e-15
2820.0   8.71923689427e-15
2840.0   8.63904685068e-15
2860.0   8.55768884058e-15
2880.0   8.48041543118e-15
2900.0   8.40462711946e-15
2920.0   8.32772485338e-15
2940.0   8.25496255566e-15
2960.0   8.18112440122e-15
2980.0   8.1088474452e-15
3000.0   8.04076900451e-15
3020.0   7.97167404179e-15
3040.0   7.90158275023e-15
3060.0   7.83575051647e-15
3080.0   7.76896273616e-15
3100.0   7.70385745488e-15
3120.0   7.64045523739e-15
3140.0   7.57615913832e-15
3160.0   7.5136072491e-15
3180.0   7.45282009757e-15
3200.0   7.39120062378e-15
3220.0   7.331386732e-15
3240.0   7.27078117022e-15
3260.0   7.21202161001e-15
3280.0   7.15251052896e-15
3300.0   7.09488529324e-15
3320.0   7.03916556755e-15
3340.0   6.98275330083e-15
3360.0   6.92566776279e-15
3380.0   6.87054553197e-15
3400.0   6.81688193012e-15
3420.0   6.76286327959e-15
3440.0   6.70903142927e-15
3460.0   6.65592797407e-15
3480.0   6.60330899031e-15
3500.0   6.55119203927e-15
3520.0   6.49933265662e-15
3540.0   6.44800960497e-15
3560.0   6.39723961226e-15
3580.0   6.34677736822e-15
3600.0   6.29663902635e-15
3620.0   6.24710220163e-15
3633.0   6.21535231385e-15
3640.0   6.19765895875e-15
3644.0   6.18730126485e-15
3647.0   6.18043831693e-15
3650.0   6.17330440621e-15
3660.0   6.14858632568e-15
3670.0   6.12376833297e-15
3676.0   6.10856859526e-15
3680.0   6.09911402545e-15
3683.0   6.09109685288e-15
3684.0   6.08912055233e-15
3687.0   6.08161541218e-15
3688.0   6.07937354944e-15
3693.0   6.06736479553e-15
3698.0   6.05402380593e-15
3703.0   6.04275358654e-15
3704.0   6.03997326731e-15
3705.0   6.03745378127e-15
3707.0   6.03215030584e-15
3710.0   6.02510437578e-15
3712.0   6.02083879673e-15
3713.0   6.01752676235e-15
3716.0   6.010464523e-15
3721.0   5.99806542816e-15
3722.0   5.99657759334e-15
3723.0   5.99351835591e-15
3725.0   5.98896773981e-15
3728.0   5.98108819138e-15
3735.0   5.96380621433e-15
3742.0   5.9477906027e-15
3747.0   5.93449298033e-15
3749.0   5.92885390305e-15
3751.0   5.92373496517e-15
3755.0   5.91741333395e-15
3759.0   5.90950788718e-15
3761.0   5.90463407591e-15
3763.0   5.90080398959e-15
3766.0   5.889163299e-15
3769.0   5.87960931196e-15
3770.0   5.8752015199e-15
3772.0   5.87057155829e-15
3773.0   5.87008763956e-15
3774.0   5.86986467196e-15
3776.0   5.86915458679e-15
3777.0   5.86892922498e-15
3778.0   5.86844131592e-15
3781.0   5.86540232146e-15
3784.0   5.86000046046e-15
3786.0   5.85325427047e-15
3789.0   5.84286738628e-15
3792.0   5.83037950501e-15
3794.0   5.81655359393e-15
3795.0   5.81212613544e-15
3797.0   5.80065139849e-15
3798.0   5.79543639064e-15
3799.0   5.79152938446e-15
3800.0   5.79259491636e-15
3801.0   5.79523020561e-15
3802.0   5.79838824386e-15
3803.0   5.80154552775e-15
3804.0   5.80444030638e-15
3806.0   5.8097041067e-15
3808.0   5.81339440009e-15
3810.0   5.81603470418e-15
3812.0   5.8163162692e-15
3814.0   5.81502436524e-15
3816.0   5.81189725241e-15
3818.0   5.80719669574e-15
3820.0   5.79935219287e-15
3821.0   5.78993204949e-15
3823.0   5.77789515573e-15
3825.0   5.76323785195e-15
3827.0   5.74648365557e-15
3829.0   5.72763257899e-15
3830.0   5.72029999184e-15
3831.0   5.7064228821e-15
3833.0   5.6841633397e-15
3835.0   5.66530375635e-15
3836.0   5.65691991974e-15
3837.0   5.65272342171e-15
3838.0   5.65847281845e-15
3839.0   5.66579203197e-15
3840.0   5.67782209362e-15
3841.0   5.68985146018e-15
3843.0   5.70527028212e-15
3846.0   5.73245050348e-15
3848.0   5.74419790822e-15
3849.0   5.75491300643e-15
3851.0   5.76325353578e-15
3852.0   5.7710873169e-15
3854.0   5.77602099803e-15
3856.0   5.77911971617e-15
3857.0   5.78066806815e-15
3859.0   5.77983647814e-15
3861.0   5.77795521256e-15
3862.0   5.77505044023e-15
3864.0   5.76897715877e-15
3866.0   5.76002196411e-15
3867.0   5.74978482734e-15
3869.0   5.73846992872e-15
3870.0   5.72561330797e-15
3872.0   5.70905945464e-15
3874.0   5.68910023041e-15
3875.0   5.66681728439e-15
3877.0   5.64554543682e-15
3879.0   5.61955948522e-15
3880.0   5.59203829037e-15
3882.0   5.5626457394e-15
3884.0   5.5308948859e-15
3885.0   5.49944424106e-15
3887.0   5.46402507928e-15
3888.0   5.44670718844e-15
3889.0   5.42938867375e-15
3890.0   5.40866675434e-15
3891.0   5.4073138979e-15
3892.0   5.42559185836e-15
3893.0   5.44046641841e-15
3894.0   5.4718307684e-15
3896.0   5.5015768109e-15
3898.0   5.53079689892e-15
3899.0   5.55744664229e-15
3901.0   5.58273679019e-15
3904.0   5.62995968944e-15
3906.0   5.65053226132e-15
3907.0   5.67168037745e-15
3909.0   5.68858482971e-15
3911.0   5.70339288629e-15
3912.0   5.71590020063e-15
3914.0   5.72704017976e-15
3916.0   5.73739255368e-15
3917.0   5.74675590348e-15
3919.0   5.75213147944e-15
3920.0   5.75704329289e-15
3922.0   5.75953611582e-15
3924.0   5.76097962555e-15
3927.0   5.76078482332e-15
3930.0   5.75508809864e-15
3933.0   5.74336598359e-15
3937.0   5.72397686784e-15
3940.0   5.69810840115e-15
3942.0   5.68304126924e-15
3943.0   5.66621466666e-15
3945.0   5.64590919823e-15
3947.0   5.62193701727e-15
3950.0   5.57144742313e-15
3951.0   5.54519339168e-15
3953.0   5.51624144468e-15
3955.0   5.48336107548e-15
3956.0   5.44689602845e-15
3958.0   5.41348897188e-15
3960.0   5.3756300147e-15
3961.0   5.33680655986e-15
3963.0   5.29580343014e-15
3965.0   5.25270419857e-15
3966.0   5.21021360648e-15
3968.0   5.16501725178e-15
3969.0   5.13796851061e-15
3970.0   5.08160297841e-15
3971.0   5.06528506521e-15
3972.0   5.05996024639e-15
3973.0   5.09520655416e-15
3974.0   5.12364678987e-15
3975.0   5.17014744099e-15
3977.0   5.21289075274e-15
3979.0   5.25249102571e-15
3980.0   5.28904257116e-15
3982.0   5.32628407768e-15
3984.0   5.36038257117e-15
3986.0   5.39081455691e-15
3987.0   5.42500686836e-15
3989.0   5.4549124089e-15
3991.0   5.48115146726e-15
3993.0   5.50503281599e-15
3994.0   5.52848987644e-15
3996.0   5.55367710076e-15
3998.0   5.57519787834e-15
3999.0   5.59472626159e-15
4001.0   5.61048563547e-15
4005.0   5.63833419808e-15
4008.0   5.66052447779e-15
4011.0   5.67616677866e-15
4015.0   5.68515064345e-15
4018.0   5.69162201499e-15
4022.0   5.6940493985e-15
4025.0   5.69475280359e-15
4029.0   5.69245621287e-15
4036.0   5.68168026543e-15
4039.0   5.67372755011e-15
4042.0   5.66315348287e-15
4046.0   5.64904882889e-15
4049.0   5.63270740193e-15
4053.0   5.61178555912e-15
4056.0   5.58810643091e-15
4060.0   5.55958237193e-15
4063.0   5.52568643693e-15
4067.0   5.48406358758e-15
4070.0   5.439951016e-15
4073.0   5.39295566607e-15
4075.0   5.36781831186e-15
4077.0   5.3405854046e-15
4079.0   5.3107334484e-15
4080.0   5.28075613365e-15
4082.0   5.24933139339e-15
4084.0   5.21633463671e-15
4086.0   5.18176587266e-15
4087.0   5.1441951161e-15
4089.0   5.10569784286e-15
4091.0   5.06719909954e-15
4092.0   5.02622372306e-15
4094.0   4.98248774161e-15
4096.0   4.93691804491e-15
4097.0   4.91269301772e-15
4098.0   4.88846763189e-15
4099.0   4.83466385763e-15
4100.0   4.80415569817e-15
4101.0   4.76998264857e-15
4102.0   4.73292996739e-15
4103.0   4.70660878499e-15
4104.0   4.71483857868e-15
4105.0   4.76154563684e-15
4106.0   4.80825234512e-15
4107.0   4.82773644614e-15
4108.0   4.86580462596e-15
4109.0   4.89889916197e-15
4111.0   4.92948886051e-15
4112.0   4.95917958096e-15
4113.0   4.98782294922e-15
4116.0   5.03972318816e-15
4119.0   5.08743234594e-15
4121.0   5.13398216581e-15
4124.0   5.17304848691e-15
4127.0   5.20923256631e-15
4129.0   5.24452175927e-15
4132.0   5.27337189213e-15
4135.0   5.29907810699e-15
4137.0   5.32520082838e-15
4140.0   5.34854652023e-15
4142.0   5.37073981337e-15
4145.0   5.38832227811e-15
4148.0   5.40249919441e-15
4150.0   5.41474097548e-15
4153.0   5.42420179868e-15
4158.0   5.43882960771e-15
4164.0   5.44517028025e-15
4169.0   5.44747971756e-15
4174.0   5.44637929882e-15
4180.0   5.44196095491e-15
4185.0   5.43639561874e-15
4190.0   5.42925308931e-15
4195.0   5.42131874581e-15
4201.0   5.41137024505e-15
4206.0   5.40158963389e-15
4211.0   5.39127934495e-15
4217.0   5.37947487188e-15
4222.0   5.36784265503e-15
4227.0   5.35568113553e-15
4232.0   5.34272867634e-15
4238.0   5.32827774658e-15
4243.0   5.31374267393e-15
4248.0   5.29841702554e-15
4254.0   5.28054288992e-15
4259.0   5.26180315206e-15
4264.0   5.24122618406e-15
4270.0   5.2167891781e-15
4275.0   5.19018136889e-15
4280.0   5.15938090444e-15
4285.0   5.12386438668e-15
4291.0   5.08396098919e-15
4296.0   5.04110585522e-15
4299.0   5.01748478557e-15
4301.0   4.99274974714e-15
4304.0   4.96519993682e-15
4307.0   4.93581641677e-15
4309.0   4.90584376442e-15
4312.0   4.87357861226e-15
4315.0   4.83947980917e-15
4317.0   4.80322263753e-15
4320.0   4.76336302244e-15
4323.0   4.72140806205e-15
4325.0   4.67729595951e-15
4328.0   4.62879502594e-15
4330.0   4.57944645288e-15
4332.0   4.55156102645e-15
4333.0   4.52439960572e-15
4334.0   4.49592928561e-15
4336.0   4.46411647636e-15
4337.0   4.42936369049e-15
4338.0   4.41031591997e-15
4339.0   4.36692503524e-15
4340.0   4.34002442488e-15
4341.0   4.29925080131e-15
4342.0   4.22628149131e-15
4343.0   4.28287953187e-15
4344.0   4.33921569081e-15
4345.0   4.37565853247e-15
4346.0   4.40477217695e-15
4347.0   4.44278527913e-15
4348.0   4.46456960114e-15
4350.0   4.48405664143e-15
4351.0   4.50243780761e-15
4352.0   4.52055709834e-15
4354.0   4.55548655151e-15
4356.0   4.58675098715e-15
4358.0   4.6172296887e-15
4360.0   4.64535214729e-15
4362.0   4.67085661651e-15
4364.0   4.6947901123e-15
4366.0   4.71689088823e-15
4369.0   4.73669184001e-15
4371.0   4.75486522361e-15
4373.0   4.77172941319e-15
4375.0   4.78780791964e-15
4379.0   4.81629914437e-15
4383.0   4.84007719239e-15
4387.0   4.85914211045e-15
4392.0   4.87302450516e-15
4396.0   4.88632747131e-15
4400.0   4.89648797243e-15
4404.0   4.90402955905e-15
4409.0   4.90874311228e-15
4413.0   4.91130843996e-15
4417.0   4.91177850417e-15
4421.0   4.91093860669e-15
4430.0   4.90407138316e-15
4438.0   4.89426905788e-15
4447.0   4.88111007702e-15
4455.0   4.8673736164e-15
4463.0   4.85258697861e-15
4472.0   4.83627582752e-15
4480.0   4.82017478979e-15
4489.0   4.80307286187e-15
4497.0   4.78670588712e-15
4506.0   4.76907654701e-15
4514.0   4.75244504851e-15
4522.0   4.73581272378e-15
4531.0   4.71818047365e-15
4539.0   4.70154738543e-15
4548.0   4.6836532707e-15
4556.0   4.66702073747e-15
4565.0   4.64938972538e-15
4573.0   4.63249727602e-15
4582.0   4.61486903512e-15
4590.0   4.59824141963e-15
4598.0   4.58161567486e-15
4607.0   4.56399400588e-15
4615.0   4.54763486151e-15
4624.0   4.53001930279e-15
4632.0   4.51340441232e-15
4641.0   4.49605800047e-15
4649.0   4.47945024103e-15
4657.0   4.46284621705e-15
4666.0   4.44525118073e-15
4674.0   4.42865588172e-15
4683.0   4.4108095002e-15
4691.0   4.39396221779e-15
4700.0   4.37612740041e-15
4708.0   4.35876739481e-15
4717.0   4.34016000603e-15
4725.0   4.3220265067e-15
4733.0   4.30363712196e-15
4742.0   4.28347984055e-15
4750.0   4.26353309421e-15
4759.0   4.24182061055e-15
4767.0   4.21953215397e-15
4776.0   4.19443320695e-15
4784.0   4.16823340551e-15
4792.0   4.13889990262e-15
4801.0   4.10440362613e-15
4805.0   4.08581770436e-15
4809.0   4.0656632203e-15
4814.0   4.04322129633e-15
4818.0   4.02045376248e-15
4822.0   3.99533248109e-15
4826.0   3.96811922647e-15
4830.0   3.93802876284e-15
4835.0   3.90408315947e-15
4839.0   3.86797712082e-15
4841.0   3.84848526311e-15
4843.0   3.82847043748e-15
4845.0   3.80740914154e-15
4847.0   3.78477787295e-15
4849.0   3.76162364424e-15
4852.0   3.73592378917e-15
4854.0   3.70910639907e-15
4855.0   3.69504353034e-15
4856.0   3.67993379044e-15
4857.0   3.66351542722e-15
4858.0   3.64526493601e-15
4859.0   3.62465881217e-15
4860.0   3.59881777866e-15
4861.0   3.58266172749e-15
4862.0   3.53876005351e-15
4863.0   3.47941512387e-15
4864.0   3.52712710223e-15
4865.0   3.56803365758e-15
4866.0   3.60213479024e-15
4867.0   3.62576596571e-15
4868.0   3.635524402e-15
4869.0   3.65313555573e-15
4870.0   3.66839108026e-15
4871.0   3.68207623338e-15
4873.0   3.69400357464e-15
4875.0   3.71744860294e-15
4878.0   3.73730471345e-15
4880.0   3.75682490931e-15
4883.0   3.77354218368e-15
4885.0   3.78966106727e-15
4888.0   3.80350128065e-15
4890.0   3.81700412444e-15
4893.0   3.82822905174e-15
4895.0   3.8393776231e-15
4898.0   3.84851079148e-15
4900.0   3.85756685762e-15
4905.0   3.87157186455e-15
4910.0   3.88243969001e-15
4915.0   3.89069387478e-15
4920.0   3.89659620677e-15
4925.0   3.90040847355e-15
4930.0   3.90265421478e-15
4935.0   3.90307171232e-15
4940.0   3.90218450514e-15
4945.0   3.89999262687e-15
4955.0   3.8935272572e-15
4965.0   3.8841993703e-15
4975.0   3.87279448012e-15
4985.0   3.86009809514e-15
4990.0   3.85349470249e-15
4995.0   3.84663396597e-15
5000.0   3.83977766792e-15
5010.0   3.82529324769e-15
5020.0   3.81030342677e-15
5040.0   3.77959374481e-15
5060.0   3.74817388576e-15
5080.0   3.71683078721e-15
5100.0   3.68530430042e-15
5120.0   3.65411945986e-15
5140.0   3.62301597041e-15
5160.0   3.5919952194e-15
5180.0   3.56158203111e-15
5200.0   3.53125415379e-15
5220.0   3.50127452905e-15
5240.0   3.47138253128e-15
5260.0   3.44184097942e-15
5280.0   3.41265088133e-15
5300.0   3.38381318798e-15
5320.0   3.35532879523e-15
5340.0   3.32693679293e-15
5360.0   3.29863797157e-15
5380.0   3.27095657633e-15
5400.0   3.24336979373e-15
5420.0   3.21614002051e-15
5440.0   3.18900610269e-15
5460.0   3.16223034695e-15
5480.0   3.13581326455e-15
5500.0   3.10949357271e-15
5520.0   3.08353345338e-15
5540.0   3.05767154459e-15
5560.0   3.03216995165e-15
5580.0   3.00676723845e-15
5600.0   2.98172543857e-15
5620.0   2.95704479898e-15
5640.0   2.93246378122e-15
5660.0   2.9082443199e-15
5680.0   2.88412481387e-15
5700.0   2.86010538468e-15
5720.0   2.83644787763e-15
5740.0   2.81315235779e-15
5760.0   2.78995711093e-15
5780.0   2.76686214944e-15
5800.0   2.74412921324e-15
5820.0   2.72149651322e-15
5840.0   2.69922574201e-15
5860.0   2.67705506491e-15
5880.0   2.65524613061e-15
5900.0   2.63353706209e-15
5920.0   2.61192771476e-15
5940.0   2.59067967731e-15
5960.0   2.56953101489e-15
5980.0   2.54874327981e-15
6000.0   2.52805450226e-15
6020.0   2.50746444843e-15
6040.0   2.48723462117e-15
6060.0   2.46710300317e-15
6080.0   2.44706931499e-15
6100.0   2.42739501567e-15
6120.0   2.40781804587e-15
6140.0   2.38833808586e-15
6160.0   2.36895480357e-15
6180.0   2.34992960762e-15
6200.0   2.33100039037e-15
6220.0   2.31216678586e-15
6240.0   2.29369017031e-15
6260.0   2.27530840509e-15
6280.0   2.2570210947e-15
6300.0   2.23882783464e-15
6320.0   2.22072821188e-15
6340.0   2.2027218053e-15
6360.0   2.18480818601e-15
6380.0   2.1669869178e-15
6400.0   2.14899580504e-15
6420.0   2.13083439794e-15
6440.0   2.11224048802e-15
6460.0   2.09269010839e-15
6470.0   2.08216346783e-15
6480.0   2.07139753412e-15
6490.0   2.05986874303e-15
6500.0   2.04705353003e-15
6505.0   2.04039253004e-15
6510.0   2.03295183526e-15
6515.0   2.02525494312e-15
6520.0   2.01704009359e-15
6525.0   2.00778377415e-15
6530.0   1.99800948217e-15
6535.0   1.9871937051e-15
6540.0   1.97533643532e-15
6542.0   1.9691816071e-15
6545.0   1.96217591272e-15
6548.0   1.95464869407e-15
6550.0   1.94745037716e-15
6552.0   1.93946768188e-15
6555.0   1.93011281104e-15
6556.0   1.92533719403e-15
6558.0   1.91945115296e-15
6559.0   1.9133412563e-15
6560.0   1.9063416204e-15
6561.0   1.90201207902e-15
6562.0   1.89210742878e-15
6563.0   1.88160096686e-15
6564.0   1.86421063354e-15
6565.0   1.84354861305e-15
6566.0   1.86620684782e-15
6567.0   1.88137918028e-15
6568.0   1.89016497081e-15
6569.0   1.89646433139e-15
6570.0   1.9014289729e-15
6571.0   1.90547769924e-15
6572.0   1.9088984381e-15
6573.0   1.91197911714e-15
6575.0   1.91709412028e-15
6577.0   1.92116298641e-15
6579.0   1.92497097247e-15
6581.0   1.9282563255e-15
6583.0   1.93101904499e-15
6587.0   1.93602359132e-15
6591.0   1.93998460749e-15
6595.0   1.94316384199e-15
6599.0   1.94556129084e-15
6603.0   1.94717695004e-15
6607.0   1.94853432058e-15
6611.0   1.94910989346e-15
6615.0   1.94942716966e-15
6623.0   1.94876331095e-15
6631.0   1.94680446477e-15
6639.0   1.94407410383e-15
6647.0   1.9408339483e-15
6655.0   1.93682221329e-15
6671.0   1.92779263731e-15
6687.0   1.91777037284e-15
6703.0   1.90727866332e-15
6719.0   1.89631724629e-15
6735.0   1.88514761095e-15
6751.0   1.87403124568e-15
6767.0   1.86270613319e-15
6783.0   1.8514337605e-15
6799.0   1.84021386155e-15
6815.0   1.82904616976e-15
6831.0   1.81793041807e-15
6847.0   1.806866339e-15
6863.0   1.79585366472e-15
6879.0   1.78489212711e-15
6895.0   1.77424321025e-15
6911.0   1.7633831406e-15
6927.0   1.75257340192e-15
6943.0   1.74181372537e-15
6959.0   1.73136559457e-15
6975.0   1.72070523565e-15
6991.0   1.71035588473e-15
7007.0   1.70005552057e-15
7023.0   1.68980387453e-15
7039.0   1.67933892563e-15
7055.0   1.66918391058e-15
7071.0   1.65907680886e-15
7087.0   1.64927910521e-15
7103.0   1.63926702721e-15
7119.0   1.62930206028e-15
7135.0   1.6193839377e-15
7151.0   1.60977414569e-15
7167.0   1.60021066593e-15
7183.0   1.59043148057e-15
7199.0   1.58095982975e-15
7215.0   1.57148134617e-15
7231.0   1.56207429186e-15
7247.0   1.55273840367e-15
7263.0   1.54347341906e-15
7279.0   1.53425290093e-15
7295.0   1.52512893854e-15
7311.0   1.51604892091e-15
7327.0   1.50703876346e-15
7343.0   1.4980720319e-15
7359.0   1.48920081842e-15
7375.0   1.480372515e-15
7391.0   1.47161304016e-15
7407.0   1.462922138e-15
7423.0   1.45427337821e-15
7439.0   1.44569268181e-15
7455.0   1.43717979547e-15
7471.0   1.42870829149e-15
7487.0   1.42030409355e-15
7503.0   1.41196695103e-15
7519.0   1.40369661424e-15
7535.0   1.39546665915e-15
7551.0   1.38730301324e-15
7567.0   1.37917925444e-15
7583.0   1.37112131215e-15
7599.0   1.36312894154e-15
7615.0   1.35517572353e-15
7631.0   1.34728759057e-15
7647.0   1.33946430086e-15
7663.0   1.33167943841e-15
7679.0   1.32395893878e-15
7695.0   1.31627638809e-15
7711.0   1.30865772401e-15
7727.0   1.30110271003e-15
7743.0   1.29358493549e-15
7759.0   1.28613034131e-15
7775.0   1.27871251901e-15
7791.0   1.27135741169e-15
7807.0   1.26403861307e-15
7823.0   1.2567820685e-15
7839.0   1.24956137392e-15
7855.0   1.24240247691e-15
7871.0   1.23530515091e-15
7887.0   1.22824299527e-15
7903.0   1.22121578569e-15
7919.0   1.21424947429e-15
7935.0   1.20734383907e-15
7951.0   1.20044630868e-15
7967.0   1.19363518914e-15
7983.0   1.18685791142e-15
7999.0   1.1801142581e-15
8015.0   1.1734301882e-15
8031.0   1.1668054866e-15
8047.0   1.1601875889e-15
8063.0   1.15365480804e-15
8079.0   1.14712840669e-15
8095.0   1.14066052487e-15
8111.0   1.13425095329e-15
8127.0   1.12787330858e-15
8143.0   1.12152738376e-15
8159.0   1.11523914828e-15
8175.0   1.10900839749e-15
8191.0   1.1027825774e-15
8206.0   1.09697721355e-15
8222.0   1.09088961227e-15
8237.0   1.08511368234e-15
8253.0   1.07911119827e-15
8268.0   1.07341635257e-15
8284.0   1.0674720678e-15
8299.0   1.06185761399e-15
8315.0   1.05599696947e-15
8330.0   1.05046222309e-15
8346.0   1.04465831766e-15
8361.0   1.03920260207e-15
8377.0   1.03348089339e-15
8390.0   1.02881383657e-15
8392.0   1.02810353975e-15
8395.0   1.02707819106e-15
8399.0   1.02560791277e-15
8402.0   1.02458489391e-15
8409.0   1.02212319707e-15
8416.0   1.01964073446e-15
8419.0   1.01854482013e-15
8430.0   1.0147181507e-15
8440.0   1.01118898506e-15
8451.0   1.00736137072e-15
8453.0   1.00666447357e-15
8461.0   1.00385504275e-15
8470.0   1.00079758366e-15
8486.0   9.95293452544e-16
8500.0   9.9050307542e-16
8502.0   9.89816700664e-16
8505.0   9.88827198137e-16
8510.0   9.87127798475e-16
8520.0   9.8373693589e-16
8532.0   9.79702757867e-16
8540.0   9.77012980487e-16
8548.0   9.74356072275e-16
8564.0   9.69009898853e-16
8580.0   9.63690237016e-16
8592.0   9.59783221833e-16
8596.0   9.58449262527e-16
8601.0   9.56823375445e-16
8610.0   9.53897965391e-16
8628.0   9.48045630642e-16
8646.0   9.42252148607e-16
8662.0   9.37170340721e-16
8665.0   9.36230156786e-16
8667.0   9.35551513684e-16
8673.0   9.33675016342e-16
8684.0   9.30191670368e-16
8696.0   9.26462363577e-16
8707.0   9.23003887745e-16
8718.0   9.19531047591e-16
8730.0   9.15815391125e-16
8741.0   9.12393248563e-16
8752.0   9.08982751724e-16
8753.0   9.08730391832e-16
8754.0   9.08399601961e-16
8755.0   9.08068907819e-16
8758.0   9.07182100362e-16
8764.0   9.05358714267e-16
8776.0   9.01748404708e-16
8788.0   8.98151754932e-16
8800.0   8.94542521908e-16
8811.0   8.91219765631e-16
8823.0   8.87636395676e-16
8835.0   8.84040246649e-16
8847.0   8.80483602545e-16
8852.0   8.78979410614e-16
8859.0   8.76940221942e-16
8865.0   8.75147309614e-16
8878.0   8.71435360024e-16
8891.0   8.67738777758e-16
8904.0   8.64057480167e-16
8917.0   8.60391385043e-16
8930.0   8.56661884872e-16
8943.0   8.52868898318e-16
8956.0   8.49169395979e-16
8969.0   8.45458596396e-16
8982.0   8.41736419535e-16
8995.0   8.37976610548e-16
8999.0   8.36846856842e-16
9008.0   8.34257616008e-16
9017.0   8.31675353843e-16
9027.0   8.29108071344e-16
9036.0   8.26776033864e-16
9055.0   8.21933632497e-16
9074.0   8.17017032121e-16
9092.0   8.12300327707e-16
9111.0   8.07337739421e-16
9130.0   8.02300251749e-16
9149.0   7.97239981276e-16
9168.0   7.92104345449e-16
9186.0   7.87107428767e-16
9205.0   7.81792684036e-16
9216.0   7.78670980497e-16
9224.0   7.76428075972e-16
9232.0   7.74268738739e-16
9239.0   7.72717175604e-16
9247.0   7.70933699819e-16
9262.0   7.67616217003e-16
9278.0   7.64161362473e-16
9293.0   7.60827467891e-16
9309.0   7.57227475953e-16
9324.0   7.53798185388e-16
9340.0   7.50104920718e-16
9355.0   7.46553606461e-16
9371.0   7.4279276486e-16
9386.0   7.39171330891e-16
9402.0   7.35342439216e-16
9417.0   7.31676620139e-16
9433.0   7.27753036228e-16
9448.0   7.2396387146e-16
9464.0   7.19918959308e-16
9479.0   7.15979844505e-16
9495.0   7.11708448447e-16
9510.0   7.07488083941e-16
9526.0   7.02911229579e-16
9533.0   7.00778675251e-16
9541.0   6.98383022302e-16
9545.0   6.97186855001e-16
9547.0   6.96602272969e-16
9549.0   6.96044141879e-16
9550.0   6.95935318764e-16
9552.0   6.95613178025e-16
9554.0   6.9531748766e-16
9556.0   6.95048247441e-16
9558.0   6.94753106646e-16
9560.0   6.94484415544e-16
9562.0   6.9421599866e-16
9564.0   6.93921680521e-16
9567.0   6.93546154676e-16
9575.0   6.9237325641e-16
9590.0   6.9006802502e-16
9605.0   6.87620977362e-16
9620.0   6.85005844289e-16
9635.0   6.82274883006e-16
9651.0   6.79299813746e-16
9666.0   6.76416431946e-16
9681.0   6.7349546533e-16
9696.0   6.70510647787e-16
9711.0   6.6751423954e-16
9726.0   6.645061509e-16
9741.0   6.61486292758e-16
9756.0   6.58428401335e-16
9771.0   6.55384739173e-16
9786.0   6.52329043638e-16
9802.0   6.49090359796e-16
9817.0   6.46011265824e-16
9832.0   6.42919874018e-16
9847.0   6.39894625026e-16
9862.0   6.36909259052e-16
9877.0   6.33754290109e-16
9892.0   6.30560510992e-16
9907.0   6.27327838792e-16
9922.0   6.24056191141e-16
9937.0   6.20719310961e-16
9953.0   6.17129162158e-16
9968.0   6.13583920357e-16
9983.0   6.09920847887e-16
9996.0   6.06589154305e-16
9998.0   6.06061339319e-16
10000.0   6.0553375343e-16
10010.0   6.03187181629e-16
10020.0   6.00008701313e-16
10030.0   5.97542628942e-16
10040.0   5.93982849258e-16
10050.0   5.91371008645e-16
10060.0   5.89235929724e-16
10070.0   5.89148104602e-16
10080.0   5.88385284723e-16
10090.0   5.87549478196e-16
10100.0   5.8705946649e-16
10110.0   5.85894392498e-16
10120.0   5.84708615124e-16
10130.0   5.83659163641e-16
10150.0   5.80895964781e-16
10170.0   5.78049599346e-16
10180.0   5.7658208702e-16
10200.0   5.73505944447e-16
10230.0   5.68774191227e-16
10260.0   5.63879940733e-16
10290.0   5.58927327237e-16
10360.0   5.4762682978e-16
10420.0   5.37857089144e-16
10490.0   5.26713277095e-16
10550.0   5.17210079595e-16
10610.0   5.07897968897e-16
10680.0   4.97363563701e-16
10710.0   4.92742387575e-16
10740.0   4.88055181616e-16
10770.0   4.83327661529e-16
10790.0   4.80284236747e-16
10810.0   4.77231285014e-16
10820.0   4.75279119431e-16
10840.0   4.72067666673e-16
10850.0   4.69918388528e-16
10870.0   4.66469616337e-16
10890.0   4.62827570147e-16
10900.0   4.60148772029e-16
10910.0   4.58102164234e-16
10920.0   4.55928648816e-16
10930.0   4.53602034859e-16
10940.0   4.50572626542e-16
10950.0   4.492485312e-16
10960.0   4.49708259116e-16
10970.0   4.50198053234e-16
10980.0   4.49670888282e-16
10990.0   4.49069057941e-16
11000.0   4.48366371765e-16
11020.0   4.47077175416e-16
11040.0   4.45253498736e-16
11050.0   4.44412761172e-16
11070.0   4.42349908583e-16
11080.0   4.41310990873e-16
11100.0   4.39113398544e-16
11120.0   4.36878184786e-16
11150.0   4.33434940857e-16
11180.0   4.29893317638e-16
11240.0   4.22748997156e-16
11310.0   4.14615990304e-16
11370.0   4.07609039207e-16
11440.0   3.99781167945e-16
11500.0   3.93107766989e-16
11560.0   3.86495460497e-16
11630.0   3.79086803187e-16
11690.0   3.72763830582e-16
11760.0   3.65703366079e-16
11820.0   3.59632027671e-16
11880.0   3.53713384187e-16
11950.0   3.47076071653e-16
12010.0   3.41393327207e-16
12080.0   3.34994746637e-16
12140.0   3.29564018477e-16
12200.0   3.24196026032e-16
12270.0   3.18230696165e-16
12330.0   3.1310097776e-16
12400.0   3.07347362989e-16
12460.0   3.02394777743e-16
12520.0   2.97468760547e-16
12590.0   2.9192824344e-16
12620.0   2.89446878706e-16
12650.0   2.86931763035e-16
12670.0   2.8531760222e-16
12680.0   2.84330342383e-16
12700.0   2.82675983236e-16
12720.0   2.80951125993e-16
12730.0   2.79843024588e-16
12750.0   2.77999223094e-16
12760.0   2.76713828347e-16
12770.0   2.75692149498e-16
12780.0   2.74646251666e-16
12790.0   2.73523777239e-16
12800.0   2.72324719131e-16
12810.0   2.70509860163e-16
12820.0   2.68594845704e-16
12830.0   2.67634531273e-16
12840.0   2.68521485875e-16
12850.0   2.68871137422e-16
12860.0   2.68887645939e-16
12870.0   2.68618119988e-16
12880.0   2.68245779452e-16
12890.0   2.68058545236e-16
12910.0   2.67140008145e-16
12920.0   2.66748969982e-16
12940.0   2.65684516853e-16
12960.0   2.64575069997e-16
12970.0   2.64036176409e-16
12990.0   2.62859139756e-16
13020.0   2.61054765139e-16
13050.0   2.59187946547e-16
13080.0   2.57284686502e-16
13150.0   2.52913385385e-16
13210.0   2.49147142785e-16
13280.0   2.44877041261e-16
13340.0   2.41187043063e-16
13400.0   2.37580595623e-16
13470.0   2.33519889828e-16
13530.0   2.30038889636e-16
13600.0   2.26133577064e-16
13660.0   2.22798821143e-16
13720.0   2.19517944846e-16
13790.0   2.15857022287e-16
13850.0   2.12728101922e-16
13920.0   2.09210689877e-16
13980.0   2.06200196364e-16
14040.0   2.03240816317e-16
14110.0   1.99916489449e-16
14170.0   1.97069035186e-16
14240.0   1.93864968586e-16
14300.0   1.91125262052e-16
14360.0   1.88431919918e-16
14430.0   1.85400771655e-16
14490.0   1.82806820085e-16
14560.0   1.7988726645e-16
14620.0   1.7738639608e-16
14680.0   1.74906753564e-16
14750.0   1.72115818742e-16
14810.0   1.69724181464e-16
14880.0   1.67034862905e-16
14940.0   1.6473058068e-16
15000.0   1.62464752296e-16
15050.0   1.6064684006e-16
15070.0   1.59916502756e-16
15090.0   1.59189702377e-16
15120.0   1.5810870075e-16
15130.0   1.57749237996e-16
15140.0   1.57388024806e-16
15160.0   1.56673423477e-16
15200.0   1.55270207687e-16
15260.0   1.53143641375e-16
15320.0   1.5110720394e-16
15330.0   1.50756706466e-16
15350.0   1.50110497336e-16
15370.0   1.49420402451e-16
15400.0   1.48425298274e-16
15410.0   1.48081229215e-16
15420.0   1.47756274804e-16
15440.0   1.47090409072e-16
15490.0   1.45485234204e-16
15560.0   1.43223225789e-16
15630.0   1.41003440129e-16
15710.0   1.38574355861e-16
15780.0   1.36457283225e-16
15810.0   1.35559447571e-16
15850.0   1.34379937147e-16
15890.0   1.33214060462e-16
15960.0   1.31171077955e-16
15970.0   1.30896483918e-16
16040.0   1.28919484481e-16
16110.0   1.26979507038e-16
16190.0   1.24841566092e-16
16260.0   1.22977885428e-16
16330.0   1.21141274738e-16
16390.0   1.19586819236e-16
16400.0   1.19318012137e-16
16410.0   1.19049785308e-16
16440.0   1.18324476916e-16
16460.0   1.17821994197e-16
16510.0   1.16595358113e-16
16610.0   1.14165630455e-16
16660.0   1.12969970402e-16
16710.0   1.11782475703e-16
16760.0   1.10592474743e-16
16810.0   1.09397151961e-16
16820.0   1.0916695939e-16
16830.0   1.08952982666e-16
16850.0   1.08523937649e-16
16900.0   1.07445759093e-16
16940.0   1.06556601145e-16
16990.0   1.05474549409e-16
17080.0   1.03532181858e-16
17170.0   1.01628085266e-16
17270.0   9.95761488089e-17
17350.0   9.79411670691e-17
17360.0   9.77443329481e-17
17370.0   9.75505512485e-17
17380.0   9.73362629704e-17
17420.0   9.65750340591e-17
17450.0   9.59922439656e-17
17520.0   9.46689804675e-17
17590.0   9.33634345854e-17
17650.0   9.22385808184e-17
17720.0   9.09671006004e-17
17790.0   8.97148075184e-17
17850.0   8.86343315162e-17
17920.0   8.7408807002e-17
17990.0   8.61961606595e-17
18050.0   8.51469618676e-17
18060.0   8.49750929213e-17
18120.0   8.39565370603e-17
18150.0   8.3449368363e-17
18160.0   8.32705356818e-17
18180.0   8.29479327278e-17
18190.0   8.27858378287e-17
18210.0   8.24836140533e-17
18220.0   8.23251605697e-17
18240.0   8.20223583747e-17
18250.0   8.18623025998e-17
18280.0   8.14024731664e-17
18340.0   8.04813278537e-17
18400.0   7.95641407132e-17
18450.0   7.87829585599e-17
18510.0   7.78581213392e-17
18540.0   7.73894672138e-17
18570.0   7.69157521798e-17
18600.0   7.6431717928e-17
18630.0   7.59347238974e-17
18660.0   7.54090421239e-17
18670.0   7.51995156351e-17
18680.0   7.4979818209e-17
18700.0   7.46119907015e-17
18710.0   7.44167435229e-17
18720.0   7.41327963615e-17
18730.0   7.39041122663e-17
18740.0   7.36469296261e-17
18750.0   7.32356064346e-17
18760.0   7.25811460361e-17
18770.0   7.29399595545e-17
18780.0   7.30948971255e-17
18790.0   7.31506589406e-17
18800.0   7.30889215256e-17
18820.0   7.29741642473e-17
18830.0   7.29106726969e-17
18840.0   7.28317622103e-17
18860.0   7.2617211181e-17
18880.0   7.24168832093e-17
18910.0   7.20700823595e-17
18940.0   7.17100962116e-17
18960.0   7.14618975591e-17
19020.0   7.07108178917e-17
19070.0   7.00601132073e-17
19120.0   6.94108731833e-17
19180.0   6.8641024712e-17
19230.0   6.79905017299e-17
19290.0   6.7221998226e-17
19340.0   6.65671507847e-17
19390.0   6.5905442286e-17
19440.0   6.5260347135e-17
19450.0   6.51451456776e-17
19460.0   6.50197159153e-17
19480.0   6.48009894817e-17
19500.0   6.45858399991e-17
19550.0   6.40482039131e-17
19590.0   6.36150070562e-17
19630.0   6.31750665501e-17
19710.0   6.22957371161e-17
19800.0   6.13184987085e-17
19880.0   6.04485471288e-17
19960.0   5.95897804801e-17
20050.0   5.86506056339e-17
20130.0   5.78176051472e-17
20210.0   5.70001484146e-17
20300.0   5.61116610211e-17
20380.0   5.53207949789e-17
20460.0   5.45446601928e-17
20550.0   5.36961505354e-17
20630.0   5.29475607532e-17
20710.0   5.22103307347e-17
20800.0   5.14043825554e-17
20880.0   5.06931535765e-17
20970.0   4.99181850836e-17
21050.0   4.92293529064e-17
21130.0   4.8550732727e-17
21220.0   4.78090545979e-17
21300.0   4.71462313816e-17
21380.0   4.64877658256e-17
21420.0   4.61594535875e-17
21470.0   4.57562601784e-17
21510.0   4.54226828816e-17
21550.0   4.5080911909e-17
21570.0   4.49056380348e-17
21590.0   4.4728307377e-17
21610.0   4.45646223297e-17
21620.0   4.44633567577e-17
21630.0   4.43569946065e-17
21640.0   4.42690932597e-17
21650.0   4.41760946546e-17
21660.0   4.40465881548e-17
21670.0   4.40062146164e-17
21680.0   4.39633603332e-17
21700.0   4.38675906677e-17
21720.0   4.37514239136e-17
21730.0   4.36987784223e-17
21760.0   4.35180916059e-17
21800.0   4.32659598743e-17
21830.0   4.30723639927e-17
21860.0   4.2877334356e-17
21920.0   4.24777043412e-17
21990.0   4.20125208032e-17
22050.0   4.16097557127e-17
22120.0   4.11481494237e-17
22180.0   4.07497934588e-17
22240.0   4.03557877111e-17
22310.0   3.99076370525e-17
22370.0   3.95228444827e-17
22440.0   3.908265904e-17
22500.0   3.87067976101e-17
22560.0   3.83349658917e-17
22630.0   3.79122868924e-17
22690.0   3.75489919142e-17
22760.0   3.71361205065e-17
22820.0   3.67811040428e-17
22880.0   3.64298238464e-17
22950.0   3.60307571143e-17
23010.0   3.56873941432e-17
23080.0   3.53000424576e-17
23140.0   3.4964360042e-17
23200.0   3.46347624717e-17
23270.0   3.42602217362e-17
23330.0   3.39379734226e-17
23400.0   3.35718790846e-17
23460.0   3.32567628933e-17
23520.0   3.29474848018e-17
23590.0   3.25932897218e-17
23650.0   3.22908396486e-17
23720.0   3.19471108179e-17
23780.0   3.16512893532e-17
23840.0   3.13610793857e-17
23910.0   3.10284125485e-17
23970.0   3.07445517728e-17
24040.0   3.04191845091e-17
24100.0   3.01414896144e-17
24160.0   2.9866580385e-17
24230.0   2.95541229765e-17
24290.0   2.92877401715e-17
24360.0   2.89820772813e-17
24420.0   2.87214347036e-17
24480.0   2.84618156046e-17
24550.0   2.81678308685e-17
24610.0   2.79152859408e-17
24680.0   2.76284160411e-17
24740.0   2.7381481174e-17
24800.0   2.71356550085e-17
24870.0   2.68585022531e-17
24930.0   2.66201621851e-17
25000.0   2.63494341074e-17
25060.0   2.61166046621e-17
25120.0   2.58862917003e-17
25190.0   2.56246794976e-17
25250.0   2.53996761207e-17
25320.0   2.51438317418e-17
25380.0   2.49237440632e-17
25440.0   2.47057609667e-17
25510.0   2.44579541851e-17
25570.0   2.42444394601e-17
25640.0   2.40015122877e-17
25700.0   2.37918204052e-17
25760.0   2.35833091873e-17
25830.0   2.33452897655e-17
25890.0   2.31378124158e-17
25960.0   2.29006711203e-17
26020.0   2.26904503193e-17
26050.0   2.25836747484e-17
26080.0   2.24747382105e-17
26120.0   2.23347318034e-17
26150.0   2.22189969201e-17
26160.0   2.21737998093e-17
26180.0   2.2097427094e-17
26200.0   2.2019157838e-17
26210.0   2.19647844875e-17
26230.0   2.18784338323e-17
26240.0   2.18325834421e-17
26250.0   2.17886140762e-17
26260.0   2.17729626343e-17
26270.0   2.1730922746e-17
26280.0   2.1706468728e-17
26290.0   2.16956741925e-17
26310.0   2.16619274134e-17
26320.0   2.16515390892e-17
26340.0   2.16091807456e-17
26350.0   2.15921304195e-17
26370.0   2.15448232602e-17
26390.0   2.14963971754e-17
26420.0   2.14233270202e-17
26450.0   2.13464915633e-17
26480.0   2.12677204599e-17
26510.0   2.11870111165e-17
26580.0   2.09956743293e-17
26640.0   2.08285091283e-17
26710.0   2.06350006861e-17
26770.0   2.04676474667e-17
26830.0   2.03008208478e-17
26900.0   2.01099853892e-17
26960.0   1.99454558987e-17
27030.0   1.97576854288e-17
27090.0   1.9596151122e-17
27150.0   1.94360913367e-17
27220.0   1.92537687694e-17
27280.0   1.90968431795e-17
27350.0   1.89183913936e-17
27410.0   1.87647808663e-17
27470.0   1.86125529499e-17
27540.0   1.84394712302e-17
27600.0   1.82907062349e-17
27670.0   1.81212714665e-17
27730.0   1.79756325556e-17
27790.0   1.7831814442e-17
27860.0   1.76676962605e-17
27920.0   1.75263749608e-17
27990.0   1.73656958753e-17
28050.0   1.72273251422e-17
28110.0   1.70904341946e-17
28180.0   1.69347788522e-17
28240.0   1.68007401802e-17
28310.0   1.66480690158e-17
28370.0   1.65170795249e-17
28430.0   1.63869726292e-17
28500.0   1.62393147122e-17
28560.0   1.6111903833e-17
28630.0   1.59673122001e-17
28690.0   1.58425370067e-17
28750.0   1.57193611131e-17
28820.0   1.55790059366e-17
28880.0   1.54581189002e-17
28950.0   1.53206628137e-17
29010.0   1.52022702179e-17
29070.0   1.50851513453e-17
29140.0   1.49519576548e-17
29200.0   1.48369922349e-17
29270.0   1.47065419191e-17
29330.0   1.45939393732e-17
29390.0   1.44828128399e-17
29460.0   1.43558817153e-17
29520.0   1.42467824564e-17
29590.0   1.41227113334e-17
29650.0   1.40158523122e-17
29710.0   1.39098903606e-17
29780.0   1.37893953525e-17
29840.0   1.36856047664e-17
29910.0   1.35675726592e-17
29970.0   1.34659079208e-17
