900.0   3.90663170752e-14
900.1   3.90617634411e-14
900.2   3.90572100933e-14
900.3   3.9052657032e-14
900.4   3.90529062435e-14
900.5   3.90435517698e-14
900.6   3.90389995694e-14
900.7   3.90344476565e-14
900.8   3.90298960313e-14
900.9   3.90253446941e-14
901.0   3.90207936451e-14
901.1   3.90162428844e-14
901.2   3.90116924125e-14
901.3   3.90071422296e-14
901.4   3.90025923357e-14
901.5   3.89980427313e-14
901.6   3.89934934166e-14
901.7   3.89889443917e-14
901.8   3.89843956569e-14
901.9   3.89798472126e-14
902.0   3.8975299059e-14
902.1   3.89707511961e-14
902.2   3.89662036244e-14
902.3   3.8961656344e-14
902.4   3.89571093553e-14
902.5   3.89525626583e-14
902.6   3.89480162536e-14
902.7   3.89434701411e-14
902.8   3.89389243212e-14
902.9   3.89343787941e-14
903.0   3.89298335602e-14
903.1   3.89252886194e-14
903.2   3.89207439723e-14
903.3   3.89161996191e-14
903.4   3.89116555598e-14
903.5   3.89071117948e-14
903.6   3.89025683244e-14
903.7   3.88980251488e-14
903.8   3.88934822681e-14
903.9   3.88889396828e-14
904.0   3.88843973931e-14
904.1   3.88798553991e-14
904.2   3.8875313701e-14
904.3   3.88707722993e-14
904.4   3.88662311941e-14
904.5   3.88616903855e-14
904.6   3.88571498741e-14
904.7   3.88526096599e-14
904.8   3.88480697431e-14
904.9   3.88435301241e-14
905.0   3.88389908032e-14
905.1   3.88344517804e-14
905.2   3.88251110701e-14
905.5   3.88114966906e-14
906.2   3.87797402982e-14
907.4   3.87253351534e-14
908.0   3.86981489805e-14
909.9   3.86073303075e-14
911.8   3.86318713785e-14
913.7   3.85316746281e-14
915.6   3.84363954285e-14
916.5   3.84246651847e-14
917.5   3.8418065333e-14
917.9   3.83808603163e-14
918.4   3.82959456058e-14
918.6   3.82485364847e-14
918.9   3.81918312578e-14
919.1   3.81300195104e-14
919.2   3.80967131447e-14
919.4   3.80637153189e-14
919.5   3.81072417336e-14
919.6   3.81603724554e-14
919.7   3.82087015266e-14
919.8   3.82474269614e-14
919.9   3.82861527322e-14
920.1   3.83203874082e-14
920.2   3.83399062442e-14
920.3   3.82537817245e-14
920.4   3.8167657542e-14
920.6   3.79473903296e-14
920.8   3.77607383715e-14
920.9   3.76506059491e-14
921.0   3.75980976978e-14
921.1   3.78913327796e-14
921.3   3.82521106183e-14
921.5   3.85552659842e-14
921.7   3.87575810049e-14
921.8   3.89019569009e-14
921.9   3.89262834872e-14
922.0   3.89121945268e-14
922.1   3.88548880339e-14
922.2   3.87735719527e-14
922.3   3.86490383396e-14
922.4   3.85100991109e-14
922.5   3.80782390771e-14
922.7   3.75554610472e-14
922.9   3.69750605591e-14
923.0   3.65528062152e-14
923.1   3.62217899503e-14
923.2   3.62173090801e-14
923.3   3.65057497025e-14
923.4   3.72935972171e-14
923.6   3.83602827637e-14
923.7   3.88648141397e-14
923.8   3.93261279876e-14
924.0   3.97925680504e-14
924.1   4.01338332878e-14
924.2   4.04510889425e-14
924.3   4.07107211122e-14
924.4   4.08887198673e-14
924.5   4.0980283222e-14
924.6   4.09854111765e-14
924.7   4.09089057171e-14
924.8   4.07555688302e-14
924.9   4.05590144182e-14
925.0   4.02520146768e-14
925.1   3.98153616625e-14
925.2   3.92538573613e-14
925.3   3.8653937522e-14
925.4   3.83661471251e-14
925.5   3.76509803225e-14
925.6   3.72671509068e-14
925.7   3.6465549058e-14
925.8   3.56687495467e-14
925.9   3.48095245689e-14
926.0   3.41855972586e-14
926.1   3.31486995022e-14
926.2   3.26784364497e-14
926.3   3.26115405767e-14
926.4   3.3380190626e-14
926.5   3.42496827353e-14
926.6   3.51671950585e-14
926.7   3.6113519652e-14
926.8   3.70742505577e-14
926.9   3.8025377846e-14
927.0   3.90245253493e-14
927.1   3.9903623557e-14
927.2   4.07539102038e-14
927.3   4.16762269966e-14
927.4   4.25121083967e-14
927.5   4.32087325581e-14
927.6   4.38477332436e-14
927.7   4.43906945652e-14
927.8   4.49816761039e-14
927.9   4.54718162933e-14
928.0   4.58563131475e-14
928.1   4.61543746109e-14
928.2   4.63611986979e-14
928.3   4.65200032827e-14
928.4   4.65971744637e-14
928.5   4.65831082689e-14
928.6   4.64682007266e-14
928.7   4.6252451837e-14
928.8   4.59310596145e-14
928.9   4.55904598078e-14
929.0   4.51394146825e-14
929.1   4.45683202669e-14
929.2   4.38483646453e-14
929.3   4.29699438456e-14
929.4   4.21779591557e-14
929.5   4.13043410649e-14
929.6   4.03923074476e-14
929.7   3.93506205697e-14
929.8   3.81840824172e-14
929.9   3.70559605157e-14
930.1   3.486214362e-14
930.2   3.3412289744e-14
930.3   3.18183766509e-14
930.5   3.02632268067e-14
930.6   2.88085724011e-14
930.7   2.81606520133e-14
930.8   2.79593166913e-14
930.9   2.84734776529e-14
931.0   2.95494713456e-14
931.1   3.11152679792e-14
931.2   3.27098768951e-14
931.4   3.4343252353e-14
931.5   3.60531100337e-14
931.6   3.69034125825e-14
931.7   3.86276769561e-14
931.8   3.95163961285e-14
931.9   4.13078890424e-14
932.0   4.2172599021e-14
932.1   4.38488450072e-14
932.2   4.55539032784e-14
932.3   4.64666342239e-14
932.4   4.73313456787e-14
932.5   4.81528396289e-14
932.6   4.95889881608e-14
932.7   5.02616212843e-14
932.9   5.22791666874e-14
933.0   5.34800193866e-14
933.1   5.45368128764e-14
933.3   5.54499044636e-14
933.4   5.62185799073e-14
933.5   5.68912160029e-14
933.7   5.74201516875e-14
933.8   5.78526896007e-14
934.0   5.81895480848e-14
934.1   5.84300076783e-14
934.2   5.85744279255e-14
934.4   5.85271305223e-14
934.5   5.83834327328e-14
934.6   5.80476558775e-14
934.8   5.76162025959e-14
934.9   5.70403275673e-14
935.0   5.62723734741e-14
935.2   5.53607246024e-14
935.3   5.42566326187e-14
935.5   5.296082713e-14
935.6   5.15686171184e-14
935.7   5.00803677649e-14
935.9   4.84964461427e-14
936.0   4.70898316888e-14
936.1   4.55295540617e-14
936.3   4.38063778819e-14
936.4   4.2015606066e-14
936.7   3.8482453553e-14
937.0   3.48628687257e-14
937.1   3.31729412875e-14
937.2   3.14397963577e-14
937.4   2.98030643244e-14
937.5   2.81707622511e-14
937.6   2.73403922283e-14
937.7   2.6058635903e-14
937.8   2.48681176966e-14
937.9   2.48684924101e-14
938.0   2.6266245443e-14
938.1   2.7481523392e-14
938.2   2.87064056985e-14
938.4   3.1117755581e-14
938.6   3.36443546735e-14
938.7   3.48884468558e-14
938.8   3.61613513414e-14
938.9   3.76119296977e-14
939.0   3.89904786512e-14
939.1   4.02969982021e-14
939.2   4.1685151904e-14
939.3   4.38032078708e-14
939.5   4.65507053022e-14
939.7   4.92309764868e-14
939.9   5.20649127843e-14
940.1   5.49948903644e-14
940.3   5.79728893692e-14
940.5   6.06627707788e-14
940.7   6.32566140367e-14
940.9   6.56103595643e-14
941.1   6.77720272241e-14
941.3   6.97896368786e-14
941.5   7.15671488095e-14
941.7   7.31045630191e-14
941.9   7.44498993698e-14
942.1   7.56991975847e-14
942.3   7.68524576659e-14
942.5   7.78616597553e-14
942.7   7.87748237157e-14
942.9   7.94959098285e-14
943.1   8.01209578167e-14
943.3   8.06019478223e-14
943.5   8.09868997078e-14
943.7   8.12758134755e-14
943.9   8.13726494071e-14
944.1   8.13734472253e-14
944.3   8.12301870723e-14
944.5   8.09428689502e-14
944.7   8.05114928615e-14
944.9   7.97439793671e-14
945.1   7.86883483297e-14
945.3   7.73926196118e-14
945.5   7.58567932156e-14
945.7   7.41769088642e-14
945.9   7.22089069788e-14
946.1   6.99527875617e-14
946.3   6.75045903359e-14
946.5   6.48162954435e-14
946.7   6.23681014893e-14
946.9   5.99199091744e-14
947.1   5.74236986409e-14
947.3   5.48794698909e-14
947.5   5.22392030665e-14
947.9   4.69154564911e-14
948.3   4.16397363882e-14
948.5   3.95228943062e-14
949.1   3.12179697154e-14
949.4   2.7123136874e-14
949.6   2.49822940203e-14
949.7   2.37005858352e-14
949.8   2.298551242e-14
949.9   2.44217291647e-14
950.0   2.60932436437e-14
950.1   2.71116884421e-14
950.2   2.86151342492e-14
950.3   2.95855600269e-14
950.4   3.10457887997e-14
950.5   3.20786412364e-14
950.6   3.36157026269e-14
950.7   3.46581598776e-14
950.8   3.62624499149e-14
950.9   3.73193139666e-14
951.0   3.89091988894e-14
951.1   4.05326981366e-14
951.3   4.27136570004e-14
951.6   4.70031195081e-14
951.9   5.12973878175e-14
952.2   5.56684917268e-14
952.5   5.99915796071e-14
952.7   6.2153342422e-14
952.8   6.31621946795e-14
952.9   6.42670870851e-14
953.0   6.6764555867e-14
953.1   6.80615285695e-14
953.2   6.93104818401e-14
953.3   7.05594355393e-14
953.4   7.30088861747e-14
953.5   7.42098208717e-14
953.7   7.65156518338e-14
953.8   7.87250048863e-14
954.0   8.08387589885e-14
954.3   8.49697905807e-14
954.5   8.6939489416e-14
954.6   8.87646870373e-14
954.8   9.03982494458e-14
954.9   9.18392894837e-14
955.1   9.31847353312e-14
955.3   9.45301829154e-14
955.6   9.6884496575e-14
955.9   9.90947545746e-14
956.2   1.01016897341e-13
956.5   1.02698944742e-13
956.9   1.04189369604e-13
957.2   1.05535287199e-13
957.5   1.06689129317e-13
957.8   1.07698915826e-13
958.1   1.08612666591e-13
958.5   1.09430841647e-13
959.1   1.10634107632e-13
959.7   1.11405210929e-13
960.4   1.11744620115e-13
961.0   1.11699420792e-13
961.7   1.11174513507e-13
962.3   1.10264992003e-13
962.6   1.09642167885e-13
962.9   1.08827268434e-13
963.3   1.07964834916e-13
963.6   1.06957865639e-13
963.9   1.05758821054e-13
964.2   1.04463740891e-13
964.5   1.02976585437e-13
964.9   1.01393883471e-13
965.2   9.96186185715e-14
965.5   9.76992982682e-14
965.8   9.55879027092e-14
966.1   9.33324517631e-14
966.5   9.0933441936e-14
966.8   8.83418617846e-14
967.1   8.56062262729e-14
967.4   8.26785155491e-14
967.7   7.96067494813e-14
968.1   7.63914321016e-14
968.4   7.30795766505e-14
968.7   6.96236658829e-14
969.0   6.60236998068e-14
969.3   6.22796784305e-14
970.0   5.46000821715e-14
970.6   4.66126658434e-14
970.9   4.25997562177e-14
971.3   3.85585583148e-14
971.6   3.45648667553e-14
971.7   3.2582167764e-14
971.9   3.06095954356e-14
972.1   2.86898468912e-14
972.2   2.66927443641e-14
972.3   2.56416335701e-14
972.4   2.44800775831e-14
972.5   2.27806996468e-14
972.6   2.17055803806e-14
972.7   2.42271491368e-14
972.8   2.56922814534e-14
972.9   2.76328108743e-14
973.0   2.88482408921e-14
973.1   3.00540674256e-14
973.3   3.24993358596e-14
973.5   3.49734181645e-14
973.9   3.99648065231e-14
974.3   4.49850146467e-14
974.7   5.00148346106e-14
975.5   5.98632108369e-14
976.3   6.93754797501e-14
976.7   7.39395467056e-14
977.1   7.84075819269e-14
977.5   8.26835457131e-14
977.9   8.68634778044e-14
978.3   9.08513385e-14
978.7   9.469514768e-14
979.1   9.83468855038e-14
979.5   1.01854571851e-13
979.9   1.05170186883e-13
980.3   1.08341750477e-13
980.7   1.11321242795e-13
981.1   1.14156683716e-13
981.5   1.16800053399e-13
981.9   1.19347391587e-13
982.3   1.21702658576e-13
982.7   1.23913874249e-13
983.5   1.2790415172e-13
984.3   1.31414263883e-13
985.1   1.34396191035e-13
985.9   1.37042012779e-13
986.7   1.39255689553e-13
987.5   1.41133261239e-13
988.3   1.42722747857e-13
989.1   1.44072169428e-13
989.9   1.45181526114e-13
990.7   1.46098837935e-13
991.5   1.46776085194e-13
992.3   1.47309307771e-13
993.1   1.47746525688e-13
994.7   1.48140868754e-13
996.3   1.48103175268e-13
997.9   1.47681466392e-13
999.5   1.46875743429e-13
1001.0   1.45733350692e-13
1003.0   1.44210361986e-13
1004.0   1.42296478112e-13
1006.0   1.39957501883e-13
1007.0   1.38523993108e-13
1008.0   1.37090543805e-13
1009.0   1.33592300307e-13
1010.0   1.31534712737e-13
1011.0   1.29285106167e-13
1012.0   1.2684348092e-13
1013.0   1.21088546402e-13
1014.0   1.17734666309e-13
1015.0   1.14044708929e-13
1016.0   1.10018674586e-13
1017.0   1.00662498134e-13
1018.0   9.53400526543e-14
1019.0   8.95854914647e-14
1020.0   8.33507950298e-14
1021.0   6.94810044912e-14
1022.0   6.19498995195e-14
1023.0   5.40346999991e-14
1024.0   4.58266439907e-14
1025.0   3.51600361209e-14
1026.0   2.47431968362e-14
1027.0   3.34815454602e-14
1028.0   4.55525383529e-14
1029.0   5.71097850314e-14
1030.0   6.25925860008e-14
1031.0   7.28294200835e-14
1032.0   8.20579043716e-14
1033.0   8.62923907877e-14
1034.0   9.39363552102e-14
1035.0   1.00523950959e-13
1036.0   1.06103198222e-13
1037.0   1.08657263193e-13
1038.0   1.1294011237e-13
1039.0   1.16646792787e-13
1040.0   1.19585225327e-13
1041.0   1.20891052836e-13
1042.0   1.24117745299e-13
1044.0   1.25769357143e-13
1045.0   1.27123488654e-13
1046.0   1.2818957286e-13
1047.0   1.29015629945e-13
1048.0   1.29697699959e-13
1049.0   1.30235783228e-13
1051.0   1.30639891542e-13
1053.0   1.31092314989e-13
1055.0   1.31208897303e-13
1057.0   1.31181720538e-13
1060.0   1.30925435173e-13
1064.0   1.30104598863e-13
1069.0   1.29008282432e-13
1074.0   1.27721878565e-13
1078.0   1.26377285783e-13
1083.0   1.24950509585e-13
1088.0   1.23477818102e-13
1092.0   1.22041899692e-13
1097.0   1.20573096455e-13
1102.0   1.19106508406e-13
1106.0   1.17675551818e-13
1111.0   1.16261068785e-13
1115.0   1.14833430121e-13
1120.0   1.13423156148e-13
1125.0   1.12063293052e-13
1129.0   1.10689029854e-13
1134.0   1.09333563603e-13
1139.0   1.07980590845e-13
1143.0   1.06659932609e-13
1148.0   1.05359557401e-13
1153.0   1.04061774026e-13
1157.0   1.02746921135e-13
1162.0   1.01453888368e-13
1167.0   1.00163541111e-13
1171.0   9.87586636461e-14
1176.0   9.73771913574e-14
1180.0   9.57842067936e-14
1183.0   9.49868066829e-14
1185.0   9.40716105855e-14
1187.0   9.30608272583e-14
1190.0   9.19776835094e-14
1192.0   9.06799203736e-14
1194.0   8.9142516877e-14
1196.0   8.83258720242e-14
1197.0   8.73414846082e-14
1198.0   8.62131534615e-14
1199.0   8.49888986637e-14
1200.0   8.35726807121e-14
1201.0   8.19644998233e-14
1203.0   8.00930445059e-14
1204.0   7.79089760924e-14
1205.0   7.53888860145e-14
1206.0   7.24367347619e-14
1207.0   7.07332176536e-14
1208.0   6.70129843972e-14
1209.0   6.26686111476e-14
1210.0   5.76520782493e-14
1211.0   5.48925973839e-14
1212.0   4.88342709176e-14
1213.0   4.20173496609e-14
1214.0   3.83410464693e-14
1215.0   3.05111447624e-14
1216.0   2.22443819239e-14
1217.0   3.0578204581e-14
1218.0   3.85808101889e-14
1219.0   4.34958589596e-14
1220.0   5.01349410858e-14
1221.0   5.40994375549e-14
1222.0   5.93125711416e-14
1223.0   6.23649319522e-14
1224.0   6.62337515111e-14
1225.0   6.95264540542e-14
1226.0   7.13786822795e-14
1227.0   7.29909328762e-14
1228.0   7.55637025318e-14
1229.0   7.66479785504e-14
1230.0   7.75402973378e-14
1231.0   7.83366987904e-14
1232.0   7.95654015463e-14
1233.0   8.01219489921e-14
1234.0   8.0534559763e-14
1235.0   8.11873929118e-14
1237.0   8.17251113491e-14
1239.0   8.20712446611e-14
1240.0   8.22925169571e-14
1242.0   8.23992948953e-14
1243.0   8.24768802982e-14
1247.0   8.24523299043e-14
1250.0   8.22551562879e-14
1253.0   8.19630734144e-14
1256.0   8.16241050399e-14
1259.0   8.12382549403e-14
1263.0   8.08856310737e-14
1266.0   8.04544307655e-14
1269.0   8.00243803014e-14
1272.0   7.95474630686e-14
1275.0   7.91197219119e-14
1279.0   7.86792570568e-14
1282.0   7.82062053312e-14
1285.0   7.77823392006e-14
1288.0   7.73116215297e-14
1291.0   7.68900944997e-14
1295.0   7.64579366521e-14
1296.0   7.63022038096e-14
1298.0   7.60391503063e-14
1300.0   7.57286005338e-14
1305.0   7.50985800993e-14
1310.0   7.44238240503e-14
1315.0   7.38003794157e-14
1320.0   7.31802326682e-14
1330.0   7.19978731531e-14
1350.0   6.97689390634e-14
1370.0   6.77851053293e-14
1390.0   6.60461909412e-14
1410.0   6.44557361456e-14
1430.0   6.31091292518e-14
1450.0   6.19574769822e-14
1470.0   6.09516749113e-14
1490.0   6.01240533351e-14
1510.0   5.94587367687e-14
1530.0   5.89396777208e-14
1550.0   5.85602751629e-14
1570.0   5.83137854418e-14
1590.0   5.81933373728e-14
1610.0   5.8187145391e-14
1630.0   5.82929305445e-14
1650.0   5.8503529339e-14
1670.0   5.88117101815e-14
1690.0   5.92053854079e-14
1710.0   5.96868327157e-14
1730.0   6.02438961418e-14
1750.0   6.08740082399e-14
1770.0   6.15697956777e-14
1790.0   6.23286940449e-14
1810.0   6.31385519876e-14
1830.0   6.40064524661e-14
1850.0   6.49155034646e-14
1870.0   6.5868063699e-14
1890.0   6.68569377927e-14
1910.0   6.78797886003e-14
1930.0   6.89343408829e-14
1950.0   7.0008782315e-14
1970.0   7.1110579727e-14
1990.0   7.22280669164e-14
2010.0   7.3359259671e-14
2030.0   7.45022543436e-14
2050.0   7.56552298688e-14
2070.0   7.68116473024e-14
2090.0   7.79698548569e-14
2110.0   7.91330885394e-14
2130.0   8.02902644519e-14
2150.0   8.1444790591e-14
2170.0   8.2590556471e-14
2190.0   8.37311403238e-14
2210.0   8.48606001382e-14
2230.0   8.59778783623e-14
2250.0   8.70819984439e-14
2270.0   8.81672611832e-14
2290.0   8.92376488612e-14
2310.0   9.02924173104e-14
2330.0   9.13260938188e-14
2350.0   9.23380789042e-14
2370.0   9.33278420453e-14
2390.0   9.42997213164e-14
2410.0   9.52437130401e-14
2430.0   9.61642812622e-14
2450.0   9.70659493267e-14
2470.0   9.79340894534e-14
2490.0   9.87829401158e-14
2510.0   9.96027817224e-14
2530.0   1.00398350047e-13
2550.0   1.01164823867e-13
2570.0   1.01902228521e-13
2590.0   1.02615433543e-13
2610.0   1.03299744388e-13
2630.0   1.03955306118e-13
2650.0   1.04587101177e-13
2670.0   1.05190541277e-13
2690.0   1.05761069255e-13
2710.0   1.06308562991e-13
2730.0   1.06828521509e-13
2750.0   1.07321271001e-13
2770.0   1.07787160986e-13
2790.0   1.08221760539e-13
2810.0   1.08635064512e-13
2830.0   1.09017877977e-13
2850.0   1.09375908737e-13
2870.0   1.09708156865e-13
2890.0   1.10014596426e-13
2910.0   1.10295693879e-13
2930.0   1.10552406752e-13
2950.0   1.10784261573e-13
2970.0   1.10991753661e-13
2990.0   1.11175385575e-13
3010.0   1.11336146226e-13
3030.0   1.11473589047e-13
3050.0   1.11588712208e-13
3070.0   1.11681556698e-13
3090.0   1.11752646045e-13
3110.0   1.11802505297e-13
3130.0   1.11831660247e-13
3150.0   1.11840636707e-13
3170.0   1.11829479622e-13
3190.0   1.11799193034e-13
3210.0   1.11749338484e-13
3230.0   1.11681395851e-13
3250.0   1.1159492124e-13
3270.0   1.11491388093e-13
3290.0   1.11370345149e-13
3310.0   1.11232297228e-13
3330.0   1.11078224646e-13
3350.0   1.10908142272e-13
3370.0   1.10723020002e-13
3390.0   1.10522381472e-13
3410.0   1.10307665181e-13
3430.0   1.10078382663e-13
3450.0   1.09835479659e-13
3470.0   1.09579415125e-13
3490.0   1.09310641262e-13
3510.0   1.09029123161e-13
3530.0   1.08735779266e-13
3550.0   1.08430560465e-13
3570.0   1.08113890584e-13
3590.0   1.07786666306e-13
3610.0   1.07448336314e-13
3613.0   1.0739752483e-13
3630.0   1.07100262618e-13
3644.0   1.06850215742e-13
3647.0   1.06796645217e-13
3650.0   1.06742359133e-13
3660.0   1.06559722272e-13
3670.0   1.06374532245e-13
3676.0   1.0626221234e-13
3680.0   1.06187316394e-13
3683.0   1.06130045696e-13
3684.0   1.06112026957e-13
3687.0   1.06054463088e-13
3688.0   1.06035866796e-13
3693.0   1.05941082316e-13
3698.0   1.05843777202e-13
3703.0   1.05748278957e-13
3704.0   1.05728820395e-13
3705.0   1.0570933834e-13
3707.0   1.05669823737e-13
3710.0   1.05611577266e-13
3712.0   1.05573750568e-13
3713.0   1.05553121805e-13
3716.0   1.05494458565e-13
3721.0   1.05395907923e-13
3722.0   1.05376993787e-13
3723.0   1.05356616371e-13
3725.0   1.05317234259e-13
3728.0   1.05256311373e-13
3735.0   1.05117056905e-13
3742.0   1.0497671902e-13
3747.0   1.04875273861e-13
3749.0   1.048348325e-13
3751.0   1.04794305135e-13
3755.0   1.0471347397e-13
3763.0   1.04550794723e-13
3769.0   1.0442670575e-13
3770.0   1.04404831281e-13
3772.0   1.04363901764e-13
3775.0   1.04302353694e-13
3781.0   1.04177747653e-13
3787.0   1.04051936268e-13
3788.0   1.04031618132e-13
3793.0   1.03923968119e-13
3799.0   1.03796253118e-13
3805.0   1.03672641711e-13
3810.0   1.03567664467e-13
3816.0   1.03440394493e-13
3822.0   1.03309569711e-13
3827.0   1.03196759363e-13
3830.0   1.03130582274e-13
3833.0   1.03060880403e-13
3835.0   1.03016563168e-13
3836.0   1.02992936998e-13
3838.0   1.02951873523e-13
3840.0   1.02911218886e-13
3842.0   1.02870493199e-13
3843.0   1.02850584008e-13
3845.0   1.02809752331e-13
3848.0   1.02748373153e-13
3855.0   1.02600704469e-13
3859.0   1.02514777309e-13
3862.0   1.02447872052e-13
3865.0   1.02378893763e-13
3869.0   1.02287487999e-13
3872.0   1.02215277276e-13
3876.0   1.02119565295e-13
3883.0   1.01944116816e-13
3889.0   1.01790976376e-13
3890.0   1.01765957318e-13
3892.0   1.01724035009e-13
3893.0   1.01706171435e-13
3895.0   1.01667515856e-13
3898.0   1.01611335735e-13
3904.0   1.01496635134e-13
3907.0   1.01437156216e-13
3910.0   1.01377059851e-13
3913.0   1.01313946017e-13
3916.0   1.01250696873e-13
3923.0   1.01096832351e-13
3929.0   1.00960190937e-13
3935.0   1.00818226686e-13
3938.0   1.00744410509e-13
3941.0   1.00669986746e-13
3944.0   1.00593995934e-13
3947.0   1.0051451821e-13
3950.0   1.00433475295e-13
3953.0   1.00350868113e-13
3957.0   1.00243095478e-13
3960.0   1.00154921121e-13
3963.0   1.00065665752e-13
3966.0   9.99748500807e-14
3968.0   9.99086379268e-14
3970.0   9.98534178081e-14
3971.0   9.98253079338e-14
3972.0   9.97995860194e-14
3973.0   9.97834550772e-14
3974.0   9.97668309697e-14
3975.0   9.97506741273e-14
3976.0   9.97340241859e-14
3977.0   9.97173613771e-14
3978.0   9.97006857341e-14
3979.0   9.96859180843e-14
3982.0   9.96328950816e-14
3984.0   9.96013245987e-14
3987.0   9.95466714458e-14
3990.0   9.94895047443e-14
3993.0   9.94303055712e-14
3995.0   9.93926986398e-14
3998.0   9.93313944872e-14
4001.0   9.9267579991e-14
4003.0   9.92254568697e-14
4009.0   9.90925581884e-14
4014.0   9.89782832e-14
4020.0   9.88383684128e-14
4025.0   9.87200969549e-14
4030.0   9.85996222755e-14
4036.0   9.84547813405e-14
4041.0   9.83317781068e-14
4047.0   9.81838179777e-14
4052.0   9.80568640472e-14
4057.0   9.79272472856e-14
4063.0   9.77710786806e-14
4068.0   9.7633215803e-14
4074.0   9.74691794146e-14
4076.0   9.74091395325e-14
4079.0   9.73230882274e-14
4082.0   9.72355092173e-14
4085.0   9.71468834796e-14
4087.0   9.70784682368e-14
4090.0   9.6984418153e-14
4093.0   9.68883630061e-14
4095.0   9.68135553692e-14
4098.0   9.6713039691e-14
4099.0   9.66820772135e-14
4100.0   9.66472640388e-14
4101.0   9.66124417838e-14
4102.0   9.65809718668e-14
4103.0   9.65571761034e-14
4104.0   9.65314505493e-14
4105.0   9.65133992048e-14
4106.0   9.64987003102e-14
4108.0   9.64697560104e-14
4112.0   9.6409840558e-14
4114.0   9.63779094516e-14
4116.0   9.63440227883e-14
4118.0   9.63091411855e-14
4121.0   9.62493114166e-14
4123.0   9.62109830276e-14
4125.0   9.61716604652e-14
4129.0   9.60905138886e-14
4133.0   9.60049130227e-14
4137.0   9.59172605841e-14
4141.0   9.58280384858e-14
4146.0   9.57116500263e-14
4150.0   9.56173417663e-14
4154.0   9.55209891539e-14
4162.0   9.5325038751e-14
4170.0   9.51262130928e-14
4179.0   9.49001229147e-14
4187.0   9.46974516859e-14
4195.0   9.44933863571e-14
4204.0   9.42643306555e-14
4212.0   9.40593856292e-14
4220.0   9.3853085651e-14
4229.0   9.36221624577e-14
4237.0   9.34150644991e-14
4245.0   9.32071295567e-14
4254.0   9.29735112622e-14
4262.0   9.2763896765e-14
4270.0   9.25525213104e-14
4279.0   9.23144151767e-14
4287.0   9.20985549732e-14
4295.0   9.18790481285e-14
4299.0   9.17677505724e-14
4304.0   9.16298548155e-14
4308.0   9.1514566342e-14
4312.0   9.13977730875e-14
4316.0   9.12785159868e-14
4320.0   9.11553557681e-14
4322.0   9.1093032699e-14
4324.0   9.10297343433e-14
4326.0   9.0964500467e-14
4329.0   9.08726248797e-14
4331.0   9.08049539063e-14
4333.0   9.07353479799e-14
4335.0   9.06652478574e-14
4337.0   9.05941735008e-14
4339.0   9.0521164673e-14
4340.0   9.04791328962e-14
4341.0   9.04438205405e-14
4342.0   9.04080246467e-14
4343.0   9.03981561577e-14
4344.0   9.03863635745e-14
4345.0   9.03726469168e-14
4348.0   9.03189922969e-14
4350.0   9.02896091593e-14
4353.0   9.02325454244e-14
4355.0   9.01983289738e-14
4358.0   9.01368971924e-14
4360.0   9.00988087995e-14
4362.0   9.00587877416e-14
4365.0   8.99924916526e-14
4367.0   8.99500405984e-14
4370.0   8.98803403322e-14
4375.0   8.9764758215e-14
4380.0   8.96452674675e-14
4385.0   8.9523791231e-14
4390.0   8.93998516357e-14
4395.0   8.92748915882e-14
4405.0   8.90209588925e-14
4415.0   8.87634518685e-14
4425.0   8.85033487597e-14
4435.0   8.82421077286e-14
4444.0   8.80057008365e-14
4454.0   8.77432095206e-14
4464.0   8.74805900723e-14
4474.0   8.72173787997e-14
4484.0   8.69545523426e-14
4494.0   8.66911662846e-14
4504.0   8.64281967456e-14
4514.0   8.61646987956e-14
4524.0   8.59016480465e-14
4534.0   8.5638579265e-14
4544.0   8.53755071698e-14
4554.0   8.51124462357e-14
4564.0   8.48494106968e-14
4574.0   8.45868947479e-14
4584.0   8.43239517526e-14
4594.0   8.40615556369e-14
4603.0   8.38247468433e-14
4613.0   8.35625138727e-14
4623.0   8.33003855278e-14
4633.0   8.30383744576e-14
4643.0   8.27764930922e-14
4653.0   8.25152338442e-14
4663.0   8.22536483167e-14
4673.0   8.19927086966e-14
4683.0   8.17319463666e-14
4693.0   8.14708925037e-14
4703.0   8.12105186779e-14
4713.0   8.09503556625e-14
4723.0   8.06904142318e-14
4733.0   8.04302247658e-14
4743.0   8.01707580474e-14
4753.0   7.99110638746e-14
4762.0   7.9676843192e-14
4772.0   7.94171764505e-14
4782.0   7.91573107655e-14
4792.0   7.88967754139e-14
4802.0   7.86350994935e-14
4812.0   7.83718119258e-14
4817.0   7.82388462787e-14
4822.0   7.81050008624e-14
4827.0   7.79702767684e-14
4832.0   7.78337146803e-14
4837.0   7.76948354698e-14
4839.0   7.76371946333e-14
4842.0   7.75536401967e-14
4844.0   7.74941128323e-14
4847.0   7.74086893146e-14
4849.0   7.73472758393e-14
4852.0   7.72595036641e-14
4854.0   7.71957242921e-14
4857.0   7.71056040755e-14
4858.0   7.70725298601e-14
4859.0   7.70389790168e-14
4861.0   7.69795712526e-14
4862.0   7.69421895814e-14
4863.0   7.6908653102e-14
4864.0   7.68919271848e-14
4865.0   7.68800068727e-14
4866.0   7.68608872086e-14
4867.0   7.68460929669e-14
4869.0   7.68054708526e-14
4871.0   7.6764383175e-14
4872.0   7.67476864331e-14
4874.0   7.67051802312e-14
4877.0   7.6644089777e-14
4881.0   7.65558051308e-14
4884.0   7.64899911713e-14
4887.0   7.64232507969e-14
4891.0   7.63303151943e-14
4894.0   7.62607737218e-14
4897.0   7.61903065186e-14
4901.0   7.60941635963e-14
4904.0   7.60223374712e-14
4911.0   7.58526400162e-14
4917.0   7.57054192885e-14
4924.0   7.55332045649e-14
4931.0   7.53597487097e-14
4937.0   7.52106154479e-14
4944.0   7.50370561905e-14
4951.0   7.4862742788e-14
4957.0   7.47131542121e-14
4964.0   7.45387497504e-14
4971.0   7.43645580472e-14
4977.0   7.42150102903e-14
4984.0   7.40412195536e-14
4991.0   7.38676478078e-14
4995.0   7.37682886927e-14
4997.0   7.37186363321e-14
5000.0   7.36441919239e-14
5010.0   7.33963416624e-14
5020.0   7.31494342386e-14
5040.0   7.26560700232e-14
5060.0   7.21651046184e-14
5080.0   7.16761007599e-14
5100.0   7.11890994299e-14
5120.0   7.07041397132e-14
5140.0   7.02217390504e-14
5160.0   6.97414526947e-14
5180.0   6.92637945583e-14
5200.0   6.87883164679e-14
5220.0   6.83150488104e-14
5240.0   6.7844020382e-14
5260.0   6.73757386336e-14
5280.0   6.69092689229e-14
5300.0   6.64460761474e-14
5320.0   6.59847426035e-14
5340.0   6.55262502139e-14
5360.0   6.50701389801e-14
5380.0   6.46164278178e-14
5400.0   6.41656145956e-14
5420.0   6.37172355786e-14
5440.0   6.32711139815e-14
5460.0   6.28277921847e-14
5480.0   6.23870431538e-14
5500.0   6.19489269114e-14
5520.0   6.15134064123e-14
5540.0   6.10804916358e-14
5560.0   6.0650191598e-14
5580.0   6.02225143836e-14
5600.0   5.97975151953e-14
5620.0   5.93751043051e-14
5640.0   5.89553832215e-14
5660.0   5.85382605588e-14
5680.0   5.8123836224e-14
5700.0   5.77120172836e-14
5720.0   5.73028541295e-14
5740.0   5.6896348424e-14
5760.0   5.64925011449e-14
5780.0   5.60912645889e-14
5800.0   5.56927344748e-14
5820.0   5.52967658067e-14
5840.0   5.49035011151e-14
5860.0   5.45128422591e-14
5880.0   5.41248346065e-14
5900.0   5.37394269544e-14
5920.0   5.33566636286e-14
5940.0   5.29764924229e-14
5960.0   5.25989566974e-14
5980.0   5.22240033167e-14
6000.0   5.18516747472e-14
6020.0   5.14819169944e-14
6040.0   5.1114723679e-14
6060.0   5.07501360534e-14
6080.0   5.03880989568e-14
6100.0   5.00286048909e-14
6120.0   4.96716940339e-14
6140.0   4.93172621755e-14
6160.0   4.89653968699e-14
6180.0   4.861604131e-14
6200.0   4.82691864201e-14
6220.0   4.79248708683e-14
6240.0   4.75829889997e-14
6260.0   4.72435789669e-14
6280.0   4.69066786826e-14
6300.0   4.65721817707e-14
6320.0   4.62401256967e-14
6340.0   4.59104996987e-14
6360.0   4.55832928172e-14
6380.0   4.52584458855e-14
6400.0   4.49359955987e-14
6420.0   4.46158824437e-14
6440.0   4.42980467476e-14
6460.0   4.39823806669e-14
6480.0   4.36687281961e-14
6490.0   4.35125692595e-14
6500.0   4.33567411156e-14
6510.0   4.32010501554e-14
6515.0   4.3123129587e-14
6520.0   4.30453507822e-14
6525.0   4.29673293888e-14
6530.0   4.28891132331e-14
6535.0   4.28105580613e-14
6540.0   4.2731615659e-14
6545.0   4.26520937519e-14
6548.0   4.26044961269e-14
6550.0   4.25718000652e-14
6552.0   4.25387903287e-14
6555.0   4.24905423235e-14
6558.0   4.24420566733e-14
6559.0   4.24249936217e-14
6560.0   4.24082242912e-14
6561.0   4.23912684816e-14
6562.0   4.23752306482e-14
6563.0   4.23576137566e-14
6564.0   4.23378415669e-14
6565.0   4.23101997142e-14
6566.0   4.2310078834e-14
6567.0   4.22987268973e-14
6568.0   4.22857478748e-14
6569.0   4.22725343407e-14
6572.0   4.22307183357e-14
6574.0   4.22035732001e-14
6576.0   4.21762102783e-14
6578.0   4.2148533518e-14
6581.0   4.2105763627e-14
6583.0   4.20778064233e-14
6585.0   4.20495353367e-14
6590.0   4.19778024305e-14
6595.0   4.19055360686e-14
6599.0   4.18477459656e-14
6604.0   4.17748646246e-14
6608.0   4.1716505448e-14
6618.0   4.15701776366e-14
6627.0   4.14383917653e-14
6636.0   4.13066667224e-14
6645.0   4.11751453923e-14
6654.0   4.10439706566e-14
6673.0   4.07682383799e-14
6691.0   4.0508537493e-14
6710.0   4.02363164259e-14
6728.0   3.99800506872e-14
6746.0   3.97255115441e-14
6765.0   3.94588112265e-14
6783.0   3.92077909385e-14
6802.0   3.89448314311e-14
6820.0   3.86973371243e-14
6838.0   3.84515199576e-14
6857.0   3.81940177463e-14
6875.0   3.79517134808e-14
6894.0   3.76978442189e-14
6912.0   3.74589155687e-14
6930.0   3.7221662195e-14
6949.0   3.69731373732e-14
6967.0   3.67391981958e-14
6986.0   3.64941978956e-14
7004.0   3.62636276209e-14
7022.0   3.60346346122e-14
7041.0   3.57947695092e-14
7059.0   3.55690360079e-14
7078.0   3.53325870734e-14
7096.0   3.51100718832e-14
7114.0   3.48891321529e-14
7133.0   3.4657657721e-14
7151.0   3.44398272561e-14
7170.0   3.42116612542e-14
7188.0   3.39969472038e-14
7207.0   3.37720465807e-14
7225.0   3.35604082508e-14
7243.0   3.33502762214e-14
7262.0   3.31301270514e-14
7280.0   3.29229626085e-14
7299.0   3.27059726859e-14
7317.0   3.25017836935e-14
7335.0   3.22990044119e-14
7354.0   3.20866092959e-14
7372.0   3.1886746244e-14
7391.0   3.16774058196e-14
7409.0   3.14803714802e-14
7427.0   3.12847951168e-14
7446.0   3.10798473971e-14
7464.0   3.08870415803e-14
7483.0   3.06850458574e-14
7501.0   3.04950198657e-14
7519.0   3.03063089497e-14
7538.0   3.01086028162e-14
7556.0   2.99226147448e-14
7575.0   2.97277119854e-14
7593.0   2.95444088519e-14
7611.0   2.93623269229e-14
7630.0   2.91716138907e-14
7648.0   2.89921612083e-14
7667.0   2.88041532226e-14
7685.0   2.86272927764e-14
7703.0   2.84516567869e-14
7722.0   2.82676461215e-14
7740.0   2.80945000271e-14
7759.0   2.79131465182e-14
7777.0   2.7742502272e-14
7796.0   2.75637200345e-14
7814.0   2.73955419597e-14
7832.0   2.72284794814e-14
7851.0   2.70534983376e-14
7869.0   2.68888977486e-14
7888.0   2.67163955307e-14
7906.0   2.65541261042e-14
7924.0   2.63929783355e-14
7943.0   2.62241418835e-14
7961.0   2.6065274463e-14
7980.0   2.58988752374e-14
7998.0   2.57423025076e-14
8016.0   2.55868106986e-14
8035.0   2.54238978301e-14
8053.0   2.52706514091e-14
8072.0   2.51100887157e-14
8090.0   2.49590070072e-14
8108.0   2.48089667182e-14
8127.0   2.46517629782e-14
8145.0   2.45038876424e-14
8164.0   2.43489497158e-14
8182.0   2.42031116642e-14
8195.0   2.40984911856e-14
8200.0   2.4058372812e-14
8206.0   2.40103321756e-14
8217.0   2.39225441502e-14
8229.0   2.38272925876e-14
8240.0   2.37402748916e-14
8251.0   2.36536230615e-14
8263.0   2.35596051709e-14
8274.0   2.34737130334e-14
8285.0   2.33882297262e-14
8297.0   2.32953804405e-14
8308.0   2.32106463207e-14
8319.0   2.31262680185e-14
8331.0   2.30346665423e-14
8342.0   2.29509790337e-14
8353.0   2.28676904324e-14
8365.0   2.27772721217e-14
8376.0   2.26947120905e-14
8380.0   2.26648066914e-14
8387.0   2.26125460988e-14
8395.0   2.25529836294e-14
8403.0   2.24936027539e-14
8409.0   2.24491979143e-14
8416.0   2.23975126076e-14
8428.0   2.23092434056e-14
8440.0   2.22213772783e-14
8452.0   2.21338642186e-14
8459.0   2.20830673993e-14
8464.0   2.20468463078e-14
8470.0   2.20034623928e-14
8480.0   2.19313438215e-14
8491.0   2.18523730124e-14
8500.0   2.17880715454e-14
8502.0   2.17737322162e-14
8505.0   2.17523636319e-14
8510.0   2.17167715299e-14
8521.0   2.16386972399e-14
8531.0   2.15680122338e-14
8536.0   2.1532770402e-14
8542.0   2.14905589349e-14
8548.0   2.14484916278e-14
8559.0   2.13715371064e-14
8570.0   2.12949034618e-14
8582.0   2.121170666e-14
8585.0   2.11909306206e-14
8593.0   2.11357392445e-14
8601.0   2.10807632396e-14
8616.0   2.09780063198e-14
8631.0   2.08758321765e-14
8647.0   2.0767571147e-14
8657.0   2.07001866803e-14
8662.0   2.06665900081e-14
8667.0   2.06330568677e-14
8678.0   2.05595933799e-14
8689.0   2.04863873366e-14
8700.0   2.04134853695e-14
8711.0   2.03408860966e-14
8722.0   2.02685881417e-14
8732.0   2.02030881262e-14
8734.0   2.01900465916e-14
8743.0   2.01314096357e-14
8753.0   2.00664748798e-14
8772.0   1.9943738616e-14
8791.0   1.98219269099e-14
8811.0   1.96946763105e-14
8830.0   1.95746423269e-14
8833.0   1.95557705158e-14
8849.0   1.94554640538e-14
8865.0   1.93557596478e-14
8881.0   1.92567013353e-14
8897.0   1.91582371403e-14
8913.0   1.90603631325e-14
8929.0   1.89630754074e-14
8945.0   1.88663220662e-14
8961.0   1.87701952955e-14
8977.0   1.86746432473e-14
8993.0   1.85796621191e-14
9000.0   1.85382564247e-14
9009.0   1.84852481334e-14
9017.0   1.84382046255e-14
9035.0   1.83330373597e-14
9052.0   1.82343818483e-14
9069.0   1.81363030861e-14
9087.0   1.80331593296e-14
9104.0   1.79363530662e-14
9121.0   1.78401582395e-14
9138.0   1.77445705536e-14
9156.0   1.76440453323e-14
9173.0   1.75496942452e-14
9190.0   1.74559373473e-14
9208.0   1.73573365934e-14
9218.0   1.73027730445e-14
9225.0   1.72647418999e-14
9232.0   1.72268093515e-14
9245.0   1.71566923985e-14
9258.0   1.7086864676e-14
9272.0   1.70121145512e-14
9285.0   1.69430295149e-14
9299.0   1.68690233207e-14
9312.0   1.68005772055e-14
9326.0   1.67273066699e-14
9339.0   1.66595398586e-14
9353.0   1.6586996804e-14
9366.0   1.65199017467e-14
9380.0   1.64480300696e-14
9393.0   1.63815993031e-14
9407.0   1.6310487052e-14
9420.0   1.62447131986e-14
9434.0   1.61742564344e-14
9447.0   1.61090841815e-14
9461.0   1.60393231155e-14
9474.0   1.59747932739e-14
9488.0   1.59057201875e-14
9501.0   1.58418256314e-14
9515.0   1.57733368553e-14
9528.0   1.5710070541e-14
9534.0   1.56809572086e-14
9541.0   1.56470562055e-14
9549.0   1.56085004455e-14
9556.0   1.55749285887e-14
9563.0   1.55414427145e-14
9577.0   1.54747279233e-14
9591.0   1.54083540976e-14
9606.0   1.53376291427e-14
9620.0   1.5271955374e-14
9634.0   1.52065685617e-14
9648.0   1.51415147993e-14
9663.0   1.50721988981e-14
9677.0   1.50077809278e-14
9691.0   1.49437381836e-14
9705.0   1.48799727466e-14
9720.0   1.48120801269e-14
9734.0   1.47489826526e-14
9748.0   1.46862048041e-14
9762.0   1.46237447482e-14
9777.0   1.45572424419e-14
9791.0   1.44954348861e-14
9805.0   1.4433939561e-14
9819.0   1.43727546779e-14
9834.0   1.43075625022e-14
9848.0   1.42470630547e-14
9862.0   1.41868206035e-14
9876.0   1.41268670178e-14
9891.0   1.40629872105e-14
9905.0   1.40036467212e-14
9919.0   1.39446042104e-14
9933.0   1.38858483721e-14
9948.0   1.38232215136e-14
9962.0   1.37650308032e-14
9976.0   1.3707126404e-14
9981.0   1.36865188964e-14
9990.0   1.3649473042e-14
10000.0   1.36084718008e-14
10010.0   1.35674727397e-14
10030.0   1.34863191257e-14
10040.0   1.34457216065e-14
10050.0   1.34054360297e-14
10060.0   1.33655002256e-14
10070.0   1.332576475e-14
10080.0   1.32862290227e-14
10090.0   1.32468204362e-14
10110.0   1.31683727831e-14
10120.0   1.31293037617e-14
10140.0   1.30516021446e-14
10160.0   1.29744290517e-14
10190.0   1.28595587837e-14
10220.0   1.27458491073e-14
10280.0   1.25219488109e-14
10350.0   1.22667902728e-14
10410.0   1.20529135048e-14
10480.0   1.18091673816e-14
10540.0   1.1604839694e-14
10600.0   1.14047623198e-14
10670.0   1.11766996582e-14
10730.0   1.09854434818e-14
10760.0   1.08912750257e-14
10800.0   1.07673468434e-14
10830.0   1.06753440544e-14
10840.0   1.06447583233e-14
10860.0   1.05841777633e-14
10880.0   1.05239629566e-14
10890.0   1.04937888049e-14
10910.0   1.04341357204e-14
10920.0   1.04040797431e-14
10930.0   1.03745569587e-14
10940.0   1.03448898886e-14
10950.0   1.03157552158e-14
10960.0   1.02869268517e-14
10970.0   1.02580730659e-14
10980.0   1.02293087142e-14
10990.0   1.02006670205e-14
11010.0   1.01434955496e-14
11020.0   1.01150322286e-14
11040.0   1.00583436964e-14
11070.0   9.97394849177e-15
11100.0   9.8903333765e-15
11140.0   9.78019902256e-15
11200.0   9.6175940038e-15
11260.0   9.45822723725e-15
11330.0   9.27641910016e-15
11390.0   9.12386829913e-15
11460.0   8.94983087144e-15
11520.0   8.80377068221e-15
11580.0   8.66059678889e-15
11650.0   8.4972232313e-15
11710.0   8.36009247192e-15
11780.0   8.2035862012e-15
11840.0   8.07220178259e-15
11900.0   7.94337653786e-15
11970.0   7.796312328e-15
12030.0   7.67282512713e-15
12100.0   7.5318395779e-15
12160.0   7.41344036527e-15
12220.0   7.29731061641e-15
12290.0   7.16469171786e-15
12350.0   7.05329692777e-15
12420.0   6.92606248084e-15
12480.0   6.81917508951e-15
12540.0   6.71428953737e-15
12610.0   6.59445717701e-15
12640.0   6.543858285e-15
12670.0   6.49371200542e-15
12700.0   6.44399877365e-15
12720.0   6.41113896754e-15
12740.0   6.37846359875e-15
12750.0   6.36209137208e-15
12770.0   6.32966107262e-15
12780.0   6.31345377235e-15
12800.0   6.28114039727e-15
12810.0   6.2650147531e-15
12820.0   6.24904882239e-15
12830.0   6.2331944064e-15
12840.0   6.2176241985e-15
12850.0   6.20209792198e-15
12860.0   6.18661540017e-15
12870.0   6.17109482335e-15
12880.0   6.15560804607e-15
12890.0   6.14015489383e-15
12920.0   6.09400025475e-15
12940.0   6.06343066757e-15
12960.0   6.03302986817e-15
12980.0   6.00279650262e-15
13020.0   5.94285072222e-15
13060.0   5.8836211293e-15
13150.0   5.75298637334e-15
13230.0   5.63979211574e-15
13310.0   5.52930850081e-15
13400.0   5.40821626081e-15
13480.0   5.3032670908e-15
13570.0   5.18820969456e-15
13650.0   5.08846912212e-15
13730.0   4.99107519532e-15
13820.0   4.88427512585e-15
13900.0   4.79165552089e-15
13990.0   4.69006882466e-15
14070.0   4.60195184417e-15
14150.0   4.5158653434e-15
14240.0   4.42140478542e-15
14320.0   4.33944805258e-15
14410.0   4.24949987654e-15
14490.0   4.17144230722e-15
14570.0   4.09514687786e-15
14660.0   4.01138108023e-15
14740.0   3.93866236956e-15
14830.0   3.8588172188e-15
14910.0   3.78948373188e-15
14990.0   3.72168397305e-15
15070.0   3.65539761134e-15
15080.0   3.64721307708e-15
15090.0   3.63905586679e-15
15110.0   3.62279911487e-15
15140.0   3.59858107569e-15
15200.0   3.55074418579e-15
15240.0   3.51926944717e-15
15250.0   3.51145798722e-15
15260.0   3.50366783785e-15
15290.0   3.48045337742e-15
15300.0   3.47272377398e-15
15330.0   3.44976134676e-15
15350.0   3.43453779857e-15
15390.0   3.40434256971e-15
15440.0   3.36705034639e-15
15500.0   3.32298445409e-15
15550.0   3.28680338014e-15
15560.0   3.27961682113e-15
15570.0   3.27245435276e-15
15600.0   3.25110127393e-15
15650.0   3.2158752822e-15
15700.0   3.18111788833e-15
15710.0   3.17424311816e-15
15720.0   3.16735792594e-15
15730.0   3.16049586736e-15
15760.0   3.14003831081e-15
15810.0   3.10629084095e-15
15840.0   3.08624989788e-15
15860.0   3.07298401304e-15
15890.0   3.05324059933e-15
15930.0   3.02712701902e-15
16010.0   2.97572479465e-15
16060.0   2.94414093794e-15
16090.0   2.92539832327e-15
16110.0   2.91297372793e-15
16170.0   2.87612600421e-15
16220.0   2.84584260561e-15
16270.0   2.81595587875e-15
16320.0   2.78645500948e-15
16340.0   2.77476713772e-15
16380.0   2.75157227656e-15
16410.0   2.73431854355e-15
16480.0   2.69459434087e-15
16560.0   2.65008382737e-15
16630.0   2.61186541388e-15
16700.0   2.57432913099e-15
16740.0   2.55318598874e-15
16770.0   2.53745114491e-15
16810.0   2.5166758577e-15
16890.0   2.47577030269e-15
16960.0   2.44062791296e-15
17040.0   2.40123515806e-15
17120.0   2.36262438089e-15
17190.0   2.32945913557e-15
17270.0   2.29227016233e-15
17320.0   2.26939665004e-15
17340.0   2.26031754915e-15
17370.0   2.24680426706e-15
17420.0   2.22449371112e-15
17510.0   2.18501325315e-15
17610.0   2.14216782362e-15
17700.0   2.10448485059e-15
17800.0   2.06358472873e-15
17900.0   2.02366242976e-15
17990.0   1.98853615182e-15
18000.0   1.98468542903e-15
18090.0   1.95039896836e-15
18180.0   1.91684284579e-15
18270.0   1.88400778857e-15
18360.0   1.85186536955e-15
18450.0   1.82039728193e-15
18500.0   1.80320447772e-15
18540.0   1.78958379768e-15
18590.0   1.77274441311e-15
18610.0   1.76605517411e-15
18630.0   1.75939462758e-15
18660.0   1.749471335e-15
18680.0   1.7428776858e-15
18700.0   1.73630348665e-15
18710.0   1.73302296784e-15
18720.0   1.72974664814e-15
18740.0   1.72324445818e-15
18750.0   1.71996716505e-15
18760.0   1.71653552225e-15
18770.0   1.71353391082e-15
18780.0   1.71038607187e-15
18790.0   1.70721011374e-15
18800.0   1.70403770908e-15
18810.0   1.70087940189e-15
18830.0   1.6945603402e-15
18850.0   1.68826381146e-15
18860.0   1.68512430682e-15
18880.0   1.6788660784e-15
18910.0   1.66952414725e-15
18940.0   1.66024084626e-15
19010.0   1.63882582842e-15
19070.0   1.62073155327e-15
19130.0   1.60288189466e-15
19200.0   1.58237108283e-15
19260.0   1.56504149393e-15
19330.0   1.54512593506e-15
19390.0   1.52829743759e-15
19450.0   1.51169836199e-15
19510.0   1.49533085386e-15
19570.0   1.4791841602e-15
19640.0   1.46062332488e-15
19700.0   1.4449375911e-15
19760.0   1.42945945371e-15
19820.0   1.41418610633e-15
19880.0   1.3991143223e-15
19950.0   1.38178782748e-15
20010.0   1.36714293303e-15
20070.0   1.35268976546e-15
20130.0   1.33842581494e-15
20190.0   1.32434814522e-15
20260.0   1.30816206738e-15
20320.0   1.29447858311e-15
20380.0   1.2809719442e-15
20440.0   1.26763990738e-15
20500.0   1.25447979761e-15
20560.0   1.24148898732e-15
20630.0   1.22654937254e-15
20690.0   1.21391650396e-15
20750.0   1.20144443637e-15
20810.0   1.18913169032e-15
20870.0   1.17697538851e-15
20940.0   1.16299205997e-15
21000.0   1.15116661589e-15
21060.0   1.13948981767e-15
21120.0   1.12795943751e-15
21180.0   1.11657376635e-15
21250.0   1.10347470635e-15
21310.0   1.09239419981e-15
21370.0   1.08145123553e-15
21430.0   1.07064329686e-15
21490.0   1.05996742182e-15
21550.0   1.0494211628e-15
21570.0   1.04593639905e-15
21620.0   1.03728390493e-15
21640.0   1.03384322401e-15
21650.0   1.03212696908e-15
21660.0   1.03041758805e-15
21670.0   1.0287126713e-15
21680.0   1.02701653202e-15
21690.0   1.02532243887e-15
21700.0   1.02363134372e-15
21710.0   1.02194275783e-15
21720.0   1.02025763312e-15
21740.0   1.01689629277e-15
21790.0   1.00855460328e-15
21870.0   9.95375515115e-16
21960.0   9.80803955975e-16
22050.0   9.66495223292e-16
22140.0   9.52444108283e-16
22230.0   9.386455439e-16
22320.0   9.25094600835e-16
22410.0   9.11786003461e-16
22500.0   8.98714606273e-16
22590.0   8.85874910067e-16
22680.0   8.73262979213e-16
22770.0   8.60873557053e-16
22860.0   8.48701983396e-16
22950.0   8.36743711111e-16
23040.0   8.24994303028e-16
23130.0   8.13449428926e-16
23220.0   8.02104862618e-16
23310.0   7.90956479117e-16
23400.0   7.800002519e-16
23490.0   7.69231770041e-16
23580.0   7.5864815643e-16
23670.0   7.48245184077e-16
23760.0   7.3801919448e-16
23850.0   7.27966134867e-16
23940.0   7.18083476711e-16
24030.0   7.08366852115e-16
24120.0   6.98813413057e-16
24210.0   6.89419908502e-16
24300.0   6.8018316257e-16
24390.0   6.71099592378e-16
24480.0   6.62166646717e-16
24570.0   6.533818438e-16
24660.0   6.44740848672e-16
24750.0   6.3624227344e-16
24840.0   6.27882393394e-16
24930.0   6.19658506743e-16
25020.0   6.11568933017e-16
25110.0   6.03610130314e-16
25200.0   5.95780055181e-16
25290.0   5.88075760149e-16
25380.0   5.80495313102e-16
25470.0   5.73035875092e-16
25560.0   5.65695619785e-16
25650.0   5.5847229156e-16
25740.0   5.51362724027e-16
25830.0   5.4436523979e-16
25920.0   5.37477728446e-16
26010.0   5.30697165213e-16
26050.0   5.27715768265e-16
26100.0   5.24020570193e-16
26120.0   5.22550529256e-16
26140.0   5.21083677485e-16
26150.0   5.20352641376e-16
26190.0   5.1744260627e-16
26210.0   5.15994912982e-16
26220.0   5.15269826964e-16
26230.0   5.14548873272e-16
26240.0   5.13829168113e-16
26250.0   5.13112629686e-16
26260.0   5.12401656398e-16
26270.0   5.11681839708e-16
26280.0   5.10969023595e-16
26290.0   5.10258883701e-16
26330.0   5.07429188599e-16
26390.0   5.03218640645e-16
26450.0   4.99048691704e-16
26520.0   4.94236870362e-16
26580.0   4.90156418924e-16
26650.0   4.85449498601e-16
26710.0   4.81458026453e-16
26770.0   4.77507263023e-16
26840.0   4.72950268914e-16
26900.0   4.69086013779e-16
26970.0   4.64628617675e-16
27030.0   4.60848610623e-16
27090.0   4.57106743982e-16
27160.0   4.52790745173e-16
27220.0   4.49129945507e-16
27290.0   4.44907292996e-16
27350.0   4.41325944324e-16
27410.0   4.37780354158e-16
27480.0   4.33689818148e-16
27540.0   4.30220727585e-16
27610.0   4.26218217836e-16
27670.0   4.22823201115e-16
27730.0   4.19461732149e-16
27800.0   4.15583170708e-16
27860.0   4.12293035215e-16
27930.0   4.08497114532e-16
27990.0   4.05276985569e-16
28050.0   4.02088350907e-16
28120.0   3.98408791519e-16
28180.0   3.95287136836e-16
28250.0   3.91685214009e-16
28310.0   3.88628859482e-16
28370.0   3.85602570681e-16
28440.0   3.82109956701e-16
28500.0   3.79146600233e-16
28570.0   3.75726489292e-16
28630.0   3.72824982738e-16
28690.0   3.69950805924e-16
28760.0   3.66633923682e-16
28820.0   3.63819393376e-16
28890.0   3.60570683975e-16
28950.0   3.57813865345e-16
29010.0   3.55083203769e-16
29080.0   3.519311359e-16
29140.0   3.49256614331e-16
29210.0   3.46168686931e-16
29270.0   3.43548470103e-16
29330.0   3.40952870589e-16
29400.0   3.37956375986e-16
29460.0   3.3541316913e-16
29530.0   3.32477537538e-16
29590.0   3.2998546015e-16
29650.0   3.27517044937e-16
29720.0   3.24666582567e-16
29780.0   3.2224751378e-16
29850.0   3.19454410366e-16
29910.0   3.17083509663e-16
29970.0   3.14734452017e-16
