900.0   5.05467505405e-16
900.1   5.06019409904e-16
900.2   5.06571865589e-16
900.3   5.07174011276e-16
900.4   5.07727570729e-16
900.5   5.08330821117e-16
900.6   5.08934624556e-16
900.7   5.09489843158e-16
900.8   5.10094754096e-16
900.9   5.10675650307e-16
901.0   5.11257101437e-16
901.1   5.1183910795e-16
901.2   5.12446239492e-16
901.3   5.13029358177e-16
901.4   5.1361303365e-16
901.5   5.14221835556e-16
901.6   5.14782056834e-16
901.7   5.15391974657e-16
901.8   5.15953312789e-16
901.9   5.16564348405e-16
902.0   5.17126805268e-16
902.1   5.17738960553e-16
902.2   5.18351676377e-16
902.3   5.18915814858e-16
902.4   5.19529653169e-16
902.5   5.20094915079e-16
902.6   5.2070987776e-16
902.7   5.21300834154e-16
902.8   5.21916923087e-16
902.9   5.22484437498e-16
903.0   5.23101654566e-16
903.1   5.23719436408e-16
903.2   5.24288645146e-16
903.3   5.24907557953e-16
903.4   5.25477898599e-16
903.5   5.26097944259e-16
903.6   5.26669418704e-16
903.7   5.27290599109e-16
903.8   5.27887778417e-16
903.9   5.28510095456e-16
904.0   5.29108412346e-16
904.1   5.29707298738e-16
904.2   5.30331324279e-16
904.3   5.30906781917e-16
904.4   5.31531948829e-16
904.5   5.32108548787e-16
904.6   5.32734858967e-16
904.7   5.33361741495e-16
904.8   5.33940058491e-16
904.9   5.34568087135e-16
905.0   5.35172120375e-16
905.1   5.35801297037e-16
905.2   5.36455617598e-16
905.5   5.38299186501e-16
906.2   5.42539154261e-16
907.4   5.50038842444e-16
908.0   5.53807979078e-16
909.0   5.60055116294e-16
909.9   5.65851110656e-16
910.4   5.69146605925e-16
910.9   5.72481676025e-16
911.1   5.73883799137e-16
911.3   5.75288336793e-16
911.5   5.76523308668e-16
911.6   5.77239979448e-16
911.7   5.77932687129e-16
911.8   5.78552293851e-16
911.9   5.79590183619e-16
912.0   5.80333850821e-16
912.3   5.82224534134e-16
912.8   5.85469766879e-16
913.2   5.88224380442e-16
913.5   5.90259931341e-16
913.7   5.91841164046e-16
913.9   5.93645984883e-16
914.2   5.96333278502e-16
914.4   5.98807648231e-16
914.6   6.01702173323e-16
914.9   6.0563094245e-16
915.1   6.09539019502e-16
915.4   6.14558174562e-16
915.6   6.19553535876e-16
915.8   6.25091922217e-16
916.1   6.31770353648e-16
916.3   6.38420628196e-16
916.5   6.45564803345e-16
916.8   6.53730600028e-16
917.0   6.61741006486e-16
917.2   6.70147050808e-16
917.5   6.79382610062e-16
917.7   6.88163537133e-16
918.0   6.97285786936e-16
918.1   7.01556270527e-16
918.2   7.05090317109e-16
918.3   7.083793107e-16
918.4   7.0970340949e-16
918.5   7.11028148051e-16
918.6   7.10387992816e-16
918.7   7.07782944286e-16
918.8   7.01984544169e-16
918.9   6.86604807237e-16
919.0   6.64395481691e-16
919.1   6.40319541567e-16
919.2   6.11281271203e-16
919.3   5.79762157869e-16
919.4   5.68316705536e-16
919.5   5.92177803761e-16
919.6   6.25670664242e-16
919.7   6.57272343989e-16
919.8   6.86172060705e-16
919.9   7.0998660483e-16
920.0   7.2901080698e-16
920.1   7.39927828917e-16
920.2   7.43229054661e-16
920.3   7.39897251757e-16
920.4   7.28212578393e-16
920.5   7.08420726839e-16
920.6   6.84845872554e-16
920.7   6.55891019612e-16
920.8   6.24160501166e-16
920.9   5.89605179368e-16
921.0   5.6433765844e-16
921.1   5.90567783069e-16
921.2   6.26749077332e-16
921.3   6.608917839e-16
921.4   6.93929531965e-16
921.5   7.23307127742e-16
921.6   7.53643576806e-16
921.7   7.78329771352e-16
921.8   7.97120020126e-16
921.9   8.11734165952e-16
922.0   8.19960983507e-16
922.1   8.22783240334e-16
922.2   8.20200936945e-16
922.3   8.1172269033e-16
922.4   7.96365733962e-16
922.5   7.77569752976e-16
922.6   7.53123522051e-16
922.7   7.24255500492e-16
922.8   6.95314432942e-16
922.9   6.6283606611e-16
923.0   6.28663088698e-16
923.1   5.91345919841e-16
923.2   5.77689530944e-16
923.3   6.16808395951e-16
923.4   6.35928616383e-16
923.5   6.71805679886e-16
923.6   7.2294086724e-16
923.7   7.55502423757e-16
923.8   7.72586066108e-16
923.9   8.03429114119e-16
924.0   8.31324528695e-16
924.1   8.70031048848e-16
924.2   8.90557047538e-16
924.3   9.07889722573e-16
924.4   9.15395396974e-16
924.5   9.27078501513e-16
924.6   9.3704243449e-16
924.7   9.39390594203e-16
924.8   9.39773891623e-16
924.9   9.36718176708e-16
925.0   9.29486374698e-16
925.1   9.1070773334e-16
925.2   8.93649608127e-16
925.3   8.7315247264e-16
925.4   8.48724943873e-16
925.5   8.22086864655e-16
925.6   7.93729619019e-16
925.7   7.62179056927e-16
925.8   7.30629171761e-16
925.9   6.96524769742e-16
926.0   6.60578357489e-16
926.1   6.23207611509e-16
926.2   5.92888897998e-16
926.3   5.92029305888e-16
926.4   6.3416645161e-16
926.5   6.73454253468e-16
926.6   7.10605218081e-16
926.7   7.45963314428e-16
926.8   7.80265618305e-16
926.9   8.14077221272e-16
927.0   8.45923973296e-16
927.1   8.77771408965e-16
927.2   9.08391070004e-16
927.3   9.36308806376e-16
927.4   9.63735844431e-16
927.5   9.89443725894e-16
927.6   1.01294106777e-15
927.7   1.0339821788e-15
927.8   1.05256705953e-15
927.9   1.06918709398e-15
928.0   1.08335089916e-15
928.1   1.09505847558e-15
928.2   1.10480120729e-15
928.3   1.11208771129e-15
928.4   1.11716367985e-15
928.5   1.12027480526e-15
928.6   1.12117539627e-15
928.7   1.11986545342e-15
928.8   1.11609928545e-15
928.9   1.10889412586e-15
929.0   1.09849566693e-15
929.1   1.08539529269e-15
929.2   1.07033007894e-15
929.3   1.05231725918e-15
929.4   1.03184821744e-15
929.5   1.00843157073e-15
929.6   9.84769928906e-16
929.7   9.59880525468e-16
929.8   9.34500436214e-16
929.9   9.06909819353e-16
930.0   8.77354367168e-16
930.1   8.47553922494e-16
930.2   8.16034335302e-16
930.3   7.83041297873e-16
930.4   7.49017055899e-16
930.5   7.1236461347e-16
930.6   6.73010263583e-16
930.7   6.28669073406e-16
930.8   6.18528879007e-16
930.9   6.65365306964e-16
931.0   7.07313172908e-16
931.1   7.46239734731e-16
931.2   7.82931206588e-16
931.3   8.34954549767e-16
931.4   8.68551717119e-16
931.5   9.00921132293e-16
931.6   9.3329125461e-16
931.7   9.63942242284e-16
931.8   9.93611171118e-16
931.9   1.02352650043e-15
932.0   1.05417961428e-15
932.1   1.08458774613e-15
932.2   1.11401382126e-15
932.3   1.14221214843e-15
932.4   1.16967411167e-15
932.5   1.19689109504e-15
932.6   1.22337171555e-15
932.7   1.24788751493e-15
932.8   1.27068418547e-15
932.9   1.29200741945e-15
933.0   1.31234860093e-15
933.1   1.33146203866e-15
933.2   1.34934773319e-15
933.3   1.36600568503e-15
933.4   1.38143589472e-15
933.5   1.39416421224e-15
933.6   1.40566478867e-15
933.7   1.41569193277e-15
933.8   1.4247370286e-15
933.9   1.43255438493e-15
934.0   1.43914400228e-15
934.1   1.44401449768e-15
934.2   1.44716587165e-15
934.3   1.44859812472e-15
934.4   1.44806556566e-15
934.5   1.44556819501e-15
934.6   1.44135170505e-15
934.7   1.43443332929e-15
934.8   1.42555014353e-15
934.9   1.41445645653e-15
935.0   1.40139796061e-15
935.1   1.38686603979e-15
935.2   1.37135207814e-15
935.3   1.35436469267e-15
935.4   1.33565819215e-15
935.5   1.3159696524e-15
935.6   1.29529907394e-15
935.7   1.27290938203e-15
935.8   1.250029036e-15
936.0   1.20427053427e-15
936.2   1.15679511423e-15
936.3   1.13219858088e-15
936.4   1.10711139662e-15
936.5   1.08104217846e-15
936.6   1.05399092694e-15
936.7   1.02595764259e-15
936.8   9.97433709456e-16
936.9   9.67682052809e-16
937.0   9.36948364938e-16
937.1   9.05724029898e-16
937.2   8.89979012552e-16
937.3   8.56053542468e-16
937.4   8.20900351545e-16
937.5   7.83290981524e-16
937.6   7.42856895306e-16
937.7   7.00335168702e-16
937.8   6.59460316985e-16
937.9   6.70721997149e-16
938.0   7.36773680725e-16
938.1   7.7995220326e-16
938.2   8.19790060127e-16
938.3   8.57122603841e-16
938.4   8.93473123847e-16
938.5   9.27858853647e-16
938.6   9.61262560815e-16
938.7   9.94175629406e-16
938.8   1.02610667644e-15
938.9   1.05705570246e-15
939.0   1.08800547504e-15
939.2   1.14745034443e-15
939.4   1.20542405597e-15
939.6   1.26364645629e-15
939.7   1.29337301108e-15
939.8   1.32359170026e-15
939.9   1.35553098317e-15
940.0   1.38771670979e-15
940.1   1.41965749716e-15
940.2   1.45233611283e-15
940.3   1.48599824912e-15
940.4   1.51990683129e-15
940.5   1.55430755163e-15
940.6   1.59092025301e-15
940.7   1.62802509366e-15
940.8   1.66488499883e-15
940.9   1.70174566082e-15
941.0   1.73762431315e-15
941.2   1.80815543331e-15
941.3   1.84256221045e-15
941.4   1.87647836362e-15
941.5   1.90842974279e-15
941.6   1.93694219798e-15
941.7   1.9644726473e-15
941.9   2.01707891403e-15
942.1   2.06600285558e-15
942.3   2.10952463401e-15
942.5   2.14985547947e-15
942.7   2.18674970459e-15
942.9   2.22045300547e-15
943.1   2.2497369277e-15
943.3   2.27460147563e-15
943.5   2.29529234538e-15
943.7   2.31107246606e-15
943.8   2.31724384274e-15
943.9   2.32194184205e-15
944.0   2.32418369746e-15
944.1   2.3237237178e-15
944.2   2.32154467063e-15
944.3   2.31740086474e-15
944.4   2.31104660892e-15
944.5   2.30297328725e-15
944.6   2.29268951675e-15
944.7   2.28044098972e-15
944.8   2.26598201496e-15
944.9   2.24832982598e-15
945.0   2.22846719035e-15
945.1   2.2066398004e-15
945.2   2.18260196492e-15
945.3   2.1565993762e-15
945.4   2.1286320348e-15
945.5   2.09894563302e-15
945.7   2.03859241047e-15
945.9   1.97406556236e-15
946.1   1.90610216839e-15
946.5   1.77485295775e-15
946.7   1.70935592408e-15
946.9   1.6450905056e-15
947.0   1.61320467315e-15
947.1   1.58303947376e-15
947.2   1.55385783271e-15
947.3   1.5254140588e-15
947.4   1.49746246082e-15
947.5   1.47000303932e-15
947.6   1.44328148661e-15
947.7   1.41680641973e-15
947.8   1.39033214747e-15
948.0   1.3376316808e-15
948.2   1.28468870751e-15
948.4   1.23076615674e-15
948.5   1.20306900355e-15
948.6   1.17463557414e-15
948.7   1.14546586906e-15
948.8   1.11531419711e-15
948.9   1.08418055884e-15
949.0   1.05231064657e-15
949.1   1.01970446085e-15
949.2   9.85379235203e-16
949.3   9.49334970181e-16
949.4   9.11325974584e-16
949.5   8.70344912755e-16
949.6   8.23689175902e-16
949.7   7.81726956807e-16
949.8   7.55784646112e-16
949.9   8.0185539623e-16
950.0   8.61415430743e-16
950.1   8.99060567751e-16
950.2   9.5641099177e-16
950.3   9.78603733593e-16
950.4   1.02045262519e-15
950.5   1.06033679233e-15
950.6   1.09899331085e-15
950.7   1.13666787307e-15
950.8   1.17336047955e-15
950.9   1.20882543908e-15
951.0   1.24355413574e-15
951.2   1.27812573875e-15
951.4   1.3448862185e-15
951.6   1.41189565081e-15
951.8   1.47989111543e-15
951.9   1.51438145714e-15
952.1   1.55068759116e-15
952.2   1.58739161436e-15
952.3   1.6255706078e-15
952.4   1.66497888026e-15
952.5   1.70709058287e-15
952.6   1.75215140795e-15
952.7   1.79819582197e-15
952.8   1.8459609008e-15
953.0   1.89702331976e-15
953.1   1.94945901281e-15
953.2   2.00312398936e-15
953.3   2.05850963353e-15
953.4   2.11610732937e-15
953.5   2.17984814559e-15
953.6   2.24580101461e-15
953.7   2.31470301228e-15
953.9   2.38592702579e-15
954.0   2.45925396109e-15
954.1   2.53577571904e-15
954.2   2.6154923002e-15
954.3   2.69668386284e-15
954.5   2.86349193473e-15
954.8   3.0323863163e-15
955.0   3.19306042868e-15
955.2   3.35201804043e-15
955.4   3.50852208079e-15
955.7   3.65115001575e-15
955.9   3.78063634791e-15
956.1   3.90766912448e-15
956.3   4.03224835002e-15
956.6   4.15032981802e-15
956.8   4.2626328918e-15
957.0   4.36756859522e-15
957.5   4.56849974188e-15
957.7   4.66361964912e-15
957.9   4.75137220643e-15
958.1   4.83421433596e-15
958.4   4.91548787127e-15
958.6   4.98605395123e-15
958.8   5.05170961935e-15
959.0   5.11245488016e-15
959.3   5.16672544481e-15
959.5   5.21519470734e-15
959.7   5.25629666094e-15
960.0   5.29092996509e-15
960.2   5.31729904278e-15
960.4   5.33630082756e-15
960.6   5.34793532398e-15
960.9   5.35310898647e-15
961.1   5.35001065845e-15
961.3   5.33954505812e-15
961.5   5.31925527247e-15
961.8   5.29496943244e-15
962.0   5.25994687392e-15
962.2   5.21510014616e-15
962.4   5.16534308892e-15
962.7   5.10914096822e-15
962.9   5.04219427221e-15
963.1   4.97033726284e-15
963.3   4.89111302711e-15
963.6   4.80545168305e-15
963.8   4.71149477796e-15
964.0   4.61508449782e-15
964.2   4.50885009448e-15
964.5   4.40355733745e-15
964.7   4.28996106944e-15
965.1   4.05295155766e-15
965.6   3.80953349618e-15
966.0   3.56027160172e-15
966.5   3.3144369965e-15
966.7   3.19203166677e-15
966.9   3.07233255604e-15
967.2   2.95630198792e-15
967.4   2.84201714038e-15
967.6   2.73166698692e-15
967.8   2.62525153218e-15
968.1   2.52374126857e-15
968.3   2.42568843047e-15
968.5   2.33157030738e-15
968.7   2.24187828751e-15
969.0   2.15759107924e-15
969.2   2.07650742019e-15
969.4   1.99935849718e-15
969.7   1.92663805794e-15
969.9   1.8563776943e-15
970.1   1.78906931601e-15
970.3   1.72397585246e-15
970.6   1.66184504324e-15
970.8   1.59921774004e-15
971.0   1.53708552566e-15
971.2   1.47348287071e-15
971.3   1.44057732304e-15
971.5   1.40793740349e-15
971.6   1.37331480302e-15
971.7   1.33721898302e-15
971.8   1.29915856055e-15
971.9   1.2800173357e-15
972.0   1.23876478533e-15
972.1   1.19530194249e-15
972.2   1.16117632043e-15
972.3   1.11132736035e-15
972.4   1.06796559782e-15
972.5   9.87579022944e-16
972.6   9.7873882456e-16
972.7   1.05392614461e-15
972.8   1.11073665857e-15
972.9   1.15818725458e-15
973.0   1.2017077211e-15
973.1   1.24301790103e-15
973.2   1.28260917848e-15
973.3   1.33817136068e-15
973.4   1.37358775965e-15
973.5   1.40802233318e-15
973.6   1.44122939011e-15
973.7   1.47370031452e-15
973.8   1.50568079879e-15
973.9   1.53717084349e-15
974.1   1.5989253083e-15
974.3   1.66043786424e-15
974.5   1.7224455913e-15
974.7   1.78543987772e-15
974.9   1.85040349525e-15
975.1   1.91758214038e-15
975.3   1.98771289312e-15
975.5   2.0612871417e-15
975.7   2.13855058263e-15
975.9   2.21999460414e-15
976.1   2.30586490273e-15
976.3   2.39665286664e-15
976.5   2.49309557591e-15
976.7   2.59519303526e-15
976.9   2.7031909412e-15
977.1   2.81782637375e-15
977.3   2.9393450294e-15
977.5   3.06774691291e-15
977.7   3.20401479606e-15
977.9   3.34790299185e-15
978.1   3.50039427204e-15
978.3   3.6597687991e-15
978.5   3.82897487888e-15
978.7   4.00801251614e-15
978.9   4.19442479805e-15
979.1   4.39066864696e-15
979.3   4.59674406763e-15
979.5   4.81265106483e-15
979.7   5.03838964332e-15
979.9   5.27395980787e-15
980.1   5.52181848084e-15
980.3   5.77705183183e-15
980.5   6.04457370077e-15
980.7   6.32192717487e-15
980.9   6.60911225889e-15
981.1   6.90612895761e-15
981.3   7.21543419342e-15
981.5   7.53457105348e-15
981.7   7.8635395426e-15
981.9   8.20479658314e-15
982.1   8.5558852623e-15
982.3   8.91680558488e-15
982.5   9.28755755565e-15
982.9   1.0058556461e-14
983.3   1.08688820166e-14
983.7   1.17136204258e-14
984.1   1.25903148093e-14
984.5   1.35014221233e-14
984.9   1.44420285708e-14
985.3   1.54121341905e-14
985.7   1.64068251857e-14
986.1   1.74211877597e-14
986.9   1.94892724579e-14
987.7   2.15795348299e-14
988.5   2.36919751851e-14
989.3   2.5784826234e-14
990.1   2.77843807589e-14
990.9   2.9710294411e-14
991.7   3.15625675011e-14
992.1   3.24273063156e-14
992.5   3.32674928124e-14
992.9   3.40339886785e-14
993.3   3.47513631289e-14
994.1   3.61124554661e-14
994.5   3.6731604255e-14
994.9   3.73016317843e-14
995.3   3.77979689171e-14
995.7   3.82697540442e-14
996.1   3.86678488532e-14
996.5   3.90413917348e-14
996.9   3.93166752007e-14
997.3   3.95428376416e-14
998.1   3.98723687818e-14
998.5   3.99757375594e-14
998.9   3.99808471174e-14
999.3   3.98876974949e-14
999.7   3.9794565435e-14
1000.0   3.97001587631e-14
1001.0   3.9565715534e-14
1002.0   3.84977544321e-14
1003.0   3.76510273403e-14
1004.0   3.59444911359e-14
1005.0   3.45574668792e-14
1006.0   3.22123580419e-14
1007.0   3.04815924998e-14
1008.0   2.76944669117e-14
1009.0   2.57280669356e-14
1010.0   2.1732368789e-14
1011.0   1.97440886918e-14
1012.0   1.77755809362e-14
1013.0   1.58907260021e-14
1014.0   1.32148618504e-14
1015.0   1.1588220379e-14
1016.0   9.74303273564e-15
1017.0   8.13137238121e-15
1018.0   6.75569685817e-15
1019.0   5.61354987424e-15
1020.0   4.68773363206e-15
1021.0   3.95613649947e-15
1022.0   3.38927609199e-15
1023.0   2.95472172436e-15
1024.0   2.61144350013e-15
1025.0   2.29556218963e-15
1026.0   1.86482289241e-15
1027.0   2.1970828913e-15
1028.0   2.54863386063e-15
1029.0   2.92119627151e-15
1030.0   3.31673628709e-15
1031.0   3.79520332582e-15
1032.0   4.50868121596e-15
1033.0   5.38297167601e-15
1034.0   6.35321271148e-15
1035.0   7.41203419962e-15
1036.0   8.30883117651e-15
1037.0   1.0122191094e-14
1038.0   1.32992735837e-14
1039.0   1.76164997756e-14
1040.0   2.04228562214e-14
1041.0   2.35389194852e-14
1042.0   2.64413667511e-14
1043.0   2.88427392919e-14
1044.0   3.1981324203e-14
1045.0   3.36213271089e-14
1046.0   3.72024332649e-14
1047.0   3.90146977417e-14
1048.0   4.09990860652e-14
1049.0   4.28361995791e-14
1050.0   4.51156991348e-14
1051.0   4.67565416231e-14
1052.0   4.75867434427e-14
1053.0   4.78519969819e-14
1054.0   4.80191172123e-14
1055.0   4.8112673939e-14
1056.0   4.84029287258e-14
1057.0   4.79316843415e-14
1058.0   4.69937715255e-14
1059.0   4.67439421727e-14
1060.0   4.75753037253e-14
1061.0   4.92667342277e-14
1062.0   5.18428034832e-14
1063.0   5.53772196461e-14
1064.0   5.9182046418e-14
1065.0   6.21762406857e-14
1066.0   6.41386804918e-14
1067.0   6.61749793766e-14
1068.0   6.69338332908e-14
1069.0   6.71031797836e-14
1070.0   6.61670667851e-14
1071.0   6.44203250292e-14
1072.0   6.38284892099e-14
1073.0   6.28928402199e-14
1074.0   6.22521772541e-14
1075.0   6.02849353246e-14
1076.0   5.93251867616e-14
1077.0   5.85130110285e-14
1078.0   5.9322559298e-14
1079.0   6.13607253742e-14
1080.0   6.52171700965e-14
1081.0   6.7280225226e-14
1082.0   7.09404376519e-14
1083.0   7.2365016551e-14
1084.0   7.43794177656e-14
1085.0   7.50426770144e-14
1086.0   7.58780838162e-14
1087.0   7.61485635066e-14
1088.0   7.64929152707e-14
1089.0   7.66654479604e-14
1091.0   7.67898886664e-14
1092.0   7.6790936252e-14
1095.0   7.6623102752e-14
1097.0   7.63318858268e-14
1100.0   7.59700490739e-14
1102.0   7.5508563066e-14
1105.0   7.50510447972e-14
1108.0   7.45705359131e-14
1110.0   7.40381486692e-14
1113.0   7.35111678144e-14
1116.0   7.2961238719e-14
1118.0   7.23825947429e-14
1121.0   7.18108328729e-14
1123.0   7.12340275808e-14
1126.0   7.06650452219e-14
1129.0   7.01223202153e-14
1131.0   6.94993777242e-14
1134.0   6.88857925436e-14
1137.0   6.82247974529e-14
1139.0   6.75066509889e-14
1142.0   6.67748620659e-14
1144.0   6.60095333208e-14
1147.0   6.52315603903e-14
1150.0   6.44062409525e-14
1152.0   6.34966825928e-14
1155.0   6.25761044494e-14
1158.0   6.15590791076e-14
1160.0   6.04070813786e-14
1163.0   5.92211516567e-14
1165.0   5.78992355633e-14
1168.0   5.65444391578e-14
1171.0   5.5068685177e-14
1173.0   5.32833116564e-14
1176.0   5.13439195856e-14
1177.0   5.02802062575e-14
1179.0   4.92590353735e-14
1180.0   4.812225831e-14
1181.0   4.6887420072e-14
1182.0   4.55790902972e-14
1184.0   4.42161085273e-14
1185.0   4.27364452433e-14
1186.0   4.11832922477e-14
1188.0   3.96254995859e-14
1189.0   3.79255876775e-14
1190.0   3.61521878458e-14
1192.0   3.43504602465e-14
1193.0   3.24057376348e-14
1194.0   3.04366672023e-14
1196.0   2.84794677039e-14
1197.0   2.64570117304e-14
1198.0   2.44274080716e-14
1200.0   2.24621654279e-14
1201.0   2.05143117744e-14
1202.0   1.96010451666e-14
1203.0   1.78010564623e-14
1204.0   1.61315099529e-14
1205.0   1.53761627567e-14
1206.0   1.43016426484e-14
1207.0   1.33280829382e-14
1208.0   1.24603978607e-14
1209.0   1.17035016484e-14
1210.0   1.10573946957e-14
1211.0   1.05048789717e-14
1212.0   1.00361271953e-14
1213.0   9.64499745962e-15
1214.0   9.30642958946e-15
1215.0   8.8941384025e-15
1216.0   7.92755119747e-15
1217.0   8.57661796557e-15
1218.0   9.49814223477e-15
1219.0   9.94964388095e-15
1220.0   1.04441276654e-14
1221.0   1.08766835731e-14
1222.0   1.15305945654e-14
1223.0   1.24156886734e-14
1224.0   1.29988151384e-14
1225.0   1.38843760427e-14
1226.0   1.51067685853e-14
1227.0   1.56046047177e-14
1228.0   1.64613854441e-14
1229.0   1.73036596355e-14
1230.0   1.8315696453e-14
1231.0   1.96424543738e-14
1232.0   2.13134167453e-14
1233.0   2.32843593847e-14
1234.0   2.54226090733e-14
1235.0   2.75758372487e-14
1236.0   2.96457675331e-14
1237.0   3.1585718815e-14
1238.0   3.25357702583e-14
1239.0   3.51076255772e-14
1240.0   3.67362631235e-14
1241.0   3.82668628595e-14
1242.0   3.97239942699e-14
1243.0   4.10339501331e-14
1244.0   4.22458691044e-14
1245.0   4.338432066e-14
1246.0   4.44493050977e-14
1247.0   4.54408227124e-14
1248.0   4.6358873796e-14
1250.0   4.72129330719e-14
1251.0   4.79597246384e-14
1252.0   4.86084816379e-14
1253.0   4.91837735242e-14
1255.0   5.03105164612e-14
1256.0   5.08128297017e-14
1257.0   5.12662480874e-14
1258.0   5.16707718823e-14
1259.0   5.20264013467e-14
1261.0   5.26401166642e-14
1263.0   5.32302419469e-14
1265.0   5.3747640824e-14
1267.0   5.41431768781e-14
1269.0   5.44414211729e-14
1271.0   5.47160830773e-14
1276.0   5.52596516273e-14
1280.0   5.55957824801e-14
1284.0   5.58130516875e-14
1288.0   5.5985178863e-14
1292.0   5.61121753314e-14
1293.0   5.61322673094e-14
1297.0   5.62151497437e-14
1300.0   5.62553868017e-14
1305.0   5.63193069151e-14
1310.0   5.62912740783e-14
1315.0   5.62941482424e-14
1320.0   5.62296648981e-14
1330.0   5.61689260107e-14
1340.0   5.61582558091e-14
1350.0   5.62222536083e-14
1360.0   5.61643664142e-14
1370.0   5.60091343351e-14
1380.0   5.58793450136e-14
1385.0   5.57993961272e-14
1390.0   5.57749114188e-14
1395.0   5.59041522854e-14
1400.0   5.61625325017e-14
1405.0   5.65008949411e-14
1410.0   5.6820942417e-14
1420.0   5.73077254079e-14
1430.0   5.76718224958e-14
1440.0   5.80358561257e-14
1460.0   5.88364203695e-14
1480.0   5.98054118622e-14
1500.0   6.0915607612e-14
1520.0   6.22131473986e-14
1540.0   6.36210077686e-14
1560.0   6.52092913011e-14
1580.0   6.69004254008e-14
1600.0   6.87419092903e-14
1620.0   7.06901343445e-14
1640.0   7.2748000231e-14
1660.0   7.49108909189e-14
1680.0   7.71716159451e-14
1700.0   7.9520436911e-14
1720.0   8.1950006731e-14
1740.0   8.44529369317e-14
1760.0   8.70218205758e-14
1780.0   8.96541676605e-14
1800.0   9.23376837645e-14
1820.0   9.50699441002e-14
1840.0   9.78412123483e-14
1860.0   1.00649197967e-13
1880.0   1.03489242889e-13
1900.0   1.06349420635e-13
1920.0   1.09227746315e-13
1940.0   1.12119902274e-13
1960.0   1.15019247046e-13
1980.0   1.17919279989e-13
2000.0   1.20818561669e-13
2020.0   1.2371089162e-13
2040.0   1.26590226567e-13
2060.0   1.29455597665e-13
2080.0   1.32301285311e-13
2100.0   1.35126648442e-13
2120.0   1.37921383876e-13
2140.0   1.40690095601e-13
2160.0   1.43422811212e-13
2180.0   1.46122006854e-13
2200.0   1.4878049326e-13
2220.0   1.51398611982e-13
2240.0   1.53974405084e-13
2260.0   1.56503612117e-13
2280.0   1.58984580594e-13
2300.0   1.61415805401e-13
2320.0   1.63795924881e-13
2340.0   1.66123716692e-13
2360.0   1.68398093494e-13
2380.0   1.70615641559e-13
2400.0   1.72777986951e-13
2420.0   1.74881963181e-13
2440.0   1.76926977236e-13
2460.0   1.78915004815e-13
2480.0   1.80843214795e-13
2500.0   1.82708878297e-13
2520.0   1.84516734687e-13
2540.0   1.86261788448e-13
2560.0   1.87946502944e-13
2580.0   1.89570968166e-13
2600.0   1.91135353137e-13
2620.0   1.92637444572e-13
2640.0   1.9408001331e-13
2660.0   1.95460982417e-13
2680.0   1.96780793828e-13
2700.0   1.9804240435e-13
2720.0   1.9924636795e-13
2740.0   2.00388375079e-13
2760.0   2.01473990544e-13
2780.0   2.02501451583e-13
2800.0   2.03471492152e-13
2820.0   2.04384882762e-13
2840.0   2.0524242735e-13
2860.0   2.06044960286e-13
2880.0   2.06793343499e-13
2900.0   2.07488463736e-13
2920.0   2.08131229932e-13
2940.0   2.08722570712e-13
2960.0   2.09263432006e-13
2980.0   2.09754774781e-13
3000.0   2.10195115967e-13
3020.0   2.10587897166e-13
3040.0   2.10934111966e-13
3060.0   2.11234761022e-13
3080.0   2.1148839341e-13
3100.0   2.11698475748e-13
3120.0   2.11866019905e-13
3140.0   2.11989581553e-13
3160.0   2.12072629568e-13
3180.0   2.12116174e-13
3200.0   2.12118764886e-13
3220.0   2.12083861891e-13
3240.0   2.12010005603e-13
3260.0   2.11900644236e-13
3280.0   2.11754305073e-13
3300.0   2.11574421302e-13
3320.0   2.11359503586e-13
3340.0   2.11112967031e-13
3360.0   2.10833302865e-13
3380.0   2.10523659831e-13
3400.0   2.10182998743e-13
3420.0   2.09813217059e-13
3440.0   2.09414971679e-13
3460.0   2.089891527e-13
3480.0   2.08536637369e-13
3500.0   2.0805804408e-13
3520.0   2.07554469168e-13
3540.0   2.07026749602e-13
3560.0   2.06475462768e-13
3580.0   2.05901417689e-13
3600.0   2.05305654874e-13
3620.0   2.04688463435e-13
3633.0   2.04276634958e-13
3640.0   2.04050855154e-13
3644.0   2.03920468318e-13
3647.0   2.03823067581e-13
3650.0   2.03724967969e-13
3660.0   2.03393335952e-13
3670.0   2.03057279245e-13
3676.0   2.0285288106e-13
3680.0   2.02716397238e-13
3683.0   2.02612738347e-13
3684.0   2.02578664374e-13
3687.0   2.0247468668e-13
3688.0   2.02440425253e-13
3693.0   2.02266700434e-13
3698.0   2.02090592178e-13
3703.0   2.0191530548e-13
3704.0   2.01879816997e-13
3705.0   2.01844037589e-13
3707.0   2.01772834802e-13
3710.0   2.0166618493e-13
3712.0   2.01595762179e-13
3713.0   2.01559132647e-13
3716.0   2.01451680293e-13
3721.0   2.01271382721e-13
3722.0   2.01236321754e-13
3723.0   2.01199251574e-13
3725.0   2.01127437439e-13
3728.0   2.01017670943e-13
3735.0   2.00761598304e-13
3742.0   2.00504668023e-13
3747.0   2.00317814349e-13
3749.0   2.00242486499e-13
3751.0   2.00167484433e-13
3755.0   2.00021162918e-13
3759.0   1.99872712808e-13
3761.0   1.99797138374e-13
3763.0   1.99722385074e-13
3766.0   1.99604425429e-13
3769.0   1.99487825634e-13
3770.0   1.99447569062e-13
3772.0   1.99371605122e-13
3773.0   1.99335160842e-13
3774.0   1.99299414207e-13
3776.0   1.99226820205e-13
3777.0   1.99190955766e-13
3778.0   1.99154560837e-13
3781.0   1.99043422375e-13
3784.0   1.98929477933e-13
3786.0   1.98850210022e-13
3789.0   1.98730529091e-13
3792.0   1.98608539319e-13
3794.0   1.98521044639e-13
3795.0   1.98480066093e-13
3797.0   1.9839504777e-13
3798.0   1.98352727995e-13
3799.0   1.98312090629e-13
3800.0   1.98276575436e-13
3801.0   1.9824249712e-13
3802.0   1.9820887299e-13
3803.0   1.98175211742e-13
3804.0   1.98141267764e-13
3806.0   1.98072531925e-13
3808.0   1.980026661e-13
3810.0   1.97930442454e-13
3812.0   1.97857090067e-13
3814.0   1.97780644027e-13
3816.0   1.97703070488e-13
3818.0   1.97623387301e-13
3820.0   1.97540366624e-13
3821.0   1.97493520293e-13
3823.0   1.97406354456e-13
3825.0   1.97316098356e-13
3827.0   1.97223489681e-13
3829.0   1.97128529042e-13
3830.0   1.97083575899e-13
3831.0   1.97031462739e-13
3833.0   1.96933028456e-13
3835.0   1.96837894942e-13
3836.0   1.96791259048e-13
3837.0   1.96748765412e-13
3838.0   1.96716556402e-13
3839.0   1.96685541501e-13
3840.0   1.96659406158e-13
3841.0   1.96633236614e-13
3843.0   1.96571950321e-13
3846.0   1.96484434389e-13
3848.0   1.96418878387e-13
3849.0   1.96391455163e-13
3851.0   1.96322503772e-13
3852.0   1.96291786192e-13
3854.0   1.96219440749e-13
3856.0   1.96144997139e-13
3857.0   1.96108217165e-13
3859.0   1.96029398952e-13
3861.0   1.95949712505e-13
3862.0   1.95908346129e-13
3864.0   1.9582404159e-13
3866.0   1.95737150439e-13
3867.0   1.95687759808e-13
3869.0   1.95598218289e-13
3870.0   1.95546520035e-13
3872.0   1.95451626849e-13
3874.0   1.95353166609e-13
3875.0   1.95291727164e-13
3877.0   1.95191602802e-13
3879.0   1.95087175753e-13
3880.0   1.95020419371e-13
3882.0   1.94912364823e-13
3884.0   1.94801483172e-13
3885.0   1.94730885796e-13
3887.0   1.94616870174e-13
3888.0   1.94559693331e-13
3889.0   1.94502731483e-13
3890.0   1.94442053634e-13
3891.0   1.94400754879e-13
3892.0   1.94379080982e-13
3893.0   1.94353691295e-13
3894.0   1.94344486922e-13
3896.0   1.94293556118e-13
3898.0   1.94241522023e-13
3899.0   1.94227744542e-13
3901.0   1.94171845336e-13
3904.0   1.94097478169e-13
3906.0   1.94037351132e-13
3907.0   1.94017439639e-13
3909.0   1.93953450838e-13
3911.0   1.93887133913e-13
3912.0   1.93858968467e-13
3914.0   1.93788791854e-13
3916.0   1.93717762646e-13
3917.0   1.936865045e-13
3919.0   1.93610389208e-13
3920.0   1.93574622793e-13
3922.0   1.93495388182e-13
3924.0   1.93415303167e-13
3927.0   1.9329226173e-13
3930.0   1.9316380883e-13
3933.0   1.93029454906e-13
3937.0   1.92846081244e-13
3940.0   1.92697146347e-13
3942.0   1.92599850032e-13
3943.0   1.92542316458e-13
3945.0   1.924394532e-13
3947.0   1.92333288797e-13
3950.0   1.92159960852e-13
3951.0   1.92092877476e-13
3953.0   1.91981726638e-13
3955.0   1.91866293994e-13
3956.0   1.91789743024e-13
3958.0   1.91673908102e-13
3960.0   1.91554038372e-13
3961.0   1.91474655119e-13
3963.0   1.91351682454e-13
3965.0   1.91226150432e-13
3966.0   1.91143690826e-13
3968.0   1.91016531961e-13
3969.0   1.90948983496e-13
3970.0   1.90852418181e-13
3971.0   1.90794401313e-13
3972.0   1.90746924095e-13
3973.0   1.90738978219e-13
3974.0   1.90724128007e-13
3975.0   1.90726205623e-13
3977.0   1.90682130816e-13
3979.0   1.90635254551e-13
3980.0   1.90628118011e-13
3982.0   1.90578637507e-13
3984.0   1.90526848197e-13
3986.0   1.9047078505e-13
3987.0   1.90461021266e-13
3989.0   1.90404567757e-13
3991.0   1.90344824435e-13
3993.0   1.90282528875e-13
3994.0   1.90262033098e-13
3996.0   1.90201069645e-13
3998.0   1.90136572432e-13
3999.0   1.90112765068e-13
4001.0   1.90042476763e-13
4005.0   1.89897445372e-13
4008.0   1.89789843227e-13
4011.0   1.8967589377e-13
4015.0   1.8951201568e-13
4018.0   1.89388503648e-13
4022.0   1.89217614201e-13
4025.0   1.89088479545e-13
4029.0   1.88912310375e-13
4036.0   1.88597353153e-13
4039.0   1.88458719426e-13
4042.0   1.88317686167e-13
4046.0   1.88129024043e-13
4049.0   1.8798190663e-13
4053.0   1.87786038872e-13
4056.0   1.87631617379e-13
4060.0   1.87428063927e-13
4063.0   1.87263398506e-13
4067.0   1.87046765359e-13
4070.0   1.86872110076e-13
4073.0   1.86694334229e-13
4075.0   1.86581372957e-13
4077.0   1.86466370713e-13
4079.0   1.86349082252e-13
4080.0   1.86275914225e-13
4082.0   1.8615679427e-13
4084.0   1.86036371978e-13
4086.0   1.85914156408e-13
4087.0   1.85833980111e-13
4089.0   1.8570821553e-13
4091.0   1.85582378615e-13
4092.0   1.85498917908e-13
4094.0   1.85368305171e-13
4096.0   1.85235409969e-13
4097.0   1.85168075868e-13
4098.0   1.85100478429e-13
4099.0   1.85005591613e-13
4100.0   1.84932062441e-13
4101.0   1.84855321793e-13
4102.0   1.84774878339e-13
4103.0   1.84702771028e-13
4104.0   1.84667254468e-13
4105.0   1.84667345945e-13
4106.0   1.84666191749e-13
4107.0   1.8463971414e-13
4108.0   1.84629926465e-13
4109.0   1.84615944976e-13
4111.0   1.84555008357e-13
4112.0   1.84537290652e-13
4113.0   1.84519556107e-13
4116.0   1.84433329269e-13
4119.0   1.84343021715e-13
4121.0   1.84296984367e-13
4124.0   1.84198568428e-13
4127.0   1.84097058329e-13
4129.0   1.8404019693e-13
4132.0   1.83932058881e-13
4135.0   1.83820093347e-13
4137.0   1.83754625787e-13
4140.0   1.83639723892e-13
4142.0   1.83569925024e-13
4145.0   1.83450125085e-13
4148.0   1.83326749358e-13
4150.0   1.83247372237e-13
4153.0   1.83119104568e-13
4158.0   1.82904458149e-13
4164.0   1.8263554599e-13
4169.0   1.8240807317e-13
4174.0   1.82177303993e-13
4180.0   1.8189698187e-13
4185.0   1.81661046024e-13
4190.0   1.81423553118e-13
4195.0   1.81184754833e-13
4201.0   1.8089738631e-13
4206.0   1.80656425007e-13
4211.0   1.80414422902e-13
4217.0   1.80124168161e-13
4222.0   1.79880535496e-13
4227.0   1.79635880486e-13
4232.0   1.79390454505e-13
4238.0   1.79096073594e-13
4243.0   1.78848578166e-13
4248.0   1.78600083981e-13
4254.0   1.78301749851e-13
4259.0   1.78049259626e-13
4264.0   1.77794805371e-13
4270.0   1.774896369e-13
4275.0   1.77229013419e-13
4280.0   1.7696398608e-13
4285.0   1.76694560141e-13
4291.0   1.76373027341e-13
4296.0   1.76096252302e-13
4299.0   1.75931808263e-13
4301.0   1.75813621079e-13
4304.0   1.75645370947e-13
4307.0   1.75475575695e-13
4309.0   1.75352348507e-13
4312.0   1.75179489091e-13
4315.0   1.75004841758e-13
4317.0   1.74875842636e-13
4320.0   1.74695433323e-13
4323.0   1.74513238953e-13
4325.0   1.74376507445e-13
4328.0   1.7418806445e-13
4330.0   1.74046349198e-13
4332.0   1.73924998945e-13
4333.0   1.73852151892e-13
4334.0   1.7377782395e-13
4336.0   1.73652734417e-13
4337.0   1.73573226966e-13
4338.0   1.73507963054e-13
4339.0   1.73420580339e-13
4340.0   1.73347932622e-13
4341.0   1.73262011082e-13
4342.0   1.73143406107e-13
4343.0   1.73151080305e-13
4344.0   1.73156536923e-13
4345.0   1.73142331885e-13
4346.0   1.731212412e-13
4347.0   1.73108989178e-13
4348.0   1.73081252374e-13
4350.0   1.73004139436e-13
4351.0   1.72973927336e-13
4352.0   1.72943217802e-13
4354.0   1.72880552272e-13
4356.0   1.72814423306e-13
4358.0   1.72747779504e-13
4360.0   1.72678901322e-13
4362.0   1.72607789057e-13
4364.0   1.7253493439e-13
4366.0   1.72460583309e-13
4369.0   1.72335748232e-13
4371.0   1.72257657402e-13
4373.0   1.72178071186e-13
4375.0   1.72097481259e-13
4379.0   1.71933291432e-13
4383.0   1.71764598853e-13
4387.0   1.71591160133e-13
4392.0   1.7136485782e-13
4396.0   1.71185846725e-13
4400.0   1.71003816711e-13
4404.0   1.70819507094e-13
4409.0   1.70583744937e-13
4413.0   1.7039462145e-13
4417.0   1.70202979855e-13
4421.0   1.70010050794e-13
4430.0   1.69571087723e-13
4438.0   1.69177455214e-13
4447.0   1.68732118378e-13
4455.0   1.68334168646e-13
4463.0   1.67935325999e-13
4472.0   1.67486492709e-13
4480.0   1.67086144216e-13
4489.0   1.66636302276e-13
4497.0   1.66235256503e-13
4506.0   1.65784976621e-13
4514.0   1.65383794491e-13
4522.0   1.64982326015e-13
4531.0   1.64531657256e-13
4539.0   1.64130151215e-13
4548.0   1.63679476939e-13
4556.0   1.63277998204e-13
4565.0   1.62827390363e-13
4573.0   1.62426001983e-13
4582.0   1.61975530495e-13
4590.0   1.61574293733e-13
4598.0   1.61173394709e-13
4607.0   1.60723246585e-13
4615.0   1.60322586098e-13
4624.0   1.59872738623e-13
4632.0   1.59472373673e-13
4641.0   1.59022890031e-13
4649.0   1.58622875957e-13
4657.0   1.58223045682e-13
4666.0   1.5777420799e-13
4674.0   1.57374561326e-13
4683.0   1.56926235714e-13
4691.0   1.56526824036e-13
4700.0   1.56078576041e-13
4708.0   1.55679449178e-13
4717.0   1.55231334004e-13
4725.0   1.54832048888e-13
4733.0   1.54432315379e-13
4742.0   1.53983740752e-13
4750.0   1.53583671672e-13
4759.0   1.53134376338e-13
4767.0   1.52732542253e-13
4776.0   1.52281101575e-13
4784.0   1.51876071648e-13
4792.0   1.51468699697e-13
4801.0   1.51009190228e-13
4805.0   1.50802169058e-13
4809.0   1.50593769815e-13
4814.0   1.5033574162e-13
4818.0   1.5012510565e-13
4822.0   1.49912112393e-13
4826.0   1.49697254305e-13
4830.0   1.49479795378e-13
4835.0   1.49211863245e-13
4839.0   1.48988986248e-13
4841.0   1.48876358668e-13
4843.0   1.48763020438e-13
4845.0   1.48648725993e-13
4847.0   1.48533475462e-13
4849.0   1.48417268974e-13
4852.0   1.48251854688e-13
4854.0   1.48132767475e-13
4855.0   1.48072497005e-13
4856.0   1.4801174198e-13
4857.0   1.47949519648e-13
4858.0   1.47885830026e-13
4859.0   1.47819690362e-13
4860.0   1.47749135138e-13
4861.0   1.47687431723e-13
4862.0   1.4759920052e-13
4863.0   1.47492549373e-13
4864.0   1.47494009553e-13
4865.0   1.47485649031e-13
4866.0   1.47469924741e-13
4867.0   1.47444379779e-13
4868.0   1.47406311551e-13
4869.0   1.47375375415e-13
4870.0   1.47342726481e-13
4871.0   1.47308364765e-13
4873.0   1.47225412453e-13
4875.0   1.47153544693e-13
4878.0   1.47031669334e-13
4880.0   1.46956187783e-13
4883.0   1.4683122637e-13
4885.0   1.46752868849e-13
4888.0   1.46625559571e-13
4890.0   1.46544572512e-13
4893.0   1.46414916473e-13
4895.0   1.46332037683e-13
4898.0   1.46200281667e-13
4900.0   1.4611551187e-13
4905.0   1.45895488256e-13
4910.0   1.45672214311e-13
4915.0   1.45446674565e-13
4920.0   1.45219362145e-13
4925.0   1.44990278776e-13
4930.0   1.44759671857e-13
4935.0   1.44527788771e-13
4940.0   1.44294631189e-13
4945.0   1.4406069215e-13
4955.0   1.43590721924e-13
4965.0   1.43119365137e-13
4975.0   1.42646880099e-13
4985.0   1.42173770547e-13
4990.0   1.4193729248e-13
4995.0   1.41700785642e-13
5000.0   1.41464497194e-13
5010.0   1.40992089888e-13
5020.0   1.40519836309e-13
5040.0   1.39577308986e-13
5060.0   1.38637984531e-13
5080.0   1.37702191305e-13
5100.0   1.36770253909e-13
5120.0   1.35842247601e-13
5140.0   1.3491824409e-13
5160.0   1.33998557329e-13
5180.0   1.33083252232e-13
5200.0   1.32172144773e-13
5220.0   1.31265539153e-13
5240.0   1.30363490817e-13
5260.0   1.2946605224e-13
5280.0   1.28573027321e-13
5300.0   1.27684708544e-13
5320.0   1.26801139987e-13
5340.0   1.25922117405e-13
5360.0   1.25047925386e-13
5380.0   1.24178600351e-13
5400.0   1.23313930631e-13
5420.0   1.22454193619e-13
5440.0   1.21599418763e-13
5460.0   1.20749387641e-13
5480.0   1.199043711e-13
5500.0   1.19064146559e-13
5520.0   1.18228980842e-13
5540.0   1.17398893163e-13
5560.0   1.16573655192e-13
5580.0   1.15753282495e-13
5600.0   1.14938280286e-13
5620.0   1.14127923642e-13
5640.0   1.1332296017e-13
5660.0   1.12522661756e-13
5680.0   1.1172777292e-13
5700.0   1.10937562569e-13
5720.0   1.10152772344e-13
5740.0   1.09372668373e-13
5760.0   1.0859774392e-13
5780.0   1.07827999595e-13
5800.0   1.07063189089e-13
5820.0   1.06303310599e-13
5840.0   1.05548606873e-13
5860.0   1.04799073863e-13
5880.0   1.04054215082e-13
5900.0   1.03314515782e-13
5920.0   1.02579968852e-13
5940.0   1.01850320539e-13
5960.0   1.0112556187e-13
5980.0   1.00405928688e-13
6000.0   9.96911646074e-14
6020.0   9.89812581244e-14
6040.0   9.82764426477e-14
6060.0   9.75764594544e-14
6080.0   9.68815404871e-14
6100.0   9.61911799241e-14
6120.0   9.550585405e-14
6140.0   9.48255471326e-14
6160.0   9.41497514496e-14
6180.0   9.34789414648e-14
6200.0   9.28128540115e-14
6220.0   9.21517167749e-14
6240.0   9.14950198572e-14
6260.0   9.08432356432e-14
6280.0   9.01960989796e-14
6300.0   8.95535899643e-14
6320.0   8.89156882748e-14
6340.0   8.82823731892e-14
6360.0   8.76536236053e-14
6380.0   8.70294180601e-14
6400.0   8.64094890563e-14
6420.0   8.57938144636e-14
6440.0   8.51821261528e-14
6460.0   8.45739100126e-14
6470.0   8.42709739826e-14
6480.0   8.39684059655e-14
6490.0   8.36664487374e-14
6500.0   8.33643622924e-14
6505.0   8.3213484674e-14
6510.0   8.30621436851e-14
6515.0   8.29108303388e-14
6520.0   8.27590528804e-14
6525.0   8.26070566296e-14
6530.0   8.24543498298e-14
6535.0   8.2301177799e-14
6540.0   8.21472944709e-14
6542.0   8.20842446398e-14
6545.0   8.19922080865e-14
6548.0   8.19000233001e-14
6550.0   8.18361639616e-14
6552.0   8.1772102186e-14
6555.0   8.16781789522e-14
6556.0   8.16453367609e-14
6558.0   8.15831244464e-14
6559.0   8.15493564347e-14
6560.0   8.15146410116e-14
6561.0   8.14823441511e-14
6562.0   8.14449231133e-14
6563.0   8.14067512083e-14
6564.0   8.13615387242e-14
6565.0   8.13126024966e-14
6566.0   8.13070907711e-14
6567.0   8.12935311211e-14
6568.0   8.127352054e-14
6569.0   8.12510883696e-14
6570.0   8.12273893581e-14
6571.0   8.12028411786e-14
6572.0   8.11778369347e-14
6573.0   8.11523029159e-14
6575.0   8.11007757235e-14
6577.0   8.10483087153e-14
6579.0   8.09953932505e-14
6581.0   8.09422749965e-14
6583.0   8.08889539289e-14
6587.0   8.07814575629e-14
6591.0   8.06731496488e-14
6595.0   8.05642756823e-14
6599.0   8.0454835467e-14
6603.0   8.03450744983e-14
6607.0   8.02349925794e-14
6611.0   8.01243438214e-14
6615.0   8.00136194106e-14
6623.0   7.97914514566e-14
6631.0   7.95689785178e-14
6639.0   7.93461990073e-14
6647.0   7.91236027179e-14
6655.0   7.89009423638e-14
6671.0   7.84566515269e-14
6687.0   7.80142964446e-14
6703.0   7.7573618557e-14
6719.0   7.71353420258e-14
6735.0   7.66996995873e-14
6751.0   7.62664325553e-14
6767.0   7.58355279002e-14
6783.0   7.54072182518e-14
6799.0   7.4981490519e-14
6815.0   7.45583315847e-14
6831.0   7.41377283086e-14
6847.0   7.37196675297e-14
6863.0   7.33041360699e-14
6879.0   7.28911207359e-14
6895.0   7.2480854014e-14
6911.0   7.20728313053e-14
6927.0   7.1667285079e-14
6943.0   7.12642021078e-14
6959.0   7.08638148535e-14
6975.0   7.04658643938e-14
6991.0   7.00700918088e-14
7007.0   6.96769752576e-14
7023.0   6.92862558302e-14
7039.0   6.88979203163e-14
7055.0   6.85119555159e-14
7071.0   6.81283482408e-14
7087.0   6.77470853165e-14
7103.0   6.73681535843e-14
7119.0   6.69915399025e-14
7135.0   6.66174768402e-14
7151.0   6.62454599117e-14
7167.0   6.58759674206e-14
7183.0   6.55087406186e-14
7199.0   6.51435207829e-14
7215.0   6.47808108611e-14
7231.0   6.44203030464e-14
7247.0   6.40620089603e-14
7263.0   6.37059402547e-14
7279.0   6.33520594751e-14
7295.0   6.30004029073e-14
7311.0   6.26509085946e-14
7327.0   6.23035883231e-14
7343.0   6.1958429346e-14
7359.0   6.16154189537e-14
7375.0   6.12745199059e-14
7391.0   6.09357441401e-14
7407.0   6.05990790647e-14
7423.0   6.02644875602e-14
7439.0   5.99319816876e-14
7455.0   5.96015489812e-14
7471.0   5.92731770194e-14
7487.0   5.89468288557e-14
7503.0   5.86225167272e-14
7519.0   5.83002283475e-14
7535.0   5.7979926908e-14
7551.0   5.76616247853e-14
7567.0   5.73452852658e-14
7583.0   5.70309208227e-14
7599.0   5.67185194089e-14
7615.0   5.64080690271e-14
7631.0   5.60995331608e-14
7647.0   5.57928999135e-14
7663.0   5.54882065779e-14
7679.0   5.51853922217e-14
7695.0   5.4884445103e-14
7711.0   5.45853781015e-14
7727.0   5.42881795804e-14
7743.0   5.39928133871e-14
7759.0   5.36992925605e-14
7775.0   5.34075810555e-14
7791.0   5.31176920192e-14
7807.0   5.28295895148e-14
7823.0   5.25432867988e-14
7839.0   5.22587480442e-14
7855.0   5.19759866177e-14
7871.0   5.16949913721e-14
7887.0   5.14157266468e-14
7903.0   5.11381814064e-14
7919.0   5.08623692404e-14
7935.0   5.05882792257e-14
7951.0   5.03158759261e-14
7967.0   5.00451485312e-14
7983.0   4.97761108563e-14
7999.0   4.95087522044e-14
8015.0   4.9243037366e-14
8031.0   4.89789557578e-14
8047.0   4.87165214224e-14
8063.0   4.84556993214e-14
8079.0   4.81965036117e-14
8095.0   4.79388993688e-14
8111.0   4.7682900864e-14
8127.0   4.74284732871e-14
8143.0   4.71756064544e-14
8159.0   4.69243148086e-14
8175.0   4.6674563711e-14
8191.0   4.64263677184e-14
8206.0   4.61950451966e-14
8222.0   4.59498109076e-14
8237.0   4.57212245768e-14
8253.0   4.54789150348e-14
8268.0   4.52530550118e-14
8284.0   4.50136336743e-14
8299.0   4.47904413247e-14
8315.0   4.4553872062e-14
8330.0   4.43333382764e-14
8346.0   4.40995608011e-14
8361.0   4.38816522862e-14
8377.0   4.36506558594e-14
8390.0   4.34639723348e-14
8392.0   4.34353151364e-14
8395.0   4.33924440666e-14
8399.0   4.33352854093e-14
8402.0   4.32925289759e-14
8409.0   4.31928562512e-14
8416.0   4.3093449694e-14
8419.0   4.3050921154e-14
8430.0   4.28954565898e-14
8440.0   4.27546549579e-14
8451.0   4.26004563951e-14
8453.0   4.25724585137e-14
8461.0   4.24607784667e-14
8470.0   4.23356065224e-14
8486.0   4.21140278463e-14
8500.0   4.19213010442e-14
8502.0   4.18938209061e-14
8505.0   4.1852713609e-14
8510.0   4.17842567054e-14
8520.0   4.16477579864e-14
8532.0   4.14846344614e-14
8540.0   4.13762905543e-14
8548.0   4.12682760145e-14
8564.0   4.10532306942e-14
8580.0   4.08395144179e-14
8592.0   4.06800965251e-14
8596.0   4.06270940188e-14
8601.0   4.05610154374e-14
8610.0   4.04423162586e-14
8628.0   4.02061804385e-14
8646.0   3.997162791e-14
8662.0   3.97645369931e-14
8665.0   3.97258563656e-14
8667.0   3.97000445811e-14
8673.0   3.96228737716e-14
8684.0   3.9481799935e-14
8696.0   3.93286238537e-14
8707.0   3.91887737264e-14
8718.0   3.90494801743e-14
8730.0   3.88982390995e-14
8741.0   3.87601767127e-14
8752.0   3.86227119108e-14
8753.0   3.86102702372e-14
8754.0   3.85978087066e-14
8755.0   3.8585327317e-14
8758.0   3.85479850976e-14
8764.0   3.84734275713e-14
8776.0   3.83248432677e-14
8788.0   3.81769310796e-14
8800.0   3.80296876716e-14
8811.0   3.78952275573e-14
8823.0   3.77492321454e-14
8835.0   3.76038958783e-14
8847.0   3.74591909147e-14
8852.0   3.73990756467e-14
8859.0   3.7315163137e-14
8865.0   3.72433683971e-14
8878.0   3.70885196457e-14
8891.0   3.69344515966e-14
8904.0   3.67811110447e-14
8917.0   3.66284939452e-14
8930.0   3.64765962746e-14
8943.0   3.63253403234e-14
8956.0   3.61748940956e-14
8969.0   3.6025130786e-14
8982.0   3.58760955952e-14
8995.0   3.57277354681e-14
8999.0   3.56822539714e-14
9008.0   3.55800710782e-14
9017.0   3.54782807013e-14
9027.0   3.53658817435e-14
9036.0   3.52650577708e-14
9055.0   3.50533475353e-14
9074.0   3.48430398413e-14
9092.0   3.46450699629e-14
9111.0   3.4437528339e-14
9130.0   3.42313547953e-14
9149.0   3.40265623916e-14
9168.0   3.38231397099e-14
9186.0   3.36315714155e-14
9205.0   3.34306569381e-14
9216.0   3.33149083399e-14
9224.0   3.3231054488e-14
9232.0   3.31475469768e-14
9239.0   3.3074994006e-14
9247.0   3.29923670799e-14
9262.0   3.28380018744e-14
9278.0   3.26743507244e-14
9293.0   3.25217047082e-14
9309.0   3.23597557197e-14
9324.0   3.22087326267e-14
9340.0   3.20484864646e-14
9355.0   3.18990394628e-14
9371.0   3.17404971054e-14
9386.0   3.15926533627e-14
9402.0   3.14358160988e-14
9417.0   3.12895539338e-14
9433.0   3.11343987893e-14
9448.0   3.09896230987e-14
9464.0   3.08360536952e-14
9479.0   3.06927187966e-14
9495.0   3.0540639055e-14
9510.0   3.03986258375e-14
9526.0   3.02478908363e-14
9533.0   3.01821002157e-14
9541.0   3.01071296033e-14
9545.0   3.00697259349e-14
9547.0   3.00510690401e-14
9549.0   3.00324257105e-14
9550.0   3.00232811134e-14
9552.0   3.00049283715e-14
9554.0   2.99865891669e-14
9556.0   2.99682880575e-14
9558.0   2.99500250322e-14
9560.0   2.99317509416e-14
9562.0   2.99134903435e-14
9564.0   2.9895243227e-14
9567.0   2.9867922375e-14
9575.0   2.97951000031e-14
9590.0   2.96589822254e-14
9605.0   2.95234666659e-14
9620.0   2.93885241353e-14
9635.0   2.92541746123e-14
9651.0   2.91116040814e-14
9666.0   2.89785983621e-14
9681.0   2.88462454652e-14
9696.0   2.87145409199e-14
9711.0   2.85835539919e-14
9726.0   2.84532311296e-14
9741.0   2.83235925179e-14
9756.0   2.81946092316e-14
9771.0   2.8066326081e-14
9786.0   2.79387141975e-14
9802.0   2.78033619224e-14
9817.0   2.76771254563e-14
9832.0   2.75515472448e-14
9847.0   2.74267213773e-14
9862.0   2.73025454171e-14
9877.0   2.71788923852e-14
9892.0   2.70558318832e-14
9907.0   2.693340897e-14
9922.0   2.68115704545e-14
9937.0   2.66903368794e-14
9953.0   2.65616457746e-14
9968.0   2.64415301928e-14
9983.0   2.63218845207e-14
9996.0   2.62185685691e-14
9998.0   2.62027048374e-14
10000.0   2.61868278089e-14
10010.0   2.61080045386e-14
10020.0   2.60286263513e-14
10030.0   2.59501908249e-14
10040.0   2.58710015493e-14
10050.0   2.57929737883e-14
10060.0   2.57156887389e-14
10070.0   2.56407177062e-14
10080.0   2.55653323944e-14
10090.0   2.54900967823e-14
10100.0   2.54155011458e-14
10110.0   2.53405124768e-14
10120.0   2.52657684761e-14
10130.0   2.51914400347e-14
10150.0   2.50428707301e-14
10170.0   2.48952627273e-14
10180.0   2.48217919624e-14
10200.0   2.46755115815e-14
10230.0   2.44578508942e-14
10260.0   2.42423015509e-14
10290.0   2.40289585125e-14
10360.0   2.35398626878e-14
10420.0   2.31299007895e-14
10490.0   2.26624114282e-14
10550.0   2.22706179321e-14
10610.0   2.18869633055e-14
10680.0   2.14494837399e-14
10710.0   2.12650331576e-14
10740.0   2.10824116417e-14
10770.0   2.09015720118e-14
10790.0   2.07821686063e-14
10810.0   2.06635106553e-14
10820.0   2.06040937303e-14
10840.0   2.0486480398e-14
10850.0   2.04274470387e-14
10870.0   2.03108147867e-14
10890.0   2.01947549728e-14
10900.0   2.01361976248e-14
10910.0   2.0078425983e-14
10920.0   2.00207513364e-14
10930.0   1.99630992064e-14
10940.0   1.99049528727e-14
10950.0   1.98486456428e-14
10960.0   1.97942504632e-14
10970.0   1.9740046734e-14
10980.0   1.96850755029e-14
10990.0   1.963019594e-14
11000.0   1.95754072973e-14
11020.0   1.94665174738e-14
11040.0   1.93578595922e-14
11050.0   1.93038584147e-14
11070.0   1.91960656982e-14
11080.0   1.91424201263e-14
11100.0   1.9035553252e-14
11120.0   1.89293865368e-14
11150.0   1.87713109621e-14
11180.0   1.86147360892e-14
11240.0   1.83061613983e-14
11310.0   1.79539928553e-14
11370.0   1.76584940639e-14
11440.0   1.73213148292e-14
11500.0   1.70384379538e-14
11560.0   1.67610938807e-14
11630.0   1.6444566199e-14
11690.0   1.61789317839e-14
11760.0   1.58757219261e-14
11820.0   1.5621230121e-14
11880.0   1.53716756585e-14
11950.0   1.50867844066e-14
12010.0   1.4847598322e-14
12080.0   1.45744536265e-14
12140.0   1.43451164573e-14
12200.0   1.41201786282e-14
12270.0   1.38632735849e-14
12330.0   1.36474839292e-14
12400.0   1.34010206748e-14
12460.0   1.319397124e-14
12520.0   1.29907803405e-14
12590.0   1.27585432649e-14
12620.0   1.26604786532e-14
12650.0   1.25632555059e-14
12670.0   1.24989926905e-14
12680.0   1.24668146692e-14
12700.0   1.24031006501e-14
12720.0   1.23397079156e-14
12730.0   1.2307900794e-14
12750.0   1.22449723148e-14
12760.0   1.22133097249e-14
12770.0   1.21819894343e-14
12780.0   1.21507408306e-14
12790.0   1.21195144253e-14
12800.0   1.20883098697e-14
12810.0   1.2056635433e-14
12820.0   1.2024923187e-14
12830.0   1.19941948649e-14
12840.0   1.19653739247e-14
12850.0   1.19360915564e-14
12860.0   1.19065587145e-14
12870.0   1.1876848768e-14
12880.0   1.18471825019e-14
12890.0   1.18177561335e-14
12910.0   1.17586635552e-14
12920.0   1.17293160793e-14
12940.0   1.16706485634e-14
12960.0   1.16122693222e-14
12970.0   1.15832023449e-14
12990.0   1.15253120572e-14
13020.0   1.14390318363e-14
13050.0   1.13534937637e-14
13080.0   1.12687139097e-14
13150.0   1.10738423172e-14
13210.0   1.09099807832e-14
13280.0   1.07226153237e-14
13340.0   1.0565056598e-14
13400.0   1.04103455433e-14
13470.0   1.02334119743e-14
13530.0   1.00846133781e-14
13600.0   9.91443650649e-15
13660.0   9.77132259266e-15
13720.0   9.63072851982e-15
13790.0   9.46992846818e-15
13850.0   9.33466843573e-15
13920.0   9.17991406968e-15
13980.0   9.04972309258e-15
14040.0   8.92179688572e-15
14110.0   8.7754060529e-15
14170.0   8.65222656629e-15
14240.0   8.51125012837e-15
14300.0   8.39261424209e-15
14360.0   8.27600699629e-15
14430.0   8.14252813895e-15
14490.0   8.03017962356e-15
14560.0   7.901557528e-15
14620.0   7.79328608996e-15
14680.0   7.68681470326e-15
14750.0   7.56490016873e-15
14810.0   7.46225364508e-15
14880.0   7.34470735414e-15
14940.0   7.2457273662e-15
15000.0   7.14838678792e-15
15050.0   7.06853737143e-15
15070.0   7.03689730088e-15
15090.0   7.005431261e-15
15120.0   6.95855603296e-15
15130.0   6.9430167504e-15
15140.0   6.92751767515e-15
15160.0   6.89665187677e-15
15200.0   6.83543846582e-15
15260.0   6.74482379641e-15
15320.0   6.65573810407e-15
15330.0   6.6410189557e-15
15350.0   6.61174962475e-15
15370.0   6.58259252599e-15
15400.0   6.53918823508e-15
15410.0   6.52478539016e-15
15420.0   6.5104387119e-15
15440.0   6.481842105e-15
15490.0   6.41107297285e-15
15560.0   6.31354134515e-15
15630.0   6.21783457268e-15
15710.0   6.11069246033e-15
15780.0   6.01877621819e-15
15810.0   5.97990525182e-15
15850.0   5.92856446533e-15
15890.0   5.87776572015e-15
15960.0   5.79012668353e-15
15970.0   5.77775013522e-15
16040.0   5.69197049125e-15
16110.0   5.60775734751e-15
16190.0   5.51342460978e-15
16260.0   5.43246022662e-15
16330.0   5.35295412881e-15
16390.0   5.28594148961e-15
16400.0   5.27486282369e-15
16410.0   5.26381270939e-15
16440.0   5.23090405332e-15
16460.0   5.209085637e-15
16510.0   5.1550470748e-15
16610.0   5.04900786905e-15
16660.0   4.99699879266e-15
16710.0   4.94564415525e-15
16760.0   4.89492175689e-15
16810.0   4.84481448268e-15
16820.0   4.8348777903e-15
16830.0   4.8249834247e-15
16850.0   4.80526486272e-15
16900.0   4.75638329165e-15
16940.0   4.71768663144e-15
16990.0   4.66987784121e-15
17080.0   4.58529442337e-15
17170.0   4.50259163112e-15
17270.0   4.41286966127e-15
17350.0   4.34265282672e-15
17360.0   4.333978495e-15
17370.0   4.32532556191e-15
17380.0   4.31667922315e-15
17420.0   4.28237968558e-15
17450.0   4.25686250022e-15
17520.0   4.19806948721e-15
17590.0   4.14027458659e-15
17650.0   4.09149678808e-15
17720.0   4.03550438848e-15
17790.0   3.98045361491e-15
17850.0   3.93398325661e-15
17920.0   3.88063106628e-15
17990.0   3.8281602904e-15
18050.0   3.78386057277e-15
18060.0   3.77654341892e-15
18120.0   3.7329909838e-15
18150.0   3.71144488451e-15
18160.0   3.70428551615e-15
18180.0   3.6900569958e-15
18190.0   3.68296563549e-15
18210.0   3.6688530448e-15
18220.0   3.66181452088e-15
18240.0   3.64779980531e-15
18250.0   3.64081123489e-15
18280.0   3.61995450796e-15
18340.0   3.5786757146e-15
18400.0   3.5379657721e-15
18450.0   3.50445315529e-15
18510.0   3.46476140463e-15
18540.0   3.44511283146e-15
18570.0   3.42559179163e-15
18600.0   3.40619714066e-15
18630.0   3.38692037436e-15
18660.0   3.36775054244e-15
18670.0   3.36135741609e-15
18680.0   3.35496672511e-15
18700.0   3.34230304755e-15
18710.0   3.33598329836e-15
18720.0   3.32959211465e-15
18730.0   3.32326950047e-15
18740.0   3.31693188049e-15
18750.0   3.31046128264e-15
18760.0   3.30374464884e-15
18770.0   3.29805953648e-15
18780.0   3.29217007639e-15
18790.0   3.28619416111e-15
18800.0   3.28012192359e-15
18820.0   3.26802983653e-15
18830.0   3.26200008119e-15
18840.0   3.25596966715e-15
18860.0   3.24389688042e-15
18880.0   3.23189224608e-15
18910.0   3.21394392359e-15
18940.0   3.19610730315e-15
18960.0   3.18427149822e-15
19020.0   3.14908165138e-15
19070.0   3.12009892091e-15
19120.0   3.09143601501e-15
19180.0   3.05747283184e-15
19230.0   3.02950481324e-15
19290.0   2.99636582172e-15
19340.0   2.96906691529e-15
19390.0   2.94206700982e-15
19440.0   2.91537429029e-15
19450.0   2.91008247318e-15
19460.0   2.90479518255e-15
19480.0   2.89428564858e-15
19500.0   2.883828236e-15
19550.0   2.85788221452e-15
19590.0   2.83732523041e-15
19630.0   2.81694423163e-15
19710.0   2.77670980269e-15
19800.0   2.73228954342e-15
19880.0   2.69352722722e-15
19960.0   2.65544158949e-15
20050.0   2.61339709363e-15
20130.0   2.57670804551e-15
20210.0   2.54065010514e-15
20300.0   2.50084941796e-15
20380.0   2.46610475852e-15
20460.0   2.43195614256e-15
20550.0   2.3942488537e-15
20630.0   2.36133168209e-15
20710.0   2.32897099885e-15
20800.0   2.29323402424e-15
20880.0   2.26202881621e-15
20970.0   2.2275561226e-15
21050.0   2.19745538268e-15
21130.0   2.16785219958e-15
21220.0   2.13514877297e-15
21300.0   2.10657799114e-15
21380.0   2.07847183782e-15
21420.0   2.06458916255e-15
21470.0   2.04740595842e-15
21510.0   2.03376710715e-15
21550.0   2.02023535109e-15
21570.0   2.01350621833e-15
21590.0   2.00680221934e-15
21610.0   2.00013550315e-15
21620.0   1.99679520015e-15
21630.0   1.99345679661e-15
21640.0   1.99013993114e-15
21650.0   1.98682738863e-15
21660.0   1.98348229869e-15
21670.0   1.98023731827e-15
21680.0   1.97699169723e-15
21700.0   1.97051320882e-15
21720.0   1.96404178823e-15
21730.0   1.96081974365e-15
21760.0   1.95117122401e-15
21800.0   1.93838633903e-15
21830.0   1.92886065626e-15
21860.0   1.91939076273e-15
21920.0   1.90061173561e-15
21990.0   1.87898622295e-15
22050.0   1.86068461598e-15
22120.0   1.83961412508e-15
22180.0   1.82178213583e-15
22240.0   1.80416419447e-15
22310.0   1.78388210943e-15
22370.0   1.76671503593e-15
22440.0   1.74695366357e-15
22500.0   1.73022603747e-15
22560.0   1.71369914601e-15
22630.0   1.6946679104e-15
22690.0   1.67856106031e-15
22760.0   1.6600148539e-15
22820.0   1.64431779637e-15
22880.0   1.62880212105e-15
22950.0   1.61093270234e-15
23010.0   1.59580658581e-15
23080.0   1.57838725804e-15
23140.0   1.56364151212e-15
23200.0   1.54906637208e-15
23270.0   1.5322773937e-15
23330.0   1.51806386614e-15
23400.0   1.50169294084e-15
23460.0   1.48783034189e-15
23520.0   1.47412866489e-15
23590.0   1.45834323012e-15
23650.0   1.44497751861e-15
23720.0   1.42958072903e-15
23780.0   1.41654117127e-15
23840.0   1.40364892878e-15
23910.0   1.38879643302e-15
23970.0   1.37621659586e-15
24040.0   1.36172572489e-15
24100.0   1.34945173038e-15
24160.0   1.33731480162e-15
24230.0   1.32333035399e-15
24290.0   1.31148416645e-15
24360.0   1.29783403598e-15
24420.0   1.28627274723e-15
24480.0   1.2748366363e-15
24550.0   1.26166054006e-15
24610.0   1.25049719631e-15
24680.0   1.23763254037e-15
24740.0   1.22673284592e-15
24800.0   1.2159508718e-15
24870.0   1.20352643707e-15
24930.0   1.19299910646e-15
25000.0   1.18086552415e-15
25060.0   1.17058407082e-15
25120.0   1.16041380487e-15
25190.0   1.14869061326e-15
25250.0   1.13875633275e-15
25320.0   1.127304553e-15
25380.0   1.11759951071e-15
25440.0   1.10799802218e-15
25510.0   1.09692909043e-15
25570.0   1.08754746345e-15
25640.0   1.07673126133e-15
25700.0   1.06756275475e-15
25760.0   1.05849048792e-15
25830.0   1.04802946862e-15
25890.0   1.03915967498e-15
25960.0   1.02893112076e-15
26020.0   1.02025481117e-15
26050.0   1.01594830265e-15
26080.0   1.01166204736e-15
26120.0   1.00598600088e-15
26150.0   1.00174424708e-15
26160.0   1.00032891872e-15
26180.0   9.97518596593e-16
26200.0   9.9471577999e-16
26210.0   9.93303752716e-16
26230.0   9.90506836341e-16
26240.0   9.89108424167e-16
26250.0   9.87713393791e-16
26260.0   9.86348274941e-16
26270.0   9.84961958758e-16
26280.0   9.83597682034e-16
26290.0   9.8224684061e-16
26310.0   9.79538516805e-16
26320.0   9.78193800561e-16
26340.0   9.75490557886e-16
26350.0   9.74146271813e-16
26370.0   9.71451953458e-16
26390.0   9.68765993059e-16
26420.0   9.64753499185e-16
26450.0   9.6075836601e-16
26480.0   9.5678120208e-16
26510.0   9.5282237117e-16
26580.0   9.43660516083e-16
26640.0   9.35890135652e-16
26710.0   9.26924386431e-16
26770.0   9.19321378975e-16
26830.0   9.11794816605e-16
26900.0   9.03112191529e-16
26960.0   8.95749436909e-16
27030.0   8.87255522098e-16
27090.0   8.8005253023e-16
27150.0   8.72922090652e-16
27220.0   8.64696479875e-16
27280.0   8.57720255106e-16
27350.0   8.49672222821e-16
27410.0   8.42846478669e-16
27470.0   8.36089010128e-16
27540.0   8.28292572764e-16
27600.0   8.21679980816e-16
27670.0   8.14050600002e-16
27730.0   8.07579190198e-16
27790.0   8.01172349379e-16
27860.0   7.93779052836e-16
27920.0   7.87507698697e-16
27990.0   7.80270985711e-16
28050.0   7.74131931861e-16
28110.0   7.68053055739e-16
28180.0   7.61038263644e-16
28240.0   7.55087342882e-16
28310.0   7.48219629835e-16
28370.0   7.42392982327e-16
28430.0   7.36622886945e-16
28500.0   7.29963699098e-16
28560.0   7.24313624819e-16
28630.0   7.17792676708e-16
28690.0   7.12259655028e-16
28750.0   7.06779812393e-16
28820.0   7.00454681124e-16
28880.0   6.95087705003e-16
28950.0   6.88892586859e-16
29010.0   6.83635713516e-16
29070.0   6.78428878824e-16
29140.0   6.72417974589e-16
29200.0   6.67317343974e-16
29270.0   6.61428791055e-16
29330.0   6.56431789618e-16
29390.0   6.51481409634e-16
29460.0   6.45766506217e-16
29520.0   6.40916367531e-16
29590.0   6.35316674679e-16
29650.0   6.30563885286e-16
29710.0   6.25855480955e-16
29780.0   6.20419113534e-16
29840.0   6.15804915402e-16
29910.0   6.10477098872e-16
29970.0   6.05954867289e-16
