900.0   1.76929686039e-16
900.1   1.77029775347e-16
900.2   1.77145692231e-16
900.3   1.7729322172e-16
900.4   1.77409223892e-16
900.5   1.77556838738e-16
900.6   1.77704496317e-16
900.7   1.77820626688e-16
900.8   1.77968369842e-16
900.9   1.7808458586e-16
901.0   1.78232414732e-16
901.1   1.7834871654e-16
901.2   1.78496631276e-16
901.3   1.78644588997e-16
901.4   1.78761019763e-16
901.5   1.78909063563e-16
901.6   1.79025580481e-16
901.7   1.79173710508e-16
901.8   1.79290313723e-16
901.9   1.79438530118e-16
902.0   1.79555219775e-16
902.1   1.79703522686e-16
902.2   1.79851868909e-16
902.3   1.79968688501e-16
902.4   1.80117121455e-16
902.5   1.80234027853e-16
902.6   1.80382547686e-16
902.7   1.80499541034e-16
902.8   1.80663932878e-16
902.9   1.80765228333e-16
903.0   1.80929707347e-16
903.1   1.81078445011e-16
903.2   1.81195656371e-16
903.3   1.81344481423e-16
903.4   1.81461780245e-16
903.5   1.81610692829e-16
903.6   1.81728079258e-16
903.7   1.81877079521e-16
903.8   1.81994553702e-16
903.9   1.82143641791e-16
904.0   1.82292773849e-16
904.1   1.82410379931e-16
904.2   1.82559600034e-16
904.3   1.82677294236e-16
904.4   1.8282660253e-16
904.5   1.82944384996e-16
904.6   1.83093781627e-16
904.7   1.83259007473e-16
904.8   1.83376922612e-16
904.9   1.83526452026e-16
905.0   1.83644455796e-16
905.1   1.83794073915e-16
905.2   1.83991091409e-16
905.5   1.84408775827e-16
906.2   1.85300747335e-16
907.4   1.87058201923e-16
908.0   1.87931476626e-16
909.0   1.89127493737e-16
909.9   1.90444603393e-16
910.4   1.9128317916e-16
910.9   1.92122914384e-16
911.1   1.92522274131e-16
911.3   1.92921820446e-16
911.5   1.93163703739e-16
911.6   1.93363640501e-16
911.7   1.93563624093e-16
911.8   1.93605804664e-16
911.9   1.94121581809e-16
912.0   1.9432170612e-16
912.3   1.94606661314e-16
912.8   1.95292995565e-16
913.0   1.95694139907e-16
913.2   1.96095473691e-16
913.5   1.96855680127e-16
913.7   1.97731038519e-16
913.9   1.99080137088e-16
914.2   2.00946292921e-16
914.4   2.03400818321e-16
914.6   2.06486934857e-16
914.9   2.10248295141e-16
915.1   2.14755540963e-16
915.4   2.19938272107e-16
915.6   2.25866649128e-16
915.8   2.32268769232e-16
916.1   2.39346714477e-16
916.3   2.47012118578e-16
916.5   2.54993416948e-16
916.8   2.63493032274e-16
917.0   2.72421917554e-16
917.5   2.90798739806e-16
917.7   3.00044010711e-16
918.0   3.09018939305e-16
918.1   3.13168246533e-16
918.2   3.170019033e-16
918.3   3.20204209865e-16
918.4   3.21354517259e-16
918.5   3.22347024198e-16
918.6   3.20340432707e-16
918.7   3.17860341058e-16
918.8   3.10171252602e-16
918.9   2.91274871572e-16
919.0   2.6795874326e-16
919.1   2.41959216491e-16
919.2   1.99701200797e-16
919.3   1.64467554936e-16
919.4   1.38057767689e-16
919.5   1.68000440862e-16
919.6   2.08724311357e-16
919.7   2.45865039259e-16
919.8   2.79533119528e-16
919.9   3.08939302756e-16
920.0   3.307687413e-16
920.1   3.43758636081e-16
920.2   3.47908987138e-16
920.3   3.44324743737e-16
920.4   3.31111707244e-16
920.5   3.09374826923e-16
920.6   2.81324001269e-16
920.7   2.472749301e-16
920.8   2.09595361799e-16
920.9   1.6778017676e-16
921.0   1.31221443454e-16
921.1   1.62711848014e-16
921.2   2.05835839925e-16
921.3   2.45187270002e-16
921.4   2.82171002299e-16
921.5   3.16155637297e-16
921.6   3.47772574595e-16
921.7   3.74338366106e-16
921.8   3.94274512976e-16
921.9   4.09475213919e-16
922.0   4.17888420408e-16
922.1   4.20461231821e-16
922.2   4.17351498087e-16
922.3   4.07927819686e-16
922.4   3.9140094721e-16
922.5   3.70612178712e-16
922.6   3.43509465665e-16
922.7   3.12460556453e-16
922.8   2.78728250234e-16
922.9   2.4089189804e-16
923.0   2.00056449136e-16
923.1   1.54264564933e-16
923.2   1.3668050728e-16
923.3   1.83957020587e-16
923.4   2.0593024794e-16
923.5   2.47176998208e-16
923.6   3.0436663876e-16
923.7   3.38983796567e-16
923.8   3.56079668135e-16
923.9   3.88644880436e-16
924.0   4.17106047197e-16
924.1   4.56616757862e-16
924.2   4.77501233219e-16
924.3   4.94755212824e-16
924.4   5.0190685124e-16
924.5   5.13162638575e-16
924.6   5.22839978841e-16
924.7   5.25098426161e-16
924.8   5.24831327154e-16
924.9   5.21249432412e-16
925.0   5.13563492526e-16
925.1   4.94196712834e-16
925.2   4.76092784324e-16
925.3   4.53569111011e-16
925.4   4.27888492049e-16
925.5   3.99998026819e-16
925.6   3.6942416569e-16
925.7   3.35851208923e-16
925.8   3.00857655455e-16
925.9   2.62075756979e-16
926.0   2.19347663647e-16
926.1   1.7387303466e-16
926.2   1.36148887718e-16
926.3   1.34477708072e-16
926.4   1.85181174348e-16
926.5   2.30644076872e-16
926.6   2.72997389194e-16
926.7   3.1187805661e-16
926.8   3.47759628826e-16
926.9   3.82852004337e-16
927.0   4.15576684288e-16
927.1   4.47512167615e-16
927.2   4.78500604468e-16
927.3   5.0759489555e-16
927.4   5.3495289079e-16
927.5   5.60101040558e-16
927.6   5.83512894566e-16
927.7   6.04714903184e-16
927.8   6.23075666892e-16
927.9   6.39542285069e-16
928.0   6.53641208087e-16
928.1   6.65688135766e-16
928.2   6.75367368364e-16
928.3   6.82521056033e-16
928.4   6.87464898595e-16
928.5   6.90356745976e-16
928.6   6.91038748328e-16
928.7   6.89510905692e-16
928.8   6.85299668439e-16
928.9   6.76826537712e-16
929.0   6.6535431267e-16
929.1   6.50725143464e-16
929.2   6.3372827958e-16
929.3   6.13416621722e-16
929.4   5.91052969047e-16
929.5   5.66005922038e-16
929.6   5.41432478526e-16
929.7   5.16069839436e-16
929.8   4.89444455139e-16
929.9   4.60767076226e-16
930.0   4.30037702741e-16
930.1   3.98519133837e-16
930.2   3.64632870661e-16
930.3   3.29168162702e-16
930.4   2.91020060771e-16
930.5   2.48610066013e-16
930.6   2.01622478689e-16
930.7   1.47515915618e-16
930.8   1.34718722977e-16
930.9   1.9042843679e-16
931.0   2.38924465043e-16
931.1   2.83016535811e-16
931.2   3.22846714038e-16
931.3   3.59677798878e-16
931.4   3.9524613916e-16
931.5   4.28604635586e-16
931.6   4.61173937203e-16
931.7   4.92796194163e-16
931.8   5.22840006947e-16
931.9   5.52252474935e-16
932.0   5.82769946953e-16
932.1   6.13445323702e-16
932.2   6.44910004784e-16
932.3   6.75901191123e-16
932.4   7.05787483197e-16
932.5   7.3520028061e-16
932.6   7.64139583401e-16
932.7   7.92131841941e-16
932.8   8.17125007708e-16
932.9   8.40539729747e-16
933.0   8.62849557768e-16
933.1   8.84212341703e-16
933.2   9.04154531923e-16
933.3   9.23149678138e-16
933.4   9.40724230719e-16
933.5   9.56088940261e-16
933.6   9.68928107024e-16
933.7   9.80346680278e-16
933.8   9.90502509951e-16
933.9   9.99237746195e-16
934.0   1.00655238905e-15
934.1   1.01228858867e-15
934.2   1.01613064532e-15
934.3   1.01792070915e-15
934.4   1.01797447997e-15
934.5   1.01566055827e-15
934.6   1.01129464387e-15
934.7   1.00440318715e-15
934.8   9.94512638465e-16
934.9   9.82096547538e-16
935.0   9.67312764297e-16
935.1   9.50161288782e-16
935.2   9.32694169601e-16
935.3   9.13332907896e-16
935.4   8.9207750371e-16
935.5   8.69085806975e-16
935.6   8.44831367399e-16
935.7   8.18998485245e-16
935.8   7.91745010442e-16
935.9   7.66070090938e-16
936.0   7.40710927653e-16
936.2   6.89045671237e-16
936.4   6.36275691854e-16
936.5   6.09180462611e-16
936.6   5.8129604061e-16
936.7   5.5262242589e-16
936.8   5.23001768605e-16
936.9   4.92591918685e-16
937.0   4.61235026283e-16
937.1   4.29088941328e-16
937.2   3.95206564526e-16
937.3   3.58956496357e-16
937.4   3.20338736864e-16
937.5   2.77774787194e-16
937.6   2.30159698157e-16
937.7   1.74431181939e-16
937.8   1.38228754254e-16
937.9   1.38347643401e-16
938.0   2.00801511231e-16
938.1   2.52853128645e-16
938.2   2.98527667871e-16
938.3   3.3978246758e-16
938.4   3.78038176823e-16
938.5   4.14084045087e-16
938.6   4.48077922305e-16
938.7   4.80809057966e-16
938.8   5.1306670156e-16
938.9   5.44535153349e-16
939.0   5.75372263265e-16
939.2   6.35468157423e-16
939.4   6.94932883262e-16
939.6   7.55344940012e-16
939.7   7.86656004559e-16
939.8   8.19072076353e-16
939.9   8.54013804441e-16
940.0   8.90849789305e-16
940.1   9.27685832315e-16
940.2   9.65469032848e-16
940.3   1.02266782803e-15
940.4   1.06155609429e-15
940.5   1.10154936808e-15
940.6   1.14454184814e-15
940.7   1.18832363603e-15
940.8   1.23257903203e-15
940.9   1.27651878673e-15
941.0   1.32014290018e-15
941.2   1.40518140433e-15
941.4   1.48927304373e-15
941.6   1.56547242358e-15
941.8   1.63520019321e-15
941.9   1.6699852414e-15
942.0   1.70319184964e-15
942.1   1.73324151907e-15
942.2   1.76013424972e-15
942.3   1.78702703945e-15
942.4   1.81234138938e-15
942.5   1.83765579847e-15
942.7   1.88354929758e-15
942.9   1.926286036e-15
943.1   1.96270901629e-15
943.3   1.99281823877e-15
943.5   2.01661370378e-15
943.7   2.03409541166e-15
943.8   2.0404686068e-15
943.9   2.04368486387e-15
944.0   2.04374418293e-15
944.1   2.04064656403e-15
944.2   2.0359705061e-15
944.3   2.02813751029e-15
944.4   2.01714757663e-15
944.5   2.00457920407e-15
944.6   1.98885389377e-15
944.7   1.96997164574e-15
944.8   1.94793246004e-15
944.9   1.92273633672e-15
945.0   1.89438327582e-15
945.1   1.86287327737e-15
945.2   1.82820634142e-15
945.3   1.7919609669e-15
945.5   1.71473490237e-15
945.7   1.63435208186e-15
945.9   1.55065465588e-15
946.1   1.4642740243e-15
946.3   1.37884073492e-15
946.5   1.29293413907e-15
946.6   1.2500598574e-15
946.7   1.2097112349e-15
946.8   1.17015192281e-15
946.9   1.13106622141e-15
947.0   1.0929276804e-15
947.1   1.05699909896e-15
947.2   1.0232804771e-15
947.3   9.900354661e-16
947.4   9.57421915887e-16
947.6   8.9503629733e-16
947.8   8.34387272983e-16
948.0   7.7547484319e-16
948.2   7.17509758844e-16
948.4   6.59860620728e-16
948.6   6.0047538062e-16
948.7   5.69756828939e-16
948.8   5.38249089636e-16
948.9   5.05794312866e-16
949.0   4.89124586971e-16
949.1   4.55407134953e-16
949.2   4.19795546257e-16
949.3   3.81342721589e-16
949.4   3.40364360772e-16
949.5   2.95124115063e-16
949.6   2.43254236159e-16
949.7   1.76120335141e-16
949.8   1.46570555101e-16
949.9   2.19133930961e-16
950.0   2.76180725012e-16
950.1   3.23914437961e-16
950.2   3.67228416429e-16
950.3   4.07385459575e-16
950.4   4.44859117112e-16
950.5   4.80122938753e-16
950.6   5.14281873766e-16
950.7   5.47493772086e-16
950.8   5.79916483644e-16
950.9   6.11707858374e-16
951.0   6.42867896318e-16
951.2   7.03767511692e-16
951.4   7.64825228565e-16
951.6   8.27145996512e-16
951.8   8.91834765104e-16
951.9   9.25363118293e-16
952.0   9.59680784135e-16
952.1   9.94945612564e-16
952.2   1.03178900318e-15
952.3   1.06989525624e-15
952.4   1.10910652192e-15
952.5   1.15179054859e-15
952.6   1.19794733629e-15
952.7   1.2456826864e-15
952.8   1.29547014862e-15
952.9   1.34778327268e-15
953.0   1.40372700783e-15
953.1   1.46251210468e-15
953.2   1.52303361404e-15
953.3   1.58529153595e-15
953.4   1.6502329698e-15
953.5   1.7197521143e-15
953.6   1.79242832049e-15
953.7   1.86826158842e-15
953.8   1.94725191812e-15
953.9   2.02782081075e-15
954.0   2.11154676524e-15
954.1   2.20316527834e-15
954.2   2.29636235449e-15
954.3   2.39429499153e-15
954.5   2.59173895728e-15
954.7   2.79707567486e-15
954.9   2.99925565232e-15
955.1   3.20143588782e-15
955.3   3.4020378828e-15
955.4   3.50312822673e-15
955.5   3.60106163761e-15
955.6   3.69268111766e-15
955.7   3.78114366473e-15
955.8   3.86487077998e-15
955.9   3.94859796012e-15
956.0   4.03074670632e-15
956.1   4.11289551749e-15
956.2   4.19346589481e-15
956.4   4.35144984692e-15
956.6   4.4999630663e-15
956.8   4.64058405221e-15
957.0   4.77489130389e-15
957.2   4.90446332057e-15
957.6   5.14940165039e-15
958.0   5.37382054557e-15
958.2   5.4749808959e-15
958.4   5.57140601334e-15
958.6   5.65993890048e-15
958.8   5.74531505433e-15
959.0   5.82122047967e-15
959.2   5.89081217464e-15
959.4   5.9540901396e-15
959.6   6.00789737711e-15
959.8   6.0553908853e-15
960.0   6.09341366675e-15
960.2   6.1235442207e-15
960.4   6.14578254749e-15
960.6   6.1585501486e-15
960.8   6.16342552328e-15
961.0   6.15883017297e-15
961.2   6.14634259693e-15
961.4   6.12438429663e-15
961.6   6.0929552724e-15
961.8   6.05205552461e-15
962.0   6.0032635525e-15
962.2   5.94500085754e-15
962.4   5.87884593898e-15
962.6   5.80164179938e-15
962.8   5.71812393578e-15
963.0   5.62513535075e-15
963.2   5.52425454354e-15
963.4   5.4154815145e-15
963.6   5.29881626399e-15
963.8   5.17583729127e-15
964.0   5.0465445967e-15
964.4   4.76901804338e-15
964.8   4.47412910139e-15
965.2   4.16345627247e-15
965.6   3.84489205398e-15
966.0   3.52475044435e-15
966.4   3.20618844424e-15
966.6   3.05164335825e-15
966.8   2.897098551e-15
967.0   2.74728951953e-15
967.2   2.6022162642e-15
967.4   2.46030028646e-15
967.6   2.32469858448e-15
967.8   2.19225416084e-15
968.0   2.06612401364e-15
968.2   1.9463081433e-15
968.4   1.83280655014e-15
968.6   1.72404073564e-15
968.8   1.62032639993e-15
969.0   1.5229263425e-15
969.2   1.43105131425e-15
969.4   1.34422776589e-15
969.6   1.26245569776e-15
969.8   1.18510371067e-15
970.0   1.11201395509e-15
970.2   1.04271288173e-15
970.4   9.76569091365e-16
970.6   9.13109034706e-16
970.8   8.51701312551e-16
971.0   7.91398825925e-16
971.2   7.31254475852e-16
971.4   6.70321163357e-16
971.5   6.38986440465e-16
971.6   6.06546840238e-16
971.7   5.72844512831e-16
971.8   5.3756375851e-16
971.9   5.00231027655e-16
972.0   4.60530620526e-16
972.1   4.17831137616e-16
972.2   3.71343329518e-16
972.3   3.19172997604e-16
972.4   2.52480548098e-16
972.5   1.72718200033e-16
972.6   1.72843753455e-16
972.7   2.57292790307e-16
972.8   3.23510237344e-16
972.9   3.75994816466e-16
973.0   4.22954721979e-16
973.1   4.66126302715e-16
973.2   5.06614507945e-16
973.3   5.44735037495e-16
973.4   5.80803591191e-16
973.5   6.15293718744e-16
973.6   6.48678969871e-16
973.7   6.81117194507e-16
973.9   7.44415363603e-16
974.1   8.07082425072e-16
974.3   8.70065478616e-16
974.5   9.34627323717e-16
974.7   1.00187290997e-15
974.9   1.07196008763e-15
975.1   1.14630950605e-15
975.2   1.18522067432e-15
975.3   1.2252368654e-15
975.4   1.26667377911e-15
975.5   1.30937356559e-15
975.6   1.35349407481e-15
975.7   1.39935100656e-15
975.8   1.44631296134e-15
975.9   1.49564273831e-15
976.0   1.54591968852e-15
976.1   1.59888016081e-15
976.2   1.65262995651e-15
976.3   1.70953682406e-15
976.4   1.76802226457e-15
976.5   1.829664777e-15
976.6   1.8913073636e-15
976.7   1.95610702221e-15
976.8   2.02406375287e-15
976.9   2.09359905674e-15
977.0   2.16629143274e-15
977.1   2.24214088096e-15
977.2   2.31956890249e-15
977.3   2.39857549743e-15
977.4   2.48231766359e-15
977.5   2.56763840323e-15
977.6   2.65769471418e-15
977.7   2.74775109981e-15
977.8   2.84412155574e-15
977.9   2.94049208644e-15
978.0   3.04317668754e-15
978.1   3.1458613635e-15
978.2   3.25486010994e-15
978.4   3.47917182332e-15
978.6   3.71611182802e-15
978.8   3.96725862333e-15
979.0   4.2326122096e-15
979.2   4.51375108611e-15
979.4   4.80751825543e-15
979.6   5.11707071571e-15
979.8   5.44240846734e-15
980.0   5.78037451288e-15
980.2   6.13570434938e-15
980.4   6.50524097943e-15
980.6   6.88898440341e-15
980.8   7.29009161946e-15
981.0   7.70540563016e-15
981.2   8.13492643589e-15
981.4   8.5802325359e-15
981.6   9.03974543168e-15
981.8   9.51346512358e-15
982.0   1.0001391612e-14
982.2   1.05051033961e-14
982.4   1.10246004765e-14
982.6   1.15535688578e-14
982.8   1.20983225359e-14
983.0   1.26525475157e-14
983.4   1.3800460874e-14
983.8   1.4992573439e-14
984.2   1.62241497169e-14
984.6   1.74872972163e-14
985.0   1.87978009292e-14
985.4   2.01240908804e-14
985.8   2.14661670731e-14
986.6   2.42134631836e-14
987.4   2.69291943618e-14
988.2   2.96449306094e-14
989.0   3.23133169835e-14
989.4   3.35922646267e-14
989.8   3.48554285632e-14
990.2   3.60554538293e-14
990.6   3.72239104056e-14
991.0   3.83450133065e-14
991.4   3.94661175017e-14
991.8   4.05398680272e-14
992.2   4.15662648863e-14
992.6   4.25137381039e-14
993.0   4.3382287683e-14
993.4   4.41876986158e-14
993.8   4.49457558939e-14
994.2   4.57038144874e-14
994.6   4.63987344434e-14
995.0   4.70305157652e-14
995.4   4.75518034885e-14
995.8   4.80415225615e-14
996.2   4.84838879979e-14
996.6   4.88631148122e-14
997.0   4.91476330292e-14
997.4   4.93532276409e-14
997.8   4.95272536173e-14
998.2   4.96854959504e-14
998.6   4.97805996763e-14
999.0   4.97494248422e-14
999.4   4.96077564401e-14
999.8   4.94976593738e-14
1000.0   4.93715789004e-14
1001.0   4.91989463296e-14
1002.0   4.79055881046e-14
1003.0   4.69279382686e-14
1004.0   4.49242728074e-14
1005.0   4.24154964047e-14
1006.0   4.05065583352e-14
1007.0   3.84082091989e-14
1008.0   3.50154998162e-14
1009.0   3.13228845397e-14
1010.0   2.87825824018e-14
1011.0   2.61633643114e-14
1012.0   2.09712020607e-14
1013.0   1.970951115e-14
1014.0   1.60485110539e-14
1015.0   1.37765991711e-14
1016.0   1.11779472499e-14
1017.0   8.88869039375e-15
1018.0   6.92619213861e-15
1019.0   5.30308052407e-15
1020.0   3.995678115e-15
1021.0   2.98188597526e-15
1022.0   2.22066318195e-15
1023.0   1.66433911685e-15
1024.0   1.25245732071e-15
1025.0   9.00568151047e-16
1026.0   4.46086270088e-16
1027.0   7.8165285222e-16
1028.0   1.13617123517e-15
1029.0   1.55147168829e-15
1030.0   2.02376586282e-15
1031.0   2.5680495469e-15
1032.0   3.51170346027e-15
1033.0   4.71266275091e-15
1034.0   6.07306053592e-15
1035.0   7.49345143351e-15
1036.0   8.68497019436e-15
1037.0   1.11945457856e-14
1038.0   1.56346358275e-14
1039.0   2.03099325543e-14
1040.0   2.49205212244e-14
1041.0   2.86313759705e-14
1042.0   3.28947158258e-14
1043.0   3.51849426049e-14
1044.0   3.84854192706e-14
1045.0   4.07440973064e-14
1046.0   4.43129401166e-14
1047.0   4.67137044826e-14
1048.0   4.91618346033e-14
1049.0   5.07260161786e-14
1050.0   5.35214377781e-14
1051.0   5.46910164485e-14
1052.0   5.53712714435e-14
1053.0   5.56411277567e-14
1054.0   5.5737360271e-14
1055.0   5.58809588808e-14
1056.0   5.60087836786e-14
1057.0   5.56472850443e-14
1058.0   5.4449193269e-14
1059.0   5.41192872095e-14
1060.0   5.50048366713e-14
1061.0   5.63008072658e-14
1062.0   5.92699981587e-14
1063.0   6.19708557559e-14
1064.0   6.61712988695e-14
1065.0   6.82881350534e-14
1066.0   7.07996076231e-14
1067.0   7.17957329626e-14
1068.0   7.2444600303e-14
1069.0   7.24305099137e-14
1070.0   7.072743756e-14
1071.0   6.98294115464e-14
1072.0   6.91839573072e-14
1073.0   6.86490099899e-14
1074.0   6.69459855364e-14
1075.0   6.57796628028e-14
1076.0   6.47712021018e-14
1077.0   6.42836582276e-14
1078.0   6.49642157754e-14
1079.0   6.63235401352e-14
1080.0   6.92298057477e-14
1081.0   7.1331049305e-14
1082.0   7.48845242765e-14
1083.0   7.61334033366e-14
1084.0   7.70350251643e-14
1085.0   7.76683147517e-14
1086.0   7.83331869367e-14
1087.0   7.84771671526e-14
1089.0   7.86231008736e-14
1090.0   7.8609269484e-14
1092.0   7.85027203736e-14
1093.0   7.8299507824e-14
1097.0   7.78182728245e-14
1100.0   7.72246562459e-14
1103.0   7.65680196109e-14
1106.0   7.58799341435e-14
1109.0   7.51604010826e-14
1113.0   7.44116826914e-14
1116.0   7.36450850042e-14
1119.0   7.2862828788e-14
1122.0   7.20807002366e-14
1125.0   7.13144855353e-14
1129.0   7.05351049322e-14
1132.0   6.97376255301e-14
1135.0   6.88771389542e-14
1138.0   6.80010013265e-14
1141.0   6.70776438141e-14
1145.0   6.61255806893e-14
1148.0   6.51236178162e-14
1151.0   6.40744387969e-14
1154.0   6.29464747506e-14
1157.0   6.17397267625e-14
1161.0   6.04098187753e-14
1164.0   5.89666291134e-14
1167.0   5.74130890618e-14
1169.0   5.65984663456e-14
1170.0   5.57176296741e-14
1172.0   5.47610396671e-14
1173.0   5.37066170904e-14
1175.0   5.2592275475e-14
1177.0   5.14148597932e-14
1178.0   5.01868846992e-14
1180.0   4.88675034974e-14
1181.0   4.74185884106e-14
1183.0   4.58309624242e-14
1185.0   4.41013385771e-14
1186.0   4.22263125878e-14
1188.0   4.02284450138e-14
1189.0   3.91742891495e-14
1190.0   3.69362760813e-14
1191.0   3.57400892872e-14
1192.0   3.44965645625e-14
1193.0   3.32057019412e-14
1194.0   3.04942074169e-14
1195.0   2.91086691025e-14
1196.0   2.76757929913e-14
1197.0   2.62113641055e-14
1198.0   2.32158085263e-14
1199.0   2.16882741892e-14
1201.0   1.86332574503e-14
1202.0   1.56425066359e-14
1203.0   1.4198702137e-14
1204.0   1.28022700338e-14
1205.0   1.14658383489e-14
1206.0   9.60220552421e-15
1207.0   8.46627821327e-15
1208.0   6.93258673397e-15
1209.0   6.04136188962e-15
1210.0   5.07438671291e-15
1211.0   4.2558080774e-15
1212.0   3.5761550198e-15
1213.0   3.02279957885e-15
1214.0   2.47893286591e-15
1215.0   2.06972987295e-15
1216.0   9.24174938306e-16
1217.0   1.66336550834e-15
1218.0   2.66034279955e-15
1219.0   3.02262356467e-15
1220.0   3.54435062689e-15
1221.0   4.17659054873e-15
1222.0   5.12770521257e-15
1223.0   5.82154254913e-15
1224.0   6.55012488191e-15
1225.0   7.60705303306e-15
1226.0   8.82027065015e-15
1227.0   1.02260832348e-14
1228.0   1.10557618515e-14
1229.0   1.22848188446e-14
1230.0   1.32565986998e-14
1231.0   1.47950778671e-14
1232.0   1.67187289994e-14
1233.0   1.94379618356e-14
1234.0   2.13837484983e-14
1235.0   2.42450828321e-14
1236.0   2.60488412414e-14
1237.0   2.85313725375e-14
1238.0   3.00194679147e-14
1239.0   3.27230258525e-14
1240.0   3.39585982515e-14
1241.0   3.51310491536e-14
1242.0   3.62088086045e-14
1243.0   3.81389759656e-14
1244.0   3.89957826072e-14
1245.0   3.97736828569e-14
1246.0   4.05200317047e-14
1247.0   4.18346587539e-14
1249.0   4.29643947872e-14
1250.0   4.39002380321e-14
1252.0   4.46354614016e-14
1254.0   4.52760497607e-14
1255.0   4.58647169019e-14
1257.0   4.63633530612e-14
1258.0   4.67468717893e-14
1260.0   4.70404161617e-14
1262.0   4.73024661346e-14
1265.0   4.77272531191e-14
1268.0   4.79785761317e-14
1271.0   4.81037906285e-14
1274.0   4.81818220251e-14
1278.0   4.81703754296e-14
1281.0   4.81067446762e-14
1284.0   4.79959322595e-14
1287.0   4.78537235592e-14
1291.0   4.77012144317e-14
1294.0   4.74962724779e-14
1297.0   4.72915053868e-14
1300.0   4.70869134683e-14
1305.0   4.67357936665e-14
1310.0   4.6337807522e-14
1315.0   4.59403110888e-14
1320.0   4.54959503425e-14
1330.0   4.46244888435e-14
1340.0   4.3818137598e-14
1350.0   4.30295439678e-14
1360.0   4.21639980512e-14
1370.0   4.1205712613e-14
1380.0   4.02651780764e-14
1385.0   3.97798610208e-14
1390.0   3.93266027275e-14
1395.0   3.89843269585e-14
1400.0   3.87372474075e-14
1405.0   3.85537926459e-14
1410.0   3.83550361462e-14
1420.0   3.78326860052e-14
1430.0   3.72175367039e-14
1440.0   3.65727109341e-14
1460.0   3.53202310734e-14
1480.0   3.41382099775e-14
1500.0   3.30422275802e-14
1520.0   3.20320521876e-14
1540.0   3.10758576067e-14
1560.0   3.0204935268e-14
1580.0   2.93874165473e-14
1600.0   2.86229849511e-14
1620.0   2.79113083855e-14
1640.0   2.72520413785e-14
1660.0   2.66448272583e-14
1680.0   2.60893002732e-14
1700.0   2.55693026494e-14
1720.0   2.50844565332e-14
1740.0   2.46501658618e-14
1760.0   2.42344781787e-14
1780.0   2.38527962343e-14
1800.0   2.3504739586e-14
1820.0   2.31899310341e-14
1840.0   2.28922129655e-14
1860.0   2.26270035422e-14
1880.0   2.2384471851e-14
1900.0   2.21595303832e-14
1920.0   2.19549929267e-14
1940.0   2.17689473656e-14
1960.0   2.15994918693e-14
1980.0   2.14463139871e-14
2000.0   2.13091126552e-14
2020.0   2.11844416193e-14
2040.0   2.10720237686e-14
2060.0   2.09715944008e-14
2080.0   2.08813229158e-14
2100.0   2.08009699387e-14
2120.0   2.07303088864e-14
2140.0   2.06675474772e-14
2160.0   2.06124846867e-14
2180.0   2.05649321594e-14
2200.0   2.05215570792e-14
2220.0   2.04853529937e-14
2240.0   2.04530116191e-14
2260.0   2.04259720991e-14
2280.0   2.04025282502e-14
2300.0   2.03825637752e-14
2320.0   2.03659734616e-14
2340.0   2.03526628613e-14
2360.0   2.03409694587e-14
2380.0   2.03308193232e-14
2400.0   2.0322148256e-14
2420.0   2.03149014301e-14
2440.0   2.03090330246e-14
2460.0   2.03029273575e-14
2480.0   2.02965555149e-14
2500.0   2.02914749817e-14
2520.0   2.02860937782e-14
2540.0   2.02804055929e-14
2560.0   2.02744109239e-14
2580.0   2.02681167247e-14
2600.0   2.02615360553e-14
2620.0   2.02531092419e-14
2640.0   2.02444390394e-14
2660.0   2.02339763095e-14
2680.0   2.02217551997e-14
2700.0   2.02093928345e-14
2720.0   2.01953535189e-14
2740.0   2.01781054458e-14
2760.0   2.01608559126e-14
2780.0   2.01420800562e-14
2800.0   2.01218345883e-14
2820.0   2.00986005456e-14
2840.0   2.00755970447e-14
2860.0   2.00481530589e-14
2880.0   2.00210706846e-14
2900.0   1.99912614412e-14
2920.0   1.99603740593e-14
2940.0   1.99269017929e-14
2960.0   1.98909177324e-14
2980.0   1.98540746285e-14
3000.0   1.98148692298e-14
3020.0   1.97749561197e-14
3040.0   1.97328335721e-14
3060.0   1.96885789055e-14
3080.0   1.96422698512e-14
3100.0   1.95939844267e-14
3120.0   1.95438008171e-14
3140.0   1.94933757624e-14
3160.0   1.94396304565e-14
3180.0   1.93857999421e-14
3200.0   1.93288050267e-14
3220.0   1.92703016895e-14
3240.0   1.92119455048e-14
3260.0   1.91506560703e-14
3280.0   1.90880879322e-14
3300.0   1.9024316525e-14
3320.0   1.8957838113e-14
3340.0   1.88918837311e-14
3360.0   1.88233696431e-14
3380.0   1.87539467879e-14
3400.0   1.86821082438e-14
3420.0   1.86110816849e-14
3440.0   1.8537779855e-14
3460.0   1.84622715301e-14
3480.0   1.83877814913e-14
3500.0   1.83112195068e-14
3520.0   1.82326513044e-14
3540.0   1.81537200538e-14
3560.0   1.80744893528e-14
3580.0   1.79934432139e-14
3600.0   1.79122215501e-14
3620.0   1.78293061699e-14
3633.0   1.77754781026e-14
3640.0   1.77463347664e-14
3644.0   1.77289180739e-14
3647.0   1.77169983257e-14
3650.0   1.77050435608e-14
3660.0   1.76617869166e-14
3670.0   1.76181504169e-14
3676.0   1.75921048069e-14
3680.0   1.75757195746e-14
3683.0   1.75618137085e-14
3684.0   1.75576973005e-14
3687.0   1.75453263158e-14
3688.0   1.75411954237e-14
3693.0   1.75189085428e-14
3698.0   1.7496532419e-14
3703.0   1.74756464013e-14
3704.0   1.74714586651e-14
3705.0   1.74672674338e-14
3707.0   1.74572960138e-14
3710.0   1.74446805869e-14
3712.0   1.7436253017e-14
3713.0   1.74320340666e-14
3716.0   1.74193566335e-14
3721.0   1.73965808729e-14
3722.0   1.73939097483e-14
3723.0   1.73880782509e-14
3725.0   1.73811406545e-14
3728.0   1.73667628656e-14
3735.0   1.73352029244e-14
3739.0   1.73211551556e-14
3742.0   1.7308217291e-14
3746.0   1.72877644205e-14
3747.0   1.72818538918e-14
3749.0   1.72700232055e-14
3751.0   1.72597582226e-14
3753.0   1.72557944909e-14
3755.0   1.72502395674e-14
3759.0   1.72390918458e-14
3761.0   1.72303421519e-14
3763.0   1.72215799688e-14
3764.0   1.72108802141e-14
3766.0   1.71989423945e-14
3769.0   1.71794340021e-14
3770.0   1.71687157223e-14
3771.0   1.71611513748e-14
3772.0   1.7156740966e-14
3773.0   1.71586414997e-14
3774.0   1.7158960488e-14
3775.0   1.71592764358e-14
3776.0   1.71627463472e-14
3779.0   1.71620884467e-14
3783.0   1.71522243186e-14
3784.0   1.71493561853e-14
3786.0   1.71388754936e-14
3787.0   1.71312629474e-14
3789.0   1.71176074812e-14
3790.0   1.71036720788e-14
3792.0   1.70868419488e-14
3793.0   1.70697407433e-14
3795.0   1.70481575612e-14
3797.0   1.70202487409e-14
3798.0   1.70062899801e-14
3799.0   1.69970638237e-14
3800.0   1.70020412711e-14
3801.0   1.70085943372e-14
3803.0   1.70264273499e-14
3805.0   1.70410919169e-14
3807.0   1.70541665856e-14
3809.0   1.70624944062e-14
3811.0   1.7067653926e-14
3813.0   1.70664881952e-14
3815.0   1.70621542595e-14
3817.0   1.70546521666e-14
3819.0   1.70408249666e-14
3821.0   1.70206727071e-14
3822.0   1.70098031938e-14
3823.0   1.69973524334e-14
3824.0   1.69833204318e-14
3825.0   1.69661286961e-14
3826.0   1.69489342299e-14
3827.0   1.69317370392e-14
3829.0   1.68894420132e-14
3831.0   1.68455576609e-14
3833.0   1.67969270312e-14
3834.0   1.67733969378e-14
3835.0   1.67482856679e-14
3836.0   1.67342212185e-14
3837.0   1.67264680988e-14
3838.0   1.67392328046e-14
3839.0   1.67756723397e-14
3842.0   1.68139426269e-14
3844.0   1.6852070978e-14
3846.0   1.68854533544e-14
3848.0   1.69156683013e-14
3849.0   1.69284041288e-14
3850.0   1.69395588667e-14
3851.0   1.69491325208e-14
3852.0   1.69571250968e-14
3854.0   1.69604745427e-14
3855.0   1.69653024175e-14
3857.0   1.6971793506e-14
3859.0   1.69719604189e-14
3861.0   1.69689601996e-14
3863.0   1.69596358956e-14
3865.0   1.69424090533e-14
3868.0   1.69173393057e-14
3869.0   1.69047684197e-14
3870.0   1.68906165576e-14
3871.0   1.68748837249e-14
3872.0   1.68559914285e-14
3873.0   1.6833939674e-14
3874.0   1.68118854646e-14
3876.0   1.67646127059e-14
3878.0   1.67094377003e-14
3881.0   1.66448097406e-14
3883.0   1.6578561056e-14
3884.0   1.65422761141e-14
3885.0   1.65067780279e-14
3886.0   1.64684362554e-14
3887.0   1.64288293009e-14
3888.0   1.63824324238e-14
3889.0   1.63638147555e-14
3890.0   1.63328824295e-14
3891.0   1.63290979236e-14
3892.0   1.63523033934e-14
3894.0   1.64356441629e-14
3896.0   1.64855113995e-14
3898.0   1.65312652263e-14
3900.0   1.65738527859e-14
3901.0   1.66180313373e-14
3902.0   1.66385301041e-14
3903.0   1.66574480763e-14
3904.0   1.66732067604e-14
3905.0   1.66889631596e-14
3907.0   1.67204691245e-14
3909.0   1.67488090164e-14
3911.0   1.6772404379e-14
3912.0   1.67928804303e-14
3914.0   1.68069913308e-14
3916.0   1.68210933053e-14
3918.0   1.68304508997e-14
3920.0   1.68350641561e-14
3921.0   1.68413137294e-14
3923.0   1.68411783067e-14
3925.0   1.68394556493e-14
3929.0   1.68280918008e-14
3932.0   1.68120484249e-14
3934.0   1.67992374826e-14
3936.0   1.67832610365e-14
3938.0   1.67641191279e-14
3940.0   1.67418117982e-14
3941.0   1.67211839941e-14
3943.0   1.66925501111e-14
3945.0   1.66591724109e-14
3947.0   1.66210509345e-14
3949.0   1.65813427206e-14
3950.0   1.65449112985e-14
3952.0   1.65004553063e-14
3954.0   1.64512556805e-14
3956.0   1.63973124616e-14
3958.0   1.63417826878e-14
3959.0   1.62863910618e-14
3961.0   1.62235881845e-14
3963.0   1.61598302525e-14
3965.0   1.60913289084e-14
3966.0   1.6056443881e-14
3967.0   1.6019662691e-14
3968.0   1.59820902927e-14
3969.0   1.59233640553e-14
3970.0   1.58780531095e-14
3971.0   1.5826584074e-14
3972.0   1.58163119207e-14
3973.0   1.58658629414e-14
3974.0   1.59150963332e-14
3975.0   1.59433337655e-14
3977.0   1.60215861618e-14
3979.0   1.60662088937e-14
3980.0   1.61132209155e-14
3982.0   1.61524653681e-14
3983.0   1.61971039719e-14
3985.0   1.62314437827e-14
3987.0   1.62641976131e-14
3988.0   1.63003029711e-14
3990.0   1.63314671532e-14
3991.0   1.63612529628e-14
3993.0   1.63845135882e-14
3996.0   1.64328080416e-14
3998.0   1.64528934248e-14
3999.0   1.64747721443e-14
4001.0   1.64885327003e-14
4003.0   1.6500707584e-14
4006.0   1.65205350416e-14
4009.0   1.65340325773e-14
4012.0   1.65412003186e-14
4015.0   1.65436168915e-14
4019.0   1.6537870002e-14
4022.0   1.65339365033e-14
4025.0   1.65268307551e-14
4031.0   1.65062600072e-14
4038.0   1.64758716564e-14
4044.0   1.64409667176e-14
4047.0   1.641954642e-14
4051.0   1.63914900821e-14
4054.0   1.63653012835e-14
4057.0   1.63343630443e-14
4060.0   1.62970969854e-14
4063.0   1.6256660224e-14
4067.0   1.62048280942e-14
4070.0   1.61533103242e-14
4073.0   1.6098622246e-14
4076.0   1.60344499813e-14
4079.0   1.59639506448e-14
4081.0   1.59253625407e-14
4083.0   1.58867687111e-14
4084.0   1.58475805738e-14
4086.0   1.58025063744e-14
4087.0   1.57581049479e-14
4089.0   1.57101810031e-14
4091.0   1.56613043699e-14
4092.0   1.56118447605e-14
4094.0   1.55571193613e-14
4095.0   1.55040250633e-14
4097.0   1.54440823736e-14
4098.0   1.54129251072e-14
4099.0   1.53800301326e-14
4100.0   1.53133539266e-14
4101.0   1.52918214381e-14
4102.0   1.52352449273e-14
4103.0   1.51628820849e-14
4104.0   1.51954880807e-14
4105.0   1.52524016253e-14
4106.0   1.52962122989e-14
4107.0   1.53201325604e-14
4108.0   1.53655190851e-14
4109.0   1.54060109455e-14
4111.0   1.54420035113e-14
4112.0   1.54787030462e-14
4113.0   1.55133492312e-14
4115.0   1.55434909416e-14
4116.0   1.55738713007e-14
4118.0   1.5598322694e-14
4119.0   1.56274364119e-14
4120.0   1.56549703584e-14
4122.0   1.56767281233e-14
4123.0   1.56998384796e-14
4124.0   1.5721053381e-14
4127.0   1.57576982568e-14
4130.0   1.57911749736e-14
4133.0   1.58167481433e-14
4136.0   1.58391533707e-14
4138.0   1.58619766564e-14
4141.0   1.58764713875e-14
4144.0   1.58893769614e-14
4147.0   1.58975364866e-14
4149.0   1.59061273581e-14
4152.0   1.59079555367e-14
4155.0   1.59066164474e-14
4158.0   1.5903688694e-14
4163.0   1.58951036348e-14
4169.0   1.58781356552e-14
4174.0   1.58600198071e-14
4180.0   1.58366674572e-14
4185.0   1.5815337107e-14
4191.0   1.57903386119e-14
4196.0   1.57657960157e-14
4202.0   1.57391540616e-14
4207.0   1.57145584385e-14
4213.0   1.56846971711e-14
4219.0   1.56563815123e-14
4224.0   1.56285512293e-14
4230.0   1.55985987623e-14
4235.0   1.557229945e-14
4241.0   1.55407127154e-14
4246.0   1.55112109774e-14
4252.0   1.54779924755e-14
4257.0   1.54468688778e-14
4263.0   1.54088640714e-14
4268.0   1.53745421491e-14
4274.0   1.53317534595e-14
4279.0   1.52879212186e-14
4285.0   1.52371940306e-14
4290.0   1.51854319393e-14
4296.0   1.51251900979e-14
4299.0   1.50919035716e-14
4301.0   1.5060764597e-14
4304.0   1.50238381958e-14
4307.0   1.49842228629e-14
4310.0   1.49420765323e-14
4313.0   1.48972414379e-14
4315.0   1.48523527235e-14
4318.0   1.47996164604e-14
4321.0   1.47432445557e-14
4324.0   1.46826056924e-14
4326.0   1.46211303878e-14
4328.0   1.45853824486e-14
4329.0   1.45527487093e-14
4331.0   1.4514471967e-14
4332.0   1.44785217912e-14
4333.0   1.44416239924e-14
4335.0   1.43986075644e-14
4336.0   1.43576041156e-14
4337.0   1.43128117577e-14
4338.0   1.42869608779e-14
4339.0   1.42585838941e-14
4340.0   1.42257866107e-14
4341.0   1.41641022976e-14
4342.0   1.40635864148e-14
4343.0   1.41329165194e-14
4344.0   1.42076130293e-14
4345.0   1.42426887289e-14
4346.0   1.42801316918e-14
4347.0   1.42950016383e-14
4348.0   1.43259717944e-14
4349.0   1.43545737258e-14
4351.0   1.43775227455e-14
4352.0   1.4402650568e-14
4353.0   1.4426357277e-14
4355.0   1.44451984825e-14
4356.0   1.4466062517e-14
4357.0   1.44862946989e-14
4360.0   1.45203119238e-14
4363.0   1.45497475282e-14
4365.0   1.45786822385e-14
4368.0   1.46003767471e-14
4370.0   1.4621888283e-14
4373.0   1.46359997588e-14
4376.0   1.46475819952e-14
4378.0   1.46604053137e-14
4381.0   1.4666930453e-14
4384.0   1.46718736534e-14
4386.0   1.46780611609e-14
4389.0   1.46790525469e-14
4391.0   1.46817637143e-14
4397.0   1.46763137016e-14
4402.0   1.46708419046e-14
4407.0   1.4662362839e-14
4412.0   1.46481933915e-14
4418.0   1.46286546464e-14
4423.0   1.46113122376e-14
4428.0   1.45908060989e-14
4433.0   1.45702935519e-14
4439.0   1.45444076896e-14
4444.0   1.4520567324e-14
4449.0   1.44971951189e-14
4454.0   1.44733442883e-14
4460.0   1.4445695698e-14
4465.0   1.44213612408e-14
4470.0   1.43970226933e-14
4475.0   1.43723646585e-14
4481.0   1.43440648088e-14
4486.0   1.43192416451e-14
4491.0   1.42945734963e-14
4496.0   1.42697449552e-14
4502.0   1.42411158477e-14
4507.0   1.42164405816e-14
4512.0   1.41916058437e-14
4517.0   1.41667697667e-14
4523.0   1.41379753404e-14
4528.0   1.41131373009e-14
4533.0   1.40882988113e-14
4538.0   1.40634601447e-14
4544.0   1.40348219813e-14
4549.0   1.40101417251e-14
4554.0   1.39853043004e-14
4559.0   1.39604678209e-14
4565.0   1.39319916e-14
4570.0   1.39071581167e-14
4575.0   1.38824842572e-14
4580.0   1.3857654576e-14
4586.0   1.38291879298e-14
4591.0   1.38045214455e-14
4596.0   1.37798577889e-14
4601.0   1.37551972056e-14
4607.0   1.3726745424e-14
4612.0   1.37022503053e-14
4617.0   1.36776011812e-14
4622.0   1.36531139882e-14
4628.0   1.36246821733e-14
4633.0   1.3600204782e-14
4638.0   1.35757322154e-14
4643.0   1.35511068519e-14
4649.0   1.35228577729e-14
4654.0   1.3498402169e-14
4659.0   1.34739523348e-14
4664.0   1.34495084901e-14
4670.0   1.34211311884e-14
4675.0   1.33967012848e-14
4680.0   1.33722780611e-14
4685.0   1.33477038791e-14
4691.0   1.33193607724e-14
4696.0   1.32948024881e-14
4701.0   1.32702517604e-14
4706.0   1.32455509433e-14
4712.0   1.321708858e-14
4717.0   1.31922476945e-14
4722.0   1.31674152094e-14
4727.0   1.3142433471e-14
4733.0   1.31133825355e-14
4738.0   1.30881046917e-14
4743.0   1.30626782105e-14
4748.0   1.30367875807e-14
4754.0   1.30071521466e-14
4759.0   1.29806514555e-14
4764.0   1.29538450579e-14
4769.0   1.29262595857e-14
4775.0   1.28946229217e-14
4780.0   1.2866113365e-14
4785.0   1.28365096032e-14
4790.0   1.28058118105e-14
4796.0   1.2770125634e-14
4801.0   1.27362954697e-14
4806.0   1.27001090225e-14
4811.0   1.26621978594e-14
4817.0   1.2617414592e-14
4822.0   1.25725842077e-14
4825.0   1.25468914618e-14
4827.0   1.25233461845e-14
4830.0   1.24952930624e-14
4832.0   1.24689114339e-14
4835.0   1.24372352322e-14
4838.0   1.24039850579e-14
4840.0   1.23727181294e-14
4843.0   1.23356871768e-14
4846.0   1.22966087919e-14
4848.0   1.22590360745e-14
4851.0   1.22157035106e-14
4853.0   1.21729269562e-14
4855.0   1.21465688911e-14
4856.0   1.2122499007e-14
4857.0   1.20968511529e-14
4858.0   1.20813062217e-14
4859.0   1.20648147225e-14
4860.0   1.20303288683e-14
4861.0   1.20065773403e-14
4862.0   1.19578860645e-14
4863.0   1.1867522954e-14
4864.0   1.19384829679e-14
4865.0   1.19824511891e-14
4866.0   1.20172646563e-14
4867.0   1.2035504426e-14
4868.0   1.20507455897e-14
4869.0   1.20639352481e-14
4870.0   1.20758626517e-14
4872.0   1.20970356485e-14
4874.0   1.21156852386e-14
4876.0   1.21321271311e-14
4879.0   1.21434558012e-14
4881.0   1.21565883888e-14
4883.0   1.21684604106e-14
4885.0   1.21789140258e-14
4887.0   1.21879492436e-14
4889.0   1.2195723923e-14
4891.0   1.22022380731e-14
4893.0   1.2207333853e-14
4895.0   1.22118005211e-14
4900.0   1.22137430405e-14
4904.0   1.22155916146e-14
4908.0   1.22146082371e-14
4912.0   1.22109508277e-14
4916.0   1.22050930054e-14
4921.0   1.21939957741e-14
4925.0   1.2185318247e-14
4929.0   1.21747562283e-14
4938.0   1.21476337505e-14
4946.0   1.21209011188e-14
4954.0   1.20916830971e-14
4963.0   1.20575987195e-14
4971.0   1.20257843746e-14
4980.0   1.19895893747e-14
4988.0   1.19564437269e-14
4993.0   1.19356310094e-14
4997.0   1.1919245507e-14
5000.0   1.19064899336e-14
5010.0   1.18641735068e-14
5020.0   1.18217680607e-14
5040.0   1.17366935492e-14
5060.0   1.16514309356e-14
5080.0   1.15663023074e-14
5100.0   1.14816294617e-14
5120.0   1.13974182134e-14
5140.0   1.13136741033e-14
5160.0   1.12304024059e-14
5180.0   1.11476081369e-14
5200.0   1.10654539111e-14
5220.0   1.09837863993e-14
5240.0   1.09026098858e-14
5260.0   1.08220862751e-14
5280.0   1.07420615491e-14
5300.0   1.06625393232e-14
5320.0   1.05835230035e-14
5340.0   1.05051736422e-14
5360.0   1.04271785449e-14
5380.0   1.03500140756e-14
5400.0   1.02732093135e-14
5420.0   1.01969245579e-14
5440.0   1.01211620843e-14
5460.0   1.00459239996e-14
5480.0   9.97121224762e-15
5500.0   9.89718646399e-15
5520.0   9.82353258171e-15
5540.0   9.75056778527e-15
5560.0   9.67797771631e-15
5580.0   9.60592142751e-15
5600.0   9.53455783744e-15
5620.0   9.46357218535e-15
5640.0   9.39312313476e-15
5660.0   9.32321137812e-15
5680.0   9.25383749074e-15
5700.0   9.18500193482e-15
5720.0   9.11654721333e-15
5740.0   9.04878927339e-15
5760.0   8.98141256067e-15
5780.0   8.91457497219e-15
5800.0   8.84827646018e-15
5820.0   8.78235903548e-15
5840.0   8.71698032044e-15
5860.0   8.65229785236e-15
5880.0   8.587837687e-15
5900.0   8.52407290048e-15
5920.0   8.4606872434e-15
5940.0   8.39783794283e-15
5960.0   8.3353664556e-15
5980.0   8.27358772042e-15
6000.0   8.21202736137e-15
6020.0   8.15115803923e-15
6040.0   8.09066310514e-15
6060.0   8.03054155221e-15
6080.0   7.97110801785e-15
6100.0   7.91204568666e-15
6120.0   7.85335339198e-15
6140.0   7.7951877681e-15
6160.0   7.73738970267e-15
6180.0   7.68011573824e-15
6200.0   7.62336452453e-15
6220.0   7.56681897043e-15
6240.0   7.51095119506e-15
6260.0   7.45528618076e-15
6280.0   7.40029597343e-15
6300.0   7.3455054856e-15
6320.0   7.2912288468e-15
6340.0   7.23714875607e-15
6360.0   7.1835792827e-15
6380.0   7.13036091837e-15
6400.0   7.07733412832e-15
6420.0   7.0244972026e-15
6440.0   6.97153270772e-15
6460.0   6.91812318777e-15
6470.0   6.89107340764e-15
6480.0   6.86347761597e-15
6490.0   6.83549343737e-15
6500.0   6.80648924582e-15
6505.0   6.79146645546e-15
6510.0   6.77599126407e-15
6515.0   6.75990579315e-15
6520.0   6.74336786388e-15
6525.0   6.72574604797e-15
6530.0   6.70735601638e-15
6535.0   6.68772419055e-15
6538.0   6.67608144526e-15
6540.0   6.66669269165e-15
6542.0   6.65667588998e-15
6545.0   6.64394579089e-15
6548.0   6.63074967257e-15
6550.0   6.61932560934e-15
6552.0   6.60711563885e-15
6555.0   6.59188501851e-15
6556.0   6.58491561546e-15
6558.0   6.5753991085e-15
6559.0   6.56748510786e-15
6560.0   6.55878269122e-15
6561.0   6.55260670603e-15
6562.0   6.54090680768e-15
6563.0   6.52794494296e-15
6564.0   6.50488151781e-15
6565.0   6.4747156799e-15
6566.0   6.50484933188e-15
6567.0   6.52140872515e-15
6568.0   6.52912935617e-15
6569.0   6.53385167063e-15
6570.0   6.53731201708e-15
6571.0   6.53982609505e-15
6572.0   6.54186745399e-15
6574.0   6.54484771359e-15
6576.0   6.54688419356e-15
6578.0   6.5481347419e-15
6580.0   6.5490729064e-15
6582.0   6.54954083528e-15
6584.0   6.54953852665e-15
6588.0   6.54859673899e-15
6592.0   6.54656322807e-15
6596.0   6.54343797873e-15
6600.0   6.53953667558e-15
6604.0   6.53470145356e-15
6608.0   6.52924799722e-15
6612.0   6.52333414122e-15
6616.0   6.51680202043e-15
6620.0   6.50965161958e-15
6628.0   6.49491656554e-15
6636.0   6.47912885658e-15
6644.0   6.46260406969e-15
6652.0   6.44549993168e-15
6660.0   6.42813201899e-15
6676.0   6.39276222484e-15
6692.0   6.35680939528e-15
6708.0   6.32074608458e-15
6724.0   6.28441344399e-15
6740.0   6.24828402117e-15
6756.0   6.21235681119e-15
6772.0   6.17647295659e-15
6788.0   6.14078929724e-15
6804.0   6.10530482098e-15
6820.0   6.07001851368e-15
6836.0   6.03492935949e-15
6852.0   6.00003634107e-15
6868.0   5.96533843976e-15
6884.0   5.93099248573e-15
6900.0   5.89668175857e-15
6916.0   5.86272093675e-15
6932.0   5.82895114857e-15
6948.0   5.79537137187e-15
6964.0   5.76198058439e-15
6980.0   5.72877776387e-15
6996.0   5.69576188825e-15
7012.0   5.66308978575e-15
7028.0   5.63060258529e-15
7044.0   5.59829926638e-15
7060.0   5.56617880935e-15
7076.0   5.53424019549e-15
7092.0   5.50248240719e-15
7108.0   5.471062278e-15
7124.0   5.43982094304e-15
7140.0   5.40859953893e-15
7156.0   5.37787060349e-15
7172.0   5.34715957694e-15
7188.0   5.31662330093e-15
7204.0   5.28626076919e-15
7220.0   5.25622882739e-15
7236.0   5.22636862366e-15
7252.0   5.19667915828e-15
7268.0   5.16715943393e-15
7284.0   5.13780845574e-15
7300.0   5.10862523146e-15
7316.0   5.07976662136e-15
7332.0   5.0509159388e-15
7348.0   5.02238789954e-15
7364.0   4.99402367256e-15
7380.0   4.96582227974e-15
7396.0   4.937782746e-15
7412.0   4.90990409942e-15
7428.0   4.88234322114e-15
7444.0   4.85478344592e-15
7460.0   4.82753951142e-15
7476.0   4.80045260899e-15
7492.0   4.77336393347e-15
7508.0   4.74658823286e-15
7524.0   4.71996670906e-15
7540.0   4.69365626736e-15
7556.0   4.66734026704e-15
7572.0   4.64117562079e-15
7588.0   4.61531924503e-15
7604.0   4.58961236021e-15
7620.0   4.56389619065e-15
7636.0   4.53848551419e-15
7652.0   4.51322156295e-15
7668.0   4.48810342289e-15
7684.0   4.46328803386e-15
7700.0   4.43845879006e-15
7716.0   4.41377263942e-15
7732.0   4.38938653398e-15
7748.0   4.36498388019e-15
7764.0   4.34087948825e-15
7780.0   4.31691462281e-15
7796.0   4.29308840264e-15
7812.0   4.26939995072e-15
7828.0   4.24584839424e-15
7844.0   4.22243286467e-15
7860.0   4.19915249776e-15
7876.0   4.17616428342e-15
7892.0   4.15315166621e-15
7908.0   4.13042949455e-15
7924.0   4.10768122168e-15
7940.0   4.0852217047e-15
7956.0   4.06289225542e-15
7972.0   4.04069203991e-15
7988.0   4.01862022861e-15
8004.0   3.99667599634e-15
8020.0   3.97485852233e-15
8036.0   3.9531669902e-15
8052.0   3.93175843785e-15
8068.0   3.91031635794e-15
8084.0   3.8889977972e-15
8100.0   3.86795980677e-15
8116.0   3.84704374243e-15
8132.0   3.82609096438e-15
8148.0   3.80541638691e-15
8164.0   3.78486137904e-15
8180.0   3.7644251641e-15
8185.0   3.75798416162e-15
8196.0   3.74410696984e-15
8206.0   3.73146768945e-15
8217.0   3.71753823447e-15
8227.0   3.70499453132e-15
8238.0   3.69132761121e-15
8248.0   3.67887866866e-15
8259.0   3.66531553866e-15
8269.0   3.6529605463e-15
8280.0   3.63950031834e-15
8290.0   3.62723847195e-15
8301.0   3.6138802648e-15
8311.0   3.60171076635e-15
8322.0   3.58845370558e-15
8332.0   3.57637576321e-15
8343.0   3.56321898117e-15
8353.0   3.5512318092e-15
8364.0   3.53817444501e-15
8374.0   3.52627726388e-15
8375.0   3.52516881553e-15
8385.0   3.51331846342e-15
8395.0   3.50166834961e-15
8413.0   3.4806781287e-15
8414.0   3.47942830101e-15
8416.0   3.47724560179e-15
8419.0   3.47365899159e-15
8425.0   3.46678118221e-15
8433.0   3.45752888001e-15
8436.0   3.4540108812e-15
8440.0   3.4494154747e-15
8448.0   3.44024454176e-15
8457.0   3.4299312111e-15
8463.0   3.42306892094e-15
8470.0   3.41515262278e-15
8482.0   3.40150668461e-15
8484.0   3.39923807139e-15
8495.0   3.38687657691e-15
8505.0   3.37561825663e-15
8515.0   3.36441606507e-15
8525.0   3.35325405108e-15
8536.0   3.34108991871e-15
8544.0   3.33219894089e-15
8546.0   3.33001173963e-15
8548.0   3.32782612502e-15
8551.0   3.32449542777e-15
8558.0   3.31681131115e-15
8572.0   3.30146947351e-15
8585.0   3.28727432195e-15
8597.0   3.27425758913e-15
8599.0   3.27211199447e-15
8601.0   3.2699679521e-15
8604.0   3.26671533378e-15
8611.0   3.25919205463e-15
8625.0   3.24420220564e-15
8639.0   3.22928760514e-15
8652.0   3.21542866146e-15
8665.0   3.20172858943e-15
8666.0   3.20065795776e-15
8667.0   3.19958770355e-15
8670.0   3.19648969903e-15
8675.0   3.19126022954e-15
8684.0   3.18181403699e-15
8704.0   3.16107304917e-15
8724.0   3.1403701942e-15
8733.0   3.13105629573e-15
8743.0   3.12079325497e-15
8753.0   3.11059834544e-15
8773.0   3.09047545582e-15
8792.0   3.07142621834e-15
8812.0   3.05152073903e-15
8832.0   3.03166267164e-15
8838.0   3.02570437647e-15
8851.0   3.01279074934e-15
8865.0   2.99901661479e-15
8879.0   2.98565787549e-15
8893.0   2.97236686722e-15
8907.0   2.95911162778e-15
8920.0   2.94676054355e-15
8934.0   2.93341308268e-15
8948.0   2.92010025493e-15
8962.0   2.90685324685e-15
8976.0   2.89356118231e-15
8989.0   2.88110092388e-15
9003.0   2.86774457383e-15
9017.0   2.85448412846e-15
9018.0   2.85355293571e-15
9020.0   2.85178623861e-15
9023.0   2.84915442209e-15
9029.0   2.84391535957e-15
9041.0   2.83348805977e-15
9053.0   2.82304414694e-15
9065.0   2.81253603507e-15
9078.0   2.80114634593e-15
9090.0   2.79059188187e-15
9102.0   2.78000408358e-15
9114.0   2.76939850971e-15
9126.0   2.75875915002e-15
9139.0   2.74728780166e-15
9151.0   2.73663126849e-15
9163.0   2.72587712221e-15
9175.0   2.71508828216e-15
9187.0   2.70420138886e-15
9199.0   2.6932162239e-15
9212.0   2.6813411185e-15
9216.0   2.67757849158e-15
9224.0   2.67019393298e-15
9228.0   2.66652463042e-15
9232.0   2.66300217668e-15
9235.0   2.66063181587e-15
9239.0   2.65759126459e-15
9243.0   2.65453969048e-15
9247.0   2.65147708566e-15
9255.0   2.64535032236e-15
9270.0   2.63394319163e-15
9286.0   2.62154853243e-15
9301.0   2.60977246527e-15
9317.0   2.59715908393e-15
9332.0   2.58524911805e-15
9348.0   2.57252566873e-15
9363.0   2.56054322972e-15
9378.0   2.54851391208e-15
9394.0   2.53573021683e-15
9409.0   2.52367327859e-15
9425.0   2.51085397207e-15
9440.0   2.49872039939e-15
9456.0   2.48575322891e-15
9471.0   2.47343088988e-15
9487.0   2.46020362597e-15
9502.0   2.44740677543e-15
9510.0   2.44060637171e-15
9518.0   2.43369671664e-15
9525.0   2.42741213323e-15
9533.0   2.42032905068e-15
9541.0   2.41308920092e-15
9545.0   2.40941244409e-15
9547.0   2.40757563963e-15
9548.0   2.40665763052e-15
9549.0   2.4057872383e-15
9550.0   2.40516966773e-15
9551.0   2.40459971384e-15
9552.0   2.40414051649e-15
9553.0   2.4035710857e-15
9554.0   2.40300191631e-15
9555.0   2.40243300821e-15
9556.0   2.40184857629e-15
9557.0   2.40126440543e-15
9558.0   2.40068049554e-15
9559.0   2.4000968465e-15
9560.0   2.39951345821e-15
9561.0   2.39891454556e-15
9562.0   2.39834746343e-15
9563.0   2.39774907173e-15
9564.0   2.39716672535e-15
9565.0   2.39656885418e-15
9567.0   2.39535810704e-15
9571.0   2.39292394557e-15
9578.0   2.38867809425e-15
9586.0   2.38364728336e-15
9594.0   2.37853826548e-15
9602.0   2.37338255626e-15
9609.0   2.36879794368e-15
9625.0   2.35809065971e-15
9640.0   2.34791624628e-15
9656.0   2.33693980912e-15
9671.0   2.32656657703e-15
9687.0   2.31544567529e-15
9702.0   2.30499842256e-15
9717.0   2.2945591271e-15
9733.0   2.2834613105e-15
9748.0   2.27304054178e-15
9764.0   2.26198381908e-15
9779.0   2.25161171384e-15
9795.0   2.24062613648e-15
9810.0   2.2303328506e-15
9826.0   2.21941692034e-15
9841.0   2.20918527367e-15
9856.0   2.19910058075e-15
9872.0   2.18827662328e-15
9887.0   2.17806211379e-15
9903.0   2.16719367326e-15
9918.0   2.1569427079e-15
9934.0   2.14602835482e-15
9949.0   2.13564489253e-15
9964.0   2.12512199486e-15
9980.0   2.11386602928e-15
9991.0   2.10593324043e-15
9995.0   2.10292456248e-15
10000.0   2.09931463091e-15
10010.0   2.0923004945e-15
10020.0   2.08418729254e-15
10030.0   2.07693227543e-15
10040.0   2.06810446702e-15
10050.0   2.06045036794e-15
10060.0   2.05354369639e-15
10070.0   2.05047822351e-15
10080.0   2.04583961175e-15
10090.0   2.0410326392e-15
10100.0   2.03675175977e-15
10110.0   2.03151309932e-15
10120.0   2.0261689624e-15
10130.0   2.0210823193e-15
10150.0   2.00996061478e-15
10170.0   1.99873136197e-15
10180.0   1.99306830518e-15
10200.0   1.98166070446e-15
10230.0   1.96445485698e-15
10260.0   1.9472063464e-15
10290.0   1.93003929803e-15
10360.0   1.8907718286e-15
10420.0   1.85754375592e-15
10490.0   1.81974566867e-15
10550.0   1.78789745682e-15
10610.0   1.75670779118e-15
10680.0   1.72127395914e-15
10710.0   1.70615695084e-15
10740.0   1.69113961123e-15
10770.0   1.67614126822e-15
10790.0   1.66632746283e-15
10810.0   1.65652959753e-15
10820.0   1.65123594158e-15
10840.0   1.64131109098e-15
10850.0   1.63579581332e-15
10870.0   1.62563236983e-15
10880.0   1.62047896233e-15
10890.0   1.61526189843e-15
10900.0   1.60900244846e-15
10910.0   1.60351582607e-15
10920.0   1.59790222705e-15
10930.0   1.59208266688e-15
10940.0   1.58522048185e-15
10950.0   1.58067781555e-15
10960.0   1.5788492339e-15
10970.0   1.57563058123e-15
10980.0   1.57296335289e-15
10990.0   1.56931634692e-15
11000.0   1.56555767992e-15
11010.0   1.56173464933e-15
11020.0   1.55811554267e-15
11040.0   1.55009979423e-15
11050.0   1.54612923381e-15
11070.0   1.53788361934e-15
11090.0   1.52959995728e-15
11120.0   1.51705874686e-15
11150.0   1.50450048349e-15
11180.0   1.49197106014e-15
11250.0   1.4632186629e-15
11310.0   1.43887507051e-15
11370.0   1.41499575648e-15
11440.0   1.38794323048e-15
11500.0   1.36504927715e-15
11570.0   1.33908403421e-15
11630.0   1.3171594805e-15
11690.0   1.29567674354e-15
11760.0   1.27130641006e-15
11820.0   1.25072819909e-15
11890.0   1.22739653256e-15
11950.0   1.20768139631e-15
12010.0   1.18836095676e-15
12080.0   1.1664027147e-15
12140.0   1.1478571683e-15
12210.0   1.12684208091e-15
12270.0   1.10906680096e-15
12330.0   1.09162928617e-15
12400.0   1.07183556854e-15
12460.0   1.05508728022e-15
12530.0   1.03604475102e-15
12590.0   1.01985932556e-15
12620.0   1.01182690017e-15
12650.0   1.00380204838e-15
12670.0   9.98559451566e-16
12690.0   9.9330035696e-16
12700.0   9.90461320846e-16
12720.0   9.85153380648e-16
12730.0   9.8221087132e-16
12750.0   9.76774660412e-16
12760.0   9.74028344116e-16
12770.0   9.71242137536e-16
12780.0   9.67926678847e-16
12790.0   9.64981685369e-16
12800.0   9.61965150469e-16
12810.0   9.58750767403e-16
12820.0   9.54801819827e-16
12830.0   9.51665210046e-16
12840.0   9.512824652e-16
12850.0   9.50023011435e-16
12860.0   9.48170952266e-16
12870.0   9.46547080941e-16
12880.0   9.44504186841e-16
12890.0   9.42421083737e-16
12900.0   9.4031353076e-16
12920.0   9.36119682216e-16
12940.0   9.31701446603e-16
12950.0   9.29518615038e-16
12970.0   9.25031763356e-16
13000.0   9.18266483882e-16
13030.0   9.11468077926e-16
13060.0   9.046832384e-16
13130.0   8.89090465435e-16
13190.0   8.75865220037e-16
13260.0   8.60813064179e-16
13320.0   8.48064436887e-16
13380.0   8.35551284213e-16
13450.0   8.21295137984e-16
13510.0   8.092580456e-16
13580.0   7.95558281388e-16
13640.0   7.83992422617e-16
13700.0   7.72607039252e-16
13770.0   7.5969563009e-16
13830.0   7.48800568924e-16
13900.0   7.36374188532e-16
13960.0   7.25888159951e-16
14020.0   7.15561976349e-16
14090.0   7.03831929543e-16
14150.0   6.93889867578e-16
14220.0   6.82595878222e-16
14280.0   6.73021929167e-16
14340.0   6.6362119843e-16
14410.0   6.52924730271e-16
14470.0   6.43870121474e-16
14540.0   6.33566480202e-16
14600.0   6.24828064119e-16
14660.0   6.16246789227e-16
14730.0   6.06433904392e-16
14790.0   5.98149376124e-16
14860.0   5.88691090867e-16
14920.0   5.80706576224e-16
14980.0   5.72833404323e-16
15010.0   5.68998961072e-16
15040.0   5.65148018556e-16
15050.0   5.63876437315e-16
15090.0   5.5882384002e-16
15140.0   5.52583160023e-16
15180.0   5.47634041957e-16
15190.0   5.46424628586e-16
15200.0   5.45202663088e-16
15210.0   5.43952349994e-16
15230.0   5.41571844133e-16
15250.0   5.39156748011e-16
15260.0   5.37922390941e-16
15300.0   5.33142743618e-16
15350.0   5.27285657845e-16
15420.0   5.19163882109e-16
15430.0   5.18013456441e-16
15440.0   5.16850237494e-16
15470.0   5.13457360125e-16
15480.0   5.12306012459e-16
15520.0   5.07824678781e-16
15560.0   5.03389852096e-16
15570.0   5.02280450243e-16
15640.0   4.94657365715e-16
15710.0   4.87155580154e-16
15770.0   4.8080749468e-16
15800.0   4.77717163573e-16
15840.0   4.73579191025e-16
15890.0   4.68509944599e-16
15970.0   4.60475058822e-16
16010.0   4.56546783491e-16
16060.0   4.51674241881e-16
16110.0   4.46866130777e-16
16170.0   4.41220775653e-16
16220.0   4.36555205898e-16
16270.0   4.31944780818e-16
16320.0   4.2738702743e-16
16330.0   4.26477552515e-16
16370.0   4.22868438996e-16
16390.0   4.21061484101e-16
16400.0   4.20158172431e-16
16410.0   4.19258645388e-16
16420.0   4.18396044688e-16
16430.0   4.17535636618e-16
16440.0   4.16675835964e-16
16450.0   4.15815057538e-16
16470.0   4.14090540724e-16
16510.0   4.10653159543e-16
16550.0   4.07238858088e-16
16590.0   4.03851957742e-16
16670.0   3.97176096158e-16
16700.0   3.94727453756e-16
16720.0   3.93048802284e-16
16750.0   3.90581334669e-16
16780.0   3.88108037184e-16
16800.0   3.86473743487e-16
16810.0   3.85635062887e-16
16820.0   3.84851998725e-16
16830.0   3.84096132164e-16
16840.0   3.83343779882e-16
16850.0   3.82585465068e-16
16860.0   3.81821181925e-16
16870.0   3.8105881717e-16
16880.0   3.80284158556e-16
16890.0   3.79506671338e-16
16920.0   3.77198221954e-16
16980.0   3.72613101593e-16
17040.0   3.68083555127e-16
17100.0   3.6361629204e-16
17160.0   3.59210153444e-16
17210.0   3.55554822365e-16
17270.0   3.51252551643e-16
17290.0   3.49828414753e-16
17330.0   3.47003512634e-16
17350.0   3.45601089814e-16
17370.0   3.44210035701e-16
17390.0   3.42841360909e-16
17410.0   3.41482398827e-16
17420.0   3.40791946941e-16
17440.0   3.39447482086e-16
17480.0   3.36770003074e-16
17560.0   3.31485056632e-16
17630.0   3.269130855e-16
17710.0   3.21796033105e-16
17790.0   3.16769800744e-16
17860.0   3.12422470032e-16
17940.0   3.07555358984e-16
18020.0   3.02763473952e-16
18050.0   3.00959562489e-16
18090.0   2.98601699354e-16
18130.0   2.96254206689e-16
18160.0   2.94510260572e-16
18170.0   2.9392315625e-16
18180.0   2.93338939076e-16
18190.0   2.92786018326e-16
18200.0   2.92235977326e-16
18230.0   2.90596782084e-16
18270.0   2.88410768183e-16
18320.0   2.8569777103e-16
18360.0   2.83528820786e-16
18410.0   2.80848275885e-16
18460.0   2.78190413488e-16
18500.0   2.76061542465e-16
18550.0   2.73432391204e-16
18570.0   2.72370359474e-16
18590.0   2.71303534595e-16
18620.0   2.69738056653e-16
18640.0   2.68654400055e-16
18660.0   2.6755481057e-16
18670.0   2.66997257237e-16
18680.0   2.66432948791e-16
18700.0   2.6536929291e-16
18710.0   2.64776807767e-16
18720.0   2.64166505475e-16
18730.0   2.63607836875e-16
18740.0   2.62916114493e-16
18750.0   2.62189202171e-16
18760.0   2.60955125657e-16
18770.0   2.61130179539e-16
18780.0   2.60940127995e-16
18790.0   2.60653312787e-16
18800.0   2.60291829857e-16
18810.0   2.59877775155e-16
18820.0   2.59494806101e-16
18840.0   2.58616908034e-16
18860.0   2.57724408618e-16
18870.0   2.57285303939e-16
18890.0   2.56374014842e-16
18900.0   2.55919188009e-16
18940.0   2.54075798359e-16
18970.0   2.52686198797e-16
19000.0   2.51296552054e-16
19060.0   2.48523123397e-16
19130.0   2.45330216735e-16
19190.0   2.42605732445e-16
19260.0   2.39476468787e-16
19290.0   2.38133009776e-16
19320.0   2.36796610188e-16
19350.0   2.35454572316e-16
19380.0   2.34117876591e-16
19420.0   2.3236134634e-16
19440.0   2.31449189041e-16
19450.0   2.31033167477e-16
19460.0   2.30614908192e-16
19470.0   2.30213350709e-16
19490.0   2.29417711859e-16
19520.0   2.28230279263e-16
19550.0   2.27038338406e-16
19580.0   2.25846559881e-16
19610.0   2.24650143887e-16
19670.0   2.22268401213e-16
19730.0   2.19902078689e-16
19800.0   2.17182781867e-16
19860.0   2.14868183033e-16
19920.0   2.1258167875e-16
19980.0   2.10322803409e-16
20040.0   2.08092678328e-16
20100.0   2.05890854588e-16
20170.0   2.03367502545e-16
20230.0   2.01225496648e-16
20290.0   1.99115158602e-16
20350.0   1.97028179635e-16
20410.0   1.94967307892e-16
20480.0   1.92608572975e-16
20540.0   1.90604477281e-16
20600.0   1.88626819945e-16
20660.0   1.86673642996e-16
20720.0   1.8474615215e-16
20790.0   1.82538180347e-16
20850.0   1.8066325335e-16
20910.0   1.78811296117e-16
20970.0   1.76983540837e-16
21030.0   1.75178068734e-16
21100.0   1.73108084063e-16
21160.0   1.71349752848e-16
21220.0   1.69611087227e-16
21280.0   1.67891770805e-16
21340.0   1.66188335637e-16
21410.0   1.64233484631e-16
21470.0   1.62556314177e-16
21500.0   1.61721175963e-16
21530.0   1.60883025553e-16
21560.0   1.60041826934e-16
21590.0   1.59192808901e-16
21610.0   1.5863576481e-16
21620.0   1.58329622054e-16
21640.0   1.57758377071e-16
21650.0   1.57450652793e-16
21660.0   1.57137137102e-16
21670.0   1.56877811675e-16
21680.0   1.56682146227e-16
21690.0   1.56457008049e-16
21710.0   1.56009861359e-16
21730.0   1.55536361483e-16
21750.0   1.55053861841e-16
21770.0   1.5457024492e-16
21800.0   1.53842308261e-16
21840.0   1.52865092326e-16
21870.0   1.52128740772e-16
21910.0   1.51151235225e-16
21940.0   1.50417340242e-16
22010.0   1.48720325079e-16
22080.0   1.47040450688e-16
22150.0   1.45380480289e-16
22220.0   1.43741606247e-16
22290.0   1.42125028403e-16
22360.0   1.40530375409e-16
22430.0   1.3895728307e-16
22510.0   1.37191945651e-16
22580.0   1.35663860671e-16
22650.0   1.34156236574e-16
22720.0   1.3267031567e-16
22790.0   1.31205768164e-16
22860.0   1.2975911351e-16
22930.0   1.28331612781e-16
23000.0   1.26922954535e-16
23070.0   1.25532833187e-16
23140.0   1.24162527388e-16
23210.0   1.228117429e-16
23280.0   1.21477033981e-16
23350.0   1.20161274259e-16
23420.0   1.18862607133e-16
23490.0   1.17582338149e-16
23560.0   1.16318620899e-16
23630.0   1.15071192417e-16
23700.0   1.13841373066e-16
23770.0   1.12627330951e-16
23840.0   1.11430395809e-16
23920.0   1.10084779303e-16
23990.0   1.0892188128e-16
24060.0   1.07772180533e-16
24130.0   1.06638603506e-16
24200.0   1.05519345313e-16
24270.0   1.04414183644e-16
24340.0   1.03324478686e-16
24410.0   1.02248437544e-16
24480.0   1.01185849655e-16
24550.0   1.00138086713e-16
24620.0   9.91033670984e-17
24690.0   9.80814912944e-17
24760.0   9.70722633205e-17
24830.0   9.60754906593e-17
24900.0   9.50925626866e-17
24970.0   9.41217151067e-17
25040.0   9.31627653826e-17
25110.0   9.22171126715e-17
25180.0   9.12830022642e-17
25250.0   9.03602610201e-17
25330.0   8.93234619108e-17
25400.0   8.84245140483e-17
25470.0   8.75379890064e-17
25540.0   8.66605687324e-17
25610.0   8.57952519404e-17
25680.0   8.49387260664e-17
25750.0   8.40924167078e-17
25820.0   8.32545950766e-17
25890.0   8.24251134459e-17
25960.0   8.16038266014e-17
26030.0   8.0784277797e-17
26070.0   8.03200085039e-17
26100.0   7.99647482e-17
26140.0   7.94979472911e-17
26150.0   7.93706717379e-17
26170.0   7.91324718553e-17
26190.0   7.8891867336e-17
26210.0   7.86472765519e-17
26220.0   7.85213149009e-17
26230.0   7.836870491e-17
26240.0   7.82478506515e-17
26250.0   7.81113967726e-17
26260.0   7.79924913649e-17
26270.0   7.78785060533e-17
26280.0   7.77962749358e-17
26290.0   7.77331696389e-17
26300.0   7.76434133133e-17
26310.0   7.75522615609e-17
26320.0   7.74581355033e-17
26340.0   7.7264115957e-17
26350.0   7.71721142082e-17
26370.0   7.69728688978e-17
26390.0   7.67711883291e-17
26420.0   7.6470014219e-17
26460.0   7.60614761241e-17
26490.0   7.57545657301e-17
26560.0   7.50382711685e-17
26630.0   7.43241640568e-17
26700.0   7.3616858466e-17
26770.0   7.29146564817e-17
26830.0   7.23167742592e-17
26900.0   7.16280247852e-17
26970.0   7.09472054745e-17
27040.0   7.02742043205e-17
27110.0   6.96089111506e-17
27180.0   6.89527960915e-17
27250.0   6.830259554e-17
27320.0   6.7659783124e-17
27390.0   6.7025834173e-17
27450.0   6.6484111617e-17
27520.0   6.58634238515e-17
27590.0   6.52497353849e-17
27660.0   6.46429493253e-17
27730.0   6.40429703362e-17
27800.0   6.34512831073e-17
27870.0   6.28646383312e-17
27940.0   6.22845236694e-17
28010.0   6.17124282289e-17
28070.0   6.12248652768e-17
28140.0   6.06629203401e-17
28210.0   6.01087469541e-17
28280.0   5.95606825636e-17
28350.0   5.90202229349e-17
28420.0   5.84841296375e-17
28490.0   5.79539010139e-17
28560.0   5.74305631111e-17
28630.0   5.69129333092e-17
28690.0   5.64716386646e-17
28760.0   5.59645655171e-17
28830.0   5.5463300847e-17
28900.0   5.49674558337e-17
28970.0   5.44772741853e-17
29040.0   5.39925271699e-17
29110.0   5.3512987146e-17
29180.0   5.30389010927e-17
29250.0   5.2570043492e-17
29310.0   5.21702565984e-17
29380.0   5.17109555179e-17
29450.0   5.12565373401e-17
29520.0   5.08072539878e-17
29590.0   5.03627269509e-17
29660.0   4.9923210069e-17
29730.0   4.9488326716e-17
29800.0   4.90581747331e-17
29870.0   4.86326950139e-17
29930.0   4.82699911121e-17
