900.0   1.13033266205e-14
900.1   1.13034762673e-14
900.2   1.13048255146e-14
900.3   1.13049755066e-14
900.4   1.13063250992e-14
900.5   1.13064754369e-14
900.6   1.13078253757e-14
900.7   1.13091754875e-14
900.8   1.13093263448e-14
900.9   1.13106768037e-14
901.0   1.13108280082e-14
901.1   1.13121788144e-14
901.2   1.13123303666e-14
901.3   1.13136815209e-14
901.4   1.13138334215e-14
901.5   1.13151849244e-14
901.6   1.13153371739e-14
901.7   1.13166890259e-14
901.8   1.13168416249e-14
901.9   1.13181938269e-14
902.0   1.1318346776e-14
902.1   1.13196993283e-14
902.2   1.13210520561e-14
902.3   1.13212055314e-14
902.4   1.13225586104e-14
902.5   1.13227124373e-14
902.6   1.13240658682e-14
902.7   1.13242200473e-14
902.8   1.13255738305e-14
902.9   1.13257283623e-14
903.0   1.13270824986e-14
903.1   1.13284368118e-14
903.2   1.13285918738e-14
903.3   1.13299465408e-14
903.4   1.1330101957e-14
903.5   1.13314569786e-14
903.6   1.13316127497e-14
903.7   1.13329681262e-14
903.8   1.13331242527e-14
903.9   1.13344799851e-14
904.0   1.13346364676e-14
904.1   1.13359925561e-14
904.2   1.13361493952e-14
904.3   1.13375058406e-14
904.4   1.13376630369e-14
904.5   1.13390198399e-14
904.6   1.13391773939e-14
904.7   1.13405345549e-14
904.8   1.13406924673e-14
904.9   1.1342049987e-14
905.0   1.13422082584e-14
905.1   1.13435661373e-14
905.2   1.13449241962e-14
905.5   1.13478000253e-14
906.2   1.13525175695e-14
907.4   1.13616535881e-14
908.0   1.13662314793e-14
909.9   1.13813717509e-14
911.8   1.141816926e-14
912.8   1.14234863532e-14
913.7   1.14298473629e-14
914.2   1.14343208895e-14
914.6   1.14398222806e-14
915.1   1.14538999597e-14
915.6   1.14727802269e-14
916.1   1.15084573813e-14
916.5   1.15547541764e-14
917.0   1.16216253189e-14
917.5   1.17076922588e-14
918.0   1.18009607363e-14
918.2   1.18337116972e-14
918.3   1.18398923398e-14
918.4   1.18424748987e-14
918.5   1.18342628063e-14
918.6   1.1810458351e-14
918.7   1.1792651236e-14
918.8   1.17340637716e-14
918.9   1.16466902373e-14
919.0   1.15281317776e-14
919.1   1.14611489206e-14
919.2   1.13126051647e-14
919.3   1.11892495971e-14
919.4   1.11186690607e-14
919.5   1.12471937646e-14
919.6   1.14308923557e-14
919.7   1.16037962975e-14
919.8   1.17599084503e-14
919.9   1.18740408276e-14
920.0   1.19653842766e-14
920.1   1.20123490943e-14
920.2   1.20125364252e-14
920.3   1.19551514178e-14
920.4   1.18509889239e-14
920.5   1.16832569523e-14
920.6   1.14903371976e-14
920.7   1.12446428169e-14
920.8   1.09929515005e-14
920.9   1.06740924231e-14
921.0   1.05171563223e-14
921.1   1.07260459484e-14
921.2   1.12551830397e-14
921.3   1.14604747911e-14
921.4   1.17749146901e-14
921.5   1.20593690953e-14
921.6   1.23282311426e-14
921.7   1.26042899627e-14
921.8   1.27724004734e-14
921.9   1.28805397925e-14
922.0   1.29287079202e-14
922.1   1.28929162978e-14
922.2   1.28091477638e-14
922.3   1.26774023183e-14
922.4   1.2461697123e-14
922.5   1.21740264578e-14
922.6   1.18695640081e-14
922.7   1.12352590809e-14
922.8   1.09811730187e-14
922.9   1.05555689678e-14
923.0   1.01419594037e-14
923.1   9.71995405147e-15
923.2   9.54982877493e-15
923.3   1.00130016601e-14
923.4   1.02614771515e-14
923.5   1.07702287146e-14
923.6   1.15620454807e-14
923.7   1.20863900238e-14
923.8   1.23324674928e-14
923.9   1.28244278989e-14
924.0   1.33283827934e-14
924.1   1.39282921324e-14
924.2   1.42643275332e-14
924.3   1.45523860257e-14
924.4   1.46725248158e-14
924.5   1.48526352128e-14
924.6   1.49727744226e-14
924.7   1.49609767687e-14
924.8   1.49251907661e-14
924.9   1.48174392973e-14
925.0   1.46377223624e-14
925.1   1.41821372115e-14
925.2   1.37745293891e-14
925.3   1.331894466e-14
925.4   1.28513658628e-14
925.5   1.25637014683e-14
925.6   1.16883175932e-14
925.7   1.11199874832e-14
925.8   1.04964838996e-14
925.9   9.89576965905e-15
926.0   9.45697840291e-15
926.1   8.91143827215e-15
926.2   8.35870178623e-15
926.3   8.22096758123e-15
926.4   8.73932067386e-15
926.5   9.49276185627e-15
926.6   1.00878787634e-14
926.7   1.06865941676e-14
926.8   1.15395885091e-14
926.9   1.19439970136e-14
927.0   1.26026844558e-14
927.1   1.35024571285e-14
927.2   1.41143673089e-14
927.3   1.47622605419e-14
927.4   1.54101539894e-14
927.5   1.61899847251e-14
927.6   1.65380216162e-14
927.7   1.7161927149e-14
927.8   1.77738386175e-14
927.9   1.80499104772e-14
928.0   1.84819081848e-14
928.1   1.86620262401e-14
928.2   1.89380987464e-14
928.3   1.90462515567e-14
928.4   1.91783931418e-14
928.5   1.92025864283e-14
928.6   1.91788028135e-14
928.7   1.90230823414e-14
928.8   1.89153392038e-14
928.9   1.85916992533e-14
929.0   1.83760080348e-14
929.1   1.78484657683e-14
929.2   1.72009809247e-14
929.3   1.68293647256e-14
929.4   1.61339031996e-14
929.5   1.57742817155e-14
929.6   1.49588778309e-14
929.8   1.36399219819e-14
929.9   1.27765416348e-14
930.0   1.18975689429e-14
930.2   1.10307991778e-14
930.3   1.01818128415e-14
930.4   9.35441642762e-15
930.6   8.26455481956e-15
930.7   7.69983378412e-15
930.8   7.41457967936e-15
930.9   7.99411334165e-15
931.0   8.83872079966e-15
931.2   9.9773989514e-15
931.3   1.05977140459e-14
931.4   1.11820465232e-14
931.5   1.21214098928e-14
931.6   1.30799643306e-14
931.7   1.37278671526e-14
931.8   1.44117530347e-14
931.9   1.51196276973e-14
932.0   1.58155083026e-14
932.1   1.64993948504e-14
932.3   1.86348024967e-14
932.5   2.01105256647e-14
932.6   2.08064076051e-14
932.7   2.14663069303e-14
932.8   2.21022179199e-14
932.9   2.33138545455e-14
933.0   2.38658060262e-14
933.1   2.43817748923e-14
933.2   2.4861761144e-14
933.3   2.53057647816e-14
933.4   2.57137858051e-14
933.5   2.60738299353e-14
933.6   2.67097427171e-14
933.7   2.69738330613e-14
933.8   2.72139350715e-14
933.9   2.74180544686e-14
934.0   2.76101798114e-14
934.1   2.7754328262e-14
934.2   2.7922465497e-14
934.3   2.79346773253e-14
934.4   2.79109065411e-14
934.5   2.78391588652e-14
934.6   2.77074400186e-14
934.7   2.75397385601e-14
934.8   2.73360544898e-14
934.9   2.67725422633e-14
935.0   2.64129330142e-14
935.1   2.60053468744e-14
935.2   2.55497838442e-14
935.3   2.50462439236e-14
935.4   2.44947271129e-14
935.5   2.38952334123e-14
935.6   2.2720014527e-14
935.8   2.14850454277e-14
936.0   2.02260886833e-14
936.2   1.88711786184e-14
936.3   1.7468070024e-14
936.4   1.67846184247e-14
936.5   1.61251556136e-14
936.6   1.54417044733e-14
936.7   1.47582535628e-14
936.8   1.34031232341e-14
936.9   1.27676499013e-14
937.0   1.21537665018e-14
937.1   1.15146953459e-14
937.2   1.09032112632e-14
937.3   1.03049211187e-14
937.4   9.70183349338e-15
937.5   9.12873179774e-15
937.6   8.2389813564e-15
937.7   7.63229614106e-15
937.8   6.89967122331e-15
937.9   7.1901585727e-15
938.0   7.96881332685e-15
938.1   8.65871064534e-15
938.2   9.33661391666e-15
938.3   1.00169162763e-14
938.4   1.07104125759e-14
938.5   1.14195016716e-14
938.6   1.21405852798e-14
938.7   1.32274946435e-14
938.8   1.40073506873e-14
938.9   1.48231898027e-14
939.0   1.56390291518e-14
939.1   1.64548687346e-14
939.2   1.72707085515e-14
939.3   1.81225314408e-14
939.4   1.9022331682e-14
939.5   1.99221321578e-14
939.6   2.08099385887e-14
939.7   2.16857509751e-14
939.9   2.35453249677e-14
940.0   2.44931037361e-14
940.1   2.49611115628e-14
940.2   2.59928507583e-14
940.3   2.70605730279e-14
940.4   2.81163012541e-14
940.5   2.91480411577e-14
940.7   3.11755388355e-14
940.9   3.30950889452e-14
941.1   3.49186857675e-14
941.3   3.66583235832e-14
941.4   3.74741685901e-14
941.5   3.82300424377e-14
941.6   3.89259451261e-14
941.7   3.9573870935e-14
941.8   4.01978084235e-14
941.9   4.07977575916e-14
942.0   4.13737184395e-14
942.2   4.24536751757e-14
942.4   4.34376786334e-14
942.6   4.43257288138e-14
942.8   4.51178257185e-14
943.0   4.57779865103e-14
943.2   4.63421940291e-14
943.4   4.68104482762e-14
943.6   4.71707549734e-14
943.8   4.74351084017e-14
944.0   4.75795200035e-14
944.2   4.75560126625e-14
944.4   4.74125634976e-14
944.6   4.71131896723e-14
944.7   4.6909528867e-14
944.8   4.66458969081e-14
944.9   4.62623223985e-14
945.0   4.58187767356e-14
945.1   4.53272541991e-14
945.2   4.4787754789e-14
945.3   4.41762899467e-14
945.4   4.35168482312e-14
945.5   4.28094296427e-14
945.6   4.20660284607e-14
945.7   4.12746504061e-14
945.8   4.0435295479e-14
945.9   3.95359694001e-14
946.0   3.86126550079e-14
946.2   3.66820670049e-14
946.4   3.47035028685e-14
946.5   3.36842354713e-14
946.6   3.26649683206e-14
946.7   3.17416556522e-14
946.8   3.08423317896e-14
946.9   2.99310138946e-14
947.0   2.90077019675e-14
947.1   2.80843902879e-14
947.2   2.71610788558e-14
947.3   2.62257733922e-14
947.4   2.5302462456e-14
947.5   2.43911460473e-14
947.6   2.35158127253e-14
947.7   2.26524739312e-14
947.9   2.0949785648e-14
948.1   1.92830811992e-14
948.2   1.8443732209e-14
948.3   1.76163777478e-14
948.4   1.68010178157e-14
948.5   1.59856581336e-14
948.6   1.51822929809e-14
948.7   1.43909223578e-14
948.8   1.36115462646e-14
948.9   1.28681532603e-14
949.0   1.21343559303e-14
949.1   1.14053565629e-14
949.2   1.07027448614e-14
949.3   1.00133271185e-14
949.4   9.08522346645e-15
949.5   8.62009925199e-15
949.6   7.88030629039e-15
949.7   6.92581597895e-15
949.8   6.59382902207e-15
949.9   7.61959474899e-15
950.0   8.62976816513e-15
950.1   9.09899983165e-15
950.2   1.00240143693e-14
950.3   1.09622228674e-14
950.5   1.19294742425e-14
950.6   1.29084640508e-14
950.7   1.39282346627e-14
950.9   1.49962400148e-14
951.0   1.60759827861e-14
951.1   1.71797143707e-14
951.3   1.83076931551e-14
951.4   1.94354140628e-14
951.5   2.05871237846e-14
951.7   2.17390931687e-14
951.8   2.2926786495e-14
952.0   2.41507230901e-14
952.1   2.53983885816e-14
952.2   2.60703289168e-14
952.4   2.80858900048e-14
952.5   2.9453499317e-14
952.6   3.08331031656e-14
952.8   3.22249637797e-14
952.9   3.36285569593e-14
953.0   3.44684192635e-14
953.1   3.61598756651e-14
953.2   3.70237270441e-14
953.3   3.8739172521e-14
953.4   3.96150186962e-14
953.5   4.14264189255e-14
953.6   4.23502427357e-14
953.7   4.41856320417e-14
954.0   4.77847110857e-14
954.2   5.13595377973e-14
954.5   5.4790700827e-14
954.6   5.64581725596e-14
954.8   5.79819806132e-14
954.9   5.9301619025e-14
955.0   6.05732805803e-14
955.2   6.17972337382e-14
955.3   6.29969304018e-14
955.4   6.41486502097e-14
955.6   6.52646569484e-14
955.7   6.63084290284e-14
955.8   6.73042242533e-14
956.1   6.92241206365e-14
956.4   7.1000088037e-14
956.6   7.26558426142e-14
956.9   7.41439512698e-14
957.2   7.55361080731e-14
957.4   7.68320385042e-14
957.7   7.79843137016e-14
958.0   7.9052631339e-14
958.2   8.00487090438e-14
958.5   8.09011336554e-14
958.8   8.16696007198e-14
959.0   8.23538314418e-14
959.3   8.29183997813e-14
959.6   8.3387016307e-14
959.8   8.37833886279e-14
960.1   8.40601007295e-14
960.4   8.42288667507e-14
960.6   8.43133921345e-14
960.9   8.42902537531e-14
961.2   8.41591693043e-14
961.5   8.39321330722e-14
961.7   8.35968646644e-14
962.0   8.31539355005e-14
962.3   8.26030602869e-14
962.5   8.19319564376e-14
962.8   8.11651883137e-14
963.1   8.02784798736e-14
963.3   7.92595463263e-14
963.6   7.81449507182e-14
963.9   7.69224090862e-14
964.1   7.55556458641e-14
964.4   7.40812285268e-14
964.7   7.25228537376e-14
964.9   7.08082608637e-14
965.2   6.89980103909e-14
965.5   6.71157967585e-14
965.7   6.50893570944e-14
966.0   6.29912506384e-14
966.3   6.08091867566e-14
966.5   5.8542866002e-14
966.8   5.62048807155e-14
967.3   5.13606961502e-14
967.9   4.63369076158e-14
968.1   4.37947275003e-14
968.4   4.12528530841e-14
968.7   3.86989869581e-14
968.9   3.61688056899e-14
969.2   3.36749152544e-14
969.5   3.12050159603e-14
969.6   2.9981907456e-14
969.7   2.87827877983e-14
969.9   2.75839772897e-14
970.0   2.6408847055e-14
970.1   2.52457113882e-14
970.3   2.40948803046e-14
970.4   2.29677283424e-14
970.5   2.18525709488e-14
970.7   2.07617135756e-14
970.8   1.96705456093e-14
970.9   1.86153607714e-14
971.1   1.7572482835e-14
971.2   1.65292931471e-14
971.4   1.55104055127e-14
971.5   1.45151938149e-14
971.6   1.35319766879e-14
971.8   1.25610685006e-14
971.9   1.16114362304e-14
972.0   1.06749979595e-14
972.1   1.02135334462e-14
972.2   9.74367322955e-15
972.3   9.02913000497e-15
972.4   8.24741910823e-15
972.5   7.12027325672e-15
972.6   6.55685883142e-15
972.7   7.96290538171e-15
972.8   8.78003310538e-15
972.9   9.5191983063e-15
973.0   1.05678162103e-14
973.2   1.19717835491e-14
973.4   1.34177320431e-14
973.6   1.49056616938e-14
973.8   1.64295753628e-14
974.0   1.79894730518e-14
974.1   1.87814166193e-14
974.2   1.95853547621e-14
974.3   2.04012874805e-14
974.4   2.12172204953e-14
974.5   2.20571423655e-14
974.7   2.37609755547e-14
974.9   2.55007927707e-14
975.1   2.73005825735e-14
975.3   2.91363564057e-14
975.5   3.1008114269e-14
975.7   3.29278504441e-14
975.9   3.48835706532e-14
976.1   3.68752748976e-14
976.3   3.8902963179e-14
976.5   4.09666354987e-14
976.7   4.30662918583e-14
976.9   4.51779437004e-14
977.1   4.73255795854e-14
977.3   4.94972052352e-14
977.5   5.16928206514e-14
977.9   5.61440265093e-14
978.3   6.06312200535e-14
978.7   6.51783898546e-14
979.1   6.97255645275e-14
979.9   7.88199285358e-14
980.7   8.77343979828e-14
981.5   9.6361024449e-14
982.3   1.04603853794e-13
982.7   1.08551358879e-13
983.1   1.12366931881e-13
983.5   1.16062567091e-13
983.9   1.19578293126e-13
984.3   1.23010064232e-13
984.7   1.26249931906e-13
985.1   1.29369861838e-13
985.5   1.32369854038e-13
985.9   1.35129965726e-13
986.3   1.37890082501e-13
987.1   1.42810617391e-13
987.9   1.472514016e-13
988.7   1.51092492428e-13
989.5   1.54573775563e-13
990.3   1.57455365512e-13
991.1   1.59977147962e-13
991.9   1.6213912301e-13
992.7   1.63821347957e-13
993.5   1.65263708493e-13
994.3   1.66346261917e-13
995.1   1.6706900833e-13
995.9   1.67551890623e-13
996.7   1.67794908894e-13
997.5   1.67798063241e-13
998.3   1.67441410968e-13
999.1   1.66964837762e-13
999.9   1.66128458132e-13
1001.0   1.65173379217e-13
1002.0   1.63858102558e-13
1003.0   1.60623776059e-13
1004.0   1.58588912566e-13
1005.0   1.56314198741e-13
1006.0   1.53799634777e-13
1007.0   1.47806765421e-13
1008.0   1.44332730582e-13
1009.0   1.40498903391e-13
1010.0   1.36425226837e-13
1011.0   1.27074103755e-13
1012.0   1.21801072292e-13
1013.0   1.16156254975e-13
1014.0   1.1016364056e-13
1015.0   9.71304213178e-14
1016.0   9.0178339141e-14
1017.0   8.29624204064e-14
1018.0   7.55546309863e-14
1019.0   6.42607330117e-14
1020.0   5.67330769549e-14
1021.0   4.56791411183e-14
1022.0   3.86313331802e-14
1023.0   3.0300176108e-14
1024.0   2.26527319246e-14
1025.0   1.56530179881e-14
1026.0   8.88483299873e-15
1027.0   1.34560793333e-14
1028.0   2.04178253058e-14
1029.0   2.79913194735e-14
1030.0   3.62365334304e-14
1031.0   4.65328095079e-14
1032.0   5.57136581335e-14
1033.0   6.50264845648e-14
1034.0   7.11728621559e-14
1035.0   8.31724892352e-14
1036.0   8.89231380551e-14
1037.0   9.97234200358e-14
1038.0   1.04742501049e-13
1039.0   1.13983610338e-13
1040.0   1.18199158657e-13
1041.0   1.25785141807e-13
1042.0   1.29149181105e-13
1043.0   1.35152004582e-13
1044.0   1.37916415515e-13
1045.0   1.42599954255e-13
1046.0   1.44764737613e-13
1047.0   1.48368877996e-13
1048.0   1.51493290892e-13
1050.0   1.54024021926e-13
1051.0   1.56069081931e-13
1053.0   1.57880422486e-13
1054.0   1.59325902551e-13
1055.0   1.60411599304e-13
1057.0   1.61383700864e-13
1058.0   1.62109705627e-13
1061.0   1.63088567903e-13
1063.0   1.63581450935e-13
1066.0   1.63601470499e-13
1069.0   1.63501974105e-13
1072.0   1.63163024232e-13
1074.0   1.62577471929e-13
1077.0   1.61879425543e-13
1080.0   1.61181825265e-13
1082.0   1.60357180446e-13
1085.0   1.59420449685e-13
1088.0   1.58484178909e-13
1091.0   1.5754837329e-13
1093.0   1.56484973594e-13
1096.0   1.55549954661e-13
1099.0   1.54495471761e-13
1102.0   1.53441472772e-13
1104.0   1.52379249735e-13
1107.0   1.51326068485e-13
1110.0   1.50273384566e-13
1112.0   1.49092102864e-13
1115.0   1.48040258876e-13
1118.0   1.46988925422e-13
1121.0   1.45938107395e-13
1123.0   1.44878022409e-13
1126.0   1.43708131407e-13
1129.0   1.42658711498e-13
1131.0   1.41599565691e-13
1134.0   1.40551036832e-13
1137.0   1.39383106076e-13
1140.0   1.38335663664e-13
1142.0   1.37277845699e-13
1145.0   1.3611137996e-13
1148.0   1.35065414756e-13
1150.0   1.33888645518e-13
1153.0   1.32843619838e-13
1156.0   1.31679220974e-13
1159.0   1.30515396083e-13
1161.0   1.29220081721e-13
1164.0   1.28057223016e-13
1167.0   1.26775006885e-13
1169.0   1.25360790358e-13
1172.0   1.23959616302e-13
1175.0   1.22439095839e-13
1178.0   1.20703278771e-13
1180.0   1.18810753789e-13
1183.0   1.16716117859e-13
1186.0   1.14262264453e-13
1187.0   1.1286072814e-13
1189.0   1.11365237444e-13
1190.0   1.09712027014e-13
1191.0   1.07854982695e-13
1193.0   1.05808306029e-13
1194.0   1.03519675054e-13
1195.0   1.009312565e-13
1197.0   9.80215469576e-14
1198.0   9.47136806582e-14
1199.0   9.29171635057e-14
1200.0   8.8937757567e-14
1201.0   8.67575637435e-14
1202.0   8.19626873344e-14
1203.0   7.93508402411e-14
1204.0   7.36445396422e-14
1205.0   7.05650569536e-14
1206.0   6.39473326748e-14
1207.0   6.04361977358e-14
1208.0   5.67931968156e-14
1209.0   4.92161434593e-14
1210.0   4.53094109487e-14
1211.0   3.94116995159e-14
1212.0   3.35380482266e-14
1213.0   2.77604228789e-14
1214.0   2.21507892694e-14
1215.0   1.65412276055e-14
1216.0   1.08957551676e-14
1217.0   1.74605313717e-14
1218.0   2.27899690937e-14
1219.0   2.81914449076e-14
1220.0   3.36769532082e-14
1221.0   4.10816188629e-14
1222.0   4.47561363739e-14
1223.0   5.18970735121e-14
1224.0   5.53198570109e-14
1225.0   6.18012548595e-14
1226.0   6.48283734378e-14
1227.0   7.04103468498e-14
1228.0   7.29578409899e-14
1229.0   7.7556430444e-14
1230.0   7.96362948565e-14
1231.0   8.33354607369e-14
1232.0   8.49836786849e-14
1233.0   8.78673813687e-14
1234.0   8.91559189464e-14
1235.0   9.14040730395e-14
1237.0   9.41374450389e-14
1238.0   9.55822055006e-14
1239.0   9.67751606576e-14
1241.0   9.77939471989e-14
1242.0   9.86153039702e-14
1243.0   9.92688157811e-14
1245.0   9.98084307532e-14
1246.0   1.00258265235e-13
1249.0   1.00888564235e-13
1251.0   1.01213187169e-13
1254.0   1.0135285599e-13
1256.0   1.01330403854e-13
1259.0   1.01207340257e-13
1262.0   1.01012998981e-13
1264.0   1.00727895772e-13
1267.0   1.00402768777e-13
1269.0   1.00022480791e-13
1272.0   9.96265450482e-14
1275.0   9.92073174353e-14
1277.0   9.87563023001e-14
1280.0   9.83022569781e-14
1283.0   9.78489130001e-14
1285.0   9.73511675503e-14
1288.0   9.68750074567e-14
1290.0   9.63780450395e-14
1293.0   9.58910672278e-14
1296.0   9.54167914635e-14
1297.0   9.52468627679e-14
1298.0   9.49090929896e-14
1300.0   9.45936184815e-14
1305.0   9.36503891007e-14
1310.0   9.27211329533e-14
1315.0   9.17938601633e-14
1320.0   9.08805688263e-14
1330.0   8.91079371177e-14
1350.0   8.5706565358e-14
1370.0   8.25410446091e-14
1390.0   7.96112658014e-14
1410.0   7.6904981561e-14
1430.0   7.44098050944e-14
1450.0   7.21252101153e-14
1470.0   7.002655455e-14
1490.0   6.81250592285e-14
1510.0   6.63838558351e-14
1530.0   6.48019552483e-14
1550.0   6.33782734377e-14
1570.0   6.20996461538e-14
1590.0   6.09528323016e-14
1610.0   5.99245230622e-14
1630.0   5.90253395103e-14
1650.0   5.82298701379e-14
1670.0   5.7536650962e-14
1690.0   5.69441854101e-14
1710.0   5.6450952448e-14
1730.0   5.603142579e-14
1750.0   5.56960526764e-14
1770.0   5.54312894383e-14
1790.0   5.52355908657e-14
1810.0   5.50954277299e-14
1830.0   5.50212752503e-14
1850.0   5.49996411498e-14
1870.0   5.50290532126e-14
1890.0   5.5108069278e-14
1910.0   5.52352810769e-14
1930.0   5.53853290832e-14
1950.0   5.55808711914e-14
1970.0   5.58086253668e-14
1990.0   5.60673489926e-14
2010.0   5.63438521836e-14
2030.0   5.66489821579e-14
2050.0   5.69816416155e-14
2070.0   5.7328789656e-14
2090.0   5.76774366995e-14
2110.0   5.80506277093e-14
2130.0   5.84354766626e-14
2150.0   5.88311435973e-14
2170.0   5.92368400649e-14
2190.0   5.96398344007e-14
2210.0   6.00514339513e-14
2230.0   6.04710014786e-14
2250.0   6.08859542724e-14
2270.0   6.12957517076e-14
2290.0   6.1711894143e-14
2310.0   6.21219388935e-14
2330.0   6.25374760863e-14
2350.0   6.29341559389e-14
2370.0   6.33356473393e-14
2390.0   6.37296764737e-14
2410.0   6.41112047841e-14
2430.0   6.44872252088e-14
2450.0   6.48539715658e-14
2470.0   6.52113101939e-14
2490.0   6.55591401738e-14
2510.0   6.58973918378e-14
2530.0   6.62236264333e-14
2550.0   6.6539031797e-14
2570.0   6.68424237685e-14
2590.0   6.71350424782e-14
2610.0   6.74145538099e-14
2630.0   6.76822445989e-14
2650.0   6.79358247276e-14
2670.0   6.8177821816e-14
2690.0   6.84071839576e-14
2710.0   6.86228767707e-14
2730.0   6.8826281059e-14
2750.0   6.90163939446e-14
2770.0   6.9192226606e-14
2790.0   6.93564014853e-14
2810.0   6.95067552551e-14
2830.0   6.96435343887e-14
2850.0   6.97681947743e-14
2870.0   6.98798025139e-14
2890.0   6.99774318995e-14
2910.0   7.00637628572e-14
2930.0   7.01366841498e-14
2950.0   7.01976886076e-14
2970.0   7.02458752608e-14
2990.0   7.02815469318e-14
3010.0   7.03062095777e-14
3030.0   7.03177739565e-14
3050.0   7.03189510324e-14
3070.0   7.03088554236e-14
3090.0   7.02866031593e-14
3110.0   7.02537100404e-14
3130.0   7.02092934607e-14
3150.0   7.01548696804e-14
3170.0   7.00907551309e-14
3190.0   7.0014866602e-14
3210.0   6.99299174492e-14
3230.0   6.98350212629e-14
3250.0   6.9731688695e-14
3270.0   6.96178300291e-14
3290.0   6.94949514787e-14
3310.0   6.93633572269e-14
3330.0   6.92233486249e-14
3350.0   6.90752239804e-14
3370.0   6.89192783652e-14
3390.0   6.87546040101e-14
3410.0   6.85826884282e-14
3430.0   6.84026165581e-14
3450.0   6.82158683441e-14
3470.0   6.80227203355e-14
3490.0   6.7822245582e-14
3510.0   6.76147123971e-14
3530.0   6.74015842779e-14
3550.0   6.71819215511e-14
3570.0   6.69559795978e-14
3590.0   6.67240093753e-14
3610.0   6.6487456805e-14
3613.0   6.6451626694e-14
3630.0   6.62453644559e-14
3644.0   6.60706979637e-14
3647.0   6.60344047939e-14
3650.0   6.59967703769e-14
3660.0   6.5870707874e-14
3670.0   6.5743106936e-14
3676.0   6.56655798681e-14
3680.0   6.56151953981e-14
3683.0   6.55760519219e-14
3684.0   6.55633743986e-14
3687.0   6.55240542694e-14
3688.0   6.55113180846e-14
3693.0   6.54462193488e-14
3698.0   6.53795597468e-14
3703.0   6.5314941005e-14
3704.0   6.53019745988e-14
3705.0   6.52877946092e-14
3707.0   6.52617911287e-14
3710.0   6.52214809951e-14
3712.0   6.51965366131e-14
3713.0   6.51822443596e-14
3716.0   6.51416830977e-14
3721.0   6.50746043731e-14
3722.0   6.50637861758e-14
3723.0   6.50481565981e-14
3725.0   6.50228536833e-14
3728.0   6.49805994666e-14
3735.0   6.48859326397e-14
3742.0   6.47918124168e-14
3747.0   6.4722989574e-14
3749.0   6.46958489705e-14
3751.0   6.46674571162e-14
3755.0   6.46153164825e-14
3763.0   6.45068241786e-14
3769.0   6.44204274215e-14
3770.0   6.44053845564e-14
3772.0   6.43776604615e-14
3775.0   6.43395799324e-14
3778.0   6.43013888064e-14
3781.0   6.42618883377e-14
3784.0   6.42210792056e-14
3787.0   6.41765632318e-14
3790.0   6.41319393751e-14
3793.0   6.40836100246e-14
3794.0   6.40694755792e-14
3796.0   6.40339747067e-14
3798.0   6.40056233481e-14
3799.0   6.39890312295e-14
3800.0   6.39784245611e-14
3802.0   6.39559768267e-14
3803.0   6.39453352376e-14
3804.0   6.39358814854e-14
3807.0   6.3902653215e-14
3809.0   6.38788442903e-14
3812.0   6.384304513e-14
3815.0   6.38035453414e-14
3817.0   6.37735573301e-14
3820.0   6.372789128e-14
3822.0   6.36929934123e-14
3825.0   6.36423623354e-14
3828.0   6.35880334486e-14
3829.0   6.35651041024e-14
3830.0   6.35433632211e-14
3833.0   6.34852716047e-14
3835.0   6.34452900528e-14
3836.0   6.34270821759e-14
3837.0   6.34112623578e-14
3838.0   6.34026283339e-14
3839.0   6.3395182988e-14
3840.0   6.33889263436e-14
3841.0   6.33826589964e-14
3842.0   6.33763809699e-14
3844.0   6.33637929725e-14
3847.0   6.33460308946e-14
3851.0   6.33110060254e-14
3853.0   6.3291031966e-14
3855.0   6.3268617452e-14
3857.0   6.32449620964e-14
3859.0   6.32200660836e-14
3860.0   6.3205203818e-14
3862.0   6.31766480227e-14
3864.0   6.31444531739e-14
3866.0   6.31122177383e-14
3868.0   6.30763436147e-14
3870.0   6.30404292692e-14
3872.0   6.30008765994e-14
3874.0   6.29588852148e-14
3875.0   6.29258803525e-14
3877.0   6.28802312345e-14
3879.0   6.28297449971e-14
3881.0   6.27780201038e-14
3883.0   6.27238573061e-14
3885.0   6.26684562109e-14
3887.0   6.26118169966e-14
3888.0   6.25810840801e-14
3889.0   6.25563386973e-14
3890.0   6.25303843026e-14
3891.0   6.25164146258e-14
3892.0   6.25144296888e-14
3893.0   6.25172329462e-14
3895.0   6.25156144293e-14
3896.0   6.25255858345e-14
3898.0   6.25215118203e-14
3899.0   6.25302555758e-14
3901.0   6.25249258875e-14
3902.0   6.25300433347e-14
3904.0   6.25210595105e-14
3907.0   6.25123121344e-14
3909.0   6.24984383832e-14
3910.0   6.24962854902e-14
3912.0   6.24787586467e-14
3914.0   6.24599960523e-14
3917.0   6.24341832881e-14
3920.0   6.24010931972e-14
3923.0   6.23643246414e-14
3926.0   6.23238781962e-14
3929.0   6.22797544354e-14
3933.0   6.22200011846e-14
3936.0   6.21672992392e-14
3939.0   6.21085230188e-14
3942.0   6.20472713719e-14
3944.0   6.20075941071e-14
3945.0   6.1978747149e-14
3947.0   6.19330223836e-14
3948.0   6.19005520544e-14
3950.0   6.18535778726e-14
3952.0   6.18065705713e-14
3953.0   6.17704605588e-14
3955.0   6.17162073188e-14
3956.0   6.16740755734e-14
3958.0   6.16173744753e-14
3960.0   6.15594414851e-14
3961.0   6.15112720198e-14
3963.0   6.14496923548e-14
3964.0   6.13979005015e-14
3966.0   6.13314750988e-14
3967.0   6.12760610397e-14
3969.0   6.12059896907e-14
3970.0   6.11637455984e-14
3971.0   6.11358867682e-14
3972.0   6.11164160803e-14
3973.0   6.11281226857e-14
3974.0   6.11542146132e-14
3975.0   6.11671050401e-14
3976.0   6.11799876938e-14
3977.0   6.11904637383e-14
3979.0   6.1187404088e-14
3981.0   6.12035045101e-14
3982.0   6.12115432302e-14
3983.0   6.12183748882e-14
3984.0   6.12251989316e-14
3985.0   6.12284170965e-14
3986.0   6.12316276863e-14
3987.0   6.12360301487e-14
3989.0   6.12400147742e-14
3992.0   6.12255452628e-14
3994.0   6.12210592215e-14
3996.0   6.12165435849e-14
3998.0   6.12084002248e-14
4000.0   6.11978287243e-14
4003.0   6.11687231961e-14
4005.0   6.11532814488e-14
4009.0   6.11139158782e-14
4014.0   6.1054653812e-14
4018.0   6.1003039731e-14
4022.0   6.09477163472e-14
4027.0   6.08760089761e-14
4031.0   6.0816841912e-14
4040.0   6.06758297194e-14
4044.0   6.06091222517e-14
4048.0   6.05375137746e-14
4053.0   6.04493589743e-14
4057.0   6.03715251866e-14
4062.0   6.02734934013e-14
4066.0   6.01810441339e-14
4070.0   6.00825007594e-14
4072.0   6.00313939211e-14
4075.0   5.99648841861e-14
4077.0   5.99101197819e-14
4079.0   5.98517336261e-14
4081.0   5.97909252863e-14
4083.0   5.97276949016e-14
4086.0   5.96465995699e-14
4088.0   5.95737163954e-14
4090.0   5.9499611088e-14
4092.0   5.94206855014e-14
4093.0   5.93788154323e-14
4094.0   5.93369397727e-14
4095.0   5.92926596838e-14
4096.0   5.92459751827e-14
4098.0   5.9184974134e-14
4099.0   5.91346747822e-14
4100.0   5.90843699419e-14
4101.0   5.90316607745e-14
4102.0   5.89837438643e-14
4103.0   5.89598100753e-14
4104.0   5.89466657172e-14
4105.0   5.89802936449e-14
4107.0   5.90019550943e-14
4108.0   5.90115783525e-14
4109.0   5.9042785977e-14
4110.0   5.90499997227e-14
4111.0   5.90560087371e-14
4112.0   5.90776050283e-14
4114.0   5.90847989794e-14
4116.0   5.90883737002e-14
4117.0   5.91015478126e-14
4119.0   5.91014930786e-14
4120.0   5.9112252824e-14
4122.0   5.91061700766e-14
4124.0   5.90988674835e-14
4125.0   5.91036045669e-14
4127.0   5.90926733091e-14
4130.0   5.90816362197e-14
4133.0   5.90633577989e-14
4136.0   5.90414367685e-14
4140.0   5.90049439624e-14
4143.0   5.89781234859e-14
4146.0   5.89464624184e-14
4149.0   5.89123600457e-14
4152.0   5.88758167961e-14
4156.0   5.88222301225e-14
4162.0   5.87393148066e-14
4168.0   5.86502416065e-14
4175.0   5.85439252177e-14
4181.0   5.84497174589e-14
4188.0   5.83394188287e-14
4194.0   5.82424907791e-14
4200.0   5.81454194951e-14
4207.0   5.80321927981e-14
4213.0   5.79324232442e-14
4220.0   5.78188558603e-14
4226.0   5.77188016188e-14
4232.0   5.76174214466e-14
4239.0   5.75009878108e-14
4245.0   5.73993439852e-14
4252.0   5.72814115663e-14
4258.0   5.71771192932e-14
4264.0   5.70715170655e-14
4271.0   5.6948378563e-14
4277.0   5.68365496814e-14
4284.0   5.6705954708e-14
4290.0   5.65855137338e-14
4296.0   5.64601797653e-14
4300.0   5.63805703179e-14
4303.0   5.63124407484e-14
4306.0   5.62430894281e-14
4309.0   5.61701178423e-14
4312.0   5.6094725759e-14
4316.0   5.60005668499e-14
4319.0   5.59179290148e-14
4322.0   5.58292735201e-14
4324.0   5.57749563336e-14
4325.0   5.57346006993e-14
4327.0   5.56766719557e-14
4328.0   5.56327114561e-14
4330.0   5.55711713757e-14
4332.0   5.55072238595e-14
4333.0   5.54560560672e-14
4335.0   5.53872981514e-14
4336.0   5.5350517205e-14
4337.0   5.52897456274e-14
4338.0   5.52505616925e-14
4339.0   5.52088569107e-14
4340.0   5.51660706075e-14
4341.0   5.51073298884e-14
4342.0   5.50508660702e-14
4343.0   5.50730827247e-14
4344.0   5.51048928144e-14
4345.0   5.51179898517e-14
4346.0   5.51289259542e-14
4347.0   5.51628891206e-14
4348.0   5.51692635035e-14
4349.0   5.51744365295e-14
4350.0   5.51772087825e-14
4351.0   5.51799791302e-14
4353.0   5.51843147289e-14
4354.0   5.52002731388e-14
4356.0   5.51974009852e-14
4358.0   5.51921226365e-14
4360.0   5.5185637614e-14
4361.0   5.51907884103e-14
4363.0   5.51794949818e-14
4365.0   5.51669951118e-14
4367.0   5.51520894648e-14
4370.0   5.51339162165e-14
4374.0   5.50956685262e-14
4377.0   5.50690646319e-14
4381.0   5.50235752885e-14
4384.0   5.49909412724e-14
4388.0   5.49394119161e-14
4391.0   5.49019488563e-14
4395.0   5.48467805314e-14
4402.0   5.47492832149e-14
4409.0   5.46457242945e-14
4416.0   5.45385063406e-14
4423.0   5.4427633027e-14
4430.0   5.43155068431e-14
4437.0   5.42021313825e-14
4444.0   5.40863107709e-14
4451.0   5.39716468063e-14
4458.0   5.38557441081e-14
4465.0   5.37398055405e-14
4472.0   5.36238345013e-14
4479.0   5.35066349223e-14
4486.0   5.3390608981e-14
4493.0   5.32745605336e-14
4500.0   5.31572933989e-14
4507.0   5.30412096428e-14
4514.0   5.29251130104e-14
4521.0   5.28078072104e-14
4528.0   5.26916941995e-14
4535.0   5.25755776145e-14
4542.0   5.24582610568e-14
4549.0   5.23421463764e-14
4556.0   5.22260371046e-14
4563.0   5.21099361659e-14
4570.0   5.19938464504e-14
4577.0   5.18765713865e-14
4584.0   5.17605126524e-14
4591.0   5.16444736089e-14
4598.0   5.15284570118e-14
4605.0   5.14136650118e-14
4612.0   5.1297701443e-14
4619.0   5.11817683911e-14
4626.0   5.10658684817e-14
4633.0   5.09500043087e-14
4640.0   5.08341784343e-14
4647.0   5.07195928174e-14
4654.0   5.06038511022e-14
4661.0   5.04881551857e-14
4668.0   5.03725075069e-14
4675.0   5.02581099021e-14
4682.0   5.01425658942e-14
4689.0   5.002707726e-14
4696.0   4.99128457471e-14
4703.0   4.97974747899e-14
4710.0   4.96821660779e-14
4717.0   4.95669218439e-14
4724.0   4.94517442924e-14
4731.0   4.93366355997e-14
4738.0   4.92215979142e-14
4745.0   4.91066333568e-14
4752.0   4.89905445929e-14
4759.0   4.88757325447e-14
4767.0   4.87434166003e-14
4774.0   4.8626378146e-14
4781.0   4.85094232995e-14
4788.0   4.83901551614e-14
4795.0   4.82709745181e-14
4802.0   4.81482849907e-14
4809.0   4.80238876006e-14
4816.0   4.78961050029e-14
4819.0   4.78382343495e-14
4823.0   4.77638595417e-14
4826.0   4.77029116279e-14
4830.0   4.76248741087e-14
4833.0   4.7559890158e-14
4837.0   4.74771114563e-14
4840.0   4.74062930822e-14
4844.0   4.73169750566e-14
4845.0   4.72856250484e-14
4847.0   4.72380440911e-14
4849.0   4.71891521527e-14
4851.0   4.713882933e-14
4852.0   4.71013769557e-14
4854.0   4.70473486247e-14
4855.0   4.70192581696e-14
4856.0   4.69904501947e-14
4857.0   4.69604449338e-14
4858.0   4.69297221628e-14
4859.0   4.6897442287e-14
4860.0   4.68541298307e-14
4861.0   4.68180161034e-14
4862.0   4.67823843135e-14
4863.0   4.67371592711e-14
4864.0   4.67429120922e-14
4865.0   4.67595818882e-14
4866.0   4.67704966156e-14
4867.0   4.67782950207e-14
4868.0   4.67838167078e-14
4869.0   4.67874215101e-14
4871.0   4.67741275156e-14
4872.0   4.67745004908e-14
4873.0   4.67739161425e-14
4874.0   4.67722545328e-14
4875.0   4.67697555519e-14
4878.0   4.67472791775e-14
4880.0   4.67371438488e-14
4882.0   4.67246186905e-14
4885.0   4.66953529643e-14
4887.0   4.66793721932e-14
4889.0   4.66616014362e-14
4892.0   4.66277060094e-14
4894.0   4.66073195611e-14
4896.0   4.65859828544e-14
4901.0   4.65251855168e-14
4906.0   4.64610885924e-14
4910.0   4.64094219768e-14
4915.0   4.63407545409e-14
4920.0   4.62708280877e-14
4924.0   4.62142590631e-14
4929.0   4.61419238045e-14
4938.0   4.60091418613e-14
4948.0   4.58592463419e-14
4957.0   4.57225794466e-14
4966.0   4.55851626921e-14
4976.0   4.54323936482e-14
4985.0   4.52939896021e-14
4989.0   4.52326932414e-14
4994.0   4.51555641017e-14
5000.0   4.5063603026e-14
5010.0   4.49100753329e-14
5020.0   4.47565865218e-14
5040.0   4.44502192434e-14
5060.0   4.41450080429e-14
5080.0   4.38408588483e-14
5100.0   4.35382761247e-14
5120.0   4.32370435376e-14
5140.0   4.29373034702e-14
5160.0   4.26389573417e-14
5180.0   4.2342265352e-14
5200.0   4.20471268555e-14
5220.0   4.17535601622e-14
5240.0   4.14614626805e-14
5260.0   4.11710907174e-14
5280.0   4.08822199061e-14
5300.0   4.05949848324e-14
5320.0   4.03093992905e-14
5340.0   4.00254762506e-14
5360.0   3.97432278847e-14
5380.0   3.94625456475e-14
5400.0   3.91835601293e-14
5420.0   3.89062812503e-14
5440.0   3.86305982835e-14
5460.0   3.83565197621e-14
5480.0   3.80841735015e-14
5500.0   3.78135667339e-14
5520.0   3.75445861294e-14
5540.0   3.7277357644e-14
5560.0   3.70117667677e-14
5580.0   3.67478183718e-14
5600.0   3.64856367274e-14
5620.0   3.62251056948e-14
5640.0   3.5966348512e-14
5660.0   3.57091280978e-14
5680.0   3.5453686668e-14
5700.0   3.52000260945e-14
5720.0   3.49479079207e-14
5740.0   3.4697573034e-14
5760.0   3.44487821379e-14
5780.0   3.42017753089e-14
5800.0   3.39564324106e-14
5820.0   3.3712752879e-14
5840.0   3.34707357927e-14
5860.0   3.32303798856e-14
5880.0   3.29918035024e-14
5900.0   3.27547648396e-14
5920.0   3.25193816141e-14
5940.0   3.22856513034e-14
5960.0   3.20536910425e-14
5980.0   3.18232578634e-14
6000.0   3.15944683625e-14
6020.0   3.13673189399e-14
6040.0   3.11418057516e-14
6060.0   3.0917804777e-14
6080.0   3.06955515989e-14
6100.0   3.04748018135e-14
6120.0   3.02556706385e-14
6140.0   3.00381531506e-14
6160.0   2.98222442369e-14
6180.0   2.96078186597e-14
6200.0   2.93951108359e-14
6220.0   2.91837553022e-14
6240.0   2.89741060932e-14
6260.0   2.87659173778e-14
6280.0   2.85593030085e-14
6300.0   2.83541368143e-14
6320.0   2.81505323783e-14
6340.0   2.79483632731e-14
6360.0   2.77477428377e-14
6380.0   2.75485444127e-14
6400.0   2.73506412314e-14
6420.0   2.71541463112e-14
6440.0   2.6958812745e-14
6460.0   2.67643935348e-14
6480.0   2.65705216537e-14
6490.0   2.64734438545e-14
6500.0   2.63761103377e-14
6510.0   2.62779204678e-14
6515.0   2.62284741254e-14
6520.0   2.61785134901e-14
6525.0   2.61279185026e-14
6530.0   2.60766890462e-14
6535.0   2.60243452327e-14
6538.0   2.59931716383e-14
6540.0   2.59708869449e-14
6542.0   2.59480161113e-14
6545.0   2.59155944087e-14
6548.0   2.58826034907e-14
6550.0   2.58581076778e-14
6552.0   2.58326658587e-14
6554.0   2.58104760235e-14
6555.0   2.57972272064e-14
6556.0   2.57835019975e-14
6558.0   2.57604995971e-14
6559.0   2.57460648636e-14
6560.0   2.57310337917e-14
6561.0   2.57187647785e-14
6562.0   2.57027809124e-14
6563.0   2.56875200757e-14
6564.0   2.56696238692e-14
6565.0   2.56439347518e-14
6566.0   2.56530324146e-14
6567.0   2.56522981372e-14
6568.0   2.56492883145e-14
6569.0   2.56454422593e-14
6570.0   2.56412397416e-14
6571.0   2.56365608179e-14
6572.0   2.56315254299e-14
6573.0   2.56262535194e-14
6574.0   2.56206251427e-14
6576.0   2.56088987011e-14
6578.0   2.55963460972e-14
6580.0   2.55833271518e-14
6582.0   2.55697219146e-14
6584.0   2.55556503206e-14
6586.0   2.55411123622e-14
6590.0   2.55111170928e-14
6594.0   2.54800958735e-14
6598.0   2.54481685856e-14
6602.0   2.54155750532e-14
6606.0   2.53824351576e-14
6610.0   2.53487488372e-14
6614.0   2.53147559157e-14
6622.0   2.52458500226e-14
6630.0   2.51761967541e-14
6638.0   2.51061554422e-14
6646.0   2.5035845532e-14
6654.0   2.49653864676e-14
6670.0   2.48244986471e-14
6686.0   2.46838477986e-14
6702.0   2.45437897244e-14
6718.0   2.44043203843e-14
6734.0   2.42656756102e-14
6750.0   2.41277313936e-14
6766.0   2.39907235434e-14
6782.0   2.38544080869e-14
6798.0   2.37189008708e-14
6814.0   2.35841977906e-14
6830.0   2.34504146775e-14
6846.0   2.33173075277e-14
6862.0   2.3185112103e-14
6878.0   2.30537043323e-14
6894.0   2.29230800833e-14
6910.0   2.27933551633e-14
6926.0   2.26644054918e-14
6942.0   2.25362269295e-14
6958.0   2.24088153362e-14
6974.0   2.22821665716e-14
6990.0   2.21563964388e-14
7006.0   2.20313808565e-14
7022.0   2.19071156879e-14
7038.0   2.1783596799e-14
7054.0   2.16609400015e-14
7070.0   2.15390212252e-14
7086.0   2.1417836347e-14
7102.0   2.12973812488e-14
7118.0   2.11776518175e-14
7134.0   2.1058763889e-14
7150.0   2.094059342e-14
7166.0   2.08231363167e-14
7182.0   2.07063884927e-14
7198.0   2.05904658124e-14
7214.0   2.04752442627e-14
7230.0   2.03607197821e-14
7246.0   2.02468883181e-14
7262.0   2.01337458279e-14
7278.0   2.00214082212e-14
7294.0   1.99096315898e-14
7310.0   1.97986518072e-14
7326.0   1.96883449294e-14
7342.0   1.95788269098e-14
7358.0   1.94698538845e-14
7374.0   1.93616617731e-14
7390.0   1.92541266791e-14
7406.0   1.91472446613e-14
7422.0   1.90410117914e-14
7438.0   1.89354241542e-14
7454.0   1.88305977906e-14
7470.0   1.87262889271e-14
7486.0   1.86227335749e-14
7502.0   1.85198079312e-14
7518.0   1.84175081502e-14
7534.0   1.83159503435e-14
7550.0   1.82148908091e-14
7566.0   1.81145656311e-14
7582.0   1.80148510806e-14
7598.0   1.79157433865e-14
7614.0   1.78172387933e-14
7630.0   1.77193335614e-14
7646.0   1.76220239669e-14
7662.0   1.75254262445e-14
7678.0   1.74294167597e-14
7694.0   1.73338718941e-14
7710.0   1.72390278743e-14
7726.0   1.71447611146e-14
7742.0   1.70511879321e-14
7758.0   1.69580648317e-14
7774.0   1.68656281068e-14
7790.0   1.67736342962e-14
7806.0   1.66823197271e-14
7822.0   1.65915609154e-14
7838.0   1.65013543371e-14
7854.0   1.64116964853e-14
7870.0   1.63225838706e-14
7886.0   1.62341329638e-14
7902.0   1.61461004246e-14
7918.0   1.60587227017e-14
7934.0   1.59718764329e-14
7950.0   1.58855582163e-14
7966.0   1.57997646678e-14
7982.0   1.57144924211e-14
7998.0   1.56297381274e-14
8014.0   1.5545498456e-14
8030.0   1.54618900364e-14
8046.0   1.5378669688e-14
8062.0   1.52960740188e-14
8078.0   1.52139798265e-14
8094.0   1.51323838695e-14
8110.0   1.50512829241e-14
8126.0   1.49706737842e-14
8142.0   1.48905532619e-14
8158.0   1.4810918187e-14
8174.0   1.47318853502e-14
8190.0   1.46532117314e-14
8205.0   1.45799250995e-14
8206.0   1.45751340997e-14
8207.0   1.45702250045e-14
8209.0   1.45604123534e-14
8213.0   1.45410490729e-14
8222.0   1.44974094709e-14
8238.0   1.44202746497e-14
8255.0   1.43387853303e-14
8272.0   1.42578193347e-14
8288.0   1.41821331804e-14
8305.0   1.41022926512e-14
8322.0   1.40229648359e-14
8338.0   1.39485780356e-14
8355.0   1.38702353376e-14
8372.0   1.37925148814e-14
8382.0   1.37469455281e-14
8388.0   1.37196384901e-14
8395.0   1.36879382463e-14
8399.0   1.36697757768e-14
8407.0   1.36337726093e-14
8416.0   1.35933392051e-14
8424.0   1.35574470418e-14
8432.0   1.35217829444e-14
8440.0   1.34861066714e-14
8444.0   1.34682488655e-14
8457.0   1.34107257597e-14
8470.0   1.33534843113e-14
8482.0   1.33008301566e-14
8485.0   1.32877937351e-14
8495.0   1.32441261326e-14
8505.0   1.32007425428e-14
8515.0   1.31574024045e-14
8525.0   1.31143449302e-14
8535.0   1.30713295642e-14
8542.0   1.30413388591e-14
8545.0   1.30285955241e-14
8548.0   1.30157467109e-14
8553.0   1.29944040981e-14
8564.0   1.29477831071e-14
8575.0   1.29012351216e-14
8587.0   1.28507399531e-14
8595.0   1.28172029391e-14
8598.0   1.28045925815e-14
8601.0   1.27919963751e-14
8607.0   1.27669662886e-14
8619.0   1.27170751597e-14
8632.0   1.26632197293e-14
8644.0   1.2613794975e-14
8646.0   1.26055791439e-14
8657.0   1.25605621204e-14
8667.0   1.25196242302e-14
8678.0   1.24749609312e-14
8689.0   1.24304816927e-14
8699.0   1.23901505199e-14
8710.0   1.234602035e-14
8720.0   1.23058851924e-14
8731.0   1.22621010679e-14
8741.0   1.22223990743e-14
8751.0   1.21829652214e-14
8752.0   1.21789579977e-14
8753.0   1.2175072192e-14
8755.0   1.21671850611e-14
8759.0   1.21514284752e-14
8768.0   1.21161221204e-14
8785.0   1.20497025462e-14
8802.0   1.19837035248e-14
8819.0   1.19181221025e-14
8836.0   1.1852955346e-14
8840.0   1.18376678276e-14
8853.0   1.17882003421e-14
8865.0   1.17428148724e-14
8878.0   1.1693925978e-14
8890.0   1.16489616864e-14
8902.0   1.16041980142e-14
8915.0   1.155597925e-14
8927.0   1.15115103979e-14
8939.0   1.14672990805e-14
8952.0   1.14196802674e-14
8964.0   1.1375889389e-14
8977.0   1.13286867803e-14
8989.0   1.12852641491e-14
9001.0   1.12420220698e-14
9010.0   1.12097462789e-14
9014.0   1.11954626244e-14
9017.0   1.11847158032e-14
9025.0   1.11563396204e-14
9039.0   1.11068240254e-14
9054.0   1.10541086778e-14
9068.0   1.10050991726e-14
9083.0   1.09528883887e-14
9098.0   1.09009429632e-14
9112.0   1.08526536695e-14
9127.0   1.08012145917e-14
9141.0   1.07533915885e-14
9156.0   1.07024282428e-14
9170.0   1.06550413938e-14
9185.0   1.06045592276e-14
9200.0   1.05542824587e-14
9214.0   1.05075230401e-14
9226.0   1.04677072772e-14
9229.0   1.04578016292e-14
9232.0   1.04479188696e-14
9237.0   1.04315677297e-14
9248.0   1.03957540755e-14
9259.0   1.03600497537e-14
9270.0   1.03245620521e-14
9282.0   1.02859971354e-14
9293.0   1.02507378059e-14
9304.0   1.02156091137e-14
9315.0   1.01805984163e-14
9326.0   1.01457050684e-14
9337.0   1.0110928428e-14
9348.0   1.00762678559e-14
9359.0   1.004173471e-14
9370.0   1.0007316363e-14
9381.0   9.97303617319e-15
9393.0   9.93581278895e-15
9404.0   9.90177147251e-15
9415.0   9.86786638385e-15
9426.0   9.8340729162e-15
9437.0   9.80039045423e-15
9448.0   9.76680639125e-15
9459.0   9.733332112e-15
9470.0   9.6999670098e-15
9481.0   9.66666250373e-15
9493.0   9.63052004939e-15
9504.0   9.59739482514e-15
9515.0   9.56434034292e-15
9526.0   9.53135601048e-15
9537.0   9.49846522695e-15
9548.0   9.46573937133e-15
9549.0   9.46278157121e-15
9550.0   9.45989679716e-15
9552.0   9.45414242278e-15
9556.0   9.44267036811e-15
9565.0   9.41696803412e-15
9582.0   9.36859709132e-15
9599.0   9.32034854787e-15
9616.0   9.27225627554e-15
9633.0   9.22434216724e-15
9650.0   9.17662813123e-15
9668.0   9.12637342411e-15
9685.0   9.07913043175e-15
9702.0   9.03214121393e-15
9719.0   8.98541574585e-15
9736.0   8.93894002893e-15
9753.0   8.89273606217e-15
9771.0   8.84414104735e-15
9788.0   8.79849106924e-15
9805.0   8.7531068459e-15
9822.0   8.7079744522e-15
9839.0   8.66311596006e-15
9856.0   8.61857744408e-15
9873.0   8.57422507865e-15
9891.0   8.52753350113e-15
9908.0   8.48362340974e-15
9925.0   8.43995374965e-15
9942.0   8.39645072256e-15
9959.0   8.35310051508e-15
9976.0   8.30991331578e-15
9987.0   8.28202890346e-15
9994.0   8.26432485223e-15
10000.0   8.24910044623e-15
10010.0   8.2234330659e-15
10030.0   8.17339273372e-15
10040.0   8.14765172089e-15
10050.0   8.12280101668e-15
10060.0   8.09837249152e-15
10070.0   8.0753733137e-15
10080.0   8.0520039917e-15
10090.0   8.02869597147e-15
10100.0   8.00535295219e-15
10110.0   7.98223846291e-15
10120.0   7.95889637747e-15
10140.0   7.91228369082e-15
10150.0   7.8890363985e-15
10170.0   7.84268221628e-15
10180.0   7.81950268986e-15
10200.0   7.77348493437e-15
10230.0   7.70487479544e-15
10260.0   7.63687894086e-15
10300.0   7.5475101209e-15
10360.0   7.41535901178e-15
10420.0   7.28591295432e-15
10490.0   7.13848548734e-15
10550.0   7.01479178285e-15
10620.0   6.87394545718e-15
10680.0   6.75565343959e-15
10710.0   6.69738501108e-15
10740.0   6.63967605338e-15
10780.0   6.56385671977e-15
10810.0   6.50731788643e-15
10820.0   6.48835921995e-15
10840.0   6.45113537846e-15
10860.0   6.41405489691e-15
10870.0   6.39508652452e-15
10880.0   6.37655205871e-15
10890.0   6.35806743705e-15
10900.0   6.33954845514e-15
10910.0   6.32021524145e-15
10920.0   6.30157883289e-15
10930.0   6.28289534287e-15
10940.0   6.26411655405e-15
10950.0   6.24623775246e-15
10960.0   6.22983442537e-15
10970.0   6.21339505647e-15
10980.0   6.19654758703e-15
10990.0   6.18002343304e-15
11000.0   6.16301874375e-15
11010.0   6.14604904015e-15
11020.0   6.12919805018e-15
11040.0   6.09521559135e-15
11060.0   6.06136938817e-15
11070.0   6.04446083019e-15
11090.0   6.01080360827e-15
11100.0   5.99397053522e-15
11140.0   5.92739492303e-15
11170.0   5.87788213713e-15
11200.0   5.82882984749e-15
11260.0   5.73214362585e-15
11330.0   5.6219111527e-15
11390.0   5.52932327596e-15
11460.0   5.42378884672e-15
11520.0   5.33513346577e-15
11580.0   5.2482234574e-15
11650.0   5.14914236804e-15
11710.0   5.0659014307e-15
11780.0   4.97100090138e-15
11840.0   4.89125309297e-15
11900.0   4.81306264743e-15
11970.0   4.72390034021e-15
12030.0   4.64893879879e-15
12100.0   4.56346076223e-15
12160.0   4.4915985466e-15
12220.0   4.42111912625e-15
12290.0   4.34072221227e-15
12350.0   4.27310830133e-15
12420.0   4.1959711484e-15
12480.0   4.13108852191e-15
12540.0   4.06740012853e-15
12610.0   3.99466030894e-15
12640.0   3.96388186845e-15
12670.0   3.93331576218e-15
12690.0   3.91315873528e-15
12700.0   3.90294688744e-15
12720.0   3.88287965934e-15
12740.0   3.86288716252e-15
12750.0   3.85264878773e-15
12760.0   3.84263266425e-15
12770.0   3.83263477884e-15
12780.0   3.82261903865e-15
12790.0   3.81211755722e-15
12800.0   3.80225768771e-15
12810.0   3.79180391066e-15
12820.0   3.78155973457e-15
12830.0   3.7718488972e-15
12840.0   3.76303111961e-15
12850.0   3.75427868962e-15
12860.0   3.7453995923e-15
12870.0   3.73639372162e-15
12880.0   3.72717701204e-15
12890.0   3.71809719251e-15
12900.0   3.70895025555e-15
12910.0   3.69979606825e-15
12920.0   3.69062253247e-15
12940.0   3.6722649792e-15
12950.0   3.66311673891e-15
12970.0   3.64484483728e-15
13000.0   3.61760486034e-15
13020.0   3.5995276332e-15
13040.0   3.5815364724e-15
13090.0   3.53705888299e-15
13190.0   3.45006808671e-15
13280.0   3.37389772311e-15
13380.0   3.29173619226e-15
13480.0   3.21200635029e-15
13570.0   3.14220207006e-15
13670.0   3.06688896756e-15
13760.0   3.00094759858e-15
13860.0   2.92979408244e-15
13950.0   2.86745997355e-15
14050.0   2.80016931142e-15
14150.0   2.73480646261e-15
14240.0   2.67753462891e-15
14340.0   2.6156603326e-15
14430.0   2.56144350226e-15
14530.0   2.50285359995e-15
14620.0   2.45149224869e-15
14720.0   2.39596185568e-15
14820.0   2.34197152325e-15
14910.0   2.29462392704e-15
14930.0   2.28428528622e-15
15010.0   2.24342521985e-15
15040.0   2.22834805483e-15
15090.0   2.20347784797e-15
15140.0   2.17894581463e-15
15180.0   2.15955279879e-15
15190.0   2.15475848163e-15
15200.0   2.14996526347e-15
15210.0   2.14514911327e-15
15230.0   2.13565175053e-15
15250.0   2.12617010268e-15
15260.0   2.12141857524e-15
15300.0   2.10265998918e-15
15350.0   2.07954971418e-15
15420.0   2.04765882157e-15
15430.0   2.04314334924e-15
15440.0   2.03863999351e-15
15470.0   2.02523822093e-15
15480.0   2.02078294451e-15
15520.0   2.00312867309e-15
15560.0   1.98566275749e-15
15570.0   1.98132542808e-15
15640.0   1.95129845417e-15
15710.0   1.92182667759e-15
15770.0   1.89697551216e-15
15800.0   1.88472716157e-15
15840.0   1.86850267081e-15
15890.0   1.84851207243e-15
15970.0   1.81701223854e-15
16010.0   1.80153236944e-15
16060.0   1.78240315783e-15
16110.0   1.76351011293e-15
16170.0   1.74120621432e-15
16220.0   1.72285771273e-15
16270.0   1.7047573303e-15
16320.0   1.68687505692e-15
16330.0   1.68332306969e-15
16370.0   1.6692241256e-15
16410.0   1.65526466851e-15
16450.0   1.64147292219e-15
16490.0   1.62781956258e-15
16570.0   1.60091877679e-15
16650.0   1.57456088684e-15
16660.0   1.57132345972e-15
16690.0   1.56157543909e-15
16730.0   1.54872684791e-15
16770.0   1.53599914529e-15
16790.0   1.52967789207e-15
16800.0   1.52652858036e-15
16810.0   1.52338837926e-15
16820.0   1.52026925925e-15
16830.0   1.51716040175e-15
16840.0   1.51405818484e-15
16850.0   1.51096258496e-15
16860.0   1.50787477804e-15
16870.0   1.50479354127e-15
16880.0   1.50171885133e-15
16890.0   1.49865188441e-15
16900.0   1.49559141792e-15
16920.0   1.48949229287e-15
16960.0   1.47738423159e-15
17040.0   1.45352619959e-15
17110.0   1.43301333649e-15
17190.0   1.41002967646e-15
17270.0   1.38749666074e-15
17330.0   1.3708874862e-15
17350.0   1.36540615429e-15
17370.0   1.35995288666e-15
17410.0   1.34913351375e-15
17480.0   1.33043913753e-15
17560.0   1.30948463694e-15
17640.0   1.28893436935e-15
17720.0   1.26877903891e-15
17800.0   1.24901079479e-15
17870.0   1.23200325546e-15
17950.0   1.21293378088e-15
18030.0   1.19421828025e-15
18110.0   1.17585578488e-15
18140.0   1.16904303614e-15
18160.0   1.16454114986e-15
18180.0   1.16006172368e-15
18200.0   1.15561423278e-15
18220.0   1.15118896228e-15
18230.0   1.14897217849e-15
18250.0   1.14457821715e-15
18290.0   1.13584995598e-15
18360.0   1.1207548003e-15
18430.0   1.10589739417e-15
18510.0   1.08921824563e-15
18540.0   1.08302061845e-15
18580.0   1.0748363143e-15
18600.0   1.0707671568e-15
18620.0   1.06671198946e-15
18630.0   1.06465783465e-15
18650.0   1.06061026357e-15
18670.0   1.05657042611e-15
18680.0   1.05455262577e-15
18690.0   1.05253342198e-15
18700.0   1.05050800432e-15
18710.0   1.04847995838e-15
18720.0   1.0464480721e-15
18730.0   1.04436435576e-15
18740.0   1.04233794474e-15
18750.0   1.04025368143e-15
18760.0   1.03798321458e-15
18770.0   1.03634813988e-15
18780.0   1.03457601333e-15
18790.0   1.03271240083e-15
18800.0   1.03089042657e-15
18810.0   1.02904890743e-15
18830.0   1.02528679532e-15
18840.0   1.02342015224e-15
18860.0   1.01965685941e-15
18870.0   1.01778417408e-15
18900.0   1.01216223729e-15
18920.0   1.00841872245e-15
18950.0   1.00283146759e-15
19010.0   9.91751383617e-16
19060.0   9.82613647987e-16
19120.0   9.71790543833e-16
19170.0   9.62866542103e-16
19230.0   9.52301890839e-16
19280.0   9.43587369405e-16
19340.0   9.33270925848e-16
19390.0   9.24758258395e-16
19450.0   9.14696834815e-16
19460.0   9.13033220289e-16
19470.0   9.11376917187e-16
19500.0   9.06445779952e-16
19550.0   8.98297359685e-16
19610.0   8.8863900621e-16
19660.0   8.80677567806e-16
19710.0   8.72798131042e-16
19770.0   8.63464527075e-16
19820.0   8.55769824689e-16
19870.0   8.48159464685e-16
19920.0   8.40631141268e-16
19980.0   8.3171628655e-16
20030.0   8.24367270101e-16
20080.0   8.17098060481e-16
20140.0   8.08490887968e-16
20190.0   8.01393621896e-16
20240.0   7.94374095298e-16
20290.0   7.87432518657e-16
20350.0   7.79211058704e-16
20400.0   7.72431086327e-16
20450.0   7.65724797806e-16
20510.0   7.577816997e-16
20560.0   7.51232826961e-16
20610.0   7.44753515137e-16
20670.0   7.37079950317e-16
20720.0   7.30751773513e-16
20770.0   7.24491569182e-16
20820.0   7.18296093945e-16
20880.0   7.10959372735e-16
20930.0   7.04908426904e-16
20980.0   6.98920789063e-16
21040.0   6.91827188667e-16
21090.0   6.85976049599e-16
21140.0   6.80186917292e-16
21190.0   6.74456635032e-16
21250.0   6.67667626346e-16
21300.0   6.62065639386e-16
21350.0   6.56520149829e-16
21410.0   6.4994791531e-16
21460.0   6.44519666165e-16
21510.0   6.39140870188e-16
21540.0   6.35943043504e-16
21570.0   6.32761189803e-16
21580.0   6.31701697639e-16
21590.0   6.30634763292e-16
21600.0   6.29586768883e-16
21620.0   6.27476812523e-16
21630.0   6.26423236052e-16
21640.0   6.25370587068e-16
21650.0   6.24315262067e-16
21660.0   6.23257255843e-16
21670.0   6.22245739751e-16
21680.0   6.21233930925e-16
21700.0   6.19211813298e-16
21720.0   6.17187263562e-16
21730.0   6.16178711651e-16
21760.0   6.13158291306e-16
21800.0   6.09153886436e-16
21830.0   6.06165724986e-16
21860.0   6.03194591645e-16
21920.0   5.97296882057e-16
21990.0   5.90505902852e-16
22050.0   5.8475424478e-16
22120.0   5.78134462841e-16
22180.0   5.72527706276e-16
22240.0   5.66987933804e-16
22310.0   5.60614444847e-16
22370.0   5.55216535723e-16
22440.0   5.49005998469e-16
22500.0   5.43746809335e-16
22560.0   5.38548469759e-16
22630.0   5.32568389617e-16
22690.0   5.27503896543e-16
22760.0   5.21676031883e-16
22820.0   5.16739010327e-16
22880.0   5.11859519343e-16
22950.0   5.0624421733e-16
23010.0   5.01487834207e-16
23080.0   4.96013814109e-16
23140.0   4.91375695207e-16
23200.0   4.86792165095e-16
23270.0   4.81516605814e-16
23330.0   4.77046238625e-16
23400.0   4.71901935331e-16
23460.0   4.67542587087e-16
23520.0   4.63232828849e-16
23590.0   4.58272948252e-16
23650.0   4.54069526403e-16
23720.0   4.49231698899e-16
23780.0   4.45130343525e-16
23840.0   4.41076288386e-16
23910.0   4.36409991487e-16
23970.0   4.32453700399e-16
24040.0   4.27899801408e-16
24100.0   4.24040850632e-16
24160.0   4.2022359375e-16
24230.0   4.15829374187e-16
24290.0   4.12104301221e-16
24360.0   4.07815902218e-16
24420.0   4.04179216544e-16
24480.0   4.00583672284e-16
24550.0   3.96444047996e-16
24610.0   3.9293324834e-16
24680.0   3.88891086106e-16
24740.0   3.8546383845e-16
24800.0   3.82073814599e-16
24870.0   3.78169184428e-16
24930.0   3.74859356102e-16
25000.0   3.7104679087e-16
25060.0   3.67813753551e-16
25120.0   3.64615434295e-16
25190.0   3.60932342286e-16
25250.0   3.57808917912e-16
25320.0   3.54210607691e-16
25380.0   3.51158844185e-16
25440.0   3.48139486768e-16
25510.0   3.4466210745e-16
25570.0   3.41711553452e-16
25640.0   3.38313340171e-16
25700.0   3.3542971068e-16
25760.0   3.32576352208e-16
25830.0   3.29288782307e-16
25890.0   3.26497309532e-16
25960.0   3.23281318525e-16
26020.0   3.20548795373e-16
26050.0   3.19190169029e-16
26080.0   3.17837373277e-16
26120.0   3.16049302932e-16
26150.0   3.14706742928e-16
26170.0   3.13817129623e-16
26180.0   3.13368668716e-16
26190.0   3.12924566282e-16
26200.0   3.12478823597e-16
26210.0   3.12032638513e-16
26220.0   3.11587208883e-16
26230.0   3.11148530274e-16
26240.0   3.10711803409e-16
26250.0   3.10272229012e-16
26260.0   3.09851395228e-16
26270.0   3.09409719377e-16
26280.0   3.0897598618e-16
26300.0   3.08132341555e-16
26320.0   3.07288064457e-16
26330.0   3.06868833388e-16
26350.0   3.06026583142e-16
26360.0   3.05608358627e-16
26380.0   3.04768107797e-16
26400.0   3.03930774006e-16
26430.0   3.02677217858e-16
26460.0   3.01428958111e-16
26490.0   3.00183555781e-16
26520.0   2.98943369887e-16
26590.0   2.96073132305e-16
26650.0   2.93637613014e-16
26720.0   2.90826938785e-16
26780.0   2.88441242578e-16
26840.0   2.86079727176e-16
26910.0   2.83355994831e-16
26970.0   2.81045867289e-16
27040.0   2.78381300195e-16
27100.0   2.76121220954e-16
27160.0   2.73883800359e-16
27230.0   2.71304149402e-16
27290.0   2.69114891597e-16
27360.0   2.66590700373e-16
27420.0   2.64448362802e-16
27480.0   2.62327271952e-16
27550.0   2.598815807e-16
27610.0   2.57806859863e-16
27680.0   2.55413189842e-16
27740.0   2.53382486122e-16
27800.0   2.51371718434e-16
27870.0   2.4905290513e-16
27930.0   2.47084529739e-16
28000.0   2.44815743924e-16
28060.0   2.42888689252e-16
28120.0   2.40980352978e-16
28190.0   2.38780725595e-16
28250.0   2.36913399438e-16
28320.0   2.34758433117e-16
28380.0   2.32929921406e-16
28440.0   2.31118996068e-16
28510.0   2.29030205056e-16
28570.0   2.27257889208e-16
28640.0   2.25212198748e-16
28700.0   2.23476366083e-16
28760.0   2.21755867159e-16
28830.0   2.19772460687e-16
28890.0   2.18088337303e-16
28960.0   2.16144263264e-16
29020.0   2.1449445303e-16
29080.0   2.12860195391e-16
29150.0   2.1097598181e-16
29210.0   2.09374700014e-16
29280.0   2.07527786307e-16
29340.0   2.05959515936e-16
29400.0   2.0440588457e-16
29470.0   2.02613536763e-16
29530.0   2.01091302449e-16
29600.0   1.9933498432e-16
29660.0   1.97843397445e-16
29720.0   1.96365717746e-16
29790.0   1.94660698514e-16
29850.0   1.93212488122e-16
29920.0   1.9154153895e-16
29980.0   1.901220985e-16
