#WAVELENGTH FLUX
950.008 1.8348544856792445e-15
950.024 1.8876637566782547e-15
950.056 1.9928592957546306e-15
950.12 2.196106912068117e-15
950.175 2.3630608777045367e-15
950.184 2.390236171651912e-15
950.193 2.417350658929301e-15
950.211 2.471444801302805e-15
950.247 2.578681329476114e-15
950.319 2.789889332021291e-15
950.333 2.8305240501817304e-15
950.391 2.9975044535007528e-15
950.463 3.202132116846103e-15
950.533 3.398987101506243e-15
950.593 3.571017102202392e-15
950.633 3.684989951902884e-15
950.653 3.7416987810858e-15
950.773 4.0814230025312466e-15
951.013 4.759972564213645e-15
951.203 5.2980587182275875e-15
951.393 5.850949974499075e-15
951.583 6.424700562344139e-15
951.773 7.025787714000455e-15
951.868 7.338598374556293e-15
951.963 7.659948406592822e-15
952.058 7.990419439127303e-15
952.153 8.34777759486879e-15
952.248 8.718856907881106e-15
952.343 9.105005699976997e-15
952.438 9.506990663951939e-15
952.533 9.951936862156363e-15
952.628 1.0413459487352717e-14
952.723 1.0890712533697712e-14
952.818 1.1384224754843405e-14
952.833 1.1463617115699488e-14
952.913 1.1900684884488292e-14
952.993 1.2362842014067111e-14
953.073 1.2838799613964572e-14
953.233 1.3833120856654317e-14
953.313 1.435214544151167e-14
953.393 1.4885578563387528e-14
953.473 1.5483202378622884e-14
953.553 1.610816275766949e-14
953.633 1.6752052517459673e-14
953.713 1.741534753628028e-14
953.873 1.879750958275249e-14
953.953 1.9514420221891492e-14
954.033 2.025496614927736e-14
954.113 2.1028453429186264e-14
954.193 2.1815053799666135e-14
954.353 2.3426245490526044e-14
954.513 2.5077596021259542e-14
954.673 2.6761015460990186e-14
954.833 2.8350977692720077e-14
954.993 2.988938644337459e-14
955.153 3.1413518845423614e-14
955.313 3.2915707970912354e-14
955.473 3.4395160689362716e-14
955.633 3.575617258975272e-14
955.713 3.639041259539289e-14
955.793 3.701830755720841e-14
955.953 3.825664861032161e-14
955.988 3.852446233508756e-14
956.193 4.006921612956673e-14
956.398 4.1566910849013e-14
956.603 4.300062637656059e-14
956.808 4.436533955251498e-14
957.218 4.6943277983109955e-14
957.628 4.929728924205957e-14
958.038 5.143451150366656e-14
958.243 5.2409268861230266e-14
958.448 5.331872514276516e-14
958.653 5.4159707826358905e-14
958.858 5.4931159404707397e-14
959.063 5.563704553020104e-14
959.268 5.627234304314533e-14
959.473 5.6832557537497783e-14
959.669 5.72965388671762e-14
959.678 5.731610275230224e-14
959.687 5.733540226060225e-14
959.705 5.73742656540283e-14
959.741 5.744987742627219e-14
959.813 5.759343404280517e-14
959.914 5.777823344419845e-14
959.957 5.785093707135604e-14
960.0 5.791993942294924e-14
960.086 5.804842656039864e-14
960.258 5.826098552852482e-14
960.602 5.850764910720855e-14
960.752 5.853937432633187e-14
960.946 5.851135038277295e-14
961.14 5.840507089870985e-14
961.334 5.821181143888369e-14
961.528 5.79387101775972e-14
961.722 5.758550273802435e-14
961.916 5.715166036651307e-14
962.015 5.689944487448276e-14
962.11 5.663797619354148e-14
962.304 5.6046565233717775e-14
962.593 5.502342691699102e-14
962.882 5.38012128502655e-14
962.889 5.3769752007968216e-14
963.171 5.24153495282289e-14
963.453 5.091395353321825e-14
963.735 4.923859758668145e-14
964.017 4.7442950184302094e-14
964.299 4.553652889181718e-14
964.581 4.353916197117878e-14
964.863 4.1464332640514296e-14
965.145 3.9324730987473056e-14
965.427 3.7142564665441375e-14
965.895 3.347063492874425e-14
965.991 3.271742535139166e-14
966.087 3.196500890451716e-14
966.279 3.0462555402202396e-14
966.663 2.7510259385952358e-14
966.855 2.606871830435435e-14
967.047 2.46593254448013e-14
967.239 2.3283746381297175e-14
967.431 2.1948008905475407e-14
967.623 2.0655074037787505e-14
967.815 1.940861661611525e-14
968.007 1.8210302214462624e-14
968.199 1.7062325160485645e-14
968.391 1.5966192402092676e-14
968.583 1.4923384449509473e-14
968.647 1.458733506594581e-14
968.775 1.3932685169336306e-14
968.807 1.3772710751907015e-14
968.967 1.2995892323990162e-14
969.127 1.2255214208191282e-14
969.287 1.1549037268189001e-14
969.447 1.0876674124235648e-14
969.607 1.023616838781862e-14
969.767 9.626488989316406e-15
969.854 9.307148221157687e-15
969.927 9.046366919964078e-15
970.0 8.791005343704033e-15
970.146 8.296118363062998e-15
970.292 7.821376896565265e-15
970.438 7.364692367285216e-15
970.573 6.956203733389995e-15
970.584 6.923553195375588e-15
970.73 6.4962938068324085e-15
970.887 6.049629159258805e-15
971.044 5.613222332535071e-15
971.358 4.7534688942933665e-15
971.657 3.928005130387439e-15
971.672 3.885308272983984e-15
971.687 3.842505664850118e-15
971.717 3.756530321025948e-15
971.778 3.583099123151852e-15
971.899 3.2290192400531088e-15
971.953 3.066453929728747e-15
972.02 2.8632803389265482e-15
972.087 2.656246846464347e-15
972.154 2.4451287320400193e-15
972.188 2.334695888040037e-15
972.221 2.222734945985615e-15
972.254 2.1055816430680117e-15
972.287 1.986942542388133e-15
972.32 1.860168566771386e-15
972.336 1.7936725074889277e-15
972.353 1.7245564738605364e-15
972.37 1.6537907288377328e-15
972.387 1.5732324661788675e-15
972.404 1.4859590321389016e-15
972.421 1.394738452086344e-15
972.437 1.3036923607389643e-15
972.452 1.2175821847335198e-15
972.453 1.2104942420277203e-15
972.47 1.1304647330209103e-15
972.487 1.0704115369887443e-15
972.504 1.0428793343262318e-15
972.507 1.040417986075915e-15
972.522 1.0316195253057168e-15
972.537 1.0289969071915232e-15
972.552 1.031794014010895e-15
972.567 1.0407696072545316e-15
972.568 1.0415257249769706e-15
972.578 1.0554345897942817e-15
972.582 1.062472300903136e-15
972.587 1.0710090286155667e-15
972.606 1.1363497611682841e-15
972.612 1.162493985494152e-15
972.624 1.233389275161709e-15
972.637 1.3050935579169106e-15
972.65 1.3777258033314688e-15
972.662 1.4461914699678325e-15
972.675 1.5118283045657008e-15
972.687 1.5756779518196228e-15
972.699 1.6352869947840623e-15
972.712 1.690689802446403e-15
972.724 1.741534753628028e-15
972.735 1.78784564224328e-15
972.736 1.792551549746571e-15
972.761 1.894318121389369e-15
972.787 1.991841444974424e-15
972.813 2.0855286608138193e-15
972.865 2.268173391074976e-15
972.916 2.441675970692099e-15
972.949 2.5468265657080502e-15
972.968 2.60720494523623e-15
972.987 2.6672977977923e-15
973.025 2.7865053086481378e-15
973.101 3.0211661794302216e-15
973.118 3.0728518489186144e-15
973.176 3.2517027717262756e-15
973.252 3.4776920826146546e-15
973.387 3.870185918535207e-15
973.522 4.254087507609862e-15
973.656 4.631829116638075e-15
973.665 4.654829900502474e-15
973.904 5.323333142795825e-15
973.926 5.384589253386416e-15
974.045 5.721484642793367e-15
974.187 6.124844366263653e-15
974.329 6.537219339501479e-15
974.47 6.9608832032106834e-15
974.611 7.397977409682089e-15
974.753 7.850141095237067e-15
974.894 8.319409961436028e-15
975.036 8.808084086665416e-15
975.177 9.317829044929202e-15
975.245 9.568669777464174e-15
975.295 9.758545213917184e-15
975.319 9.850706975470401e-15
975.393 1.0139221405714305e-14
975.418 1.0238151214013826e-14
975.541 1.0736395780345411e-14
975.664 1.1254680110089888e-14
975.787 1.1793585832264516e-14
975.91 1.2354461268682036e-14
976.033 1.2937279981659847e-14
976.156 1.3543548919106304e-14
976.279 1.417424627527771e-14
976.402 1.483056174589119e-14
976.525 1.5511860826564274e-14
976.648 1.621869870863162e-14
976.771 1.695234440085817e-14
976.894 1.771245421337008e-14
977.017 1.8499953465058443e-14
977.14 1.9315080095066693e-14
977.263 2.015730534974277e-14
977.386 2.1027501672612562e-14
977.509 2.1926065628915118e-14
977.632 2.285289146792002e-14
977.755 2.380816425340549e-14
978.001 2.580473804356581e-14
978.247 2.791422717612251e-14
978.493 3.013446376110216e-14
978.739 3.246626736666546e-14
978.979 3.484380816313153e-14
978.983 3.488425781751374e-14
978.985 3.490461483311787e-14
978.987 3.492497184872199e-14
978.995 3.5006135534312463e-14
979.011 3.5168727282319427e-14
979.043 3.5495497039289523e-14
979.107 3.6154324089750264e-14
979.235 3.7492070829449837e-14
979.491 4.0250578632221657e-14
979.494 4.0283625735475107e-14
979.747 4.311510154223053e-14
980.0 4.604545428192028e-14
980.253 4.9066488272937487e-14
980.506 5.2175295370195856e-14
980.759 5.5367909921304965e-14
981.012 5.863560749100591e-14
981.265 6.197680181834252e-14
981.544 6.573253900889039e-14
981.771 6.884240361345286e-14
981.998 7.199324662604962e-14
982.452 7.835758995901166e-14
982.906 8.483032779064501e-14
983.36 9.137656237991402e-14
983.921 9.951831111425952e-14
984.268 1.0456288533169186e-13
984.615 1.0960190763577762e-13
985.231 1.1837842512941534e-13
985.309 1.1948061211712434e-13
985.387 1.2058068409022512e-13
985.543 1.227639079195609e-13
985.855 1.270949290835448e-13
986.479 1.3560839163528507e-13
987.103 1.4389924889951013e-13
987.727 1.5192361432309937e-13
988.351 1.5966271715140486e-13
988.897 1.6618780159459166e-13
988.975 1.6709990164438683e-13
989.042 1.678769051360819e-13
989.053 1.680072429113135e-13
989.209 1.6979416587843396e-13
989.521 1.7330403262077616e-13
990.0 1.7852256678973465e-13
990.479 1.834539877256272e-13
990.958 1.8816994154830723e-13
991.916 1.9694275776638056e-13
992.875 2.0482012967469847e-13
993.572 2.0998790349305968e-13
993.833 2.1179994225865274e-13
994.094 2.135429786726526e-13
994.616 2.1652673553119993e-13
995.138 2.1922628730176758e-13
995.661 2.2164004772339944e-13
996.183 2.237627292595749e-13
996.268 2.2407971707398199e-13
996.705 2.2559274564933785e-13
997.227 2.2712613124029784e-13
997.246 2.2717530532993897e-13
997.716 2.2828991802847125e-13
998.187 2.2915707401784175e-13
998.256 2.292480196459952e-13
998.658 2.2966864317620514e-13
999.128 2.299250886974519e-13
999.93 2.297310361071476e-13
999.987 2.296876783076791e-13
1000.0 2.29677367611464e-13
1000.07 2.296165609414777e-13
1000.21 2.294748549627269e-13
1000.49 2.2911900375489376e-13
1000.993 2.2823624953278765e-13
1001.496 2.269667120142032e-13
1001.999 2.2537542789834318e-13
1002.502 2.234557877645569e-13
1003.005 2.2120329720680186e-13
1003.508 2.1861240431173154e-13
1004.011 2.1567887905012945e-13
1004.514 2.1239584762451892e-13
1004.538 2.1223061210825167e-13
1005.017 2.0876410316537797e-13
1005.496 2.0497822701666296e-13
1005.975 2.007719917145641e-13
1006.454 1.9626145868570748e-13
1006.933 1.914437197850068e-13
1007.412 1.8632538443311278e-13
1007.891 1.8091676332624044e-13
1008.37 1.7522287962408437e-13
1008.656 1.7169159835883392e-13
1008.849 1.6925827405207603e-13
1009.328 1.6304964866964424e-13
1010.0 1.539490051872967e-13
1010.672 1.4434631011232277e-13
1011.162 1.3715420293706837e-13
1011.344 1.344506855141103e-13
1012.016 1.2435069762937846e-13
1012.87 1.1136979547142407e-13
1013.086 1.0808385590072722e-13
1013.832 9.683990948977407e-14
1014.578 8.584368416480874e-14
1014.951 8.048423714757755e-14
1015.324 7.524851848492726e-14
1015.697 7.01452526121168e-14
1016.07 6.51903021387078e-14
1016.443 6.039926529743593e-14
1016.816 5.579408536486143e-14
1017.189 5.1381371761635015e-14
1017.562 4.716958454618957e-14
1017.748 4.514102116007991e-14
1017.935 4.317088505252235e-14
1018.121 4.1256268078430585e-14
1018.308 3.93961127305005e-14
1018.494 3.7589625878254016e-14
1018.681 3.583680752169113e-14
1018.838 3.440520700875176e-14
1018.867 3.414030142907212e-14
1019.054 3.249878571626685e-14
1019.27 3.0668240572851855e-14
1019.486 2.891119218707253e-14
1019.702 2.7229226819885036e-14
1019.836 2.6222083301132954e-14
1019.918 2.5619621389981294e-14
1020.0 2.5032070331817592e-14
1020.164 2.388808536791363e-14
1020.328 2.278388911632682e-14
1020.492 2.1721437965569766e-14
1020.656 2.0698035272016986e-14
1020.82 1.9715214421259442e-14
1020.984 1.877191790599302e-14
1021.148 1.7865290456496624e-14
1021.312 1.699596657715272e-14
1021.476 1.6161989879448705e-14
1021.64 1.5366136320057868e-14
1021.804 1.4603462052333494e-14
1021.968 1.387388776322777e-14
1022.132 1.3176831823723442e-14
1022.296 1.2511818355533655e-14
1022.45 1.1912026650324874e-14
1022.46 1.1873929949694299e-14
1022.47 1.1835938999794136e-14
1022.49 1.176027435218504e-14
1022.53 1.1610055439636168e-14
1022.61 1.1313768330707054e-14
1022.77 1.0739515426892537e-14
1022.93 1.0186888547447078e-14
1023.09 9.656469321387934e-15
1023.25 9.146618612393737e-15
1023.41 8.652921327469827e-15
1023.57 8.174346396994694e-15
1023.673 7.872428061671191e-15
1023.73 7.706954606260527e-15
1023.732 7.701191191453126e-15
1023.787 7.543226037901644e-15
1023.901 7.218994298461415e-15
1023.946 7.0917497320943375e-15
1024.07 6.7441999565984746e-15
1024.177 6.446723151952237e-15
1024.408 5.802701203749041e-15
1024.47 5.628265373936041e-15
1024.639 5.149954820286935e-15
1024.67 5.060912705280845e-15
1024.77 4.770521199572145e-15
1024.87 4.473784650038785e-15
1024.97 4.16972486242446e-15
1025.07 3.857019952599033e-15
1025.17 3.534136534971544e-15
1025.265 3.216725717642826e-15
1025.27 3.1997262877292524e-15
1025.275 3.182700420133076e-15
1025.285 3.1485693718929147e-15
1025.305 3.0799107101735512e-15
1025.345 2.940716311270028e-15
1025.38 2.8130223042987043e-15
1025.385 2.7944101757463626e-15
1025.425 2.6408468963482403e-15
1025.447 2.5522833033972594e-15
1025.47 2.460518107083085e-15
1025.481 2.413850309752696e-15
1025.493 2.365278999274908e-15
1025.504 2.3072456421935928e-15
1025.505 2.300805422711561e-15
1025.515 2.249828283116922e-15
1025.521 2.2182431837114065e-15
1025.538 2.134115833901169e-15
1025.554 2.0494808805849583e-15
1025.57 1.9432516281188147e-15
1025.585 1.835853830081629e-15
1025.586 1.8266958168280335e-15
1025.602 1.7068749517358115e-15
1025.62 1.583471780650916e-15
1025.638 1.4639258674577629e-15
1025.64 1.4476904865714087e-15
1025.655 1.38952494107708e-15
1025.67 1.3566761204431526e-15
1025.685 1.345455967946542e-15
1025.7 1.3414268651178814e-15
1025.71 1.3406628160906618e-15
1025.715 1.3404962586902644e-15
1025.718 1.3404433833250589e-15
1025.72 1.3404328082520178e-15
1025.722 1.340435452020278e-15
1025.73 1.3406205157984974e-15
1025.734 1.3408187984180181e-15
1025.746 1.3419767689160189e-15
1025.758 1.3454295302639392e-15
1025.77 1.352271602521533e-15
1025.782 1.3734402549815618e-15
1025.794 1.4051919117874745e-15
1025.806 1.4618161403860627e-15
1025.812 1.5026570724708038e-15
1025.816 1.5304800896419468e-15
1025.818 1.5443228602527511e-15
1025.82 1.5580863178157472e-15
1025.828 1.6114216986985522e-15
1025.844 1.7272319673399355e-15
1025.85 1.77164991788083e-15
1025.86 1.845458640171211e-15
1025.87 1.9188179218573453e-15
1025.88 1.985686752464502e-15
1025.89 2.0509243780550688e-15
1025.9 2.104241252560052e-15
1025.91 2.155673120295458e-15
1025.93 2.25891491462749e-15
1025.95 2.3620668208386727e-15
1025.965 2.4281663148820894e-15
1025.97 2.4490309339921865e-15
1025.975 2.4699193470166257e-15
1025.985 2.511537546969888e-15
1026.005 2.591709819462753e-15
1026.045 2.749254613860851e-15
1026.08 2.880808522492177e-15
1026.085 2.8994735264097247e-15
1026.125 3.0412852558909208e-15
1026.17 3.1973997716602097e-15
1026.26 3.5025435042612476e-15
1026.35 3.79843404795132e-15
1026.44 4.086128910034537e-15
1026.49 4.2425606779950595e-15
1026.53 4.366341907941174e-15
1026.57 4.4891185059483845e-15
1026.65 4.730943988715816e-15
1026.81 5.203253188414096e-15
1026.97 5.664458561419217e-15
1027.21 6.349326729243675e-15
1027.29 6.576770112675205e-15
1027.37 6.8041341830589285e-15
1027.53 7.26362110669487e-15
1027.69 7.730166891585748e-15
1027.85 8.207525688661156e-15
1028.01 8.696384877668761e-15
1028.17 9.200234232712132e-15
1028.33 9.720686452430035e-15
1028.49 1.0261442812386856e-14
1028.65 1.0825385019986297e-14
1028.81 1.1411164753415615e-14
1028.97 1.2021452218617691e-14
1029.13 1.2657384235944443e-14
1029.29 1.3319648185143542e-14
1029.45 1.40121832809228e-14
1029.61 1.4736760848016602e-14
1029.77 1.5493142947281522e-14
1029.86 1.593256366982197e-14
1029.93 1.6281488204813173e-14
1030.0 1.663720722423329e-14
1030.14 1.7370667852681617e-14
1030.28 1.8129878783985032e-14
1030.42 1.8916664218243122e-14
1030.56 1.973091840472548e-14
1030.7 2.057224477819306e-14
1030.84 2.144487336786231e-14
1030.98 2.2346345469251167e-14
1031.12 2.327671395772484e-14
1031.26 2.423812028557415e-14
1031.4 2.5228581626603895e-14
1031.54 2.6250001493961467e-14
1031.68 2.7309332998171395e-14
1031.82 2.839882989823107e-14
1032.03 3.009189909211172e-14
1032.1 3.067220622524227e-14
1032.17 3.126018028632762e-14
1032.31 3.245886481553669e-14
1032.59 3.4952995792280916e-14
1032.87 3.75721770077362e-14
1033.15 4.031587970825047e-14
1033.43 4.3181724502389486e-14
1033.71 4.6171826404761463e-14
1033.99 4.929147295188696e-14
1034.27 5.2527709679290625e-14
1034.29 5.2763269431281205e-14
1034.55 5.587974345649437e-14
1034.56 5.600162117329308e-14
1034.83 5.934255112380367e-14
1035.1 6.278896742789926e-14
1035.37 6.633320315762507e-14
1035.64 6.99689132691564e-14
1035.91 7.369081022597273e-14
1036.45 8.137545142811654e-14
1036.99 8.93617465887578e-14
1037.53 9.759206155982254e-14
1037.57 9.821017457907503e-14
1038.07 1.0602303854184221e-13
1038.57 1.139836891503588e-13
1039.14 1.231834739424667e-13
1039.57 1.3016830968611548e-13
1040.0 1.371690080393259e-13
1040.86 1.5112916196088648e-13
1042.083 1.7062695288042084e-13
1042.58 1.7835468750520714e-13
1043.077 1.8594547493411115e-13
1044.071 2.006398033015503e-13
1045.065 2.145753701782903e-13
1045.963 2.2646915482761928e-13
1046.058 2.276942770394311e-13
1046.154 2.289117323232881e-13
1046.345 2.3132126271570354e-13
1046.727 2.360438259590343e-13
1047.492 2.451048129174777e-13
1048.042 2.5130392073417247e-13
1048.257 2.536462994127769e-13
1049.021 2.616807111557552e-13
1050.0 2.7125326727256197e-13
1050.588 2.766227606091822e-13
1050.979 2.8004379673797913e-13
1051.37 2.833458632950637e-13
1052.152 2.8960895030365714e-13
1052.935 2.954331717810448e-13
1053.717 3.0085025294635006e-13
1054.499 3.058760564091344e-13
1054.878 3.0817349102731415e-13
1055.281 3.105290885472199e-13
1055.685 3.127947979462763e-13
1056.492 3.1705655238184097e-13
1058.107 3.245965794601477e-13
1059.445 3.2995285395546657e-13
1059.722 3.30973348503933e-13
1060.0 3.3196211783327617e-13
1060.555 3.3385769967589397e-13
1061.666 3.373157485603348e-13
1062.773 3.4036665713269313e-13
1063.886 3.43068588294695e-13
1065.0 3.4544004842416244e-13
1067.227 3.49307881388946e-13
1068.908 3.5156565948322157e-13
1069.454 3.5218958879264667e-13
1070.0 3.527659302733868e-13
1071.092 3.5378113728533273e-13
1073.067 3.5519819707284057e-13
1073.276 3.553198104128133e-13
1073.485 3.554361362162654e-13
1073.903 3.5565292521360806e-13
1074.74 3.560283403065672e-13
1075.858 3.5641697424082776e-13
1076.163 3.5650157482515656e-13
1076.414 3.5656502526340323e-13
1076.97 3.566839948351156e-13
1078.082 3.5684526469899244e-13
1080.0 3.5689549629593767e-13
1082.674 3.5655180642210185e-13
1083.837 3.5627421075477287e-13
1084.652 3.5603627161134803e-13
1085.0 3.5592523334441647e-13
1087.326 3.5504750228200487e-13
1090.0 3.537732059805519e-13
1095.0 3.507963229194813e-13
1096.154 3.500190550509602e-13
1100.0 3.472351670728897e-13
1103.846 3.4420540864661363e-13
1105.384 3.429363998816812e-13
1107.692 3.409800113690771e-13
1110.0 3.389628161864866e-13
1114.232 3.351346397456072e-13
1114.608 3.347883061035111e-13
1114.616 3.3478037479873023e-13
1115.0 3.34423466083593e-13
1115.768 3.337096486533185e-13
1117.304 3.322635074149476e-13
1119.304 3.303547067310285e-13
1120.0 3.296858333611787e-13
1120.696 3.2901167245480836e-13
1122.088 3.2765277556902656e-13
1124.396 3.253738473286688e-13
1124.872 3.248979690418191e-13
1125.348 3.244220907549695e-13
1126.3 3.234650466447496e-13
1126.408 3.2335400837781804e-13
1128.204 3.215271645099674e-13
1130.0 3.196791704960346e-13
1132.184 3.1739759848741656e-13
1133.592 3.1590915695688125e-13
1135.0 3.1440220904852404e-13
1135.632 3.1372276060563314e-13
1137.816 3.113407254031246e-13
1140.0 3.0891638990845166e-13
1143.736 3.0464934793636643e-13
1144.368 3.039117365917495e-13
1145.0 3.0316883771061197e-13
1146.264 3.01664533570515e-13
1147.584 3.000703413095687e-13
1148.792 2.9858454354729367e-13
1149.832 2.972890970997585e-13
1150.0 2.970775956389364e-13
1152.416 2.9397645546963284e-13
1155.0 2.905210503534523e-13
1155.579 2.8972527610710927e-13
1160.0 2.8332735691724173e-13
1164.421 2.7621297652883944e-13
1168.453 2.688633007652726e-13
1168.462 2.688447943874507e-13
1168.842 2.680992517380529e-13
1169.231 2.6732462763779204e-13
1170.0 2.6576216059596903e-13
1171.538 2.624947274030941e-13
1174.228 2.56263894367276e-13
1174.614 2.553094940253164e-13
1174.632 2.5526454996489174e-13
1175.0 2.5433764481283905e-13
1175.772 2.523413353995047e-13
1177.316 2.4812055937197434e-13
1178.658 2.441742064898606e-13
1180.0 2.3994179788198497e-13
1180.368 2.387264576127362e-13
1181.342 2.353873783000078e-13
1181.526 2.347354250470238e-13
1182.684 2.304699693358947e-13
1183.842 2.2590365279674628e-13
1185.0 2.210137390225401e-13
1186.158 2.157637440112843e-13
1187.316 2.1011718376098716e-13
1188.474 2.0403704551600478e-13
1189.264 1.996343782321674e-13
1189.632 1.9750931730455769e-13
1189.979 1.9545801751140964e-13
1190.0 1.9533243851904656e-13
1190.021 1.9520685952668345e-13
1190.063 1.9495464403465315e-13
1190.147 1.9444862678963634e-13
1190.315 1.9342813224116987e-13
1190.651 1.913543604178095e-13
1191.323 1.8707013395203248e-13
1192.667 1.7793432835182326e-13
1193.012 1.754655775503777e-13
1194.011 1.680204617526149e-13
1195.01 1.6012643410425724e-13
1196.009 1.5179195466373764e-13
1197.008 1.4306963441943557e-13
1198.007 1.3393779447161678e-13
1198.012 1.3389099977340989e-13
1199.006 1.2445116082326896e-13
1200.0 1.1473134681436482e-13
1200.994 1.0478390435825092e-13
1201.155 1.0315983751596347e-13
1201.988 9.474287250572326e-14
1202.821 8.632670062596114e-14
1202.953 8.499847145199855e-14
1203.654 7.803452147760595e-14
1203.72 7.738547636970823e-14
1204.487 6.993242926716459e-14
1205.254 6.269379177052933e-14
1206.016 5.578218840769019e-14
1206.021 5.5738037477743584e-14
1206.026 5.569362217097095e-14
1206.036 5.5605320311077736e-14
1206.056 5.5428452214465284e-14
1206.096 5.507524477489243e-14
1206.176 5.4371738040833027e-14
1206.336 5.297609277623341e-14
1206.656 5.024587329384654e-14
1206.976 4.759232309100768e-14
1207.296 4.50114765153264e-14
1207.616 4.2505184204584894e-14
1207.936 4.0085343115954414e-14
1208.256 3.7750631365304815e-14
1208.576 3.549866956120185e-14
1208.896 3.3332101471905797e-14
1209.211 3.1289261737190654e-14
1209.216 3.125780089489337e-14
1209.221 3.122607567577006e-14
1209.231 3.116262523752344e-14
1209.251 3.1036253114682256e-14
1209.291 3.0784566376303995e-14
1209.371 3.0285422928763917e-14
1209.531 2.930299864324541e-14
1209.702 2.827853844238852e-14
1209.851 2.7406888046975574e-14
1210.0 2.656141095733936e-14
1210.298 2.493102550890985e-14
1210.596 2.3375485139928746e-14
1210.894 2.189590023306537e-14
1211.192 2.0489521269329032e-14
1211.49 1.9155634431289455e-14
1211.788 1.7894715597233496e-14
1212.086 1.6697908143489222e-14
1212.347 1.569980631218728e-14
1212.384 1.5561722295953075e-14
1212.421 1.5424246346418732e-14
1212.495 1.5151330148910456e-14
1212.643 1.461512107036131e-14
1212.939 1.3574348819338517e-14
1213.235 1.2573550344411096e-14
1213.531 1.1596096343221911e-14
1213.633 1.126237347572729e-14
1213.827 1.0628503597643555e-14
1214.021 9.9915933860605e-15
1214.215 9.345244921788263e-15
1214.409 8.680495830424503e-15
1214.506 8.33915891034029e-15
1214.603 7.989520557918809e-15
1214.7 7.629783010743075e-15
1214.773 7.351552839031644e-15
1214.797 7.25843932090473e-15
1214.821 7.16461198534754e-15
1214.869 6.974392859020693e-15
1214.965 6.582454214434799e-15
1215.061 6.1741242066351945e-15
1215.093 6.033792987379753e-15
1215.157 5.746388939805166e-15
1215.221 5.441826836221388e-15
1215.253 5.285077816069633e-15
1215.285 5.125870091435822e-15
1215.317 4.9579379315431e-15
1215.349 4.7752535447580396e-15
1215.381 4.58022276019749e-15
1215.405 4.4290785287575205e-15
1215.413 4.36745229061049e-15
1215.421 4.304609919063734e-15
1215.437 4.173346824941038e-15
1215.453 3.981224185466792e-15
1215.469 3.786695716875696e-15
1215.481 3.645174801903129e-15
1215.501 3.4167267865326936e-15
1215.521 3.163427349515665e-15
1215.541 2.9210731130961783e-15
1215.551 2.835732273654474e-15
1215.561 2.7796315111714205e-15
1215.571 2.740741680062763e-15
1215.581 2.7171592671811025e-15
1215.591 2.7075095130310957e-15
1215.601 2.706346254996574e-15
1215.609 2.706108315853149e-15
1215.612 2.7060818781705464e-15
1215.621 2.706108315853149e-15
1215.64 2.7062405042661632e-15
1215.671 2.706478443409588e-15
1215.696 2.7066635071878074e-15
1215.721 2.7068485709660265e-15
1215.734 2.7070600724268488e-15
1215.746 2.7078532029049312e-15
1215.758 2.7148591887946622e-15
1215.766 2.728474595335083e-15
1215.771 2.742275065653723e-15
1215.776 2.759089431789077e-15
1215.786 2.8057783792655487e-15
1215.796 2.869572507386005e-15
1215.801 2.922315684178508e-15
1215.806 2.9800291453003298e-15
1215.811 3.0407565022388657e-15
1215.816 3.103122995498773e-15
1215.821 3.165938929362927e-15
1215.841 3.4205602505100937e-15
1215.861 3.65035658769327e-15
1215.881 3.8871324730835745e-15
1215.901 4.13934796511389e-15
1215.916 4.269527114249873e-15
1215.921 4.309765267171272e-15
1215.926 4.349263164979793e-15
1215.936 4.4269370764666966e-15
1215.956 4.5556621530595276e-15
1215.976 4.679496258370848e-15
1216.016 4.9146858828049876e-15
1216.056 5.1297299930958245e-15
1216.071 5.205024513148481e-15
1216.096 5.3297839373508975e-15
1216.121 5.452586973040711e-15
1216.171 5.6945446442211564e-15
1216.221 5.922939784226386e-15
1216.271 6.145968074663257e-15
1216.371 6.576188483657945e-15
1216.421 6.784570297932887e-15
1216.471 6.988563456895771e-15
1216.521 7.188564525785639e-15
1216.621 7.577912277476462e-15
1216.721 7.954807880661386e-15
1216.821 8.32075828324877e-15
1217.021 9.028045605920367e-15
1217.121 9.372211358043076e-15
1217.221 9.711776953392906e-15
1217.321 1.0047218270256704e-14
1217.521 1.0712443239907313e-14
1217.921 1.2039985034122225e-14
1218.321 1.3394810516783185e-14
1218.521 1.40955677318519e-14
1218.721 1.481477844937734e-14
1218.921 1.5554901373841563e-14
1219.121 1.6317046887913886e-14
1219.321 1.710301275401129e-14
1219.442 1.7593299577879447e-14
1219.521 1.791919689132365e-14
1219.721 1.876271759244726e-14
1220.0 1.9990747949345392e-14
1220.279 2.1284978263480828e-14
1220.558 2.2640173873698225e-14
1220.837 2.4059322238131696e-14
1221.116 2.5544379745293845e-14
1221.395 2.709307275448083e-14
1221.674 2.8718990234550475e-14
1221.785 2.938574858979204e-14
1221.953 3.041576070399551e-14
1222.121 3.146850922523735e-14
1222.457 3.3645652387574514e-14
1222.793 3.591929309141174e-14
1223.129 3.8280706901490124e-14
1223.465 4.0726985672723364e-14
1223.801 4.326262381115392e-14
1224.137 4.588127627295715e-14
1224.297 4.715425069027997e-14
1224.473 4.85739542460481e-14
1224.809 5.133457706342814e-14
1225.321 5.569150715636273e-14
1225.833 6.017771751722481e-14
1226.345 6.476914985484587e-14
1226.857 6.94504703133163e-14
1227.369 7.419418370272926e-14
1228.265 8.258603291449685e-14
1228.393 8.379740753135524e-14
1228.521 8.500931090186568e-14
1228.578 8.554863962696196e-14
1228.777 8.743126700510439e-14
1229.231 9.171681535501153e-14
1229.289 9.226248912393246e-14
1230.0 9.891024441439608e-14
1230.769 1.0598866955445863e-13
1231.538 1.1289498538077722e-13
1232.307 1.1957525902084222e-13
1233.076 1.260165360101783e-13
1233.845 1.3219105678205252e-13
1234.614 1.380737055379923e-13
1235.377 1.436094918981839e-13
1235.381 1.4363778021856885e-13
1235.383 1.436517921903483e-13
1235.385 1.436660685389538e-13
1235.393 1.4372238080289767e-13
1235.409 1.4383500533078541e-13
1235.441 1.440599900097349e-13
1235.505 1.445094306139818e-13
1235.633 1.4540540367738926e-13
1235.889 1.4717170525207956e-13
1236.401 1.5060199456978748e-13
1237.425 1.5705701915407698e-13
1238.449 1.6297853130344283e-13
1238.946 1.6566724362414335e-13
1239.473 1.6839376183096583e-13
1240.0 1.7099232165399095e-13
1240.787 1.7464257249095382e-13
1241.054 1.7582063562773274e-13
1241.321 1.7696908855999657e-13
1241.855 1.7917875007193511e-13
1242.923 1.8327262522297227e-13
1243.991 1.86969670758142e-13
1244.457 1.8846260669471977e-13
1245.059 1.9028839305526628e-13
1245.661 1.9200552054031543e-13
1246.865 1.951344202763519e-13
1248.069 1.9789900874612234e-13
1248.546 1.9889941065581072e-13
1249.273 2.0032889615414187e-13
1250.0 2.016489296464976e-13
1251.454 2.03991308325102e-13
1252.908 2.0597836454952532e-13
1253.724 2.0695391503756712e-13
1254.362 2.0765292736558406e-13
1255.0 2.0829985745887355e-13
1256.276 2.0944831039113738e-13
1257.656 2.1049392073807646e-13
1258.828 2.112397277643003e-13
1260.0 2.1187026649437607e-13
1261.227 2.1241620464012303e-13
1262.344 2.1282228744490141e-13
1263.461 2.1314958595552356e-13
1264.469 2.13383823823384e-13
1265.695 2.1359744029881428e-13
1266.921 2.1373993940804316e-13
1268.746 2.1383537944223911e-13
1269.373 2.1383908071780349e-13
1270.0 2.1382903439841446e-13
1271.254 2.1377060711986236e-13
1272.524 2.1366353450532118e-13
1273.762 2.1351733412052792e-13
1274.952 2.1334125915439354e-13
1275.0 2.1333332784961274e-13
1277.476 2.1286485211389185e-13
1280.0 2.1227106176263389e-13
1285.0 2.10824920524263e-13
1287.692 2.0993211998276786e-13
1288.462 2.0966483501165397e-13
1290.0 2.091167818512988e-13
1292.308 2.0826363783370777e-13
1295.0 2.0722807380615771e-13
1296.154 2.067728169117382e-13
1300.0 2.0521537302960973e-13
1305.0 2.0311860042238495e-13
1310.0 2.009684236963026e-13
1315.0 1.9878837238887914e-13
1320.0 1.965903434572858e-13
1325.0 1.9438464759773766e-13
1330.0 1.9218080237597173e-13
1335.0 1.8998515283581264e-13
1340.0 1.878024577601289e-13
1345.0 1.8563800468544105e-13
1346.154 1.8514124062933522e-13
1350.0 1.8349364424953133e-13
1350.769 1.8316581698525712e-13
1353.846 1.8185900233420276e-13
1355.0 1.8137122709018187e-13
1356.923 1.8056091211840732e-13
1360.0 1.7927207509152285e-13
1365.0 1.771975101376844e-13
1370.0 1.751485897359706e-13
1375.0 1.7312584264003357e-13
1380.0 1.7112530319748283e-13
1385.0 1.6915120143753487e-13
1390.0 1.6720380173701568e-13
1395.0 1.6528283971909925e-13
1400.0 1.633885797606116e-13
1405.0 1.6152022873107467e-13
1407.308 1.6066708471348365e-13
1410.0 1.5967884413779253e-13
1410.77 1.5939781157172522e-13
1412.692 1.5869959237418636e-13
1415.0 1.5786654099537344e-13
1415.385 1.5772800753853498e-13
1420.0 1.5608014678190506e-13
1425.0 1.543199258742134e-13
1430.0 1.5258455638816834e-13
1435.0 1.5087456707742192e-13
1440.0 1.4918916481149606e-13
1445.0 1.475286139672168e-13
1450.0 1.45891592660454e-13
1455.0 1.4427783651438164e-13
1460.0 1.4268708115217365e-13
1465.0 1.411195909506561e-13
1466.539 1.4064186202602426e-13
1470.0 1.3957510153300296e-13
1473.461 1.3851891611302276e-13
1473.846 1.3840206155591856e-13
1475.0 1.380525553919101e-13
1476.923 1.3747251263560557e-13
1480.0 1.3655115939689946e-13
1485.0 1.350717066784491e-13
1490.0 1.33614197236559e-13
1495.0 1.321773091870991e-13
1500.0 1.307607781532433e-13
1505.0 1.2936513288864368e-13
1510.0 1.279890515091701e-13
1515.0 1.2663253401482255e-13
1520.0 1.25295051651949e-13
1525.0 1.2397660442054945e-13
1525.769 1.2377567803276849e-13
1530.0 1.2267666356697182e-13
1534.231 1.215906035656505e-13
1536.922 1.2090639633989111e-13
1538.461 1.2051749802880454e-13
1540.0 1.2013018597867412e-13
1541.156 1.198404289773479e-13
1543.078 1.193605850381078e-13
1545.0 1.18883120490302e-13
1547.688 1.1822006341062482e-13
1548.844 1.1793638707629721e-13
1549.624 1.177455070079053e-13
1550.0 1.1765350387244771e-13
1552.312 1.1709090998666102e-13
1555.0 1.164410717482852e-13
1560.0 1.1524529536416244e-13
1565.0 1.1406591034325338e-13
1570.0 1.1290238793190598e-13
1575.0 1.1175472813012024e-13
1580.0 1.1062240218424409e-13
1585.0 1.0950541009427755e-13
1590.0 1.0840348748339458e-13
1595.0 1.0731663435159518e-13
