SDSS J011009.09+132616.1 2584756467429594880 2013MNRAS.429..256P                                                  17.53809991606224   13.43775048801838    DA+M  25167 7.54    7.984495           4.   3.600593712387981 0.09920616773928724   46.44324067449904    -30.95230253715389    16.73215484619141 0.00284455835665227    16.62645721435547 0.01629586391007476   16.69924926757812 0.00961144556165037   129.9028028217815   -49.1805324430299   0.998812735080719  275.763125947209   7.813406344333998    1 6380204458712760565 15.7282515 0.02926 16.0920238 0.01654
SDSS J013851.54-001621.6 2509786614982022016 2012MNRAS.426.1950P                                                  24.71564156689206   -0.2725921347921145  WD+M                1.746529272        5.  20.08564839416233  0.3340254094780792   332.8042868951672      35.35074067707071    16.39191246032715 0.007820861073752712   18.3470458984375  0.03171117614500452   15.02665233612061 0.015175159185759525  147.861322226024    -60.82807649138896  1.17720103263855    49.7404959092691  0.8467337573296021   1 2914077586039512549                    23.1203079        
SDSS J015225.38-005808.5 2506120327818999936 2011A&A...536A..43N                                                  28.10600359218765   -0.9690076954656962  DA+M   8773 8.19    2.1519468          6.   8.895812336623846 0.2019549127410507    54.31727775743404     12.51057672664252    17.30611991882324 0.0022932477779801985  17.86623382568359 0.017267795926720418  16.42966079711914 0.008361252814071397  154.6866090442102   -60.02597964929267  1.105886697769165  112.143199542085   2.618411940021005    1 6380380370909532099 22.8143349         19.1574078 0.05807
SDSS J022503.02+005456.2 2501315732588500224 2011A&A...536A..43N                                                  36.26261804573178    0.9153686115438896  WD+M               21.86               4.4  4.313824928810947 0.2987755428543213    -6.108882812896939   -55.58715142415478    19.01158714294434 0.004352259836875478   20.53978157043457 0.0944354482744551    17.81362915039062 0.015068547699007161  165.4829675347988   -54.03564519507409  1.038051962852478  231.716939662467  17.683130227127975    1 6454610580594499553                    24.4159851        
SDSS J023804.39-000545.7 2498742463062264192 2011A&A...536A..43N                                                  39.51830925872901   -0.09603141583125888 DA+M  20566 7.72    5.0801             3.   4.01687056349077  0.2129252700667297    -2.152508916767605    -0.02961233620197221 18.20993995666504 0.0024439315364950614  19.0322437286377  0.045218878786540705  17.18048477172852 0.018417364602425202  170.7892350546551   -52.76308102033689  1.101957201957703  248.043891864397  14.177811988798993    1 6380908156889860585                    20.1698322        
SDSS J030308.35+005444.1     155649614856576 2013MNRAS.429..256P                                                  45.78481022875351    0.9119092943019285  PREP                3.226505           4.5  8.137268052214841 0.1621371147555813    -7.992085124595153   -68.1558462486062     17.37767601013184 0.002518006951999363   18.39026260375977 0.023258624976011267  16.26533889770508 0.008002959557289809  176.7941349591207   -47.70469339845858  1.003397941589355  122.534120057916   2.502496907093004    1 3785383376449440094 22.3212166         20.3780842 0.10935
SDSS J030607.18-003114.4 3266296412128039424 2011MNRAS.413.1121R                                                  46.53001028591367   -0.5205643557842643  DA+M  19193 7.9                        4.   6.908807898368342 0.06537992935391715   11.16703015193993     21.96256133342189    15.63704299926758 0.0014350600513710963  16.21035385131836 0.010635865557173977  14.77321624755859 0.0037136419230014654 179.1139448458731   -48.14152721351577  1.205149054527283  144.15792205698    1.3818447324659928   1 6377284140797003741 16.0199413 0.03028 16.2180939 0.01996
SDSS J032038.72-063822.9 5169658173472195072 2011A&A...536A..43N                                                  50.16126180517285   -6.639820761485012   DA+M  11173 8.3     3.3751             5.   3.597671718205472 0.3588428074851537   -22.46155364750787    -28.49830941188862    18.8481273651123  0.003575621181201338   19.31866264343262 0.03778960221867334   18.05466461181641 0.027342875204791797  189.7818724270487   -49.10590838962303  1.071998953819275  278.997876630318  32.42859296808001     1 6377284223475122982 21.8023968 0.18695 20.04251   0.09587
SDSS J074730.57+430403.6  925792948115904256 2011MNRAS.413.1121R                                                 116.8773392480655    43.06761984956042    DA+M  16336 8.41                       4.   3.523962013953872 0.1631287323572272    -9.029670504902597   -12.2848064834945     17.88762664794922 0.001838474435082918   18.69561386108398 0.025633247543537786  16.91195487976074 0.008991147195917228  176.2979201387081    27.96050292973844  1.062563180923462  282.262210540373  13.729427051916957    1 6373836069111071369 19.4106922 0.07855 19.3049755 0.05225
SDSS J075919.41+321948.4  881086019353249280 2007AJ....134..741S                                                 119.8309934753052    32.32999752490714    DA+M  14065 7.42                       4.  10.96156108670008  0.06316168089668672   13.56300839587721    -32.42243662880806    15.58788585662842 0.0008044527368717451  15.90947341918945 0.0037288608579113766 14.96954154968262 0.003965492041948178  188.7152813392479    27.60482603364321  1.274253726005554   90.9925380782378  0.5299073669990975   1 6374047213998311688 17.1593075 0.0499  16.60735   0.02455
SDSS J082022.02+431411.0  916277400827964544 2011MNRAS.413.1121R                                                 125.0918552507561    43.23622130796735    DA+M  20568 7.79                       5.   7.964247979968775 0.06864055094789145   11.59902195778561    -47.47506543922843    15.80790901184082 0.0010627535631134882  15.91050624847412 0.006788721039569916  15.41268157958984 0.002671891010179316  177.2672827667536    33.89544351123805  1.120103120803833  125.121092163622   1.0919843828960012   1 6373871268515546063 15.2613316 0.01361 15.5234747 0.01069
SDSS J084307.27+122610.1  602243853298434176 2010A&A...513L...7S                                                 130.7802929306272    12.4360903889527     DA+M  10073 8.55                       6.   4.119641227210243 0.2895564558726351   -10.52457958349734    -15.81995552658825    18.56122398376465 0.0017806017050641856  19.18301391601562 0.028200630661963266  17.56626319885254 0.008268359556749053  214.0503624591165    30.34170763518429  1.126877188682556  242.724320199987  18.836814000650975    1 6377811947178428611                    20.3667564 0.18978
SDSS J084841.17+232051.7  689473234627550080 2010A&A...513L...7S                                                 132.1714832594751    23.34764873470304    WD+M                                   3.   3.551177828246275 0.1267819270954519   -23.17947103473608    -14.53736622888797    17.08207321166992 0.001557309353269807   18.39489364624023 0.02208061934359792   15.90205383300781 0.005017864538145152  202.4748753011495    35.50265887857267  1.042115092277527  279.763079876001  10.36436245015102     1 3719447863152877185                    21.7299271 0.35781
SDSS J085253.22+272620.9  692776579874699008 2010A&A...513L...7S                                                 133.221769454308     27.43903181731064    DA+M  14065 8.32                       3.   5.670485560976832 0.1049335084179711    -5.113784134955741   -29.85796718901766    16.24779891967773 0.0006602011345515037  17.26082420349121 0.0063491089965482805 15.18526744842529 0.0021579914951502565 197.9063879686957    37.54394313712901  1.205404162406921  175.545574804634   3.3189924045320254   1 3718920097573640603 19.4971466 0.1359  18.6019516 0.07005
SDSS J091809.57+175216.2  632169192552095360 2011MNRAS.413.1121R                                                 139.5399690336751    17.87111643289702    DA+M  12250 7.52                       7.   3.720871648035244 0.303487742809654     14.45034862740139    -16.95643610910139    18.54798126220703 0.0023390706633569427  18.64466285705566 0.021720067941496706  18.24846839904785 0.020320117651643727  211.890390208077     40.2343325488693   1.030797839164734  268.946577620324  24.533907868993026    1 6377741526896740408 19.3219223 0.09882 19.1044769 0.06358
SDSS J092452.39+002449.0 3840862774616739328 2011A&A...536A..43N                                                 141.2184099266059     0.4135736621211432  DA+M  19193 7.81   57.7                4.   3.645520145272332 0.1586819141077494    12.29037420004773     -8.198614842342234   17.92851257324219 0.001899049633297031   18.13862991333008 0.01562989532978119   17.45395469665527 0.014719042192276485  232.3588339067983    33.75143107616168  0.9853178262710571 272.826480595045  12.440246205121014    1 6378374847741823724 17.7361069 0.03206 17.9109917 0.04271
SDSS J100609.18+004417.0 3834915417437497088 2011A&A...536A..43N                                                 151.5380180381896     0.7381384366997483  DA+M   7819 8.42    6.7313             9.  12.43738847153336  0.1486775068809487   -48.39750978463491     14.1123953680544     17.50857353210449 0.0017096423390389236  17.85513114929199 0.016119634652003827  16.83687973022461 0.0171021608353548    239.555509448642     42.3932077563631   0.9365625381469727  80.236206098079   0.9759735174238102   1 6382702599594836366                    19.65411   0.04118
SDSS J104012.99+252559.9  724616061496025984 2010A&A...513L...7S                                                 160.0539812633059    25.43330038292428    DA+M  10073 8.11                       7.   5.01000780270514  0.1928284511351344   -49.10352289268169     -5.588629722320207   17.94744682312012 0.0022815561954111197  18.23924827575684 0.009428296190004844  17.42402839660645 0.011146965998604517  208.7125701714529    60.61921334963738  0.9341652393341064 198.873644884576   7.991979652896987    1 6387874658270578670 21.6091232 0.30113 19.1688728 0.06345
SDSS J105133.35+663401.0 1059664849644881152 2007AJ....134..741S                                                 162.8890299785873    66.56686010153737    DA+M  19416 7.64                       5.   4.521434548088504 0.07307845808312524    5.664751986631146   -20.59776289747666    17.12503242492676 0.0016049050696278733  17.23061370849609 0.009102448642605511  16.73511123657227 0.007463926918803008  139.6958691416222    46.46713148118846  1.062153935432434  219.839182618784   3.6161815344649995   1 3152205416338826689 16.5995121 0.02978 16.8746243 0.01937
SDSS J105421.97+512254.2  836369328128006144 2010A&A...513L...7S                                                 163.5914628787523    51.38169312239175    DA+M  23863 8.15                       2.5  4.420902553768815 0.06812534984536708  -16.82792161952058     -9.53054130227471    15.80611801147461 0.0006090475321371149  16.57593536376953 0.004786850907134331  14.86326217651367 0.0019953299943682723 157.2441881057291    57.22762077950575  1.081164598464966  224.796160893532   3.5220948332549824   1 6374152801474315062 16.5602722 0.04017 16.8502235 0.02972
SDSS J111715.70+110737.7 3963435334447992576 2011MNRAS.413.1121R                                                 169.3154102347971    11.12711445629719    DA+M  15071 7.84                       7.   3.78185710390315  0.2540507874326648    -7.919977299039677    -9.638051365023761   18.31296348571777 0.0037770288686632485  18.44883346557617 0.03198506179368355   18.10154342651367 0.01849759147893531   244.2430568773701    62.69288182882391  1.15361762046814   263.973285033162  19.467206929088945    1 6379078542699791111 18.51567   0.09317 18.4757    0.06287
SDSS J112909.50+663704.3 1057463111970047488 2011MNRAS.413.1121R                                                 172.2893927101922    66.61785535161196    DA+M  15964 7.67                       4.   3.529485174626365 0.1028682371532513   -17.61644514583486     -4.389468085567779   17.38734817504883 0.0016410957188331737  17.71061706542969 0.01114370049521228   16.74234580993652 0.00811506936657803   135.0853595203629    48.52293321986852  0.9912307262420654 281.313631386192   8.44527809093097     0                                                          
SDSS J113655.17+040952.6 3800979880104156032 2010A&A...513L...7S                                                 174.2295521322164     4.164389160171069   DA+M  11699 7.99                       6.   7.648637514543041 0.1110683002915002   -84.56917441398599    -60.21736431432358    16.9002799987793  0.0013792520096914164  17.13900756835938 0.011017735213863082  16.35691070556641 0.008236638828179654  261.9164989132099    60.95519969991992  0.867127537727356  130.29420051273    1.9275759526830143   1 2947995320934473947                    17.740118         
SDSS J114312.57+000926.5 3795834474923972096 2011A&A...536A..43N                                                 175.8022986635307     0.1573497108627487  DA+M  16719 7.813   9.273              4.   3.594524141132352 0.1812546191623778   -21.05414284588492    -12.09459844408844    17.84090805053711 0.0019424024362473006  18.17539024353027 0.013683569328058864  17.17953491210938 0.008182144320865807  268.8467358400683    58.43958800040324  1.031855940818787  276.911524782739  15.001813258606035    1 6379113768946765676 18.0074711 0.07948                   
SDSS J115156.94-000725.4 3795157381919461504 2007MNRAS.382.1377R                                                 177.9875359632556    -0.123865348495222   DA+M  10428 7.995   3.399              6.   4.709772650534359 0.1952356399291735    57.80483781956649    -28.23454889234114    17.93976402282715 0.0011139928786694162  18.16503524780273 0.012820699857737115  17.40615272521973 0.006288220311122117  272.8247447542129    59.22546318000003  1.071365237236023  211.570775889415   9.188050744842002    1 3196361803310301225 21.4391747 0.39215 19.0825977 0.0524 
SDSS J115236.99+002141.8 3795245828182343296 2007AJ....134..741S                                                 178.1540625861877     0.3616602604926119  DA+M  10367 7.97                      -1.   6.707402710900417 0.1060035488606558   -10.61415861362067      5.794148081777496   17.22041893005371 0.0007869023676296055  17.3482551574707  0.006052030452968003  16.91536521911621 0.00807006199489187   272.6903314864764    59.73419368489195  1.021257400512695  148.508204826752   2.393072748446002    1 6379113791496390012 19.9426517 0.1809  18.32598   0.0581 
SDSS J121010.13+334722.9 4028597414327329664 2013MNRAS.429..256P                                                 182.5409509931089    33.78882624651834    WD+M                2.987754336        5.  21.69338134193562  0.0792227404822244  -335.7967185369681    -280.6728473838238     15.52436256408691 0.0018086563499629946  16.74411964416504 0.009001764000353636  14.35790634155273 0.008505960809434802  173.5694890348871    78.8986854209757   1.305505752563477   46.0366205231954  0.16977692973519964  1 6374856424489487854                    20.8910732 0.16372
SDSS J121258.25-012310.2 3697668912861183872 2007AJ....134..741S                                                 183.2426456655228    -1.386091451176403   DA+M  17304 7.52    8.060894           4.   4.802372235875518 0.113974227069535    -16.89300471525695     17.16649953914954    16.66296005249023 0.0019394920288325873  16.8403205871582  0.005883340197165864  16.21035003662109 0.004177102522574002  283.4071266473463    60.0193600494808   1.16216516494751   207.160441278123   5.0473930531490225   1 6382597007825962660 16.82217   0.03454 16.8697681 0.02304
SDSS J121928.05+161158.7 3945572123083449984 2007AJ....134..741S                                                 184.8665674307671    16.19925084671939    DA+M   7131 8.61                       6.  13.45833849631263  0.09783168321110244  -96.19609162382271   -118.8723880962947     16.91766357421875 0.0010869098491565663  17.78284454345703 0.012137532940442657  15.88147258758545 0.004942376929272275  267.1604907264853    76.79529820713255  1.096058368682861   74.1507716574683  0.5458898518511006   1 6378902662713183087                    20.335041  0.18709
SDSS J122339.61-005631.1 3695073893620867584 2010A&A...513L...7S                                                 185.9145620485789    -0.941878796272426   DA+M  11908 7.64    2.161872           5.5  4.016054213794168 0.1563866136293761  -109.7520653209053      29.03051884778716    17.83741569519043 0.001972025711997521   17.97005271911621 0.01184267887917013   17.46056365966797 0.010924442139997891  288.423773920239     61.14492781323149  1.076642274856567  247.765193896196  10.065084899704033    1 6382597041111961016 18.8198452 0.07526 18.5005589 0.04255
SDSS J122630.86+303852.5 4012093916593061120 2013MNRAS.429..256P                                                 186.6284744762171    30.64796666838733    DA+M  30071 7.41                       3.   3.416950083551676 0.0731115202875636   -32.68226879110051      1.754199135306942   16.06707763671875 0.0032837284856833283  16.01810455322266 0.007687796304133532  15.90456199645996 0.015945377320995616  178.6266900519       83.50941099343788  1.142064452171326  290.365024135478   6.34448194418502     1 6457636436596228097 14.8407383 0.01773 15.1950588 0.01033
SDSS J123139.80-031000.3 3681534232558058368 2011A&A...536A..43N                                                 187.9158078344868    -3.166972784220792   DA+M  20331 7.35    5.8493             4.   3.793495901983496 0.1613799950284882    -8.713681772871489   -45.06631179482218    17.66472053527832 0.0022957272860812577  18.57135963439941 0.018705547232514053  16.59346771240234 0.007263002759594445  293.220177126043     59.33138751953787  1.058367609977722  262.299111144813  11.685273661500958    1 2414705792984811487 23.225811  0.36412 20.1147346 0.07258
SDSS J124525.34+343346.9 1515333976075216640 2010A&A...513L...7S                                                 191.3556692339301    34.56298643753008    WD+M                                   4.   3.395054621287014 0.1703497540858322    19.05635116478561    -11.28065646132511    17.8870906829834  0.001681210174893622   19.13802909851074 0.028605113159089913  16.72134971618652 0.005916533693363661  132.4045121388596    82.45431425888957  1.022056102752686  292.975841204534  15.774401558034015    1 3057137242952703791                    22.0126877 0.42849
SDSS J124935.08+375132.8 1520611490154087936 2010A&A...513L...7S                                                 192.3962337872917    37.8591349252053     DA+M   8875 8.46                       4.   4.022578726814403 0.1976332692738258     3.464093758558732    -0.5505145345034943  18.01144599914551 0.0017659877354684358  19.08673858642578 0.024038296671535318  16.85757064819336 0.009089662789444302  124.8952936314008    79.26205019168309  1.055213093757629  247.638249205242  13.065322133199004    0                                                          
SDSS J134208.94+044852.7 3714154470515963520 2011MNRAS.413.1121R                                                 205.5372498438595     4.814689992423487   DA+M  14065 7.53                       4.   4.244285737329189 0.1494342767749944   -13.13225998631487     13.15252101051508    17.86007881164551 0.0019038905206111146  18.25131034851074 0.02167489138129433   17.14953804016113 0.006277812682889826  333.6130889845497    64.6217876093015   0.9840707778930664 234.472480022243   8.58077846942001     1 6378691561851457820 19.1811314 0.08428 18.9097576 0.05259
SDSS J143443.24+533521.2 1606753179605063936 2011A&A...536A..43N                                                 218.6794275422391    53.5893197753905     DA+M  21785 7.74  104.5622             4.   6.828504345233612 0.04721738987681009 -132.538012591533       23.50862302061584    16.00105285644531 0.0008486176512614926  16.00461769104004 0.005521205280000335  15.7857666015625  0.0034268007892820805  94.25252104764726   57.40492705326956  1.210999250411987  145.837147558149   1.0187503921919756   1 3212300323864455421                    15.562561         
SDSS J143547.87+373338.5 1486587588165368576 2013MNRAS.429..256P                                                 218.9493794473664    37.56061727690071    DA+M  12392 7.59    3.015144           5.   5.459253789365209 0.07300781964072656  -17.28298648284699    -30.78194147670236    17.03917503356934 0.0011043393532873835  17.22892570495605 0.00853604239854648   16.61000061035156 0.005779936827808758   64.9396148981928    65.72494480452528  1.007681846618652  182.260289757786   2.47630880000699     0                                                          
SDSS J143809.13+330905.0 1287480463466590848 2011MNRAS.413.1121R                                                 219.5379362072857    33.15130510977729    DA+M  21785 7.82                       4.   4.01994362830391  0.07707138345209114  -30.86921248740891    -28.44019922825255    17.1153678894043  0.0007645340550843614  17.26993751525879 0.005250470459135215  16.6263599395752  0.005302012574868143   54.10121907117099   66.22761201835604  1.009113907814026  247.115640102597   4.833767096098001    1 6379254455970302889 16.4517727 0.03127 16.83799   0.01525
SDSS J144921.19+352430.9 1293077557469962112 2011MNRAS.413.1121R                                                 222.338409447372     35.40852437515777    DA+M  12976 7.83                       6.   4.477817708016548 0.1371141908701827    26.62063584579228    -23.57414158327465    18.21100234985352 0.0017155412224918885  18.36485862731934 0.012829858854978284  17.77970123291016 0.01345027362761925    58.52754736796753   63.5940661535113   1.004060626029968  222.209509062291   7.036832696106984    1 3062590820628567181 19.3228683 0.06402 18.840271  0.02986
SDSS J145331.70+405844.2 1489086739439384576 2011MNRAS.413.1121R                                                 223.3820767076166    40.97888208831587    DA+M  17505 7.77                       6.   5.302650419082656 0.07499625963179171   -3.303725413788245   -17.04750101785536    17.16667366027832 0.0010422843646426317  17.14003753662109 0.007654808319220523  17.09362030029297 0.007770544553158262   69.7565134995046    61.3802030761041   1.020477414131165  187.618856851692   2.6976125572830085   1 6374786064337342307 16.7437134 0.03667 17.05097   0.02493
SDSS J151921.72+353625.8 1291066348840336128 2011A&A...536A..43N                                                 229.8404191780823    35.60725621349251    DA+M  19416 7.9    32.81               6.   5.805423941995917 0.06888679540848472  -27.84184792881346     20.44466821403365    16.80024337768555 0.0010351580939619521  16.80416488647461 0.0077453766893336795 16.5936450958252  0.004469235709730401   57.34838108028329   57.51270769090424  1.070318102836609  171.436843096992   2.064128524197997    1 6374926824374277348 16.1597385 0.02523 16.4709663 0.01772
SDSS J152359.22+460448.9 1395677046202567296 2011A&A...536A..43N                                                 230.996584186828     46.08027808995497    DA+M   8378 8.28    9.9317             7.   9.209698150277342 0.09194862521570353  -38.43345681773869      8.49977165437916    17.45244407653809 0.0014392849934943888  17.87757110595703 0.012840807631801362  16.64822959899902 0.007945123220018844   75.41548231739928   54.48963968463529  1.135805368423462  108.259466973465   1.0966187113740062   1 6374961988343169481                    19.3940945 0.07675
SDSS J152425.21+504009.7 1595543929141360000 2011A&A...536A..43N                                                 231.1051479495442    50.66925843889078    DA+M  20098 8.14   14.151167           4.   4.429402965892301 0.07072284441845474   12.60488690854514    -33.30131745602257    16.92131614685059 0.0013471835701520311  17.3057975769043  0.00979047878185655   16.19599151611328 0.004346346400995899   82.55862152078784   52.72183666006282  1.089770555496216  224.381719530288   3.645113571362998    0                                                          
SDSS J152933.25+002031.2 4417363143698091136 2011MNRAS.413.1121R                                                 232.3884523727384     0.3419926836660996  DA+M  13986 7.54    3.962              5.   3.348017288961766 0.1754179802023544   -29.00742969945541     -2.621137588197604   18.04208755493164 0.0024354021836876317  18.31365013122559 0.017170122020798952  17.5325984954834  0.014825913859331907    4.375275577642855  43.56363798854087  1.012864232063293  297.496648363676  16.812124671761012    1 6382772968341113831 18.6807327 0.07323 18.7947235 0.05147
SDSS J154843.79+372749.7 1376105769292093184 2012MNRAS.419..806R                                                 237.1824465745938    37.46386100790733    DA+M   8977 8.37                       7.   6.280926399714916 0.128597097167966    -17.08413827889006      8.989855467472527   18.15826988220215 0.0016882243827737397  18.54544639587402 0.018475353443973656  17.40830421447754 0.009881873093661349   59.9187245197737    51.51181744865354  0.9881469011306763 158.593569790651   3.3268301196359857   1 6374926806118565655                    19.8145962 0.11722
SDSS J160821.47+085149.9 4451708691493927808 2011A&A...536A..43N                                                 242.0894997573806     8.86387395208396    DA+M   9844 8.6     9.936              6.   5.590341229657464 0.1790152240585126    -0.2350687408354484    0.9834514279355072  18.3553638458252  0.0015936028837966552  18.71672439575195 0.013234322614907616  17.67060852050781 0.009405646089189512   21.07692989148405   40.12849006407644  1.061246275901794  178.287376164929   5.9248995833400215   1 3717160878969198706 22.51578           19.7637863 0.08809
SDSS J161113.13+464044.2 1386934206479083904 2011A&A...536A..43N                                                 242.8048155548413    46.67906684861721    DA+M  10307 8.04    1.97678            5.   5.74500217901014  0.1008744155371117     9.900351537555274    26.40349391516764    17.5506591796875  0.001796964766691814   17.75371551513672 0.01076826941516493   17.00475120544434 0.015747310568220665   73.28303938916059   46.44180583604322  1.273367881774902  173.278348454567   3.10585122352299     0                                                          
SDSS J161145.88+010327.8 4411458392598114432 2011A&A...536A..43N                                                 242.9412574272203     1.057608587677835   DA+M  10189 7.81    7.2922             6.   4.06766614778612  0.1636608037899895    13.23094739694969    -29.94762475154159    18.2116584777832  0.0017858086366057458  18.66588401794434 0.014498695624362633  17.42587280273438 0.010950954110514293   13.12868328719244   35.40967269239348  0.9254396557807922 244.80683752228   10.303276873941002    1 6382808177409262965 21.736536  0.36868 19.8104019 0.09296
SDSS J161931.74+005730.9 4408582856156349696 2010A&A...513L...7S                                                 244.882084393142      0.9585420680691363  DA+M   9081 7.87                       8.   4.981586438544054 0.239271977565207    -44.33240633450988    -11.38068054311158    18.46609306335449 0.0015747590005989087  18.69178199768066 0.023304965985804272  17.94391250610352 0.015535244233608095   14.30433281612123   33.72491406397768  1.005720615386963  200.424471535113  10.361877629985997    1 6382913643550347787                    19.9022961 0.12138
SDSS J200537.68+775415.9 2291355809647561600 2010A&A...513L...7S                                                 301.4072517283741    77.9045280936243     DA+M                                   5.   3.486435270192323 0.2290886410623313    11.56743192218465     32.99773510201945    18.79720497131348 0.003917541725517049   19.77585983276367 0.0711147996948209    17.62520980834961 0.011737174521302048  110.492931998184     22.73934782877491  1.168677568435669  286.312704723701  20.635924889688965    0                                                          
SDSS J211205.31+101427.9 1744641455375760256 2011A&A...536A..43N                                                 318.022122984361     10.24097854696706    DA+M  19868 8.73    2.2152             6.   4.592265544269335 0.2524375783174477    -3.659925825540828   -33.3871732676886     18.14859199523926 0.003016803742032007   18.45297813415527 0.012266786211311189  17.50338935852051 0.013606204414726769   60.31146194107743  -25.04370169037142  0.9772592186927795 217.507228291803  12.973102691846009    0                                                          
SDSS J212051.92-005827.3 2686185285515993984 2011A&A...536A..43N                                                 320.2165596516431    -0.974309997924388   DA+M  16336 8.04   10.7754             4.   4.364204851124154 0.1462704907784084    49.3238356861492     -14.72724226385447    17.37178611755371 0.0018379711750975852  17.7879467010498  0.019975580943346186  16.67147064208984 0.005619730650933884   51.1453653403322   -33.20957120633015  0.9682236909866333 228.05530893188    7.932335165015985    1 2937510377852773385 17.883152  0.04878 17.7956638 0.03247
SDSS J221616.59+010205.6 2679389410302604544 2011A&A...536A..43N                                                 334.0692035066019     1.034778060039635   DA+M  12536 7.62    5.0487             5.   3.773892387194399 0.2660683012957374    17.84838354354996    -32.4893457068352     17.81154632568359 0.003074106017382074   17.9833927154541  0.013493544021319817  17.44659614562988 0.019854607293737992   63.59928655707112  -43.26300173972469  1.042586207389832  264.947621924552  20.64125867586        1 6449790321618322941            0.04015 18.38484   0.0269 
SDSS J224038.37-093541.4 2608898409880983808 2011A&A...536A..43N                                                 340.1601357615338    -9.594985715960316   DA+M  13300 7.615   6.2541             5.   4.841782042839232 0.1229535615519388    54.55347037065321    -34.24257593064276    17.28718757629395 0.0014683170969793543  17.57940101623535 0.014617752210415495  16.70462989807129 0.010705763237368372   56.28628228115523  -54.53473052090069  0.9337855577468872 205.517565591877   5.368481625760012    1 6376474918492570169 18.3037319 0.05151 18.1050911 0.02637
SDSS J234312.95+154106.4 2771402315752426240 2010A&A...513L...7S                                                 355.8038830610489    15.68510015942704    DA+M  26801 7.92                       4.   4.865382217844951 0.1488661429897421   -22.36588515908571     -5.442698985904998   17.25296592712402 0.0010292649127517956  18.35150909423828 0.011347477855372308  16.11980628967285 0.003660414469942644   99.7780804898388   -44.09801580525708  1.070257544517517  204.60133362556    6.476660858191025    1 2472302610294520064 23.14627   0.32279            0.04312
SDSS J234638.76+434041.7 1925542316791165952 2010MNRAS.402..620R                                                 356.6613470852209    43.6780985227896     WD+M                                   3.   4.213264349842181 0.1168880900702428   -39.33542673309852    -51.29865100600516    17.6347827911377  0.0011976797636280231  18.89260864257812 0.015046272425912187  16.50629043579102 0.0041889717398405565 110.7087872861859   -17.65051803727742  0.9802502989768982 236.01035396682    6.746766571088017    1 6372217596582824215                    21.4752312        
SDSS J130733.49+215636.7 3943463122342099456 2013MNRAS.429..256P                                                 196.8895727061941    21.94344550425669    DC+M                5.1917311728       4.   9.42807679566463  0.0843999492538457     4.045067546674622   -38.0396249299135     16.76144981384277 0.001345878103531494   18.05620956420898 0.009999616577912202  15.58795356750488 0.004013965051277077  339.0543736928407    83.65120332946509  1.066010594367981  105.75582579686    0.9595694242760118   1 6378621173777826458                    21.0481186 0.22417
SDSS J135931.90+054420.6 3672474909579800320 2012MNRAS.419..806R                                                 209.8829477131104     5.73892066194815    DA+M  15782 7.6                        4.   7.405528164858461 0.08653520116558948   12.04135132220769    -45.84022356609557    15.80859565734863 0.0014758320693986017  16.08809471130371 0.006252852752597448  15.24205017089844 0.004772090989301029  343.1219017554232    63.16678693217108  1.31283164024353   134.540078178499   1.5966894340010072   1 2933112331341662312 16.2082748 0.01471 16.265089  0.00829
SDSS J145238.12+204511.8 1238124314206289536 2012MNRAS.419..806R                                                 223.1584626722416    20.75316293069686    DC+M                                   4.   7.795222127644052 0.2157670629938558  -118.0627129544034     -46.90060580580366    17.9073657989502  0.005276222617566894   19.04776763916016 0.033009120837443215  16.74139213562012 0.02918589198728973    26.54696946995596   61.65875132042111  1.057250499725342  127.982948939353   3.662943441991004    1 6378515605631272682 20.9719543 0.44129 20.5017643 0.20478
SDSS J153924.25+013537.3 4423688874610759808 2012MNRAS.419..806R                                                 234.8509629715709     1.593576866199092   DA+M   8673 8.02                       6.   4.778317629290187 0.367491824716559    -24.73452844258205    -25.74702241376621    19.07109260559082 0.0029404715209032572  19.61170387268066 0.03892662912949149   18.27053833007812 0.014342641602209473    7.778874196159309  42.36905385006219  1.03363049030304   210.249342603589  18.13050428344198     1 2950141567631891037                    21.2666473 0.27324
SDSS J162552.91+640024.9 1629033335337458048 2010A&A...513L...7S                                                 246.4703366904105    64.00694043118742    DA+M   8773 8.3     5.237716           6.   5.408409011113358 0.159714174561764    -19.24264993519196     10.53484599975287    18.58440589904785 0.0018488496529709831  19.09973907470703 0.018139591091319653  17.74153900146484 0.007929975818575699   95.55861923812714   39.88600228289501  0.9678031206130981 184.166548292373   5.624260117030019    1 6370951028980846219                    20.57434   0.15555
SDSS J000531.09-054343.2 2444337223266568064 2011A&A...536A..43N                                                   1.379795167030676  -5.728705950864676   DA+M  13279 7.98                       4.   7.304640265897887 0.1034261336234238    87.00613495227562    -13.30949468200295    16.17558670043945 0.0008225504159899927  16.73224449157715 0.0050545265584929005 15.32853221893311 0.0025328254403345894  93.83258545470082  -65.97159788603528  1.192821383476257  136.403150878477   1.9664710536470125   1 6376686064453551948 17.3158474 0.04129 17.1832829 0.01401
SDSS J030138.24+050218.9    3787061643780608 2011A&A...536A..43N                                                  45.40945507941819    5.038655679037769   DA+M  11109 8.43   12.93874            4.   4.938213822406348 0.2070432570785194    36.93674616005315     19.29280224472233    17.7149772644043  0.002492141284737508   18.34444046020508 0.0224894653055627    16.79405975341797 0.0203114697992079    172.2291790752973   -45.01111276105168  1.155263543128967  201.811800659458   8.868226039570004    1 6377249002595811783 21.2884769 0.21924 19.4775333 0.06794
SDSS J073003.86+405450.0  900613070984335232 2010A&A...513L...7S                                                 112.5162200956665    40.91395322411449    WD+M                                   3.   7.236838790234319 0.097263280862539     18.51520722309062     16.45060691241646    16.88308715820312 0.0018692556552707676  18.14534187316895 0.020462448939722298  15.74665832519531 0.005670978964450934  177.7553891536097    24.29617614864496  1.007129311561584  137.672413249093   1.882504789793984    1 6373836104542455267                    21.4900532 0.21096
SDSS J073455.91+410537.4  924450105117580928 2016MNRAS.458.3808R                                                 113.7329712183385    41.09371246832785    DA+M  19416 7.96                       3.   3.975528945391586 0.0958971037468064    -5.937300185534867    -4.267001903198182   16.7844409942627  0.0011898114880547583  17.33421325683594 0.00860971798892976   15.94763278961182 0.004353531853922358  177.8317918802888    25.22926227414468  1.055093050003052  249.925675524502   6.183123963409031    1 6373836103470812236 17.1734238 0.03554 17.4053326 0.01987
SDSS J085336.03+072033.5  584688088576825088 2011A&A...536A..43N                                                 133.4002315337656     7.342514262791591   DC+M                3.6091             3.   3.879935909040849 0.2204737587174281    20.43580052771467    -31.21994830515487    18.05158233642578 0.002491072757972791   18.94414710998535 0.027966929892681004  16.98836708068848 0.007971867986528085  220.6697599058105    30.45190345501139  1.070525884628296  256.962923040702  15.827756877793036    1 2926427300642693693            0.22256 20.8229427 0.13496
SDSS J102857.78+093129.8 3876099549601111040 2013MNRAS.429..256P                                                 157.2406777215238     9.524905145953454   DA+M  15782 8.34    5.640618288        2.5  5.702697802465297 0.0577761583191705   -24.82413320299479    -23.43576657141795    15.24051761627197 0.00313406222390064    16.16469573974609 0.010162264611894525  14.22686576843262 0.009555154150358416  233.7417085313413    52.0884636810482   1.020333170890808  174.495606140993   1.7903656516550086   0                                                          
SDSS J105526.23+472923.0  831399531274288512 2010A&A...513L...7S                                                 163.8591660571213    47.48971455638856    DA+M  26801 8.26                       3.   3.609535342844249 0.20715620711514     -35.2499544039865      -2.227902109647435   16.66360473632812 0.0016112202280535043  17.89854049682617 0.018618709054091097  15.52774238586426 0.004059107348906646  163.211318639939     59.5546408929847   1.175724387168884  275.934127262824  17.14825082451199     1                                                          
SDSS J110517.60+385125.7  764867636000984576 2011A&A...536A..43N                                                 166.323565857438     38.85694156174176    DA+M  10548 8.17    8.274              3.   4.571506283238386 0.1422004052776279    58.58731881170014    -61.96233818065109    17.74831962585449 0.0015318332126613469  18.38631439208984 0.020841980374941078  16.87093162536621 0.008395519847500232  178.255513712434     64.97343759872767  1.002817511558533  217.657543625763   7.004276186515       1                                                          
SDSS J112308.40-115559.3 3565412778028357888 2010A&A...513L...7S                                                 170.7849001558147   -11.93321148038678    DA+M  10073 9.12                       5.   6.316714443078789 0.09578533750456808  -27.52682642540054    -23.6044676141028     16.88405418395996 0.001251561653941454   17.86515426635742 0.013078480331588609  15.8019962310791  0.0041675642934871976 271.3223437323248    45.45013367121275  1.115975141525269  157.64616951691    2.4350863171070216   1 6382174763146547927                    19.1875572 0.0569 
SDSS J130012.49+190857.4 3941505918629413248 2011A&A...536A..43N                                                 195.051855152952     19.14931798981117    DA+M   8673 8.81    7.391              4.   4.037808416969671 0.1794905784839958   -56.3482401695831      19.94296759545504    18.2047290802002  0.0015380736908584105  19.1158618927002  0.021115517720291417  17.17698287963867 0.006705652207462643  317.5563920786898    81.77094141158979  0.9933103919029236 246.600893051585  11.51137136448699     1 6378621178072796702                    20.7584076 0.18058
SDSS J131632.04-003758.0 3686708461263474816 2011A&A...536A..43N                                                 199.1336395464115    -0.6329436521944444  DC+M                9.66               3.   5.5578511047906   0.1589937976151722    24.48577126479919    -35.16749960601886    17.68964195251465 0.0019131530952652832  18.92431259155273 0.03198156923685627   16.50659942626953 0.006773133729241175  316.2105273360997    61.5900856537658   0.9815108180046082 179.235953759758   5.298322464067013    1 6378832267125458505                    22.2596359 0.44088
SDSS J134841.61+183410.5 1245093255125979904 2013MNRAS.429..256P                                                 207.1731338996347    18.56962042732981    DA+M  15071 7.96    5.962              4.   6.07891553938381  0.1348607754759718   -75.47930578415516      4.038978943783841   16.81078910827637 0.0023136945880451085  17.28974533081055 0.007833357033392427  16.02179718017578 0.004894290091991653    2.914281661233801  74.29633661884345  1.254521608352661  163.8570232799     3.7308561193659955   1 6378550838321744775 17.5713024 0.06929 17.6092644 0.04314
SDSS J143642.01+574146.3 1611031615570789760 2011A&A...536A..43N                                                 219.1748385776373    57.69618165558722    WD+M               20.73784            3.   3.950270135408219 0.1248584116217085   -27.88065715279255     -2.499320628563592   18.06841850280762 0.0013752903638056652  19.29425811767578 0.02545305597102364   16.90837478637695 0.004232181447190984   98.99997194849341   54.26603373670342  1.071719646453857  251.652758598146   8.225415913480987    1                                                          
SDSS J162354.45+630640.4 1628922185879538304 2011MNRAS.413.1121R                                                 245.9770085433503    63.11125762372146    DA+M   9731 8.64   53.5624             4.   4.440157799749792 0.1107618602331657    10.69589914202087     15.155661385789      18.00725555419922 0.0015571955499956854  18.97149658203125 0.016157290231846998  16.94753265380859 0.004534144600870056   94.56625386461795   40.41052039108557  1.072823524475098  223.965374737382   5.740229224283979    1 6370951028980842563                    20.5416718 0.18779
SDSS J184412.58+412029.4 2098661762613244160 2011A&A...536A..43N                                                 281.0521259725082    41.34151733887915    DA+M   7554 7.49    5.4166             6.  15.4502948089082   0.03417380077076054  -85.46010693009498      2.366235374976207   16.04548263549805 0.0006790022843265282  16.65528678894043 0.004451169847061132  15.15493869781494 0.0028782032969965985  70.49286223920598   18.80039896509161  1.123921155929565   64.603033171688   0.14401164072090467  0                                                          
SDSS J224307.59+312239.1 1888922223031933568 2011A&A...536A..43N                                                 340.7816613354175    31.37749842699727    DC+M                2.8703             5.   5.995883018779955 0.1681088980198797     3.354889500222558   -14.59962018355841    17.89973068237305 0.002447360635220791   19.25529479980469 0.02965094755150982   16.63879013061523 0.009183906867578018   93.1808103537892   -23.97936569685058  1.051232695579529  166.196958537883   4.813833340938999    1 6372358358767240689                    22.9551888 0.48376
SDSS J013532.97+144555.9 2588874825669925504 2013MNRAS.429.3492S                                                  23.8868110215782    14.76487853146393    DA+BD  8032 8.06    1.698             -1.  12.82576608323586  0.08896153133496314 -131.5601963315273    -150.7640764023564     16.92185974121094 0.001068863413400765   17.04413795471191 0.004863815535541096  16.63790512084961 0.008776671487712993  138.596125274417    -46.76092050923381  0.9955732226371765  77.7987903133277  0.5462545849883043   0                                                          
SDSS J102627.48+384502.4  755705822218381184 2007A&A...464..647V                                                 156.6146536479607    38.7505586441091     PREP                                   7.  10.1475742874112   0.1013150384111433    17.63562088768515    -41.52607478623946    16.33559036254883 0.005525169561893429   17.37027549743652 0.022444325749122748  15.25449371337891 0.020827836313596172  182.5550934718558    57.69235579952449  1.030816912651062   98.2816339988427  0.9958546842238007   1 3152416522571364593 20.91519   0.02566 19.4863224 0.00787
WD 0023+388               379359102453525376 2019MNRAS.484.5362A                                                   6.638750726880107  39.15065251434104    DA    10980        15.39816            5.5 15.83419956648674  0.06597873365537887  142.5049072536432    -130.0016082470746     15.80017566680908 0.0007045318605325766  15.98397350311279 0.005125200119596483  15.36044692993164 0.002805964792151825  117.6757909745267   -23.46701416576691  1.120436072349548   63.0410260245901  0.26527410858929557  1 6372252802431845311 18.6975            16.7168236        
WD 0354+463               245807579721338752 2019MNRAS.484.5362A                                                  59.57053691626728   46.47776214853923    DA     8230         3.964872           7.  23.00673453200836  0.04322467108773    -134.8411193440008      13.09304059287658    15.42296600341797 0.0005173007247956879  15.60180377960205 0.004049650887926809  14.99857616424561 0.0019377975767162277 153.1495580728113    -5.14057996061856  1.049527764320374   43.4111127265378  0.08222215647549547  1 6372886173742796406 21.6052151         17.1116638        
WD 0752-146              5725503293214289280 2019MNRAS.484.5362A                                                 118.7870202587637   -14.76548612917604    DA    19440        25.25784            6.  25.46954564955096  0.03239783343746574  -64.91221845484307   -309.9607076520423     13.57117748260498 0.000289202515995106   13.52425479888916 0.0032313988462107394 13.53236103057861 0.0012520500858764607 233.4409224487573     6.889393075759593 0.9711199402809143  39.2180467889888  0.05026684999540265  1 6381682189453498767                    13.7748556        
WD 1333+487              1552488776081383040 2019MNRAS.484.5362A                                                 204.00672367797      48.4793289170123     DB    14676        42.14016            6.5 27.09141582685836  0.03671818145338794 -134.0974771235307     -42.9796435956082     14.08725261688232 0.0004133175362452022  13.95550441741943 0.005364017493854399  14.14010143280029 0.002484574274783658  103.8169893146976    66.96068224391327  1.031667828559875   36.8727202327802  0.05036411568889321  0                                                          
WD 1436-216              6278962983814509184 2019MNRAS.484.5362A                                                 219.8027479516688   -21.83727518729998    DA    23690        48.42576            2.5  5.669588011340982 0.1285711727874679     7.618460782596511   -19.35069578020271    15.50049304962158 0.001666193051329783   15.99834156036377 0.006879446304491932  14.70609569549561 0.0032359757523115155 333.6315893509311    34.53027762249735  1.323076844215393  175.646745447649   4.089497975448978    1 6383124789513423806 15.4453421         15.8483267        
WD 1504+546              1600249121650105472 2019MNRAS.484.5362A                                                 226.5225344168684    54.47185057508635    DA    23120        22.33728            3.   5.263751945801909 0.04104863614986261  -13.29808629726328      6.215900917957404   15.9699182510376  0.0009294000606122848  16.33574867248535 0.004959737967414708  15.2481803894043  0.0029778023235964538  90.33653558697264   53.27778163606165  1.241509199142456  188.955619135729   1.4880793762889937   1 6374997175938582804 15.5778513         15.9591284        
WD 2257+162              2828888597582293760 2019MNRAS.484.5362A                                                 344.9450585561287    16.48791372916388    DA    25450         7.735199999999999  4.5  4.982864006667939 0.09850194117309846  -37.9716425980724     -29.46057175326933    15.99173641204834 0.0013986603441298795  15.87187957763672 0.006524178717448588  16.0663013458252  0.003809444940021074   87.84155191649943  -38.658948626877    1.162745237350464  199.646587265068   4.034976970239001    1 6376123052223105726 14.886941          15.2760792        
WD 0137-349              5012047927570807552 2010A&A...520A..86Z                                                  24.92833467161714  -34.71120437006017    DA+BD                                       9.778598107198487 0.04902568248347015  -42.02211937661631    -48.99589307397257    15.36838722229004 0.0005654076964362491  15.25985050201416 0.003778073064305507  15.48554039001465 0.002155155351026223  252.1454268585196   -77.18319499328912  1.00062620639801   101.966216573586   0.5161127500700076   1 6385235877608557823 15.0319357         15.1358776        
GD 448                   1112171030998592256 1998MNRAS.300.1225M                                                 109.292432563999     74.01090182158592    DA    19000         2.472              6.   9.983359753663724 0.04271507865111376  106.1233593221901     -83.05324188427278    15.02359390258789 0.000983061399237088   14.92511463165283 0.004180357281096285  15.09592437744141 0.004997129105036111  140.9506938809528    27.76268854723542  1.050801277160645   99.8798034106847  0.43114839417630435  1 6373449105442605742 14.3714085         14.6263542        
LTT 560                  5034416735723964800 2007A&A...474..205T                                                  14.87101498446165  -26.51931640352094    DA     7500         3.552              5.5 22.32949791419564  0.03937187093618091  134.0815864014625    -250.4077610983115     15.32113075256348 0.000643283983989398   16.01619529724121 0.002787639148722299  14.38040065765381 0.00277854865885198   194.6496414162878   -88.10447085880375  1.063621163368225   44.7259863342653  0.0794897757544959   1 6380626737747722985                    18.14357          
CC Cet                     15207693216816512 2000MNRAS.312...70B                                                  47.72933558384172    9.823449969335629   DA    26200         6.815999999999999  4.   8.23807235942898  0.07578241768233003   47.69619929218081    -81.11694505671188    15.17438697814941 0.0022985820908103414  15.18278980255127 0.009700762837508833  14.93816566467285 0.012041831654669322  170.1965856335325   -39.91799564958941  1.380901217460632  120.97861797028    1.1277520925540045   1 6377073091472787613 14.0291481         14.5109272        
EC 12477-1738            3522398478696160512 2009A&A...504..491T                                                 192.5916681546812   -17.91298102033578    DA    17718         8.687999999999999  3.   7.444021231195697 0.07099648897924855  -67.04288025398483    -11.00308560586526    15.78487586975098 0.0011298163811153223  16.16882133483887 0.007568372387409285  15.06058216094971 0.003574736513464311  302.571799226759     44.95801993056262  1.259754180908203  133.836233520264   1.2934920487950023   1 6382526632639333156 15.6916628         15.9357748        
V* DE CVn                1550299304833675392 2007IAUS..240..105V                                                 201.7207198237271    45.5455449270149     DA     8000         8.736              3.  32.73381407808014  0.03032250060188852 -202.4643459392024    -175.8272977108925     11.97516345977783 0.0010815588358277601  13.14889717102051 0.003013704180088272  10.89601612091064 0.002327787886256847  104.287614713176     70.27802943168517  1.209237575531006   30.5224590135549  0.028487153447898095 1 6374575033266735387 20.6113453         16.8582058        
V* EG UMa                1548104507825815296 2000MNRAS.312...70B                                                 183.9331014912338    52.51645661465493    DA    13100        16.032              3.5 34.83367384548251  0.03148376298155469  -90.47261425325321   -132.01338477088       12.58148670196533 0.0005826396221128876  13.40563869476318 0.0031276920342838033 11.61026668548584 0.00203416775293418   135.2582513433814    63.74888612931056  1.381692171096802   28.6840181684358  0.026121730666002207 1 6374539770509396822                    14.3230467        
WD 2237+819              2062408081119518592 1999ApJ...523..386V                                                 303.2891803456249    40.04018926128908    DA    49000        16.944              4.   9.239568110549733 0.03388812443227614   25.74827081382911     28.46164832685332    13.89743328094482 0.001332466441256754   13.79536437988281 0.005578365139607077  13.80854797363281 0.004660354561538834   76.99732971855254    3.182036183965873 1.087406992912292  107.894303109715   0.398906140492997    0                                                          
RE J1016-052             3779037205721914240 1999ApJ...523..386V                                                 154.1187525238863    -5.34317093806873    DA    55000        18.936              5.   8.823480897898847 0.05792613569948586  -99.98859152183275    -12.47306899535539    14.06330680847168 0.001757856029088314   13.90164947509766 0.017453465733316714  14.13279628753662 0.006871903269006285  247.9755775076123    40.4436689356978   1.072246670722961  112.971049108721   0.749704803469001    1 6381998890680321510 12.7916222         12.91396          
IN CMa                   5604890028746727552 1996AJ....112..284V                                                 110.1994448959578   -31.784055495113      DA    52400        30.24               2.   5.510413136862249 0.0302357512452514   -36.38588901615307      8.587370570672235   14.58265113830566 0.0021029989412331197  14.58831405639648 0.008695202306549205  14.29717254638672 0.007969362360053184  244.5136938934762    -8.251846415126227 1.237601280212402  180.534698841859   0.998279877690976    0                                                          
Feige 24                 2503828498910129664 1991ApJ...372L..37V                                                  38.7819976639341     3.732480688367868   DA    57000       101.568              2.  12.66874073701924  0.05377016815884116   82.53888046562166      7.259762960331059   12.2186975479126  0.000834610396999703   12.17541980743408 0.00956739315504568   12.03806781768799 0.003014944057638509  165.9701456972086   -50.26967697992293  1.239126086235046   78.7566638170662  0.337436721216406    1 6377248955349074662                    12.1810122        
SDSS J214952.27-071756.9 2667019698331625856 2011A&A...536A..43N                                                 327.4678981820484    -7.299097327648884   DA+M               15.4536             2.   6.406889236713507 0.07607671795205012   19.00424096407163      7.81286272353208    15.5850887298584  0.000963294694041603   16.49692535400391 0.003670738520318696  14.57692813873291 0.005382784415660636   49.08660312510608  -42.67730350599306  1.062818288803101  155.417121124421   1.873497113001008    1 6380063784575173411 17.7040043         17.59702          
SDSS J154057.27+370543.4 1376209093321219456 2015MNRAS.449.2194P                                                 235.2385427761231    37.09531149529061    DA+M                6.274439999999999  4.   4.884441677521755 0.04810449353620702  -20.89201699810454    -18.09806021692872    16.31084632873535 0.00217593498398685    17.46329879760742 0.01115733892840341   15.19764423370361 0.0060870359787369675  59.43750463871439   53.07436120125193  1.024250030517578  203.555376396288   2.027926485959995    0                                                          
BPM 71214                5165151485764431360 2003AJ....125.1444K                                                  53.18170270558936   -8.927988658406084   DA+M                4.839024               17.65346516784841  0.04049525205154995  133.0133737158486     -97.115263489618      12.70801162719727 0.0032104906560647658  13.72903347015381 0.01122908400147203   11.67040538787842 0.008370215845715017  195.1255254012302   -47.82407588844461  1.270788192749023   56.553744907865   0.13078585795939546  1 6377319332685284064 14.5189095         14.76239          
WD 2237+819              2287248210301342336 2011A&A...531A.113T                                                 339.3149748361388    82.17434955531694    DA+M                2.968344               12.64583695618456  0.04391548128571272    4.445888557677591    19.4071008430147     15.40741539001465 0.0018745434539931     16.17963981628418 0.004725102094253351  14.43923473358154 0.006558475979286994  118.3236173307172    20.53251674580213  1.284443974494934   78.8982537063539  0.2763727596982051   1 6372499070487890476 17.4522533         16.9633446        
WD 1333+005              3662988495054111232 2013A&A...549A..95Z                                                 204.0656126305431     0.291771232882074   DA+M                2.927016               10.63469690004009  0.1205086362231757  -280.8651314734465    -140.0790684572853     16.70586776733398 0.002381045601852859   17.3350944519043  0.01257905683182003   15.82921504974365 0.010218207801817692  326.6299872770473    61.08412652945648  1.08058774471283    93.7981754421288  1.0803995112378004   1 6378832246724363115                    19.2095528        
SDSS J141126.20+200911.1 1246281350455075840 2018MNRAS.481.5216C                                                 212.8590480390092    20.15313652488966    DA+BD               2.028792                5.654997475497174 0.1456043851375297   -45.67569629156471     15.95148641659994    17.91877365112305 0.0018653971960265303  17.88250732421875 0.014918716873018356  17.87538528442383 0.014263789769514408   16.3470569677253    70.42682629131532  1.067500591278076  176.127367705712   4.671232167821984    0                                                          
WD 2147-140              6840346923439592064 https://www.sternwarte.uni-erlangen.de/docs/theses/2004-07_Karl.pdf 327.5155146311999   -13.86263132534224    DA+M               35.9328                  6.833240502969048 0.05729577032729696   19.66078823868417     15.22151388414385    15.20053768157959 0.0008071448531146233  15.69342041015625 0.00620941108563169   14.41164684295654 0.0029501744021108987  41.00155157257541  -45.77110418397286  1.110122203826904  145.743175174834   1.2364386894720099   1 6380028545442254188 14.9792767         15.3712664        
WD 2009+62               2243943635605220736 2005MNRAS.359..648M                                                 302.6782692170208    62.42494109083246    DA+M               17.789424                8.769969885300123 0.03488233669837223  -42.66319414895392   -152.4116437133951     15.14833068847656 0.0008132288335920232  15.04848384857178 0.003848055953638266  15.09292316436768 0.002330264102135444   96.08714276929622   15.33751020357927  1.000249743461609  113.652991130925   0.455750242096002    1 6372569472515967649                    14.31692          
WD 2154+408              1959593642149299968 2002PASP..114..756H                                                 329.0758120568047    41.04577797220852    DA+M                6.425280000000001       7.157826243001575 0.03027724596798343  -38.22569904691864    -31.50843888160871    14.88782691955566 0.002449582354550307   15.12949657440186 0.00958377401865152   14.29444122314453 0.007314187996945748   90.85674196930471  -10.67058627314682  1.233066082000732  139.148007353069   0.5931133944870055   0                                                          
KIC 11548140             2132027576829358208 2015MNRAS.449.2194P                                                 285.18505861579      49.56528504749271    DA+M               33.08772                 5.634546375722051 0.04145015055198652   -6.803526615259713   -14.49006879761045    15.34974956512451 0.002666002801449286   16.60120010375977 0.013929184794835335  14.2270565032959  0.006773755795640176   79.70336061904754   18.88363918520896  1.18865168094635   176.584666082275   1.311757538893005    0                                                          
WD 2123-447              6576232101460909056 2007ASPC..372..471M                                                 321.6743170120407   -44.56107335235049    DA+M               20.3976                 10.62899728529738  0.03830711819997532    7.402910356457379   -71.29676955986483    15.1785945892334  0.0005257982708048045  15.56723976135254 0.00479703200726523   14.47965240478516 0.0015285564683718187 355.768520005206    -45.84181043317817  1.262871623039246   93.8285590329692  0.34099552254370735  1 6383617400787437133 15.5867662         15.7011776        
WD 0416+701               499960104796222976 2000MNRAS.319..305M                                                  65.3676953254916    70.23820365474863                                               18.13287245896591  0.03868708980243053  120.1756601332111    -118.3702844744985     14.78156185150146 0.00036947639453322693 14.76879119873047 0.002013483634314386  14.79340839385986 0.001426643193194072  138.9997050809762    14.23966570668029  1.058158159255981   55.0608834933105  0.11841790161250287  1 6372674998790784733 15.8258734         15.3415413        
V* HK Cet                5135466183642594304 2005AJ....130.2237F                                                  26.84124842152752  -21.94771247324387    DA+BD               9.984                  21.69092363232089  0.04636906961372266   67.31789624110262    -24.36769963174942    15.23043918609619 0.0016085159654463791  15.22536659240723 0.008719983562757588  15.17602348327637 0.008050305177549984  193.7950762121534   -76.27801135166732  0.9581636786460876  46.0410704984134  0.09923985016990144  1 6380661882393466060 16.4043522         15.6507645        
WD 1319-288              6182278665776280320 2007ASPC..372..471M                                                 200.6694361276977   -29.09359752689       DA+M               21.0192                 12.91449330474885  0.04562469059422309  175.4720750668564    -141.715892474563      15.35092163085938 0.0010832226551941288  16.12421607971191 0.00852008862690252   14.38942432403564 0.0028718436071585363 311.0978421762723    33.28232793326205  1.291731119155884   77.2607253766786  0.27535093622461204  1 6388191356274083669 18.2130051         17.0369587        
PTF1 J015256.60+384413.4  343212249668886144 2015MNRAS.449.2194P                                                  28.23582761986874   38.73705282784485    DA+M                9.26688                 4.306553560040816 0.0827622697095911    23.26502681834096     -4.675810039332394   16.47432518005371 0.0021722631800788856  17.7308521270752  0.024171170453694487  15.35435485839844 0.007428375328458743  135.876429599263    -22.58376805435105  1.072606682777405  230.778960973945   4.5272925939920015   1 6372956493092750018                    21.5744324        
MQ Dra                   1597621426298361216 2008ApJ...683..967S                                                 238.3794206518175    55.27067008533583    PREP                                        5.369569506637605 0.09262820879652922  -32.22286085530236     -4.285269703020579   17.34798240661621 0.0035401274587418437  18.06260871887207 0.022798472896458755  16.41499137878418 0.00619068774714834    86.43700419200151   46.88682111491764  1.115085005760193  185.321766752775   3.261059886888006    1 3054392861931871952 21.4292641         20.98582          
HS0922+1333               594162958230409088 2000A&A...358L..45R                                                 141.2330163877147    13.34773303844883    PREP                                        6.117843194276321 0.1358681380618965    -4.011852959560043   -22.55960225505645    16.48132133483887 0.005112512990120003   17.6849365234375  0.05417506796660419   15.30235958099365 0.006533293249205623  218.1720099397539    40.00361860580619  1.188374638557434  162.810069684854   3.710713970044992    1 3848468955803947259                    19.9817333        
