1150.58025599   9.99383e-14
1152.25659359   2.20067e-13
1153.93293118   1.3696e-13
1155.60926878   1.33378e-13
1157.28560638   8.82762e-14
1158.96194398   1.66948e-13
1160.63828158   1.48093e-13
1162.31461918   1.34965e-13
1163.99095678   1.52912e-13
1165.66729438   1.32412e-13
1167.34363198   9.41807e-14
1169.01996958   1.12244e-13
1170.69630718   6.08372e-14
1172.37264478   2.26183e-14
1174.04898238   4.1872e-14
1175.72531998   7.61866e-14
1177.40165758   7.13573e-14
1179.07799518   4.221e-14
1180.75433278   5.22407e-14
1182.43067038   2.08627e-14
1184.10700798   2.546e-14
1185.78334558   3.11038e-14
1187.45968318   2.46988e-14
1189.13602078   3.46589e-14
1192.48869598   4.53759e-15
1195.84137118   7.95277e-14
1197.51770878   1.85758e-14
1199.19404638   2.07079e-14
1200.87038398   4.86931e-15
1202.54672158   2.08345e-14
1204.22305918   2.35507e-14
1205.89939678   4.1392e-14
1207.57573438   5.03241e-14
1209.25207198   1.60038e-13
1210.92840958   3.44015e-13
1212.60474718   4.94756e-13
1214.28108478   5.89203e-13
1215.95742238   5.42277e-13
1217.63375998   4.41799e-13
1219.31009758   3.44188e-13
1220.98643517   2.13706e-13
1222.66277277   1.02562e-13
1224.33911037   2.45974e-14
1226.01544797   1.04521e-14
1227.69178557   3.63729e-15
1229.36812317   1.01489e-14
1231.04446077   9.83035e-15
1232.72079837   1.09447e-14
1234.39713597   6.33365e-15
1236.07347357   9.81436e-15
1237.74981117   1.80789e-14
1239.42614877   2.43526e-14
1241.10248637   4.30556e-14
1242.77882397   4.00062e-14
1244.45516157   4.57403e-14
1246.13149917   4.46158e-14
1247.80783677   5.29884e-14
1249.48417437   5.88683e-14
1251.16051197   5.48323e-14
1252.83684957   6.03832e-14
1254.51318717   8.20571e-14
1256.18952477   8.95621e-14
1257.86586237   7.19092e-14
1259.54219997   9.00516e-14
1261.21853757   1.05753e-13
1262.89487517   9.57092e-14
1264.57121277   1.06349e-13
1266.24755037   1.10845e-13
1267.92388797   1.17427e-13
1269.60022557   1.35392e-13
1271.27656317   1.18579e-13
1272.95290077   1.30839e-13
1274.62923837   1.30716e-13
1276.30557597   1.27155e-13
1277.98191357   1.13818e-13
1279.65825117   1.34352e-13
1281.33458877   1.48814e-13
1283.01092637   1.2268e-13
1284.68726397   1.28142e-13
1286.36360157   1.39271e-13
1288.03993917   1.48285e-13
1289.71627676   1.59661e-13
1291.39261436   1.30923e-13
1293.06895196   1.39161e-13
1294.74528956   1.41043e-13
1296.42162716   1.62547e-13
1298.09796476   1.59855e-13
1299.77430236   1.61673e-13
1301.45063996   1.65582e-13
1303.12697756   1.85101e-13
1304.80331516   1.69409e-13
1306.47965276   1.82032e-13
1308.15599036   1.44339e-13
1309.83232796   1.55188e-13
1311.50866556   1.44724e-13
1313.18500316   1.70471e-13
1314.86134076   1.76846e-13
1316.53767836   1.94574e-13
1318.21401596   1.79528e-13
1319.89035356   1.62134e-13
1321.56669116   1.52441e-13
1323.24302876   1.46062e-13
1324.91936636   1.89308e-13
1326.59570396   1.64837e-13
1328.27204156   1.5612e-13
1329.94837916   1.63566e-13
1331.62471676   1.77626e-13
1333.30105436   1.54268e-13
1334.97739196   1.72794e-13
1336.65372956   1.56783e-13
1338.33006716   1.61779e-13
1340.00640476   1.68663e-13
1341.68274236   1.84847e-13
1343.35907996   1.58188e-13
1345.03541756   1.68788e-13
1346.71175516   1.76662e-13
1348.38809276   1.78522e-13
1350.06443036   1.79514e-13
1351.74076796   1.78196e-13
1353.41710556   1.52568e-13
1355.09344316   1.57862e-13
1356.76978076   1.51929e-13
1358.44611835   1.56653e-13
1360.12245595   1.61404e-13
1361.79879355   1.7105e-13
1363.47513115   1.74926e-13
1365.15146875   1.65243e-13
1366.82780635   1.78428e-13
1368.50414395   1.90852e-13
1370.18048155   1.49488e-13
1371.85681915   1.59903e-13
1373.53315675   1.53486e-13
1375.20949435   1.50052e-13
1376.88583195   1.62537e-13
1378.56216955   1.3922e-13
1380.23850715   1.49067e-13
1381.91484475   1.56423e-13
1383.59118235   1.43589e-13
1385.26751995   1.722e-13
1386.94385755   1.78766e-13
1388.62019515   1.68512e-13
1390.29653275   1.67862e-13
1391.97287035   1.36908e-13
1393.64920795   1.48926e-13
1395.32554555   1.42971e-13
1397.00188315   1.44456e-13
1398.67822075   1.60011e-13
1400.35455835   1.91242e-13
1402.03089595   1.59972e-13
1403.70723355   1.6295e-13
1405.38357115   1.66839e-13
1407.05990875   1.53301e-13
1408.73624635   1.94995e-13
1410.41258395   1.81136e-13
1412.08892155   1.51353e-13
1413.76525915   1.46115e-13
1415.44159675   1.63347e-13
1417.11793435   1.88132e-13
1418.79427195   1.87178e-13
1420.47060955   1.62823e-13
1422.14694715   1.76391e-13
1423.82328475   1.55023e-13
1425.49962234   1.47102e-13
1427.17595994   1.61204e-13
1428.85229754   1.47888e-13
1430.52863514   1.5962e-13
1432.20497274   1.6876e-13
1433.88131034   1.91674e-13
1435.55764794   1.64861e-13
1437.23398554   1.84828e-13
1438.91032314   1.59352e-13
1440.58666074   1.43229e-13
1442.26299834   1.472e-13
1443.93933594   1.47153e-13
1445.61567354   1.39466e-13
1447.29201114   1.52598e-13
1448.96834874   1.7392e-13
1450.64468634   1.59294e-13
1452.32102394   1.58848e-13
1453.99736154   1.89099e-13
1455.67369914   1.53001e-13
1457.35003674   1.57183e-13
1459.02637434   1.59851e-13
1460.70271194   1.56848e-13
1462.37904954   1.62977e-13
1464.05538714   1.46104e-13
1465.73172474   1.51084e-13
1467.40806234   1.53285e-13
1469.08439994   1.51094e-13
1470.76073754   1.40281e-13
1472.43707514   1.42354e-13
1474.11341274   1.61611e-13
1475.78975034   1.55069e-13
1477.46608794   1.46131e-13
1479.14242554   1.38175e-13
1480.81876314   1.59289e-13
1482.49510074   1.42703e-13
1484.17143834   1.38527e-13
1485.84777594   1.26044e-13
1487.52411354   1.32528e-13
1489.20045114   1.65891e-13
1490.87678874   1.82006e-13
1492.55312634   1.59113e-13
1494.22946393   1.53629e-13
1495.90580153   1.42881e-13
1497.58213913   1.782e-13
1499.25847673   1.92383e-13
1500.93481433   1.68185e-13
1502.61115193   1.44424e-13
1504.28748953   1.60006e-13
1505.96382713   1.79945e-13
1507.64016473   1.63314e-13
1509.31650233   1.3772e-13
1510.99283993   1.37103e-13
1512.66917753   1.41566e-13
1514.34551513   1.42566e-13
1516.02185273   1.50972e-13
1517.69819033   1.52163e-13
1519.37452793   1.4368e-13
1521.05086553   1.32295e-13
1522.72720313   1.29937e-13
1524.40354073   1.45446e-13
1526.07987833   1.4795e-13
1527.75621593   1.32265e-13
1529.43255353   1.59514e-13
1531.10889113   1.653e-13
1532.78522873   1.36372e-13
1534.46156633   1.53607e-13
1536.13790393   1.47261e-13
1537.81424153   1.43462e-13
1539.49057913   1.33079e-13
1541.16691673   1.29738e-13
1542.84325433   1.55086e-13
1544.51959193   1.49948e-13
1546.19592953   1.2899e-13
1547.87226713   1.25181e-13
1549.54860473   1.3642e-13
1551.22494233   1.47682e-13
1552.90127993   1.36082e-13
1554.57761753   1.27686e-13
1556.25395513   1.20062e-13
1557.93029273   1.39245e-13
1559.60663033   1.4239e-13
1561.28296793   1.2286e-13
1562.95930552   1.33053e-13
1564.63564312   1.10504e-13
1566.31198072   1.16461e-13
1567.98831832   1.31617e-13
1569.66465592   1.52895e-13
1571.34099352   1.39804e-13
1573.01733112   1.42779e-13
1574.69366872   1.41902e-13
1576.37000632   1.32414e-13
1578.04634392   1.2017e-13
1579.72268152   1.57394e-13
1581.39901912   1.36013e-13
1583.07535672   1.20639e-13
1584.75169432   1.19566e-13
1586.42803192   1.27984e-13
1588.10436952   1.27151e-13
1589.78070712   1.51286e-13
1591.45704472   1.35652e-13
1593.13338232   1.37525e-13
1594.80971992   1.48271e-13
1596.48605752   1.32112e-13
1598.16239512   1.27032e-13
1599.83873272   1.2299e-13
1601.51507032   1.34898e-13
1603.19140792   1.47793e-13
1604.86774552   1.37331e-13
1606.54408312   1.30798e-13
1608.22042072   1.38574e-13
1609.89675832   1.28625e-13
1611.57309592   1.39831e-13
1613.24943352   1.5563e-13
1614.92577112   1.52502e-13
1616.60210872   1.07346e-13
1618.27844632   1.16563e-13
1619.95478392   1.09954e-13
1621.63112152   1.1564e-13
1623.30745912   1.20452e-13
1624.98379672   1.31382e-13
1626.66013432   1.2437e-13
1628.33647192   1.12567e-13
1630.01280951   1.27884e-13
1631.68914711   1.34534e-13
1633.36548471   1.45956e-13
1635.04182231   1.45726e-13
1636.71815991   1.16542e-13
1638.39449751   1.34602e-13
1640.07083511   1.30183e-13
1641.74717271   1.24667e-13
1643.42351031   1.16291e-13
1645.09984791   1.12344e-13
1646.77618551   1.18122e-13
1648.45252311   1.24326e-13
1650.12886071   1.2718e-13
1651.80519831   1.2611e-13
1653.48153591   1.18286e-13
1655.15787351   1.10854e-13
1656.83421111   1.12918e-13
1658.51054871   1.24795e-13
1660.18688631   1.36658e-13
1661.86322391   1.34977e-13
1663.53956151   1.11523e-13
1665.21589911   1.08607e-13
1666.89223671   9.73553e-14
1668.56857431   1.19324e-13
1670.24491191   1.24846e-13
1671.92124951   1.14694e-13
1673.59758711   1.00685e-13
1675.27392471   1.15364e-13
1676.95026231   9.8765e-14
1678.62659991   1.06647e-13
1680.30293751   1.14679e-13
1681.97927511   1.03485e-13
1683.65561271   1.01136e-13
1685.33195031   9.44776e-14
1687.00828791   1.00532e-13
1688.68462551   1.01603e-13
1690.36096311   1.07168e-13
1692.03730071   1.17744e-13
1693.71363831   1.07965e-13
1695.38997591   1.20771e-13
1697.06631351   1.16509e-13
1698.7426511   1.0797e-13
1700.4189887   1.03434e-13
1702.0953263   1.12302e-13
1703.7716639   1.14592e-13
1705.4480015   8.77653e-14
1707.1243391   8.75462e-14
1708.8006767   9.50538e-14
1710.4770143   1.07694e-13
1712.1533519   1.05273e-13
1713.8296895   1.05167e-13
1715.5060271   1.21981e-13
1717.1823647   1.13373e-13
1718.8587023   1.09182e-13
1720.5350399   1.13587e-13
1722.2113775   1.23303e-13
1723.8877151   1.20013e-13
1725.5640527   1.09418e-13
1727.2403903   1.06096e-13
1728.9167279   1.0108e-13
1730.5930655   1.00049e-13
1732.2694031   1.21516e-13
1733.9457407   1.08149e-13
1735.6220783   1.00275e-13
1737.2984159   9.72145e-14
1738.9747535   9.11694e-14
1740.6510911   9.58186e-14
1742.3274287   9.88992e-14
1744.0037663   1.04586e-13
1745.6801039   1.11174e-13
1747.3564415   1.01915e-13
1749.0327791   1.06257e-13
1750.7091167   1.07994e-13
1752.3854543   1.04949e-13
1754.0617919   1.12078e-13
1755.7381295   1.2463e-13
1757.4144671   1.18881e-13
1759.0908047   1.15525e-13
1760.7671423   1.07158e-13
1762.4434799   9.90385e-14
1764.1198175   9.51597e-14
1765.7961551   9.38277e-14
1767.47249269   9.81599e-14
1769.14883029   9.72647e-14
1770.82516789   9.24966e-14
1772.50150549   1.00712e-13
1774.17784309   1.0075e-13
1775.85418069   9.58071e-14
1777.53051829   9.40863e-14
1779.20685589   9.84826e-14
1780.88319349   9.97205e-14
1782.55953109   9.82846e-14
1784.23586869   9.28043e-14
1785.91220629   9.64445e-14
1787.58854389   9.55607e-14
1789.26488149   7.95338e-14
1790.94121909   9.72128e-14
1792.61755669   7.9645e-14
1794.29389429   9.29095e-14
1795.97023189   9.29183e-14
1797.64656949   9.08447e-14
1799.32290709   8.2155e-14
1800.99924469   8.75797e-14
1802.67558229   9.42173e-14
1804.35191989   9.3671e-14
1806.02825749   9.7587e-14
1807.70459509   9.02079e-14
1809.38093269   8.801e-14
1811.05727029   8.65368e-14
1812.73360789   8.43481e-14
1814.40994549   9.42737e-14
1816.08628309   8.30589e-14
1817.76262069   8.0568e-14
1819.43895829   8.28981e-14
1821.11529589   8.46825e-14
1822.79163349   8.92622e-14
1824.46797109   9.63697e-14
1826.14430869   9.09233e-14
1827.82064629   8.62273e-14
1829.49698389   7.38198e-14
1831.17332149   7.22896e-14
1832.84965909   8.07178e-14
1834.52599669   8.57919e-14
1836.20233428   9.27704e-14
1837.87867188   9.01381e-14
1839.55500948   8.81739e-14
1841.23134708   8.59028e-14
1842.90768468   8.36579e-14
1844.58402228   8.59167e-14
1846.26035988   9.18415e-14
1847.93669748   8.57168e-14
1849.61303508   8.76739e-14
1851.28937268   8.44953e-14
1852.96571028   8.63372e-14
1854.64204788   8.96306e-14
1856.31838548   9.23273e-14
1857.99472308   9.01797e-14
1859.67106068   8.84207e-14
1861.34739828   7.79046e-14
1863.02373588   7.99986e-14
1864.70007348   8.84036e-14
1866.37641108   9.22239e-14
1868.05274868   9.15737e-14
1869.72908628   8.79579e-14
1871.40542388   8.38331e-14
1873.08176148   8.21465e-14
1874.75809908   8.78746e-14
1876.43443668   9.3068e-14
1878.11077428   9.12408e-14
1879.78711188   8.07875e-14
1881.46344948   8.04189e-14
1883.13978708   8.90523e-14
1884.81612468   9.30763e-14
1886.49246228   8.93876e-14
1888.16879988   9.06926e-14
1889.84513748   9.05639e-14
1891.52147508   8.64819e-14
1893.19781268   8.1351e-14
1894.87415028   8.72975e-14
1896.55048788   8.41976e-14
1898.22682548   8.47456e-14
1899.90316308   7.51319e-14
1901.57950068   7.65265e-14
1903.25583827   8.04443e-14
1904.93217587   7.99252e-14
1906.60851347   8.46937e-14
1908.28485107   8.57109e-14
1909.96118867   9.22178e-14
1911.63752627   9.02861e-14
1913.31386387   8.6897e-14
1914.99020147   8.56274e-14
1916.66653907   8.20241e-14
1918.34287667   8.54152e-14
1920.01921427   9.32716e-14
1921.69555187   9.66692e-14
1923.37188947   8.78327e-14
1925.04822707   8.16884e-14
1926.72456467   8.35926e-14
1928.40090227   8.39821e-14
1930.07723987   8.18865e-14
1931.75357747   8.53724e-14
1933.42991507   8.21316e-14
1935.10625267   7.77881e-14
1936.78259027   7.78078e-14
1938.45892787   7.99519e-14
1940.13526547   7.44301e-14
1941.81160307   6.91087e-14
1943.48794067   6.62789e-14
1945.16427827   6.82534e-14
1946.84061587   7.02663e-14
1948.51695347   7.22488e-14
1950.19329107   7.39721e-14
1951.86962867   7.77303e-14
1953.54596627   7.5792e-14
1955.22230387   7.49625e-14
1956.89864147   7.19259e-14
1958.57497907   7.16914e-14
1960.25131667   7.42085e-14
1961.92765427   7.44124e-14
1963.60399187   7.6521e-14
1965.28032947   7.00251e-14
1966.95666707   7.09559e-14
1968.63300467   7.74532e-14
1970.30934227   7.61625e-14
1971.98567986   7.17622e-14
1973.66201746   7.40349e-14
1975.33835506   7.56875e-14
1977.01469266   7.48383e-14
1978.69103026   7.27751e-14
