1150.58025599   1.67133e-12
1152.25659359   1.59674e-12
1153.93293118   1.57928e-12
1155.60926878   1.6592e-12
1157.28560638   1.71157e-12
1158.96194398   1.56037e-12
1160.63828158   1.56285e-12
1162.31461918   1.71399e-12
1163.99095678   1.6718e-12
1165.66729438   1.31997e-12
1167.34363198   1.42812e-12
1169.01996958   1.41217e-12
1170.69630718   1.3885e-12
1172.37264478   1.31402e-12
1174.04898238   1.04683e-12
1175.72531998   9.94293e-13
1177.40165758   9.66659e-13
1179.07799518   9.85842e-13
1180.75433278   1.00033e-12
1182.43067038   7.89389e-13
1184.10700798   7.80206e-13
1185.78334558   7.47851e-13
1187.45968318   7.2801e-13
1189.13602078   5.7051e-13
1190.81235838   4.73584e-13
1192.48869598   4.34667e-13
1194.16503358   4.86134e-13
1195.84137118   4.46764e-13
1197.51770878   2.56929e-13
1199.19404638   2.49214e-13
1200.87038398   2.11381e-13
1202.54672158   1.62376e-13
1204.22305918   1.47934e-13
1205.89939678   1.27582e-13
1207.57573438   1.27696e-13
1209.25207198   1.64695e-13
1210.92840958   2.48737e-13
1212.60474718   2.9824e-13
1214.28108478   3.02856e-13
1215.95742238   2.7666e-13
1217.63375998   3.44149e-13
1219.31009758   2.45248e-13
1220.98643517   2.46741e-13
1222.66277277   2.07431e-13
1224.33911037   1.69228e-13
1226.01544797   1.52889e-13
1227.69178557   1.76717e-13
1229.36812317   2.53426e-13
1231.04446077   2.94831e-13
1232.72079837   3.13201e-13
1234.39713597   3.73678e-13
1236.07347357   4.71504e-13
1237.74981117   4.76196e-13
1239.42614877   7.38173e-13
1241.10248637   7.32072e-13
1242.77882397   8.35548e-13
1244.45516157   8.0749e-13
1246.13149917   8.53494e-13
1247.80783677   1.02004e-12
1249.48417437   1.03864e-12
1251.16051197   9.74708e-13
1252.83684957   1.01426e-12
1254.51318717   1.09383e-12
1256.18952477   1.29737e-12
1257.86586237   1.02929e-12
1259.54219997   1.16503e-12
1261.21853757   1.0535e-12
1262.89487517   1.38656e-12
1264.57121277   1.11408e-12
1266.24755037   1.15913e-12
1267.92388797   1.14085e-12
1269.60022557   1.16976e-12
1271.27656317   1.28249e-12
1272.95290077   1.33031e-12
1274.62923837   1.29209e-12
1276.30557597   1.2212e-12
1277.98191357   1.19156e-12
1279.65825117   1.25986e-12
1281.33458877   1.31949e-12
1283.01092637   1.16081e-12
1284.68726397   1.26375e-12
1286.36360157   1.22509e-12
1288.03993917   1.2783e-12
1289.71627676   1.30819e-12
1291.39261436   1.1612e-12
1293.06895196   1.11713e-12
1294.74528956   1.28862e-12
1296.42162716   1.24816e-12
1298.09796476   1.11158e-12
1299.77430236   1.17725e-12
1301.45063996   1.16673e-12
1303.12697756   1.24572e-12
1304.80331516   1.17548e-12
1306.47965276   1.33326e-12
1308.15599036   1.15902e-12
1309.83232796   1.25449e-12
1311.50866556   1.34055e-12
1313.18500316   1.13322e-12
1314.86134076   1.25406e-12
1316.53767836   1.29106e-12
1318.21401596   1.1582e-12
1319.89035356   1.13187e-12
1321.56669116   1.19057e-12
1323.24302876   1.40044e-12
1324.91936636   1.47783e-12
1326.59570396   1.1661e-12
1328.27204156   1.18222e-12
1329.94837916   1.18384e-12
1331.62471676   1.34432e-12
1333.30105436   1.16894e-12
1334.97739196   1.07342e-12
1336.65372956   9.58197e-13
1338.33006716   1.3006e-12
1340.00640476   1.1867e-12
1341.68274236   1.14158e-12
1343.35907996   1.14007e-12
1345.03541756   1.16809e-12
1346.71175516   1.21048e-12
1348.38809276   1.08853e-12
1350.06443036   1.1776e-12
1351.74076796   1.19737e-12
1353.41710556   1.16325e-12
1355.09344316   1.29844e-12
1356.76978076   1.11854e-12
1358.44611835   1.24543e-12
1360.12245595   1.25602e-12
1361.79879355   1.01386e-12
1363.47513115   1.19482e-12
1365.15146875   1.15065e-12
1366.82780635   1.38554e-12
1368.50414395   1.13133e-12
1370.18048155   1.09373e-12
1371.85681915   1.13575e-12
1373.53315675   1.21291e-12
1375.20949435   1.10836e-12
1376.88583195   1.08886e-12
1378.56216955   1.10307e-12
1380.23850715   9.86194e-13
1381.91484475   1.08144e-12
1383.59118235   9.85117e-13
1385.26751995   1.01405e-12
1386.94385755   1.06456e-12
1388.62019515   1.16867e-12
1390.29653275   1.09589e-12
1391.97287035   1.00994e-12
1393.64920795   1.12063e-12
1395.32554555   8.82995e-13
1397.00188315   1.09056e-12
1398.67822075   1.12656e-12
1400.35455835   9.52274e-13
1402.03089595   1.01468e-12
1403.70723355   1.03106e-12
1405.38357115   9.67252e-13
1407.05990875   9.53805e-13
1408.73624635   1.17076e-12
1410.41258395   1.12995e-12
1412.08892155   1.13073e-12
1413.76525915   1.09796e-12
1415.44159675   9.08783e-13
1417.11793435   1.05903e-12
1418.79427195   1.03485e-12
1420.47060955   1.00212e-12
1422.14694715   1.12853e-12
1423.82328475   9.33885e-13
1425.49962234   9.54105e-13
1427.17595994   1.01482e-12
1428.85229754   9.28692e-13
1430.52863514   9.39544e-13
1432.20497274   1.02288e-12
1433.88131034   9.12143e-13
1435.55764794   9.36002e-13
1437.23398554   1.00556e-12
1438.91032314   9.96818e-13
1440.58666074   1.13363e-12
1442.26299834   1.0371e-12
1443.93933594   9.46257e-13
1445.61567354   9.1119e-13
1447.29201114   1.03983e-12
1448.96834874   1.00023e-12
1450.64468634   9.85016e-13
1452.32102394   9.72254e-13
1453.99736154   1.05937e-12
1455.67369914   9.36469e-13
1457.35003674   1.01081e-12
1459.02637434   8.91465e-13
1460.70271194   9.05983e-13
1462.37904954   9.55266e-13
1464.05538714   9.67337e-13
1465.73172474   9.30233e-13
1467.40806234   8.54291e-13
1469.08439994   9.45179e-13
1470.76073754   9.48379e-13
1472.43707514   9.72309e-13
1474.11341274   9.32816e-13
1475.78975034   9.22337e-13
1477.46608794   9.7227e-13
1479.14242554   8.99557e-13
1480.81876314   8.49891e-13
1482.49510074   9.42043e-13
1484.17143834   9.03084e-13
1485.84777594   9.55491e-13
1487.52411354   9.46403e-13
1489.20045114   9.33294e-13
1490.87678874   7.75268e-13
1492.55312634   9.28445e-13
1494.22946393   8.84473e-13
1495.90580153   8.4346e-13
1497.58213913   8.71521e-13
1499.25847673   8.65521e-13
1500.93481433   9.49373e-13
1502.61115193   8.89349e-13
1504.28748953   8.83402e-13
1505.96382713   9.69823e-13
1507.64016473   9.55068e-13
1509.31650233   1.02185e-12
1510.99283993   8.87638e-13
1512.66917753   7.92835e-13
1514.34551513   9.32655e-13
1516.02185273   8.48334e-13
1517.69819033   8.2876e-13
1519.37452793   8.91367e-13
1521.05086553   8.888e-13
1522.72720313   7.49354e-13
1524.40354073   8.68317e-13
1526.07987833   7.93651e-13
1527.75621593   8.41264e-13
1529.43255353   7.94668e-13
1531.10889113   8.60549e-13
1532.78522873   8.67134e-13
1534.46156633   8.04471e-13
1536.13790393   7.5268e-13
1537.81424153   8.30839e-13
1539.49057913   8.7273e-13
1541.16691673   8.1354e-13
1542.84325433   7.72279e-13
1544.51959193   8.29065e-13
1546.19592953   9.40815e-13
1547.87226713   8.51139e-13
1549.54860473   8.71805e-13
1551.22494233   7.34757e-13
1552.90127993   8.35424e-13
1554.57761753   8.43868e-13
1556.25395513   8.29467e-13
1557.93029273   8.4644e-13
1559.60663033   8.38893e-13
1561.28296793   7.59055e-13
1562.95930552   9.17073e-13
1564.63564312   7.66836e-13
1566.31198072   7.11135e-13
1567.98831832   7.69065e-13
1569.66465592   7.5908e-13
1571.34099352   7.62742e-13
1573.01733112   7.33708e-13
1574.69366872   7.15774e-13
1576.37000632   7.20021e-13
1578.04634392   7.55383e-13
1579.72268152   8.12484e-13
1581.39901912   7.2754e-13
1583.07535672   7.42984e-13
1584.75169432   7.48363e-13
1586.42803192   7.88285e-13
1588.10436952   7.48762e-13
1589.78070712   6.99129e-13
1591.45704472   7.48006e-13
1593.13338232   7.99986e-13
1594.80971992   7.62432e-13
1596.48605752   8.10176e-13
1598.16239512   7.18471e-13
1599.83873272   6.82504e-13
1601.51507032   6.8998e-13
1603.19140792   6.55173e-13
1604.86774552   6.66516e-13
1606.54408312   7.16025e-13
1608.22042072   7.36051e-13
1609.89675832   6.52894e-13
1611.57309592   6.26884e-13
1613.24943352   7.53687e-13
1614.92577112   6.80806e-13
1616.60210872   6.41272e-13
1618.27844632   7.74789e-13
1619.95478392   7.18441e-13
1621.63112152   7.12427e-13
1623.30745912   6.62811e-13
1624.98379672   6.38521e-13
1626.66013432   7.34416e-13
1628.33647192   6.88053e-13
1630.01280951   7.15108e-13
1631.68914711   7.52832e-13
1633.36548471   7.45053e-13
1635.04182231   7.31068e-13
1636.71815991   6.87326e-13
1638.39449751   7.5943e-13
1640.07083511   6.92339e-13
1641.74717271   6.11974e-13
1643.42351031   6.34759e-13
1645.09984791   6.15406e-13
1646.77618551   6.79847e-13
1648.45252311   6.51588e-13
1650.12886071   6.71914e-13
1651.80519831   6.84712e-13
1653.48153591   7.05613e-13
1655.15787351   7.31809e-13
1656.83421111   6.26136e-13
1658.51054871   7.50736e-13
1660.18688631   7.04624e-13
1661.86322391   6.47625e-13
1663.53956151   6.02167e-13
1665.21589911   6.36293e-13
1666.89223671   7.46442e-13
1668.56857431   6.80902e-13
1670.24491191   6.33201e-13
1671.92124951   6.13358e-13
1673.59758711   6.84554e-13
1675.27392471   6.36081e-13
1676.95026231   6.18275e-13
1678.62659991   6.62002e-13
1680.30293751   7.19869e-13
1681.97927511   6.66423e-13
1683.65561271   5.90626e-13
1685.33195031   6.58403e-13
1687.00828791   6.48968e-13
1688.68462551   6.30851e-13
1690.36096311   5.89607e-13
1692.03730071   5.6311e-13
1693.71363831   6.00541e-13
1695.38997591   5.44623e-13
1697.06631351   6.30189e-13
1698.7426511   6.09537e-13
1700.4189887   5.78319e-13
1702.0953263   6.09461e-13
1703.7716639   6.00366e-13
1705.4480015   5.94061e-13
1707.1243391   6.02337e-13
1708.8006767   6.59948e-13
1710.4770143   5.79853e-13
1712.1533519   5.73328e-13
1713.8296895   5.78543e-13
1715.5060271   5.57603e-13
1717.1823647   6.11985e-13
1718.8587023   5.86703e-13
1720.5350399   5.87009e-13
1722.2113775   5.50628e-13
1723.8877151   5.36948e-13
1725.5640527   5.53418e-13
1727.2403903   5.93767e-13
1728.9167279   6.20843e-13
1730.5930655   5.96447e-13
1732.2694031   5.51299e-13
1733.9457407   5.24977e-13
1735.6220783   5.46812e-13
1737.2984159   5.76139e-13
1738.9747535   5.78098e-13
1740.6510911   5.36922e-13
1742.3274287   5.18158e-13
1744.0037663   5.29858e-13
1745.6801039   5.69332e-13
1747.3564415   5.75454e-13
1749.0327791   5.89052e-13
1750.7091167   5.6821e-13
1752.3854543   5.69409e-13
1754.0617919   5.13153e-13
1755.7381295   5.8335e-13
1757.4144671   5.56466e-13
1759.0908047   5.13538e-13
1760.7671423   5.70821e-13
1762.4434799   5.08446e-13
1764.1198175   5.37803e-13
1765.7961551   5.75184e-13
1767.47249269   5.55045e-13
1769.14883029   5.46621e-13
1770.82516789   5.24242e-13
1772.50150549   5.01811e-13
1774.17784309   5.41339e-13
1775.85418069   5.32103e-13
1777.53051829   5.30292e-13
1779.20685589   5.31471e-13
1780.88319349   5.52499e-13
1782.55953109   5.36785e-13
1784.23586869   5.14918e-13
1785.91220629   4.93786e-13
1787.58854389   5.38922e-13
1789.26488149   5.11729e-13
1790.94121909   5.39101e-13
1792.61755669   4.69089e-13
1794.29389429   5.24139e-13
1795.97023189   5.26144e-13
1797.64656949   5.51936e-13
1799.32290709   5.19436e-13
1800.99924469   5.08911e-13
1802.67558229   4.96716e-13
1804.35191989   5.01053e-13
1806.02825749   5.06835e-13
1807.70459509   5.04222e-13
1809.38093269   4.85909e-13
1811.05727029   5.16846e-13
1812.73360789   4.99594e-13
1814.40994549   4.86561e-13
1816.08628309   5.01882e-13
1817.76262069   4.56302e-13
1819.43895829   4.8073e-13
1821.11529589   4.65375e-13
1822.79163349   4.48959e-13
1824.46797109   4.79268e-13
1826.14430869   5.30262e-13
1827.82064629   4.81802e-13
1829.49698389   4.86542e-13
1831.17332149   4.71635e-13
1832.84965909   4.7361e-13
1834.52599669   4.98227e-13
1836.20233428   4.94774e-13
1837.87867188   5.00527e-13
1839.55500948   5.12188e-13
1841.23134708   4.78478e-13
1842.90768468   4.80275e-13
1844.58402228   4.71384e-13
1846.26035988   4.85467e-13
1847.93669748   4.83699e-13
1849.61303508   4.91214e-13
1851.28937268   4.67656e-13
1852.96571028   4.64594e-13
1854.64204788   4.54495e-13
1856.31838548   4.56712e-13
1857.99472308   4.78174e-13
1859.67106068   4.77519e-13
1861.34739828   4.66447e-13
1863.02373588   4.62715e-13
1864.70007348   4.49355e-13
1866.37641108   4.66723e-13
1868.05274868   5.01601e-13
1869.72908628   5.00686e-13
1871.40542388   4.61396e-13
1873.08176148   4.46804e-13
1874.75809908   4.48402e-13
1876.43443668   4.39924e-13
1878.11077428   4.48111e-13
1879.78711188   4.51666e-13
1881.46344948   4.49795e-13
1883.13978708   4.61887e-13
1884.81612468   4.68034e-13
1886.49246228   4.73885e-13
1888.16879988   4.69076e-13
1889.84513748   4.43421e-13
1891.52147508   4.36152e-13
1893.19781268   4.39052e-13
1894.87415028   4.27017e-13
1896.55048788   4.2604e-13
1898.22682548   4.33985e-13
1899.90316308   4.13552e-13
1901.57950068   4.13909e-13
1903.25583827   3.96756e-13
1904.93217587   4.09795e-13
1906.60851347   3.99647e-13
1908.28485107   4.14917e-13
1909.96118867   4.27218e-13
1911.63752627   4.33806e-13
1913.31386387   4.42141e-13
1914.99020147   4.55592e-13
1916.66653907   4.56881e-13
1918.34287667   4.50402e-13
1920.01921427   4.39207e-13
1921.69555187   4.31449e-13
1923.37188947   4.26207e-13
1925.04822707   4.08181e-13
1926.72456467   4.0785e-13
1928.40090227   4.15064e-13
1930.07723987   4.10341e-13
1931.75357747   3.96583e-13
1933.42991507   4.00699e-13
1935.10625267   4.26053e-13
1936.78259027   4.34573e-13
1938.45892787   4.36847e-13
1940.13526547   4.39974e-13
1941.81160307   4.18412e-13
1943.48794067   4.26409e-13
1945.16427827   4.05592e-13
1946.84061587   3.95554e-13
1948.51695347   3.96097e-13
1950.19329107   3.85889e-13
1951.86962867   3.92036e-13
1953.54596627   4.12231e-13
1955.22230387   4.33028e-13
1956.89864147   4.3969e-13
1958.57497907   4.14946e-13
1960.25131667   4.18288e-13
1961.92765427   4.29259e-13
1963.60399187   4.34408e-13
1965.28032947   4.28883e-13
1966.95666707   4.20449e-13
1968.63300467   4.13897e-13
1970.30934227   4.08716e-13
1971.98567986   4.01474e-13
1973.66201746   4.05768e-13
1975.33835506   4.25335e-13
1977.01469266   4.1127e-13
1978.69103026   4.08594e-13
