900.0   1.46570291763e-17
900.1   1.46769300985e-17
900.2   1.46868805595e-17
900.3   1.47067814817e-17
900.4   1.47167319428e-17
900.5   1.4736632865e-17
900.6   1.47565337871e-17
900.7   1.47664842482e-17
900.8   1.47863851704e-17
900.9   1.47963356315e-17
901.0   1.48162365536e-17
901.1   1.48261870147e-17
901.2   1.48460879369e-17
901.3   1.48659888591e-17
901.4   1.48759393201e-17
901.5   1.48958402423e-17
901.6   1.49057907034e-17
901.7   1.49256916256e-17
901.8   1.49356420866e-17
901.9   1.49555430088e-17
902.0   1.49654934699e-17
902.1   1.49853943921e-17
902.2   1.50052953142e-17
902.3   1.50152457753e-17
902.4   1.50351466975e-17
902.5   1.50450971586e-17
902.6   1.50649980807e-17
902.7   1.50749485418e-17
902.8   1.5094849464e-17
902.9   1.51047999251e-17
903.0   1.51247008472e-17
903.1   1.51446017694e-17
903.2   1.51545522305e-17
903.3   1.51744531527e-17
903.4   1.51943540748e-17
903.5   1.52043045359e-17
903.6   1.52242054581e-17
903.7   1.52441063802e-17
903.8   1.52540568413e-17
903.9   1.52739577635e-17
904.0   1.52938586857e-17
904.1   1.53038091467e-17
904.2   1.53237100689e-17
904.3   1.533366053e-17
904.4   1.53535614522e-17
904.5   1.53635119132e-17
904.6   1.53834128354e-17
904.7   1.54033137576e-17
904.8   1.54132642187e-17
904.9   1.54331651408e-17
905.0   1.54431156019e-17
905.1   1.54630165241e-17
905.2   1.54928679073e-17
905.5   1.55426202127e-17
906.2   1.56421248236e-17
907.4   1.58510845063e-17
908.0   1.59505891172e-17
909.0   1.61097964945e-17
909.9   1.62690038719e-17
910.4   1.63486075605e-17
910.9   1.64282112492e-17
911.1   1.64680130935e-17
911.3   1.65078149379e-17
911.5   1.65476167822e-17
911.6   1.65874186265e-17
911.7   1.66272204709e-17
911.8   1.6647121393e-17
911.9   1.66769727763e-17
912.0   1.67068241595e-17
912.3   1.67466260039e-17
912.5   1.67963783093e-17
912.8   1.68461306147e-17
912.9   1.6885932459e-17
913.0   1.69456352255e-17
913.1   1.70451398364e-17
913.2   1.7114793064e-17
913.3   1.72839509024e-17
913.4   1.75227619684e-17
913.5   1.76620684236e-17
913.6   1.80302354837e-17
913.7   1.84879566935e-17
913.8   1.87466686817e-17
913.9   1.93337458856e-17
914.0   2.00302781615e-17
914.1   2.07865132039e-17
914.2   2.16124014738e-17
914.4   2.24880420492e-17
914.5   2.34333358521e-17
914.6   2.44184314994e-17
914.7   2.5443328991e-17
914.8   2.64881274048e-17
915.1   2.86672783822e-17
915.5   3.31748372531e-17
915.8   3.54435423802e-17
916.0   3.7682396124e-17
916.2   3.98913984846e-17
916.5   4.20406980787e-17
916.7   4.41402453673e-17
917.0   4.61701394284e-17
917.2   4.8140330723e-17
917.4   5.0050819251e-17
917.7   5.18618031683e-17
917.9   5.35732824747e-17
918.0   5.43593689003e-17
918.1   5.50957030205e-17
918.3   5.57325325298e-17
918.4   5.62499565062e-17
918.5   5.64987180333e-17
918.6   5.62897583505e-17
918.7   5.59016903683e-17
918.8   5.45185762776e-17
918.9   5.07672524491e-17
919.0   4.59412788235e-17
919.1   3.95033305023e-17
919.2   2.75030744354e-17
919.3   1.54729669852e-17
919.4   9.66587789671e-18
919.5   1.64182607881e-17
919.6   3.00304915506e-17
919.7   4.00705067841e-17
919.8   4.7792064585e-17
919.9   5.38220440018e-17
920.0   5.78818321239e-17
920.1   6.02102400175e-17
920.2   6.09366236766e-17
920.3   6.02997941673e-17
920.4   5.81106927288e-17
920.5   5.43195670559e-17
920.6   4.88269125377e-17
920.7   4.16824814796e-17
920.8   3.20504351506e-17
920.9   1.81595914778e-17
921.0   9.69871441829e-18
921.1   1.63983598659e-17
921.2   3.07966770541e-17
921.3   4.10655528925e-17
921.4   4.89562685318e-17
921.5   5.54638700806e-17
921.6   6.07873667604e-17
921.7   6.50760154874e-17
921.8   6.82701134953e-17
921.9   7.04393140115e-17
922.0   7.16731711859e-17
922.1   7.21308923958e-17
922.2   7.17229234913e-17
922.3   7.04094626283e-17
922.4   6.80910051958e-17
922.5   6.46282447387e-17
922.6   6.03793978559e-17
922.7   5.52648608589e-17
922.8   4.88269125377e-17
922.9   4.0657583988e-17
923.0   2.99110860176e-17
923.1   1.45774254876e-17
923.2   1.05574392098e-17
923.3   2.45676884157e-17
923.4   3.17021690127e-17
923.5   4.21302522284e-17
923.6   5.38120935407e-17
923.7   5.99017757239e-17
923.8   6.26083011387e-17
923.9   6.77228381357e-17
924.0   7.23299016175e-17
924.1   7.77728038302e-17
924.2   8.05589329337e-17
924.3   8.26684306834e-17
924.4   8.35341207977e-17
924.5   8.49371358105e-17
924.6   8.64993582006e-17
924.7   8.66187637337e-17
924.8   8.6658565578e-17
924.9   8.62804480568e-17
925.0   8.5355055176e-17
925.1   8.28674399051e-17
925.2   8.03997255563e-17
925.3   7.72951816982e-17
925.4   7.38523221633e-17
925.5   6.97626826579e-17
925.6   6.50163127209e-17
925.7   5.97226674244e-17
925.8   5.35334806303e-17
925.9   4.57920219072e-17
926.0   3.56823534462e-17
926.1   2.54831308354e-17
926.2   1.06270924374e-17
926.3   1.06370428985e-17
926.4   2.53040225359e-17
926.5   3.85281853161e-17
926.6   4.8150281184e-17
926.7   5.56927306855e-17
926.8   6.19018184017e-17
926.9   6.74342747643e-17
927.0   7.25786631445e-17
927.1   7.71757761652e-17
927.2   8.14146725869e-17
927.3   8.5474460709e-17
927.4   8.91660817711e-17
927.5   9.23900311622e-17
927.6   9.52060116489e-17
927.7   9.76239736922e-17
927.8   9.94747594538e-17
927.9   1.0109668461e-16
928.0   1.02390244551e-16
928.1   1.03584299881e-16
928.2   1.0457934599e-16
928.3   1.05275878266e-16
928.4   1.05872905931e-16
928.5   1.06171419763e-16
928.6   1.06270924374e-16
928.7   1.06171419763e-16
928.8   1.0577340132e-16
928.9   1.04877859822e-16
929.0   1.03683804492e-16
929.1   1.02091730719e-16
929.2   1.00201143113e-16
929.3   9.7832933375e-17
929.4   9.55045254814e-17
929.5   9.29472569829e-17
929.6   9.01909792627e-17
929.7   8.71063363268e-17
929.8   8.37032786361e-17
929.9   7.98524501967e-17
930.0   7.54742473199e-17
930.1   7.05786204667e-17
930.2   6.52053714815e-17
930.3   5.91753920648e-17
930.4   5.1951357318e-17
930.5   4.28466854264e-17
930.6   3.01299961615e-17
930.7   1.27465406482e-17
930.8   1.09753585753e-17
930.9   2.65677310935e-17
931.0   4.04685252274e-17
931.1   5.04189863111e-17
931.2   5.81902964175e-17
931.3   6.46580961219e-17
931.4   7.03995121672e-17
931.5   7.57031079248e-17
931.6   8.05290815504e-17
931.7   8.49271853494e-17
931.8   8.88974193218e-17
931.9   9.26188917671e-17
932.0   9.60816522243e-17
932.1   9.95046108371e-17
932.3   1.06469933596e-16
932.4   1.09952594975e-16
932.5   1.13236247133e-16
932.6   1.16320890069e-16
932.7   1.19206523783e-16
932.8   1.21694139054e-16
932.9   1.23783735881e-16
933.0   1.25773828098e-16
933.1   1.27465406482e-16
933.2   1.29057480256e-16
933.3   1.30450544807e-16
933.5   1.32938160078e-16
933.7   1.35027756906e-16
933.9   1.3671933529e-16
934.1   1.38012895231e-16
934.3   1.38808932118e-16
934.5   1.39007941339e-16
934.6   1.39007941339e-16
934.7   1.38709427507e-16
934.8   1.38012895231e-16
934.9   1.37216858344e-16
935.0   1.36122307625e-16
935.1   1.34828747684e-16
935.2   1.33336178522e-16
935.3   1.31644600137e-16
935.4   1.29754012532e-16
935.5   1.27564911093e-16
935.6   1.25276305044e-16
935.8   1.20301074502e-16
936.0   1.15524853182e-16
936.1   1.13037237911e-16
936.2   1.10251108807e-16
936.3   1.07365475093e-16
936.4   1.04280832157e-16
936.5   1.01196189221e-16
936.6   9.77831810696e-17
936.7   9.41313618518e-17
936.8   9.02606324903e-17
936.9   8.61013397573e-17
937.0   8.17131864194e-17
937.1   7.68872127938e-17
937.2   7.14940628864e-17
937.3   6.53546283978e-17
937.4   5.81504945732e-17
937.5   4.93144851308e-17
937.6   3.75430896688e-17
937.7   1.92839935802e-17
937.8   1.17116926955e-17
937.9   1.17216431566e-17
938.0   2.86175260767e-17
938.1   4.34039112471e-17
938.2   5.38419449239e-17
938.3   6.20411248569e-17
938.4   6.88969925436e-17
938.5   7.4887170116e-17
938.6   8.02604191012e-17
938.7   8.74148006203e-17
938.8   9.18626567248e-17
938.9   9.60617513021e-17
939.0   1.00101638502e-16
939.1   1.03882813714e-16
939.2   1.07464979704e-16
939.4   1.14430302463e-16
939.6   1.20997606778e-16
939.7   1.24082249714e-16
939.8   1.27266397261e-16
939.9   1.30948067862e-16
940.0   1.34530233852e-16
940.1   1.38211904453e-16
940.2   1.41893575054e-16
940.3   1.45575245655e-16
940.5   1.52640073024e-16
940.7   1.59704900393e-16
940.8   1.62988552551e-16
940.9   1.66272204709e-16
941.0   1.69157838423e-16
941.1   1.71744958305e-16
941.2   1.74232573576e-16
941.3   1.76620684236e-16
941.4   1.79008794896e-16
941.6   1.83486502384e-16
941.8   1.87566191428e-16
942.0   1.91546375861e-16
942.2   1.95029037241e-16
942.4   1.98213184787e-16
942.6   2.01098818502e-16
942.8   2.03785442994e-16
943.0   2.06173553654e-16
943.2   2.08263150482e-16
943.4   2.09954728866e-16
943.6   2.11347793418e-16
943.8   2.12342839526e-16
944.0   2.12939867191e-16
944.2   2.13039371802e-16
944.4   2.12641353359e-16
944.6   2.11745811861e-16
944.7   2.11148784196e-16
944.8   2.10253242699e-16
944.9   2.09059187369e-16
945.0   2.07566618206e-16
945.1   2.05974544433e-16
945.2   2.04183461438e-16
945.3   2.02292873832e-16
945.5   1.97914670955e-16
945.7   1.93138449635e-16
945.9   1.8776520065e-16
946.1   1.81794923999e-16
946.3   1.75526133517e-16
946.5   1.6885932459e-16
946.7   1.62789543329e-16
946.9   1.57515798955e-16
947.1   1.51943540748e-16
947.3   1.46371282541e-16
947.5   1.40699519724e-16
947.7   1.35027756906e-16
947.9   1.29256489477e-16
948.1   1.23087203605e-16
948.2   1.19903056059e-16
948.3   1.16619403901e-16
948.4   1.13136742522e-16
948.5   1.09455071921e-16
948.6   1.05474887487e-16
948.7   1.01295693832e-16
948.8   9.68378872666e-17
948.9   9.21014677908e-17
949.0   8.95840011366e-17
949.1   8.4160999846e-17
949.2   7.81310204293e-17
949.3   7.12552518204e-17
949.4   6.31356755761e-17
949.5   5.30956603426e-17
949.6   3.94237268136e-17
949.7   1.70053379921e-17
949.8   1.33236673911e-17
949.9   3.1980781923e-17
950.0   4.83293894836e-17
950.1   5.97525188076e-17
950.2   6.87178842441e-17
950.3   7.62304823623e-17
950.4   8.27878362164e-17
950.5   8.86685587169e-17
950.6   9.6529422973e-17
950.7   1.01395198443e-16
950.8   1.05872905931e-16
950.9   1.10251108807e-16
951.0   1.14330797852e-16
951.1   1.18211477674e-16
951.2   1.21893148275e-16
951.4   1.28957975645e-16
951.6   1.35724289182e-16
951.8   1.42391098108e-16
952.0   1.48958402423e-16
952.2   1.55824220571e-16
952.4   1.62690038719e-16
952.6   1.69754866088e-16
952.7   1.73237527467e-16
952.8   1.76819693457e-16
952.9   1.81098391723e-16
953.0   1.85775108433e-16
953.1   1.90551329753e-16
953.2   1.95327551073e-16
953.3   2.00103772393e-16
953.5   2.10054233477e-16
953.7   2.20004694561e-16
953.9   2.29955155644e-16
954.1   2.40403139782e-16
954.3   2.5085112392e-16
954.5   2.6149811728e-16
954.6   2.66771861654e-16
954.7   2.71946101418e-16
954.8   2.76622818127e-16
954.9   2.81299534836e-16
955.0   2.85976251546e-16
955.2   2.95329684964e-16
955.6   3.1383754258e-16
956.0   3.31748372531e-16
956.2   3.40504778284e-16
956.4   3.48863165595e-16
956.6   3.56525020629e-16
956.8   3.63490343388e-16
957.0   3.70356161536e-16
957.2   3.7682396124e-16
957.6   3.89262037595e-16
958.0   4.00804572452e-16
958.4   4.11153051979e-16
958.8   4.20207971565e-16
959.2   4.28068835821e-16
959.6   4.34437130915e-16
960.0   4.39312856846e-16
960.4   4.42497004392e-16
960.8   4.44089078166e-16
961.2   4.43989573555e-16
961.6   4.41999481338e-16
962.0   4.38218306126e-16
962.4   4.32646047919e-16
962.8   4.25382211328e-16
963.2   4.16327291742e-16
963.6   4.05879307604e-16
964.0   3.94038258915e-16
964.4   3.81003154895e-16
964.8   3.66973004767e-16
965.2   3.52246322363e-16
965.6   3.36922612294e-16
966.4   3.0547915527e-16
966.8   2.89757426757e-16
967.2   2.74135202856e-16
967.6   2.58811492787e-16
968.0   2.43885801162e-16
968.4   2.29258623369e-16
968.8   2.1512896863e-16
969.2   2.01297827723e-16
969.6   1.8786470526e-16
970.0   1.7473009663e-16
970.4   1.61495983389e-16
970.6   1.54729669852e-16
970.8   1.47764347093e-16
971.0   1.40500510502e-16
971.1   1.36619830679e-16
971.2   1.32639646246e-16
971.3   1.2836094798e-16
971.4   1.23783735881e-16
971.5   1.1890800995e-16
971.6   1.13634265576e-16
971.7   1.10848136472e-16
971.8   1.04778355211e-16
971.9   9.81314472075e-17
972.0   9.0579047245e-17
972.1   8.18325919524e-17
972.2   7.12851032037e-17
972.3   5.76728724412e-17
972.4   3.73838822915e-17
972.5   1.70252389142e-17
972.6   1.70351893753e-17
972.7   3.65878454048e-17
972.8   5.64290648057e-17
972.9   6.98621872687e-17
973.0   8.0359923712e-17
973.1   8.91362303878e-17
973.2   1.00201143113e-16
973.3   1.06668942817e-16
973.4   1.12539714857e-16
973.5   1.17912963842e-16
973.6   1.22987698995e-16
973.7   1.27763920315e-16
973.8   1.32241627802e-16
973.9   1.36420821458e-16
974.1   1.48162365536e-16
974.3   1.55525706738e-16
974.5   1.62590534108e-16
974.9   1.76620684236e-16
975.3   1.90551329753e-16
975.6   2.04879993713e-16
976.0   2.19805685339e-16
976.4   2.3542790924e-16
976.6   2.43587287329e-16
976.8   2.51945674639e-16
976.9   2.60602575782e-16
977.1   2.69458486147e-16
977.3   2.78513405733e-16
977.5   2.88065848373e-16
977.7   2.97817300235e-16
977.9   3.07966770541e-16
978.1   3.18414754679e-16
978.3   3.2926075726e-16
978.5   3.40604282895e-16
978.6   3.52345826974e-16
978.8   3.64584894107e-16
979.0   3.77321484294e-16
979.2   3.90655102146e-16
979.4   4.04486243053e-16
979.6   4.18914411624e-16
979.8   4.34039112471e-16
980.0   4.49760840983e-16
980.1   4.66378110993e-16
980.3   4.83592408668e-16
980.5   5.0170224784e-16
980.7   5.20608123899e-16
980.9   5.40509046067e-16
981.1   5.61305509732e-16
981.3   5.83196524116e-16
981.5   6.06182089219e-16
981.6   6.30262205042e-16
981.8   6.55536376194e-16
982.0   6.82104107288e-16
982.2   7.09965398322e-16
982.4   7.3941876313e-16
982.6   7.70066183268e-16
982.8   8.0240518179e-16
983.0   8.36336254085e-16
983.1   8.71958904765e-16
983.3   9.09173629218e-16
983.5   9.48278941277e-16
983.7   9.8907583172e-16
983.9   1.03186281438e-15
984.1   1.07663988926e-15
984.3   1.12340705635e-15
984.5   1.17216431566e-15
984.6   1.2239067133e-15
984.8   1.27763920315e-15
985.0   1.33336178522e-15
985.2   1.39206950561e-15
985.4   1.45276731822e-15
985.6   1.51645026916e-15
985.8   1.58311835842e-15
986.0   1.6517765399e-15
986.1   1.7234198597e-15
986.3   1.79705327172e-15
986.5   1.87367182206e-15
986.7   1.95228046462e-15
986.9   2.03387424551e-15
987.1   2.11845316472e-15
987.3   2.20601722226e-15
987.6   2.38612056787e-15
988.0   2.5791595129e-15
988.4   2.78314396511e-15
988.8   2.99906897063e-15
989.2   3.22295434501e-15
989.5   3.45480008826e-15
989.9   3.69062601595e-15
990.3   3.93341726639e-15
990.7   4.18018870126e-15
991.0   4.4339254589e-15
991.4   4.69661763151e-15
991.8   4.96428503466e-15
992.2   5.23294748392e-15
992.5   5.49762974875e-15
992.9   5.74738632195e-15
993.3   5.99017757239e-15
993.7   6.22998368451e-15
994.0   6.47476502717e-15
994.4   6.71357609318e-15
994.8   6.93945155978e-15
995.2   7.14642115032e-15
995.5   7.33547991091e-15
995.9   7.51458821041e-15
996.3   7.6797658644e-15
996.7   7.82504259623e-15
997.0   7.94345308312e-15
997.4   8.03101714066e-15
997.8   8.10962578322e-15
998.2   8.18325919524e-15
998.4   8.21908085514e-15
998.5   8.24296196174e-15
998.7   8.25291242282e-15
998.9   8.25490251504e-15
999.1   8.24296196174e-15
999.3   8.22007590125e-15
999.7   8.1782839647e-15
1000.0   8.15042267366e-15
1001.0   8.07877935386e-15
1002.0   7.71061229376e-15
1003.0   7.22104960844e-15
1004.0   6.57824982244e-15
1005.0   6.09366236766e-15
1006.0   5.07772029101e-15
1007.0   4.55631613023e-15
1008.0   4.06774849102e-15
1009.0   3.3523103391e-15
1010.0   2.73040652137e-15
1011.0   2.35527413851e-15
1012.0   1.87964209871e-15
1013.0   1.55028183684e-15
1014.0   1.28062434147e-15
1015.0   1.0229073994e-15
1016.0   8.56535690085e-16
1017.0   7.24393566894e-16
1018.0   6.18421156352e-16
1019.0   5.17821994796e-16
1020.0   4.50059354816e-16
1021.0   3.92147671309e-16
1022.0   3.2338998522e-16
1023.0   2.88762380649e-16
1024.0   2.38512552176e-16
1025.0   1.9612358796e-16
1026.0   8.90864780824e-17
1027.0   1.72242481359e-16
1028.0   2.36721469181e-16
1029.0   2.8408566394e-16
1030.0   3.41400319782e-16
1031.0   3.83192256333e-16
1032.0   4.52447465476e-16
1033.0   5.47474368825e-16
1034.0   6.17028091801e-16
1035.0   6.97328312746e-16
1036.0   7.75439432253e-16
1037.0   9.5096556577e-16
1038.0   1.32042618581e-15
1039.0   1.82391951664e-15
1040.0   2.46671930265e-15
1041.0   3.04981632216e-15
1042.0   3.8279423789e-15
1043.0   4.59014769791e-15
1044.0   5.40310036845e-15
1045.0   6.59118542185e-15
1046.0   7.5603603314e-15
1047.0   9.02904838735e-15
1048.0   1.02489749162e-14
1049.0   1.1413178863e-14
1050.0   1.30948067862e-14
1051.0   1.44779208768e-14
1052.0   1.51147503861e-14
1053.0   1.55625211349e-14
1054.0   1.56719762068e-14
1055.0   1.58908863507e-14
1056.0   1.61396478778e-14
1057.0   1.59207377339e-14
1058.0   1.51346513083e-14
1059.0   1.47863851704e-14
1060.0   1.53038091467e-14
1061.0   1.67167746206e-14
1062.0   1.91247862029e-14
1063.0   2.3065168792e-14
1064.0   2.84384177772e-14
1065.0   3.36624098462e-14
1066.0   3.82097705614e-14
1067.0   4.08267418264e-14
1068.0   4.38019296905e-14
1069.0   4.47870253378e-14
1070.0   4.22098559171e-14
1071.0   4.01501104727e-14
1072.0   3.81898696393e-14
1073.0   3.73341299861e-14
1074.0   3.53141863861e-14
1075.0   3.32942427861e-14
1076.0   3.09558844314e-14
1077.0   2.9950887862e-14
1078.0   3.07469247486e-14
1079.0   3.38415181457e-14
1080.0   3.91650148255e-14
1081.0   4.77224113574e-14
1082.0   5.38916972293e-14
1083.0   6.24192423781e-14
1084.0   6.69666030933e-14
1085.0   7.2041338246e-14
1086.0   7.4419498445e-14
1087.0   7.76434478362e-14
1088.0   7.87877508608e-14
1089.0   7.97230942026e-14
1090.0   8.04992301672e-14
1091.0   8.16733845751e-14
1093.0   8.2379867312e-14
1094.0   8.28077371386e-14
1096.0   8.30365977435e-14
1098.0   8.31460528154e-14
1099.0   8.31261518933e-14
1102.0   8.28176875997e-14
1106.0   8.2260461779e-14
1109.0   8.14743753534e-14
1112.0   8.04594283228e-14
1115.0   7.9285273915e-14
1118.0   7.80713176627e-14
1122.0   7.68772623327e-14
1125.0   7.56832070027e-14
1128.0   7.43796966007e-14
1131.0   7.28373751327e-14
1134.0   7.10363416766e-14
1138.0   6.90960017652e-14
1141.0   6.70860086263e-14
1144.0   6.48869567268e-14
1147.0   6.23993414559e-14
1150.0   5.96530141968e-14
1154.0   5.67375290993e-14
1157.0   5.36230347801e-14
1158.0   5.1951357318e-14
1160.0   5.02100266284e-14
1162.0   4.83990427111e-14
1163.0   4.65084551052e-14
1165.0   4.45681151939e-14
1166.0   4.25680725161e-14
1168.0   4.05580793772e-14
1170.0   3.85082843939e-14
1171.0   3.6378885722e-14
1173.0   3.41499824393e-14
1174.0   3.18414754679e-14
1176.0   2.95230180354e-14
1179.0   2.49060040925e-14
1182.0   2.0328791994e-14
1184.0   1.80799877891e-14
1186.0   1.59107872728e-14
1187.0   1.38510418285e-14
1188.0   1.28659461812e-14
1189.0   1.19306028394e-14
1190.0   1.10151604197e-14
1191.0   9.31661671267e-15
1192.0   8.52256991819e-15
1193.0   7.7742952447e-15
1194.0   7.07477783051e-15
1195.0   6.11256824372e-15
1196.0   5.53146131643e-15
1197.0   4.74537489082e-15
1198.0   4.27670817378e-15
1199.0   3.65778949437e-15
1200.0   3.29857784925e-15
1201.0   2.83090617831e-15
1202.0   2.56224372905e-15
1203.0   2.21298254502e-15
1204.0   2.01496836945e-15
1205.0   1.76023656571e-15
1206.0   1.61495983389e-15
1207.0   1.42590107329e-15
1208.0   1.31545095527e-15
1209.0   1.17017422344e-15
1210.0   1.08360521202e-15
1211.0   9.65891257395e-16
1212.0   8.92058836154e-16
1213.0   7.86086425613e-16
1214.0   7.16532702638e-16
1215.0   4.95930980412e-16
1216.0   1.18310982285e-16
1217.0   3.1383754258e-16
1218.0   7.08572333771e-16
1219.0   8.17131864194e-16
1220.0   8.90466762381e-16
1221.0   1.00599161556e-15
1222.0   1.08659035034e-15
1223.0   1.2249017594e-15
1224.0   1.32042618581e-15
1225.0   1.46769300985e-15
1226.0   1.5811282662e-15
1227.0   1.77516225733e-15
1228.0   1.9015331131e-15
1229.0   2.0687008593e-15
1230.0   2.19009648452e-15
1231.0   2.40701653615e-15
1232.0   2.75030744354e-15
1233.0   3.24783049772e-15
1234.0   3.89361542205e-15
1235.0   4.66776129437e-15
1236.0   5.729475492e-15
1237.0   6.50461641042e-15
1238.0   7.76135964529e-15
1239.0   8.68177729553e-15
1240.0   1.01992226108e-14
1241.0   1.18709000729e-14
1242.0   1.30251535586e-14
1243.0   1.42092584275e-14
1244.0   1.67267250817e-14
1245.0   1.80600868669e-14
1246.0   1.94033991132e-14
1247.0   2.07168599763e-14
1248.0   2.32542275526e-14
1249.0   2.4488084727e-14
1250.0   2.57716942068e-14
1251.0   2.70453532255e-14
1252.0   2.94434143467e-14
1253.0   3.05678164491e-14
1254.0   3.16424662462e-14
1255.0   3.268726466e-14
1256.0   3.47768614875e-14
1257.0   3.58117094403e-14
1258.0   3.68067555486e-14
1259.0   3.77619998127e-14
1261.0   4.02894169279e-14
1263.0   4.19013916235e-14
1264.0   4.34835149358e-14
1266.0   4.48765794875e-14
1267.0   4.61104366619e-14
1269.0   4.72646901476e-14
1271.0   4.8379141789e-14
1272.0   4.94139897417e-14
1274.0   5.03592835446e-14
1275.0   5.123492412e-14
1279.0   5.27871960491e-14
1282.0   5.41205578343e-14
1285.0   5.52549103978e-14
1288.0   5.61902537397e-14
1291.0   5.6946488782e-14
1295.0   5.7533565986e-14
1296.0   5.76927733633e-14
1298.0   5.80012376569e-14
1300.0   5.82898010283e-14
1305.0   5.8847026849e-14
1310.0   5.92649462145e-14
1315.0   5.95833609692e-14
1320.0   5.96231628136e-14
1325.0   5.94241535919e-14
1330.0   5.91355902205e-14
1335.0   5.88669277712e-14
1340.0   5.86380671663e-14
1345.0   5.86579680884e-14
1350.0   5.86480176274e-14
1355.0   5.84490084057e-14
1360.0   5.81405441121e-14
1362.0   5.78818321239e-14
1365.0   5.74639127584e-14
1368.0   5.69066869377e-14
1370.0   5.62798078894e-14
1375.0   5.51056534816e-14
1380.0   5.41106073732e-14
1385.0   5.2896651121e-14
1388.0   5.2190168384e-14
1390.0   5.15533388747e-14
1391.0   5.13344287308e-14
1392.0   5.11254690481e-14
1394.0   5.10856672037e-14
1395.0   5.10757167427e-14
1398.0   5.11851718146e-14
1400.0   5.1593140719e-14
1402.0   5.22100693062e-14
1408.0   5.35434310914e-14
1410.0   5.41106073732e-14
1412.0   5.45484276609e-14
1415.0   5.48568919545e-14
1418.0   5.50260497929e-14
1420.0   5.50857525594e-14
1422.0   5.50658516372e-14
1428.0   5.48270405712e-14
1432.0   5.44986753555e-14
1442.0   5.37026384688e-14
1462.0   5.20011096234e-14
1482.0   5.03194817003e-14
1502.0   4.86975565437e-14
1522.0   4.71552350757e-14
1542.0   4.56626659131e-14
1562.0   4.42397499782e-14
1582.0   4.28765368097e-14
1602.0   4.15730264077e-14
1622.0   4.03292187723e-14
1642.0   3.91351634422e-14
1662.0   3.79908604176e-14
1682.0   3.68963096984e-14
1702.0   3.58515112846e-14
1722.0   3.48365642541e-14
1742.0   3.38614190678e-14
1762.0   3.2926075726e-14
1782.0   3.20305342284e-14
1802.0   3.11648441142e-14
1822.0   3.03389558442e-14
1842.0   2.95329684964e-14
1862.0   2.8766782993e-14
1882.0   2.80204984117e-14
1902.0   2.73040652137e-14
1922.0   2.66174833989e-14
1942.0   2.59508025063e-14
1962.0   2.53040225359e-14
1982.0   2.46870939487e-14
2002.0   2.40900662836e-14
2022.0   2.35029890797e-14
2042.0   2.2945763259e-14
2062.0   2.24084383605e-14
2082.0   2.18810639231e-14
2102.0   2.13735904078e-14
2122.0   2.08860178147e-14
2142.0   2.04083956827e-14
2162.0   1.99506744728e-14
2182.0   1.95029037241e-14
2202.0   1.90750338975e-14
2222.0   1.86571145319e-14
2242.0   1.82491456275e-14
2262.0   1.78511271842e-14
2282.0   1.7473009663e-14
2302.0   1.71048426029e-14
2322.0   1.67466260039e-14
2342.0   1.63983598659e-14
2362.0   1.60600441891e-14
2382.0   1.57217285123e-14
2402.0   1.54033137576e-14
2422.0   1.5094849464e-14
2442.0   1.47963356315e-14
2462.0   1.4497821799e-14
2482.0   1.42092584275e-14
2502.0   1.39306455172e-14
2522.0   1.36619830679e-14
2542.0   1.33933206187e-14
2562.0   1.31346086305e-14
2582.0   1.28858471034e-14
2602.0   1.26470360374e-14
2622.0   1.24082249714e-14
2642.0   1.21793643665e-14
2662.0   1.19505037615e-14
2682.0   1.17315936177e-14
2702.0   1.15126834738e-14
2722.0   1.13037237911e-14
2742.0   1.11047145694e-14
2762.0   1.09057053477e-14
2782.0   1.07066961261e-14
2802.0   1.05176373655e-14
2822.0   1.03285786049e-14
2842.0   1.01494703054e-14
2862.0   9.97036200587e-15
2882.0   9.80319425967e-15
2902.0   9.63403642124e-15
2922.0   9.46985381336e-15
2942.0   9.30865634381e-15
2962.0   9.15143905868e-15
2982.0   8.99820195799e-15
3002.0   8.84794999563e-15
3022.0   8.7016782177e-15
3042.0   8.55839157809e-15
3062.0   8.41809007681e-15
3082.0   8.28077371386e-15
3102.0   8.14644248923e-15
3122.0   8.01410135682e-15
3142.0   7.88574040884e-15
3162.0   7.76036459918e-15
3182.0   7.63697888174e-15
3202.0   7.51558325652e-15
3222.0   7.39816781573e-15
3242.0   7.28174742106e-15
3262.0   7.16930721081e-15
3282.0   7.05786204667e-15
3302.0   6.94940202086e-15
3322.0   6.84193704116e-15
3342.0   6.73845224589e-15
3362.0   6.63596249672e-15
3382.0   6.53546283978e-15
3402.0   6.43695327505e-15
3422.0   6.34043380254e-15
3442.0   6.24590442224e-15
3462.0   6.15336513416e-15
3482.0   6.0628159383e-15
3502.0   5.97326178855e-15
3522.0   5.88569773101e-15
3542.0   5.80012376569e-15
3562.0   5.71653989259e-15
3582.0   5.63395106559e-15
3602.0   5.55235728471e-15
3622.0   5.47275359604e-15
3638.0   5.41305082954e-15
3642.0   5.39414495348e-15
3644.0   5.38717963072e-15
3647.0   5.36528861633e-15
3650.0   5.35434310914e-15
3660.0   5.31454126481e-15
3670.0   5.27473942047e-15
3676.0   5.24986326776e-15
3680.0   5.23593262225e-15
3683.0   5.22299702284e-15
3684.0   5.22001188451e-15
3687.0   5.2070762851e-15
3688.0   5.20409114678e-15
3693.0   5.18518527072e-15
3698.0   5.16329425633e-15
3703.0   5.14637847249e-15
3704.0   5.14239828806e-15
3705.0   5.13841810363e-15
3707.0   5.13045773476e-15
3710.0   5.11951222757e-15
3712.0   5.11354195092e-15
3713.0   5.10757167427e-15
3716.0   5.09861625929e-15
3721.0   5.07971038323e-15
3722.0   5.07772029101e-15
3723.0   5.07175001436e-15
3725.0   5.06876487604e-15
3728.0   5.05980946106e-15
3732.0   5.04488376944e-15
3735.0   5.03095312392e-15
3739.0   5.0289630317e-15
3742.0   5.02000761673e-15
3746.0   4.99612651013e-15
3747.0   4.9812008185e-15
3749.0   4.96129989634e-15
3750.0   4.95234448136e-15
3751.0   4.9453791586e-15
3752.0   4.95035438914e-15
3753.0   4.9573197119e-15
3754.0   4.96528008077e-15
3755.0   4.97224540353e-15
3756.0   4.97921072629e-15
3758.0   4.98816614126e-15
3760.0   4.98816614126e-15
3762.0   4.97921072629e-15
3764.0   4.96129989634e-15
3765.0   4.93542869752e-15
3767.0   4.9095574987e-15
3769.0   4.85980519328e-15
3770.0   4.83393399446e-15
3771.0   4.82199344116e-15
3772.0   4.8150281184e-15
3773.0   4.82995381003e-15
3774.0   4.85084977831e-15
3775.0   4.88070116156e-15
3776.0   4.91055254481e-15
3777.0   4.93642374363e-15
3779.0   4.96030485023e-15
3780.0   4.97821568018e-15
3781.0   4.99115127959e-15
3782.0   4.99811660235e-15
3784.0   5.00209678678e-15
3785.0   4.99911164845e-15
3786.0   4.98816614126e-15
3787.0   4.96826521909e-15
3789.0   4.94139897417e-15
3790.0   4.91154759092e-15
3791.0   4.87174574658e-15
3792.0   4.8259736256e-15
3794.0   4.77522627407e-15
3795.0   4.72049873811e-15
3796.0   4.66378110993e-15
3798.0   4.57422696018e-15
3799.0   4.54935080747e-15
3800.0   4.57820714461e-15
3801.0   4.62596935781e-15
3802.0   4.67572166323e-15
3804.0   4.77522627407e-15
3806.0   4.87174574658e-15
3807.0   4.91652282146e-15
3808.0   4.95831475801e-15
3809.0   4.99612651013e-15
3810.0   5.02697293949e-15
3811.0   5.05781936885e-15
3812.0   5.07871533712e-15
3813.0   5.09861625929e-15
3814.0   5.1115518587e-15
3815.0   5.12647755032e-15
3816.0   5.12647755032e-15
3817.0   5.12249736589e-15
3818.0   5.1115518587e-15
3819.0   5.09165093653e-15
3820.0   5.07175001436e-15
3821.0   5.04488376944e-15
3822.0   5.01304229397e-15
3823.0   4.97622558796e-15
3824.0   4.93045346698e-15
3825.0   4.87672097712e-15
3826.0   4.81701821062e-15
3827.0   4.76129562855e-15
3828.0   4.69761267762e-15
3829.0   4.62596935781e-15
3830.0   4.5523359458e-15
3831.0   4.47571739545e-15
3833.0   4.315514972e-15
3834.0   4.22098559171e-15
3835.0   4.15232741023e-15
3836.0   4.08665436708e-15
3837.0   4.04486243053e-15
3838.0   4.10357015092e-15
3839.0   4.18914411624e-15
3841.0   4.40904930619e-15
3843.0   4.55731117634e-15
3844.0   4.69761267762e-15
3846.0   4.82796371781e-15
3848.0   4.95035438914e-15
3849.0   5.01204724786e-15
3850.0   5.11652708924e-15
3851.0   5.16030911801e-15
3853.0   5.23991280668e-15
3854.0   5.30956603426e-15
3856.0   5.36230347801e-15
3858.0   5.39812513791e-15
3859.0   5.42001615229e-15
3861.0   5.43096165949e-15
3863.0   5.42797652116e-15
3864.0   5.4090706451e-15
3866.0   5.37125889298e-15
3868.0   5.32349667978e-15
3869.0   5.26478895939e-15
3870.0   5.22598216116e-15
3871.0   5.18618031683e-15
3872.0   5.1354329653e-15
3873.0   5.08269552156e-15
3874.0   4.96826521909e-15
3876.0   4.84487950166e-15
3877.0   4.78119655072e-15
3878.0   4.70955323092e-15
3879.0   4.62994954225e-15
3880.0   4.4697471188e-15
3881.0   4.39113847624e-15
3882.0   4.30854964924e-15
3883.0   4.21700540727e-15
3884.0   4.0418772922e-15
3885.0   3.92645194363e-15
3886.0   3.85480862383e-15
3887.0   3.79709594954e-15
3888.0   3.6607746327e-15
3889.0   3.52743845417e-15
3890.0   3.46873073378e-15
3891.0   3.45380504215e-15
3892.0   3.55629479132e-15
3893.0   3.68764087762e-15
3894.0   3.81898696393e-15
3896.0   4.07570885989e-15
3897.0   4.196109439e-15
3899.0   4.32347534087e-15
3900.0   4.43691059722e-15
3901.0   4.54338053082e-15
3902.0   4.67074643269e-15
3903.0   4.72646901476e-15
3904.0   4.87771602323e-15
3906.0   4.98020577239e-15
3908.0   5.17324471742e-15
3909.0   5.26379391328e-15
3910.0   5.34339760195e-15
3911.0   5.41404587564e-15
3913.0   5.47673378047e-15
3915.0   5.60210959013e-15
3916.0   5.65783217219e-15
3917.0   5.7055943854e-15
3918.0   5.74738632195e-15
3920.0   5.78221293574e-15
3922.0   5.83594542559e-15
3924.0   5.87574726993e-15
3927.0   5.89962837653e-15
3929.0   5.9085837915e-15
3931.0   5.90161846875e-15
3934.0   5.87773736214e-15
3936.0   5.8369404717e-15
3938.0   5.77524761298e-15
3940.0   5.6936538321e-15
3943.0   5.5871838985e-15
3945.0   5.45285267387e-15
3947.0   5.29165520431e-15
3950.0   5.13145278087e-15
3951.0   5.04587881555e-15
3952.0   4.95333952747e-15
3953.0   4.85184482441e-15
3954.0   4.74537489082e-15
3957.0   4.52546970087e-15
3958.0   4.41103939841e-15
3959.0   4.29362395762e-15
3960.0   4.17322337851e-15
3961.0   4.05083270718e-15
3964.0   3.79709594954e-15
3965.0   3.66773995545e-15
3966.0   3.53639386915e-15
3967.0   3.40206264452e-15
3968.0   3.25977105102e-15
3969.0   3.18812773122e-15
3970.0   3.11548936531e-15
3971.0   2.94334638856e-15
3972.0   2.92145537418e-15
3973.0   3.1144943192e-15
3974.0   3.22494443723e-15
3975.0   3.3284292325e-15
3977.0   3.62395792669e-15
3979.0   3.81202164117e-15
3981.0   3.99212498678e-15
3982.0   4.16625805575e-15
3983.0   4.25382211328e-15
3984.0   4.34039112471e-15
3985.0   4.42696013614e-15
3986.0   4.50954896314e-15
3987.0   4.59114274402e-15
3988.0   4.6717414788e-15
3989.0   4.75134516747e-15
3990.0   4.82995381003e-15
3991.0   4.97523054185e-15
3993.0   5.10558158205e-15
3995.0   5.23294748392e-15
3997.0   5.37026384688e-15
3998.0   5.49265451821e-15
4000.0   5.60509472845e-15
4002.0   5.70360429318e-15
4004.0   5.79116835072e-15
4005.0   5.86977699328e-15
4007.0   5.93744012865e-15
4009.0   5.99515280293e-15
4011.0   6.04789024668e-15
4012.0   6.09167227544e-15
4016.0   6.16132550303e-15
4019.0   6.21008276234e-15
4023.0   6.24590442224e-15
4026.0   6.26978552884e-15
4030.0   6.28172608214e-15
4033.0   6.28371617436e-15
4037.0   6.27476075938e-15
4040.0   6.25684992943e-15
4044.0   6.22799359229e-15
4047.0   6.18421156352e-15
4051.0   6.12351375091e-15
4054.0   6.04590015446e-15
4058.0   5.94739058973e-15
4060.0   5.88868286934e-15
4061.0   5.82300982618e-15
4063.0   5.74738632195e-15
4065.0   5.66678758717e-15
4067.0   5.58121362185e-15
4068.0   5.49464461042e-15
4070.0   5.39812513791e-15
4072.0   5.29961557318e-15
4074.0   5.19115554737e-15
4076.0   5.07772029101e-15
4079.0   4.82995381003e-15
4081.0   4.70059781594e-15
4083.0   4.56825668353e-15
4084.0   4.42795518225e-15
4086.0   4.27869826599e-15
4088.0   4.12347107309e-15
4090.0   3.96923892629e-15
4091.0   3.80704641063e-15
4093.0   3.6378885722e-15
4095.0   3.46475054935e-15
4097.0   3.28763234206e-15
4098.0   3.10653395033e-15
4099.0   3.01200457004e-15
4100.0   2.90951482088e-15
4101.0   2.82593094777e-15
4102.0   2.71747092196e-15
4103.0   2.51249142364e-15
4104.0   2.60204557339e-15
4105.0   2.82095571723e-15
4106.0   2.88463866817e-15
4107.0   3.0070293395e-15
4108.0   3.11648441142e-15
4109.0   3.22394939112e-15
4111.0   3.