900.0   8.98524947669e-17
900.1   8.99133704408e-17
900.2   9.00351217888e-17
900.3   9.00959974627e-17
900.4   9.01568731367e-17
900.5   9.02786244846e-17
900.6   9.04003758325e-17
900.7   9.04612515065e-17
900.8   9.05830028544e-17
900.9   9.06438785284e-17
901.0   9.07656298763e-17
901.1   9.08265055503e-17
901.2   9.09482568982e-17
901.3   9.10091325722e-17
901.4   9.11308839201e-17
901.5   9.1191759594e-17
901.6   9.1252635268e-17
901.7   9.13743866159e-17
901.8   9.14352622899e-17
901.9   9.15570136378e-17
902.0   9.16178893118e-17
902.1   9.17396406597e-17
902.2   9.18613920076e-17
902.3   9.19222676816e-17
902.4   9.20440190295e-17
902.5   9.21048947035e-17
902.6   9.22266460514e-17
902.7   9.22875217253e-17
902.8   9.24092730733e-17
902.9   9.24701487472e-17
903.0   9.25919000951e-17
903.1   9.26527757691e-17
903.2   9.2774527117e-17
903.3   9.2835402791e-17
903.4   9.29571541389e-17
903.5   9.30180298129e-17
903.6   9.30789054868e-17
903.7   9.32006568348e-17
903.8   9.32615325087e-17
903.9   9.33832838566e-17
904.0   9.35050352046e-17
904.1   9.35659108785e-17
904.2   9.36876622265e-17
904.3   9.37485379004e-17
904.4   9.38702892483e-17
904.5   9.39311649223e-17
904.6   9.40529162702e-17
904.7   9.41746676181e-17
904.8   9.42355432921e-17
904.9   9.435729464e-17
905.0   9.4418170314e-17
905.1   9.45399216619e-17
905.2   9.46616730098e-17
905.5   9.49660513796e-17
906.2   9.55748081193e-17
907.4   9.67314459245e-17
908.0   9.73402026641e-17
909.0   9.81924620996e-17
909.9   9.9105597209e-17
910.9   1.00079607992e-16
911.3   1.0050573771e-16
911.8   1.0141887282e-16
912.3   1.01845002537e-16
912.5   1.02088505233e-16
912.8   1.02332007929e-16
913.0   1.02636386299e-16
913.1   1.02879888995e-16
913.2   1.03184267364e-16
913.3   1.03549521408e-16
913.5   1.04097402474e-16
913.6   1.04827910561e-16
913.7   1.05801921345e-16
913.8   1.07019434824e-16
913.9   1.08602202347e-16
914.1   1.10428472566e-16
914.2   1.12619996828e-16
914.3   1.15115899461e-16
914.4   1.17855304789e-16
914.5   1.20899088487e-16
914.6   1.24186374881e-16
914.8   1.27717163971e-16
914.9   1.31430580082e-16
915.0   1.35326623216e-16
915.1   1.39405293371e-16
915.4   1.47927887726e-16
915.6   1.56937487472e-16
916.1   1.75748070726e-16
916.5   1.95228286394e-16
917.0   2.14830253409e-16
917.2   2.24570361243e-16
917.5   2.34188717729e-16
917.7   2.43502695845e-16
918.0   2.52390544244e-16
918.1   2.56469214399e-16
918.2   2.60182630511e-16
918.3   2.63287289883e-16
918.4   2.64504803362e-16
918.5   2.65722316841e-16
918.6   2.64200424992e-16
918.7   2.61887149382e-16
918.8   2.5433856581e-16
918.9   2.34553971773e-16
919.0   2.10264577862e-16
919.1   1.80861627339e-16
919.2   1.29482558516e-16
919.3   8.31561706311e-17
919.4   6.0163428576e-17
919.5   8.73565921345e-17
919.6   1.40074925785e-16
919.7   1.83722784015e-16
919.8   2.19822058674e-16
919.9   2.50807776721e-16
920.0   2.72357765303e-16
920.1   2.85080781161e-16
920.2   2.89281202664e-16
920.3   2.85811289248e-16
920.4   2.73575278782e-16
920.5   2.53181928005e-16
920.6   2.24509485569e-16
920.7   1.89810351411e-16
920.8   1.47136503964e-16
920.9   9.25310244212e-17
921.0   5.98042620996e-17
921.1   8.60782029813e-17
921.2   1.421446987e-16
921.3   1.87070946083e-16
921.4   2.24935615287e-16
921.5   2.59086868379e-16
921.6   2.87698435141e-16
921.7   3.11683450682e-16
921.8   3.29093893435e-16
921.9   3.41390779575e-16
922.0   3.48087103711e-16
922.1   3.50400379321e-16
922.2   3.48026228037e-16
922.3   3.40721147161e-16
922.4   3.2793725563e-16
922.5   3.09431050745e-16
922.6   2.85506910879e-16
922.7   2.57625852204e-16
922.8   2.23961604504e-16
922.9   1.84940297494e-16
923.0   1.38187779892e-16
923.1   7.8712246432e-17
923.2   6.32498252458e-17
923.3   1.16759542658e-16
923.4   1.45431985094e-16
923.5   1.91697497304e-16
923.6   2.49468511893e-16
923.7   2.82097873137e-16
923.8   2.97134164605e-16
923.9   3.25502228671e-16
924.0   3.49974249604e-16
924.1   3.79803329845e-16
924.2   3.95204875357e-16
924.3   4.07136507453e-16
924.4   4.12067437044e-16
924.5   4.19798647637e-16
924.6   4.26921101491e-16
924.7   4.28686496036e-16
924.8   4.28808247383e-16
924.9   4.26738474469e-16
925.0   4.21807544878e-16
925.1   4.08597523628e-16
925.2   3.95326626705e-16
925.3   3.78159686648e-16
925.4   3.58922973676e-16
925.5   3.36459849984e-16
925.6   3.10100683159e-16
925.7   2.80575981288e-16
925.8   2.47459614653e-16
925.9   2.08681810339e-16
926.0   1.62172795433e-16
926.1   1.04158278148e-16
926.2   6.42238360292e-17
926.3   6.33715765937e-17
926.4   1.18890191246e-16
926.5   1.74956686965e-16
926.6   2.19882934348e-16
926.7   2.58356360292e-16
926.8   2.91898856644e-16
926.9   3.22762823343e-16
927.0   3.50887384713e-16
927.1   3.76089913733e-16
927.2   3.99466172534e-16
927.3   4.21442290834e-16
927.4   4.40800755154e-16
927.5   4.57602441167e-16
927.6   4.7239522994e-16
927.7   4.85179121472e-16
927.8   4.95345359023e-16
927.9   5.04233207422e-16
928.0   5.11842666667e-16
928.1   5.18356363781e-16
928.2   5.23713423089e-16
928.3   5.27731217571e-16
928.4   5.30714125595e-16
928.5   5.32601271487e-16
928.6   5.33270903901e-16
928.7   5.32783898509e-16
928.8   5.30957628291e-16
928.9   5.26696331113e-16
929.0   5.20487012369e-16
929.1   5.12329672058e-16
929.2   5.02163434507e-16
929.3   4.89623045671e-16
929.4   4.76291273073e-16
929.5   4.61437608627e-16
929.6   4.46157814462e-16
929.7   4.29295252775e-16
929.8   4.10545545195e-16
929.9   3.89299934983e-16
930.0   3.65314919442e-16
930.1   3.38590498573e-16
930.2   3.08639666984e-16
930.3   2.75827678719e-16
930.4   2.38328263559e-16
930.5   1.9455865398e-16
930.6   1.3891828798e-16
930.7   7.27464303838e-17
930.8   6.50760954646e-17
930.9   1.24429877577e-16
931.0   1.83722784015e-16
931.1   2.30475301618e-16
931.2   2.7016624104e-16
931.3   3.04926250872e-16
931.4   3.3670335268e-16
931.5   3.65619297812e-16
931.6   3.91917588963e-16
931.7   4.15902604504e-16
931.8   4.37574344434e-16
931.9   4.57785068189e-16
932.0   4.76413024421e-16
932.1   4.96197618459e-16
932.3   5.34244914684e-16
932.4   5.52203238503e-16
932.5   5.69004924516e-16
932.6   5.84649972724e-16
932.7   5.99138383127e-16
932.8   6.11191766572e-16
932.9   6.21540631145e-16
933.0   6.31889495718e-16
933.1   6.40412090073e-16
933.2   6.48934684428e-16
933.3   6.56239765303e-16
933.5   6.69632413574e-16
933.7   6.79981278148e-16
933.9   6.88503872502e-16
934.1   6.94591439899e-16
934.3   6.98243980336e-16
934.5   6.98852737076e-16
934.6   6.98243980336e-16
934.7   6.96417710117e-16
934.8   6.93373926419e-16
934.9   6.89112629242e-16
935.0   6.83633818585e-16
935.1   6.7693749445e-16
935.2   6.69632413574e-16
935.3   6.6110981922e-16
935.4   6.51369711386e-16
935.5   6.40412090073e-16
935.6   6.2884571202e-16
935.7   6.16061820488e-16
935.8   6.02303918173e-16
935.9   5.89885280685e-16
936.0   5.77344891849e-16
936.1   5.64013119252e-16
936.2   5.49889962892e-16
936.3   5.34671044402e-16
936.4   5.18782493498e-16
936.5   5.02041683159e-16
936.6   4.83961607992e-16
936.7   4.64298765303e-16
936.8   4.43114030764e-16
936.9   4.20224777355e-16
937.0   3.9587450777e-16
937.1   3.69271838249e-16
937.2   3.39564509356e-16
937.3   3.06143764351e-16
937.4   2.68218219474e-16
937.5   2.24631236917e-16
937.6   1.70938892483e-16
937.7   9.92273485569e-17
937.8   6.90938899461e-17
937.9   6.915476562e-17
938.0   1.33682980019e-16
938.1   1.97237183635e-16
938.2   2.461812255e-16
938.3   2.87881062163e-16
938.4   3.24649969236e-16
938.5   3.57401081827e-16
938.6   3.86743156676e-16
938.7   4.13528453219e-16
938.8   4.38365728195e-16
938.9   4.61985489692e-16
939.0   4.84144235014e-16
939.1   5.04902839835e-16
939.2   5.24322179829e-16
939.3   5.42828384713e-16
939.5   5.78258026958e-16
939.7   6.11800523311e-16
939.8   6.28236955281e-16
939.9   6.46499657469e-16
940.0   6.64762359657e-16
940.1   6.83025061846e-16
940.2   7.01287764034e-16
940.3   7.18941709483e-16
940.4   7.36595654932e-16
940.6   7.70077275611e-16
940.8   8.0295013955e-16
940.9   8.1877781478e-16
941.0   8.3338797653e-16
941.1   8.46780624802e-16
941.2   8.59564516334e-16
941.3   8.71739651126e-16
941.4   8.83914785918e-16
941.5   8.95481163971e-16
941.7   9.17396406597e-16
941.9   9.38094135744e-16
942.1   9.56965594672e-16
942.3   9.73402026641e-16
942.5   9.88012188392e-16
942.7   1.00079607992e-15
942.9   1.01297121472e-15
943.1   1.02392883603e-15
943.3   1.03245143038e-15
943.5   1.03975651126e-15
943.7   1.04523532192e-15
943.9   1.04827910561e-15
944.1   1.05010537583e-15
944.3   1.04888786235e-15
944.5   1.04523532192e-15
944.7   1.03914775452e-15
944.9   1.03001640343e-15
945.1   1.01662375515e-15
945.3   1.00018732318e-15
945.5   9.80707107517e-16
945.7   9.6000937837e-16
945.9   9.36876622265e-16
946.1   9.10700082461e-16
946.3   8.82697272439e-16
946.5   8.52868192198e-16
946.9   7.94427545195e-16
947.3   7.3903068189e-16
947.7   6.81807548367e-16
947.9   6.51369711386e-16
948.1   6.19714360926e-16
948.2   6.03399680304e-16
948.3   5.86232740247e-16
948.4   5.68152665081e-16
948.5   5.49159454805e-16
948.6   5.28766104028e-16
948.7   5.06850861402e-16
948.8   4.83352851253e-16
948.9   4.58332949255e-16
949.0   4.31304150016e-16
949.1   4.01718572471e-16
949.2   3.68602205836e-16
949.3   3.31468044719e-16
949.4   2.89463829686e-16
949.5   2.41006793213e-16
949.6   1.79765865208e-16
949.7   9.35050352046e-17
949.8   7.78599869965e-17
949.9   1.36239758325e-16
950.0   2.03994383444e-16
950.1   2.55921333333e-16
950.2   3.1856240184e-16
950.3   3.54966054868e-16
950.4   3.8741278909e-16
950.5   4.17180993657e-16
950.6   4.44209792896e-16
950.7   4.93214710435e-16
950.8   5.1543433143e-16
950.9   5.36679941643e-16
951.0   5.56525411354e-16
951.1   5.75457745956e-16
951.2   5.93416069775e-16
951.4   6.27628198541e-16
951.6   6.59892305741e-16
951.7   6.915476562e-16
952.1   7.53032086901e-16
952.5   8.14516517602e-16
952.6   8.46171868062e-16
952.7   8.62608300032e-16
952.8   8.78435975262e-16
952.9   8.9608992071e-16
953.0   9.15570136378e-16
953.1   9.35659108785e-16
953.2   9.55139324453e-16
953.3   9.74619540121e-16
953.4   9.94708512528e-16
953.5   1.0141887282e-15
953.7   1.07323813194e-15
954.1   1.15298526483e-15
954.4   1.23760245163e-15
954.8   1.31978461148e-15
955.2   1.39892298763e-15
955.5   1.47501758008e-15
955.9   1.54624211862e-15
956.3   1.61381411671e-15
956.4   1.64546946717e-15
956.6   1.67408103394e-15
956.8   1.70025757374e-15
957.0   1.7258253568e-15
957.3   1.77452589597e-15
957.7   1.8195738947e-15
958.1   1.860969353e-15
958.4   1.89810351411e-15
958.8   1.93158513479e-15
959.1   1.96080545829e-15
959.5   1.98576448462e-15
959.9   2.00524470029e-15
960.2   2.02046361878e-15
960.6   2.03020372661e-15
961.0   2.03507378053e-15
961.3   2.03324751031e-15
961.7   2.02594242943e-15
962.0   2.0131585379e-15
962.4   1.99367832223e-15
962.8   1.96932805265e-15
963.1   1.93949897241e-15
963.5   1.90419108151e-15
963.9   1.8640131367e-15
964.2   1.81896513796e-15
964.6   1.77026459879e-15
964.9   1.71791151919e-15
965.3   1.66251465588e-15
965.7   1.60468276562e-15
966.0   1.54502460514e-15
966.7   1.42205574374e-15
967.5   1.29786936886e-15
968.2   1.17490050745e-15
968.9   1.05375791627e-15
969.6   9.33832838566e-16
970.0   8.73565921345e-16
970.4   8.12690247383e-16
970.5   7.81643653663e-16
970.7   7.49379546464e-16
970.9   7.15897925785e-16
971.1   6.79981278148e-16
971.2   6.6050106248e-16
971.3   6.41020846813e-16
971.4   6.19714360926e-16
971.5   5.97859993974e-16
971.6   5.48368071043e-16
971.7   5.20791390739e-16
971.8   5.05694223597e-16
971.9   4.73977997463e-16
972.0   4.19920398985e-16
972.1   3.78829319061e-16
972.2   3.32198552807e-16
972.3   2.78688835395e-16
972.4   2.09290567079e-16
972.5   9.80707107517e-17
972.6   9.81924620996e-17
972.7   1.64242568348e-16
972.8   2.47094360609e-16
972.9   3.07604780526e-16
973.0   3.8095996765e-16
973.1   4.22903307009e-16
973.2   4.61133230257e-16
973.3   4.95467110371e-16
973.4   5.55490524897e-16
973.5   5.82214945766e-16
973.6   6.07295723438e-16
973.7   6.30671982239e-16
973.8   6.53195981605e-16
973.9   6.73893710752e-16
974.1   7.14071655566e-16
974.2   7.51205816683e-16
974.4   7.8712246432e-16
974.8   8.56520732636e-16
975.1   9.24092730733e-16
975.5   9.92273485569e-16
975.9   1.06228051062e-15
976.2   1.13350504916e-15
976.6   1.20716461465e-15
976.9   1.28386796384e-15
977.3   1.36422385347e-15
977.7   1.44884104028e-15
978.0   1.538328281e-15
978.4   1.63268557564e-15
978.7   1.73313043768e-15
979.1   1.84027162385e-15
979.5   1.95532664764e-15
979.6   2.0162023216e-15
979.8   2.07829550904e-15
980.0   2.14404123692e-15
980.2   2.21039572154e-15
980.4   2.28040274659e-15
980.5   2.35223604186e-15
980.7   2.4265043641e-15
980.9   2.50442522677e-15
981.1   2.58538987314e-15
981.3   2.6693983032e-15
981.5   2.75645051697e-15
981.6   2.84715527117e-15
981.8   2.94151256581e-15
982.0   3.03891364415e-15
982.2   3.14057601966e-15
982.4   3.24649969236e-15
982.5   3.35729341897e-15
982.7   3.47113092927e-15
982.9   3.5898384935e-15
983.1   3.71341611164e-15
983.3   3.8418637837e-15
983.4   3.97457275293e-15
983.6   4.11276053283e-15
983.8   4.25581836663e-15
984.0   4.4043550111e-15
984.2   4.55837046622e-15
984.3   4.717864732e-15
984.5   4.88344656518e-15
984.7   5.05572472249e-15
984.9   5.23409044719e-15
985.1   5.41915249604e-15
985.2   5.61091086901e-15
985.4   5.80936556613e-15
985.6   6.0163428576e-15
985.8   6.22758144624e-15
986.0   6.4467338725e-15
986.3   6.90938899461e-15
986.7   7.3903068189e-15
987.0   7.90166248018e-15
987.4   8.43736841104e-15
987.8   9.00351217888e-15
988.1   9.5940062163e-15
988.5   1.02210256581e-14
988.8   1.08784829369e-14
989.2   1.15602904853e-14
989.6   1.22542731684e-14
990.3   1.36787639391e-14
990.6   1.4415359594e-14
991.0   1.51702179512e-14
991.4   1.59433390105e-14
991.7   1.6734722772e-14
992.1   1.75261065335e-14
992.4   1.83053151602e-14
992.8   1.90601735173e-14
993.2   1.97906816048e-14
993.5   2.05029269902e-14
993.9   2.12212599429e-14
994.2   2.19395928957e-14
994.6   2.26335755788e-14
995.0   2.32788577228e-14
995.3   2.38693517602e-14
995.7   2.44172328259e-14
996.0   2.49407636219e-14
996.4   2.54216814462e-14
996.8   2.58356360292e-14
997.1   2.6170452236e-14
997.5   2.64200424992e-14
997.8   2.66635451951e-14
998.2   2.68887851887e-14
998.4   2.69800986997e-14
998.6   2.70531495084e-14
998.7   2.70896749128e-14
998.9   2.71018500476e-14
999.1   2.70714122106e-14
999.3   2.70044489692e-14
999.5   2.69435732953e-14
999.6   2.68887851887e-14
1000.0   2.681573438e-14
1001.0   2.66513700603e-14
1002.0   2.51599160482e-14
1003.0   2.42163431018e-14
1004.0   2.2390072883e-14
1005.0   1.95350037742e-14
1006.0   1.80313746273e-14
1007.0   1.50119411989e-14
1008.0   1.35509250238e-14
1009.0   1.21568720901e-14
1010.0   1.02636386299e-14
1011.0   8.82697272439e-15
1012.0   7.58510897558e-15
1013.0   6.2945446876e-15
1014.0   5.2310466635e-15
1015.0   4.50053857596e-15
1016.0   3.677499464e-15
1017.0   3.29215644783e-15
1018.0   2.80880359657e-15
1019.0   2.41493798605e-15
1020.0   2.08255680622e-15
1021.0   1.88897216302e-15
1022.0   1.62538049477e-15
1023.0   1.38126904218e-15
1024.0   1.13959261656e-15
1025.0   9.25310244212e-16
1026.0   4.05675491278e-16
1027.0   8.0234138281e-16
1028.0   1.11341607675e-15
1029.0   1.39527044719e-15
1030.0   1.6381643863e-15
1031.0   1.82748773232e-15
1032.0   2.15317258801e-15
1033.0   2.61034889946e-15
1034.0   2.90498716143e-15
1035.0   3.24041212496e-15
1036.0   3.53444163019e-15
1037.0   4.28503869014e-15
1038.0   5.56829789724e-15
1039.0   7.42074465588e-15
1040.0   9.52704297494e-15
1041.0   1.14202764351e-14
1042.0   1.40440179829e-14
1043.0   1.65703584523e-14
1044.0   1.93523767523e-14
1045.0   2.17934912781e-14
1046.0   2.57138846813e-14
1047.0   3.05474131938e-14
1048.0   3.44982444339e-14
1049.0   3.80229459562e-14
1050.0   4.30025760863e-14
1051.0   4.76169521725e-14
1052.0   4.96075867111e-14
1053.0   5.0959026673e-14
1054.0   5.14886450365e-14
1055.0   5.18599866476e-14
1056.0   5.29861866159e-14
1057.0   5.22922039328e-14
1058.0   4.9638024548e-14
1059.0   4.87188018712e-14
1060.0   5.05085466857e-14
1061.0   5.55368773549e-14
1062.0   6.2945446876e-14
1063.0   7.71903545829e-14
1064.0   9.97143539486e-14
1065.0   1.14385391373e-13
1066.0   1.29360807168e-13
1067.0   1.42570828417e-13
1068.0   1.52919692991e-13
1069.0   1.56450482081e-13
1070.0   1.49267152553e-13
1071.0   1.38735660958e-13
1072.0   1.31917585474e-13
1073.0   1.27656288297e-13
1074.0   1.22907985728e-13
1075.0   1.1371575896e-13
1076.0   1.04706159213e-13
1077.0   1.0111449445e-13
1078.0   1.04767034887e-13
1079.0   1.15481153505e-13
1080.0   1.36909390739e-13
1081.0   1.66373216936e-13
1082.0   1.99854837615e-13
1083.0   2.31449312401e-13
1084.0   2.5172091183e-13
1085.0   2.72357765303e-13
1086.0   2.90072586426e-13
1087.0   2.99995321281e-13
1088.0   3.07422153505e-13
1089.0   3.13266218205e-13
1090.0   3.17892769426e-13
1091.0   3.21545309864e-13
1092.0   3.24223839518e-13
1093.0   3.26171861085e-13
1094.0   3.27511125912e-13
1095.0   3.28606888043e-13
1098.0   3.29763525848e-13
1100.0   3.2994615287e-13
1102.0   3.29398271805e-13
1104.0   3.28119882651e-13
1106.0   3.26415363781e-13
1108.0   3.24284715192e-13
1110.0   3.2148443419e-13
1112.0   3.18379774818e-13
1114.0   3.14909861402e-13
1119.0   3.07604780526e-13
1123.0   3.00543202347e-13
1127.0   2.93177245798e-13
1129.0   2.8891594862e-13
1131.0   2.84167646051e-13
1133.0   2.78871462417e-13
1135.0   2.7308827339e-13
1140.0   2.61217516968e-13
1142.0   2.55129949572e-13
1144.0   2.4849450111e-13
1146.0   2.41311171583e-13
1148.0   2.33519085316e-13
1150.0   2.25361745005e-13
1152.0   2.17021777672e-13
1154.0   2.08316556296e-13
1157.0   1.99367832223e-13
1159.0   1.89932102759e-13
1161.0   1.80070243578e-13
1163.0   1.69782254678e-13
1165.0   1.59250763083e-13
1167.0   1.4859752014e-13
1169.0   1.37944277196e-13
1171.0   1.26986655883e-13
1173.0   1.15542029179e-13
1176.0   1.040365268e-13
1178.0   9.2835402791e-14
1180.0   8.19995328259e-14
1182.0   7.13462898827e-14
1183.0   6.61718575959e-14
1184.0   6.11191766572e-14
1185.0   5.62856481446e-14
1186.0   5.16286590866e-14
1187.0   4.717864732e-14
1188.0   4.50479987314e-14
1189.0   4.09632410086e-14
1190.0   3.70854605772e-14
1191.0   3.34694455439e-14
1192.0   3.00664953695e-14
1193.0   2.69253105931e-14
1194.0   2.40641539169e-14
1195.0   2.27309766572e-14
1196.0   2.02533367269e-14
1197.0   1.80131119252e-14
1198.0   1.60103022518e-14
1199.0   1.42388201395e-14
1200.0   1.26864904535e-14
1201.0   1.13167877894e-14
1202.0   1.01236245798e-14
1203.0   9.07656298763e-15
1204.0   8.60782029813e-15
1205.0   7.76164843007e-15
1206.0   7.01896520774e-15
1207.0   6.36759549635e-15
1208.0   5.78136275611e-15
1209.0   5.25965823026e-15
1210.0   4.78421921662e-15
1211.0   4.34104431018e-15
1212.0   3.69697967967e-15
1213.0   3.48391482081e-15
1214.0   3.26537115128e-15
1215.0   2.17813161434e-15
1216.0   6.0778272883e-16
1217.0   1.37031142087e-15
1218.0   3.24345590866e-15
1219.0   3.73472259753e-15
1220.0   4.29477879797e-15
1221.0   4.57602441167e-15
1222.0   5.01737304789e-15
1223.0   5.50681346654e-15
1224.0   6.15453063749e-15
1225.0   6.49543441167e-15
1226.0   7.06766574691e-15
1227.0   7.7068603235e-15
1228.0   8.29735436093e-15
1229.0   8.8147975896e-15
1230.0   9.38702892483e-15
1231.0   1.00688364732e-14
1232.0   1.12741748176e-14
1233.0   1.33013347605e-14
1234.0   1.55293844275e-14
1235.0   1.81287757057e-14
1236.0   2.10203702188e-14
1237.0   2.41432922931e-14
1238.0   2.75097170631e-14
1239.0   3.12170456074e-14
1240.0   3.67871697748e-14
1241.0   3.97944280685e-14
1242.0   4.61072354583e-14
1243.0   4.93945218522e-14
1244.0   5.64134870599e-14
1245.0   6.01573410086e-14
1246.0   6.78763764669e-14
1247.0   7.5485835712e-14
1249.0   8.29735436093e-14
1250.0   9.05830028544e-14
1251.0   9.83750891215e-14
1253.0   1.05741045671e-13
1254.0   1.12741748176e-13
1255.0   1.1955982366e-13
1257.0   1.26499650492e-13
1258.0   1.33256850301e-13
1259.0   1.39527044719e-13
1261.0   1.45310233746e-13
1262.0   1.51032547098e-13
1263.0   1.56693984776e-13
1265.0   1.62294546781e-13
1266.0   1.6734722772e-13
1267.0   1.71852027593e-13
1268.0   1.76235076118e-13
1271.0   1.84453292103e-13
1274.0   1.92001875674e-13
1276.0   1.98637324136e-13
1279.0   2.04664015858e-13
1282.0   2.10021075167e-13
1284.0   2.14769377735e-13
1287.0   2.18908923565e-13
1290.0   2.22500588329e-13
1292.0   2.25422620679e-13
1295.0   2.27796771963e-13
1298.0   2.29866544878e-13
1300.0   2.31692815097e-13
1305.0   2.35101852839e-13
1310.0   2.37597755471e-13
1312.0   2.38754393276e-13
1315.0   2.39606652712e-13
1318.0   2.40337160799e-13
1320.0   2.40093658103e-13
1325.0   2.39484901364e-13
1330.0   2.38571766254e-13
1335.0   2.37780382493e-13
1340.0   2.37354252775e-13
1345.0   2.38084760863e-13
1350.0   2.38328263559e-13
1355.0   2.37658631145e-13
1358.0   2.37232501427e-13
1360.0   2.36441117666e-13
1362.0   2.35162728513e-13
1365.0   2.33032079924e-13
1368.0   2.3035355027e-13
1370.0   2.27370642245e-13
1375.0   2.22135334285e-13
1380.0   2.17508783064e-13
1385.0   2.11725594037e-13
1388.0   2.08438307644e-13
1390.0   2.05638026641e-13
1391.0   2.04785767206e-13
1392.0   2.0393350777e-13
1394.0   2.03811756422e-13
1395.0   2.0393350777e-13
1396.0   2.04055259118e-13
1398.0   2.04724891532e-13
1399.0   2.05759777989e-13
1400.0   2.06977291468e-13
1402.0   2.10142826514e-13
1405.0   2.13673615604e-13
1408.0   2.17082653346e-13
1410.0   2.20126437044e-13
1412.0   2.22561464003e-13
1415.0   2.24326858547e-13
1418.0   2.25422620679e-13
1420.0   2.25970501744e-13
1422.0   2.26092253092e-13
1425.0   2.25848750396e-13
1430.0   2.24752988265e-13
1435.0   2.2329197209e-13
1445.0   2.19882934348e-13
1455.0   2.16230393911e-13
1465.0   2.12577853473e-13
1485.0   2.05394523945e-13
1505.0   1.98515572788e-13
1525.0   1.91941e-13
1545.0   1.85549054234e-13
1565.0   1.79522362512e-13
1585.0   1.73678297812e-13
1605.0   1.68199487155e-13
1625.0   1.62964179194e-13
1645.0   1.57911498256e-13
1665.0   1.53102320013e-13
1685.0   1.48475768792e-13
1705.0   1.44092720266e-13
1725.0   1.39831423089e-13
1745.0   1.35752752934e-13
1765.0   1.318567098e-13
1785.0   1.28082418015e-13
1805.0   1.24490753251e-13
1825.0   1.21020839835e-13
1845.0   1.17672677767e-13
1865.0   1.14507142721e-13
1885.0   1.11402483349e-13
1905.0   1.08419575325e-13
1925.0   1.05558418649e-13
1945.0   1.02819013321e-13
1965.0   1.0020135934e-13
1985.0   9.76445810339e-14
2005.0   9.51486784015e-14
2025.0   9.2774527117e-14
2045.0   9.04612515065e-14
2065.0   8.82697272439e-14
2085.0   8.61390786552e-14
2105.0   8.40693057406e-14
2125.0   8.20604084998e-14
2145.0   8.01123869331e-14
2165.0   7.82252410403e-14
2185.0   7.63989708214e-14
2205.0   7.46335762766e-14
2225.0   7.29290574056e-14
2245.0   7.12854142087e-14
2265.0   6.97026466857e-14
2285.0   6.81198791627e-14
2305.0   6.66588629876e-14
2325.0   6.51978468126e-14
2345.0   6.37368306375e-14
2365.0   6.23975658103e-14
2385.0   6.10583009832e-14
2405.0   5.97677366952e-14
2425.0   5.85136978116e-14
2445.0   5.7290096765e-14
2465.0   5.61030211227e-14
2485.0   5.49524708849e-14
2505.0   5.38262709166e-14
2525.0   5.27365963527e-14
2545.0   5.16773596258e-14
2565.0   5.06424731684e-14
2585.0   4.9638024548e-14
2605.0   4.86640137647e-14
2625.0   4.77082656835e-14
2645.0   4.67829554393e-14
2665.0   4.58819954646e-14
2685.0   4.50053857596e-14
2705.0   4.41470387567e-14
2725.0   4.33130420235e-14
2745.0   4.24973079924e-14
2765.0   4.17059242309e-14
2785.0   4.09328031716e-14
2805.0   4.01779448145e-14
2825.0   3.94413491595e-14
2845.0   3.87230162068e-14
2865.0   3.80229459562e-14
2885.0   3.73411384079e-14
2905.0   3.66775935617e-14
2925.0   3.60262238503e-14
2945.0   3.53870292737e-14
2965.0   3.47660973993e-14
2985.0   3.41634282271e-14
3005.0   3.35668466223e-14
3025.0   3.29885277196e-14
3045.0   3.24223839518e-14
3065.0   3.18745028861e-14
3085.0   3.13327093879e-14
3105.0   3.08030910244e-14
3125.0   3.02856477958e-14
3145.0   2.97803797019e-14
3165.0   2.92872867428e-14
3185.0   2.88063689185e-14
3205.0   2.83315386616e-14
3225.0   2.78688835395e-14
3245.0   2.74123159848e-14
3265.0   2.69740111323e-14
3285.0   2.65357062797e-14
3305.0   2.61156641294e-14
3325.0   2.56956219791e-14
3345.0   2.52877549635e-14
3365.0   2.48920630828e-14
3385.0   2.45024587694e-14
3405.0   2.41189420235e-14
3425.0   2.37415128449e-14
3445.0   2.33762588011e-14
3465.0   2.30170923248e-14
3485.0   2.26640134158e-14
3505.0   2.23170220742e-14
3525.0   2.19822058674e-14
3545.0   2.16473896606e-14
3565.0   2.13186610212e-14
3585.0   2.10021075167e-14
3605.0   2.06855540121e-14
3625.0   2.03811756422e-14
3643.0   2.01072351094e-14
3644.0   2.00828848398e-14
3645.0   2.0070709705e-14
3647.0   2.00037464637e-14
3650.0   1.99611334919e-14
3660.0   1.9808944307e-14
3670.0   1.96567551221e-14
3676.0   1.95593540438e-14
3680.0   1.95045659372e-14
3683.0   1.9455865398e-14
3684.0   1.94436902632e-14
3687.0   1.94010772915e-14
3688.0   1.93828145893e-14
3693.0   1.93158513479e-14
3698.0   1.92306254044e-14
3703.0   1.9163662163e-14
3704.0   1.91453994608e-14
3705.0   1.9133224326e-14
3707.0   1.90966989217e-14
3710.0   1.90601735173e-14
3712.0   1.90358232477e-14
3713.0   1.90114729781e-14
3716.0   1.89688600063e-14
3721.0   1.88958091976e-14
3722.0   1.88897216302e-14
3723.0   1.8871458928e-14
3725.0   1.88471086584e-14
3728.0   1.88044956866e-14
3735.0   1.87010070409e-14
3739.0   1.86583940691e-14
3742.0   1.86157810974e-14
3746.0   1.8548817856e-14
3747.0   1.8518380019e-14
3749.0   1.84757670473e-14
3751.0   1.84392416429e-14
3753.0   1.84392416429e-14
3755.0   1.84392416429e-14
3759.0   1.84270665081e-14
3761.0   1.83966286711e-14
3763.0   1.83661908341e-14
3766.0   1.8256614621e-14
3769.0   1.81592135427e-14
3770.0   1.81105130035e-14
3772.0   1.80739875991e-14
3773.0   1.80983378687e-14
3774.0   1.81348632731e-14
3776.0   1.81713886775e-14
3777.0   1.82079140818e-14
3778.0   1.82322643514e-14
3781.0   1.82687897558e-14
3784.0   1.8256614621e-14
3786.0   1.82018265144e-14
3789.0   1.80922503013e-14
3792.0   1.79400611164e-14
3794.0   1.77452589597e-14
3795.0   1.76904708532e-14
3797.0   1.75382816683e-14
3798.0   1.74713184269e-14
3799.0   1.74347930225e-14
3800.0   1.74774059943e-14
3801.0   1.7550456803e-14
3802.0   1.76295951792e-14
3804.0   1.77939594989e-14
3806.0   1.79461486838e-14
3808.0   1.80861627339e-14
3810.0   1.81835638122e-14
3812.0   1.82627021884e-14
3814.0   1.82931400254e-14
3816.0   1.82992275928e-14
3817.0   1.82748773232e-14
3819.0   1.8195738947e-14
3821.0   1.80739875991e-14
3823.0   1.79278859816e-14
3825.0   1.77148211227e-14
3827.0   1.74713184269e-14
3829.0   1.71973778941e-14
3831.0   1.68929995243e-14
3833.0   1.65703584523e-14
3835.0   1.62598925151e-14
3836.0   1.61503163019e-14
3837.0   1.6089440628e-14
3838.0   1.62111919759e-14
3839.0   1.64607822391e-14
3841.0   1.67225476372e-14
3844.0   1.72521660006e-14
3847.0   1.77391713923e-14
3848.0   1.7964411386e-14
3850.0   1.81531259753e-14
3851.0   1.83235778624e-14
3853.0   1.84635919125e-14
3854.0   1.85975183952e-14
3856.0   1.86949194735e-14
3857.0   1.87618827149e-14
3859.0   1.87984081193e-14
3860.0   1.88166708214e-14
3861.0   1.88227583888e-14
3863.0   1.87923205519e-14
3864.0   1.87314448779e-14
3866.0   1.86279562322e-14
3867.0   1.85062048842e-14
3869.0   1.83783659689e-14
3870.0   1.82200892166e-14
3872.0   1.80191994925e-14
3873.0   1.77696092293e-14
3875.0   1.74956686965e-14
3876.0   1.72095530289e-14
3877.0   1.70756265461e-14
3878.0   1.69173497938e-14
3879.0   1.67468979068e-14
3881.0   1.62051044085e-14
3882.0   1.58398503647e-14
3884.0   1.54380709166e-14
3885.0   1.5030203901e-14
3887.0   1.46893001269e-14
3888.0   1.41962071678e-14
3889.0   1.40744558199e-14
3890.0   1.38796536632e-14
3891.0   1.38735660958e-14
3892.0   1.43057833809e-14
3894.0   1.479887634e-14
3896.0   1.52919692991e-14
3898.0   1.57728871234e-14
3899.0   1.62294546781e-14
3901.0   1.66860222328e-14
3902.0   1.69112622265e-14
3903.0   1.71243270853e-14
3904.0   1.73130416746e-14
3905.0   1.75017562639e-14
3907.0   1.78974481446e-14
3908.0   1.82687897558e-14
3910.0   1.85914308278e-14
3912.0   1.88531962258e-14
3914.0   1.91027864891e-14
3915.0   1.93402016175e-14
3917.0   1.95410913416e-14
3919.0   1.96932805265e-14
3921.0   1.98150318744e-14
3923.0   1.99063453853e-14
3924.0   1.99793961941e-14
3926.0   2.00159215985e-14
3928.0   2.00402718681e-14
3930.0   2.00341843007e-14
3931.0   1.99976588963e-14
3933.0   1.99306956549e-14
3935.0   1.9839382144e-14
3937.0   1.97176307961e-14
3938.0   1.9547178909e-14
3940.0   1.93523767523e-14
3942.0   1.9133224326e-14
3944.0   1.88653713606e-14
3946.0   1.85427302886e-14
3947.0   1.81835638122e-14
3949.0   1.78061346337e-14
3951.0   1.74287054551e-14
3953.0   1.7026926007e-14
3954.0   1.65642708849e-14
3956.0   1.6059002791e-14
3958.0   1.55780849667e-14
3960.0   1.50728168728e-14
3962.0   1.45188482398e-14
3963.0   1.39831423089e-14
3965.0   1.34109109737e-14
3967.0   1.28265045036e-14
3968.0   1.25343012686e-14
3969.0   1.22360104662e-14
3970.0   1.19133693942e-14
3971.0   1.13959261656e-14
3972.0   1.13898385982e-14
3973.0   1.17916180463e-14
3974.0   1.23516742467e-14
3975.0   1.26195272122e-14
3977.0   1.31247953061e-14
3978.0   1.36118006977e-14
3980.0   1.41109812242e-14
3981.0   1.45797239137e-14
3983.0   1.50545541706e-14
3985.0   1.54928590232e-14
3986.0   1.59189887409e-14
3988.0   1.6381643863e-14
3990.0   1.68016860133e-14
3991.0   1.71912903267e-14
3993.0   1.75565443704e-14
3994.0   1.79217984142e-14
3996.0   1.8287052458e-14
3998.0   1.86462189343e-14
3999.0   1.89688600063e-14
4001.0   1.9254975674e-14
4002.0   1.95106535046e-14
4004.0   1.97541562004e-14
4006.0   1.99793961941e-14
4007.0   2.01802859182e-14
4009.0   2.03568253727e-14
4012.0   2.06490286077e-14
4015.0   2.08742686013e-14
4019.0   2.10447204884e-14
4022.0   2.11725594037e-14
4025.0   2.12638729147e-14
4028.0   2.13186610212e-14
4031.0   2.13430112908e-14
4035.0   2.1330836156e-14
4038.0   2.12882231843e-14
4041.0   2.12151723755e-14
4044.0   2.11055961624e-14
4048.0   2.09534069775e-14
4051.0   2.07403421186e-14
4054.0   2.04785767206e-14
4057.0   2.01741983508e-14
4061.0   1.97906816048e-14
4064.0   1.93280264827e-14
4067.0   1.87984081193e-14
4070.0   1.82322643514e-14
4073.0   1.76295951792e-14
4077.0   1.69721379004e-14
4080.0   1.62294546781e-14
4081.0   1.58581130669e-14
4083.0   1.5474596321e-14
4085.0   1.50789044402e-14
4086.0   1.46527747225e-14
4090.0   1.37822525848e-14
4091.0   1.33500352997e-14
4093.0   1.28812926102e-14
4094.0   1.24186374881e-14
4096.0   1.20655585791e-14
4097.0   1.15055023787e-14
4098.0   1.12072115763e-14
4099.0   1.09089207739e-14
4100.0   1.05862797019e-14
4101.0   1.04097402474e-14
4102.0   1.00323110688e-14
4103.0   9.52095540755e-15
4104.0   9.69749486204e-15
4105.0   1.02940764669e-14
4106.0   1.07932569933e-14
4107.0   1.1079372661e-14
4108.0   1.1371575896e-14
4110.0   1.19072818268e-14
4112.0   1.24308126229e-14
4114.0   1.29299931494e-14
4116.0   1.34109109737e-14
4117.0   1.38492158262e-14
4119.0   1.43301336505e-14
4121.0   1.47806136378e-14
4123.0   1.51945682207e-14
4125.0   1.55963476689e-14
4127.0   1.59859519822e-14
4128.0   1.63633811608e-14
4130.0   1.6734722772e-14
4132.0   1.70634514114e-14
4134.0   1.73860924833e-14
4136.0   1.76965584206e-14
4138.0   1.80009367904e-14
4141.0   1.8579255693e-14
4143.0   1.88592837932e-14
4145.0   1.90966989217e-14
4147.0   1.93219389153e-14
4149.0   1.95228286394e-14
4152.0   1.9869819981e-14
4156.0   2.01681107834e-14
4160.0   2.04055259118e-14
4163.0   2.05881529337e-14
4167.0   2.07281669838e-14
4171.0   2.0837743197e-14
4174.0   2.09107940057e-14
4182.0   2.10203702188e-14
4189.0   2.1069070758e-14
4196.0   2.1069070758e-14
4204.0   2.1038632921e-14
4211.0   2.09838448145e-14
4218.0   2.09107940057e-14
4226.0   2.080730536e-14
4233.0   2.06794664447e-14
4240.0   2.05211896924e-14
4248.0   2.03324751031e-14
4255.0   2.00950599746e-14
4262.0   1.977850647e-14
4266.0   1.95958794481e-14
4270.0   1.93889021567e-14
4273.0   1.91514870282e-14
4277.0   1.88775464954e-14
4281.0   1.85731681256e-14
4284.0   1.82200892166e-14
4288.0   1.78609227402e-14
4292.0   1.74713184269e-14
4295.0   1.70634514114e-14
4299.0   1.66190589914e-14
4303.0   1.61320535997e-14
4306.0   1.56024352363e-14
4310.0   1.50362914684e-14
4314.0   1.44397098636e-14
4317.0   1.37944277196e-14
4321.0   1.31004450365e-14
4325.0   1.23638493815e-14
4328.0   1.15907283222e-14
4330.0   1.11828613067e-14
4332.0   1.07689067238e-14
4334.0   1.0342777006e-14
4336.0   9.88620945132e-15
4337.0   9.64879432287e-15
4338.0   9.39311649223e-15
4339.0   9.1313510942e-15
4340.0   8.6565208373e-15
4341.0   8.3399673327e-15
4342.0   7.57902140818e-15
4343.0   8.25474138915e-15
4344.0   8.70522137647e-15
4345.0   9.10700082461e-15
4346.0   9.33224081827e-15
4348.0   9.94099755788e-15
4350.0   1.03184267364e-14
4351.0   1.06593305106e-14
4353.0   1.10063218522e-14
4354.0   1.13228753568e-14
4356.0   1.16394288614e-14
4359.0   1.22664483032e-14
4362.0   1.28386796384e-14
4366.0   1.33804731367e-14
4369.0   1.38796536632e-14
4372.0   1.43301336505e-14
4375.0   1.47562633682e-14
4378.0   1.51458676816e-14
4382.0   1.55172092927e-14
4385.0   1.58459379321e-14
4388.0   1.61442287345e-14
4391.0   1.64059941326e-14
4394.0   1.66555843958e-14
4398.0   1.68929995243e-14
4401.0   1.71060643831e-14
4404.0   1.73069541072e-14
4407.0   1.74713184269e-14
4410.0   1.76174200444e-14
4414.0   1.77330838249e-14
4417.0   1.78304849033e-14
4423.0   1.79765865208e-14
4430.0   1.80679000317e-14
4436.0   1.81166005709e-14
4442.0   1.81348632731e-14
4449.0   1.81287757057e-14
4455.0   1.81044254361e-14
4462.0   1.80739875991e-14
4468.0   1.80252870599e-14
4474.0   1.79765865208e-14
4481.0   1.79217984142e-14
4487.0   1.78609227402e-14
4494.0   1.77939594989e-14
4500.0   1.77330838249e-14
4506.0   1.76661205836e-14
4513.0   1.75930697748e-14
4519.0   1.75261065335e-14
4526.0   1.74530557247e-14
4532.0   1.7380004916e-14
4538.0   1.73069541072e-14
4545.0   1.72339032984e-14
4551.0   1.71608524897e-14
4558.0   1.70878016809e-14
4564.0   1.70086633048e-14
4570.0   1.6935612496e-14
4577.0   1.68625616873e-14
4583.0   1.67834233111e-14
4590.0   1.67103725024e-14
4596.0   1.66312341262e-14
4602.0   1.65581833175e-14
4609.0   1.64851325087e-14
4615.0   1.64059941326e-14
4622.0   1.63329433238e-14
4628.0   1.62538049477e-14
4634.0   1.61746665715e-14
4641.0   1.61016157628e-14
4647.0   1.60224773866e-14
4654.0   1.59433390105e-14
4660.0   1.58642006343e-14
4666.0   1.57850622582e-14
4673.0   1.56998363146e-14
4679.0   1.56146103711e-14
4686.0   1.55293844275e-14
4692.0   1.5444158484e-14
4698.0   1.5352844973e-14
4705.0   1.52554438947e-14
4711.0   1.51580428164e-14
4718.0   1.50545541706e-14
4724.0   1.49449779575e-14
4730.0   1.4829314177e-14
4737.0   1.47014752617e-14
4743.0   1.45736363463e-14
4750.0   1.44336222962e-14
4756.0   1.42814331113e-14
4762.0   1.41170687916e-14
4769.0   1.39283542023e-14
4775.0   1.37274644783e-14
4782.0   1.35022244846e-14
4788.0   1.3246546654e-14
4794.0   1.29604309864e-14
4801.0   1.2631702347e-14
4807.0   1.22603607358e-14
4814.0   1.18464061529e-14
4817.0   1.16272537266e-14
4820.0   1.13837510308e-14
4823.0   1.11341607675e-14
4826.0   1.08663078021e-14
4830.0   1.05801921345e-14
4833.0   1.02758137647e-14
4836.0   9.95926026007e-15
4839.0   9.61835648589e-15
4842.0   9.26527757691e-15
4846.0   8.89393596575e-15
4849.0   8.50433165239e-15
4852.0   8.09037706946e-15
4854.0   7.8712246432e-15
4855.0   7.64598464954e-15
4857.0   7.40248195369e-15
4858.0   7.26855547098e-15
4859.0   6.98243980336e-15
4860.0   6.81198791627e-15
4861.0   6.6110981922e-15
4862.0   6.32498252458e-15
4863.0   5.37958330796e-15
4864.0   6.17279333968e-15
4865.0   6.66588629876e-15
4866.0   6.84851332065e-15
4867.0   7.14071655566e-15
4868.0   7.27464303838e-15
4870.0   7.51205816683e-15
4871.0   7.73121059309e-15
4873.0   7.93210031716e-15
4874.0   8.12690247383e-15
4876.0   8.32170463051e-15
4879.0   8.68087110688e-15
4882.0   9.01568731367e-15
4886.0   9.33224081827e-15
4889.0   9.63053162068e-15
4892.0   9.9044721535e-15
4895.0   1.01601499841e-14
4898.0   1.03975651126e-14
4902.0   1.06167175389e-14
4905.0   1.08176072629e-14
4908.0   1.10002342848e-14
4911.0   1.11645986045e-14
4914.0   1.13228753568e-14
4918.0   1.14568018395e-14
4924.0   1.17063921028e-14
4930.0   1.19133693942e-14
4937.0   1.20716461465e-14
4943.0   1.21933974944e-14
4950.0   1.22907985728e-14
4956.0   1.23577618141e-14
4962.0   1.24125499207e-14
4969.0   1.24429877577e-14
4975.0   1.24673380273e-14
4982.0   1.24734255947e-14
4988.0   1.24673380273e-14
4989.0   1.24673380273e-14
4994.0   1.24612504599e-14
5000.0   1.24490753251e-14
5010.0   1.24125499207e-14
5020.0   1.23638493815e-14
5040.0   1.2248185601e-14
5060.0   1.21081715509e-14
5080.0   1.19620699334e-14
5100.0   1.18159683159e-14
5120.0   1.1663779131e-14
5140.0   1.15115899461e-14
5160.0   1.13654883286e-14
5180.0   1.12193867111e-14
5200.0   1.10732850936e-14
5220.0   1.09271834761e-14
5240.0   1.07871694259e-14
5260.0   1.06471553758e-14
5280.0   1.05132288931e-14
5300.0   1.0373214843e-14
5320.0   1.02392883603e-14
5340.0   1.0111449445e-14
5360.0   9.98361052965e-15
5380.0   9.85577161434e-15
5400.0   9.72793269902e-15
5420.0   9.60618135109e-15
5440.0   9.48443000317e-15
5460.0   9.36267865525e-15
5480.0   9.24701487472e-15
5500.0   9.1313510942e-15
5520.0   9.01568731367e-15
5540.0   8.90611110054e-15
5560.0   8.79653488741e-15
5580.0   8.68695867428e-15
5600.0   8.57738246115e-15
5620.0   8.47389381541e-15
5640.0   8.37040516968e-15
5660.0   8.26691652395e-15
5680.0   8.16342787821e-15
5700.0   8.06602679987e-15
5720.0   7.96862572154e-15
5740.0   7.8712246432e-15
5760.0   7.77991113225e-15
5780.0   7.68251005392e-15
5800.0   7.59119654297e-15
5820.0   7.49988303203e-15
5840.0   7.40856952109e-15
5860.0   7.32334357755e-15
5880.0   7.238117634e-15
5900.0   7.15289169045e-15
5920.0   7.06766574691e-15
5940.0   6.98243980336e-15
5960.0   6.90330142721e-15
5980.0   6.82416305106e-15
6000.0   6.74502467491e-15
6020.0   6.66588629876e-15
6040.0   6.58674792261e-15
6060.0   6.50760954646e-15
6080.0   6.43455873771e-15
6100.0   6.36150792896e-15
6120.0   6.2884571202e-15
6140.0   6.21540631145e-15
6160.0   6.1423555027e-15
6180.0   6.0717397209e-15
6200.0   6.00112393911e-15
6220.0   5.93111691405e-15
6240.0   5.86171864573e-15
6260.0   5.79232037742e-15
6280.0   5.72353086584e-15
6300.0   5.65474135427e-15
6320.0   5.58534308595e-15
6340.0   5.51472730415e-15
6360.0   5.44289400888e-15
6380.0   5.36801692991e-15
6400.0   5.2894873105e-15
6420.0   5.20243509673e-15
6440.0   5.10320774818e-15
6450.0   5.04537585791e-15
6460.0   4.98084764351e-15
6470.0   4.90718807802e-15
6480.0   4.82378840469e-15
6490.0   4.7269960831e-15
6495.0   4.67038170631e-15
6500.0   4.61254981605e-15
6505.0   4.54741284491e-15
6510.0   4.47557954964e-15
6515.0   4.39704993023e-15
6520.0   4.3106064732e-15
6525.0   4.21564042182e-15
6530.0   4.11154301935e-15
6535.0   3.9970967523e-15
6540.0   3.87169286394e-15
6545.0   3.73350508405e-15
6548.0   3.65984551855e-15
6550.0   3.58192465588e-15
6552.0   3.4991337393e-15
6555.0   3.40903774183e-15
6556.0   3.3609459594e-15
6558.0   3.30981039328e-15
6559.0   3.25380477323e-15
6560.0   3.19171158579e-15
6561.0   3.15701245163e-15
6562.0   3.07483029179e-15
6563.0   2.98777807802e-15
6564.0   2.79175840787e-15
6565.0   2.28892534095e-15
6566.0   2.83741516334e-15
6567.0   3.00543202347e-15
6568.0   3.08700542658e-15
6569.0   3.1734488836e-15
6570.0   3.22154066603e-15
6571.0   3.26476239454e-15
6573.0   3.34207450048e-15
6575.0   3.41086401205e-15
6577.0   3.47417471297e-15
6579.0   3.53322411671e-15
6581.0   3.58862098002e-15
6585.0   3.69089211227e-15
6589.0   3.78403189343e-15
6593.0   3.8680403235e-15
6597.0   3.94474367269e-15
6601.0   4.01414194101e-15
6605.0   4.07562637171e-15
6609.0   4.13163199175e-15
6613.0   4.18094128766e-15
6617.0   4.22538052965e-15
6621.0   4.26434096099e-15
6629.0   4.32886917539e-15
6637.0   4.3781784713e-15
6645.0   4.41531263241e-15
6653.0   4.44209792896e-15
6661.0   4.46157814462e-15
6669.0   4.47436203616e-15
6677.0   4.48105836029e-15
6693.0   4.48227587377e-15
6709.0   4.47131825246e-15
6725.0   4.45305555027e-15
6741.0   4.42931403742e-15
6757.0   4.40252874088e-15
6773.0   4.37391717412e-15
6789.0   4.34347933714e-15
6805.0   4.31243274342e-15
6821.0   4.28016863622e-15
6837.0   4.24790452902e-15
6853.0   4.21564042182e-15
6869.0   4.18276755788e-15
6885.0   4.15050345068e-15
6901.0   4.11823934348e-15
6917.0   4.08536647954e-15
6933.0   4.05310237234e-15
6949.0   4.02144702188e-15
6965.0   3.98918291468e-15
6981.0   3.95752756422e-15
6997.0   3.9264809705e-15
7013.0   3.89482562004e-15
7029.0   3.86377902632e-15
7045.0   3.83334118934e-15
7061.0   3.80290335236e-15
7077.0   3.77246551538e-15
7093.0   3.74263643514e-15
7109.0   3.71341611164e-15
7125.0   3.6835870314e-15
7141.0   3.65497546464e-15
7157.0   3.62575514114e-15
7173.0   3.59714357437e-15
7189.0   3.56914076435e-15
7205.0   3.54113795433e-15
7221.0   3.51374390105e-15
7237.0   3.48574109102e-15
7253.0   3.45895579448e-15
7269.0   3.43217049794e-15
7285.0   3.4053852014e-15
7301.0   3.37859990485e-15
7317.0   3.35303212179e-15
7333.0   3.32685558199e-15
7349.0   3.30128779892e-15
7365.0   3.2763287726e-15
7381.0   3.25076098953e-15
7397.0   3.22580196321e-15
7413.0   3.20145169363e-15
7429.0   3.17710142404e-15
7445.0   3.15275115446e-15
7461.0   3.12900964161e-15
7477.0   3.10526812877e-15
7493.0   3.08152661592e-15
7509.0   3.05839385982e-15
7525.0   3.03526110371e-15
7541.0   3.01212834761e-15
7557.0   2.98960434824e-15
7573.0   2.96708034887e-15
7589.0   2.94516510625e-15
7605.0   2.92264110688e-15
7621.0   2.901334621e-15
7637.0   2.87941937837e-15
7653.0   2.85811289248e-15
7669.0   2.8368064066e-15
7685.0   2.81610867745e-15
7701.0   2.7954109483e-15
7717.0   2.77471321916e-15
7733.0   2.75401549001e-15
7749.0   2.7339265176e-15
7765.0   2.7138375452e-15
7781.0   2.69374857279e-15
7797.0   2.67426835712e-15
7813.0   2.65478814145e-15
7829.0   2.63530792578e-15
7845.0   2.61643646686e-15
7861.0   2.59756500793e-15
7877.0   2.578693549e-15
7893.0   2.55982209007e-15
7909.0   2.54155938788e-15
7925.0   2.5232966857e-15
7941.0   2.50503398351e-15
7957.0   2.48738003806e-15
7973.0   2.46911733587e-15
7989.0   2.45146339042e-15
8005.0   2.43441820171e-15
8021.0   2.41676425626e-15
8037.0   2.39971906755e-15
8053.0   2.38267387885e-15
8069.0   2.36562869014e-15
8085.0   2.34919225817e-15
8101.0   2.3327558262e-15
8117.0   2.31631939423e-15
8133.0   2.29988296226e-15
8149.0   2.28344653029e-15
8165.0   2.26761885506e-15
8181.0   2.25179117983e-15
8188.0   2.24509485569e-15
8197.0   2.2359635046e-15
8206.0   2.22622339676e-15
8224.0   2.20856945132e-15
8242.0   2.19091550587e-15
8260.0   2.17326156042e-15
8278.0   2.15621637171e-15
8296.0   2.139171183e-15
8314.0   2.12273475103e-15
8332.0   2.10568956232e-15
8350.0   2.08925313035e-15
8368.0   2.07281669838e-15
8378.0   2.06429410403e-15
8387.0   2.05698902315e-15
8395.0   2.04968394228e-15
8406.0   2.0393350777e-15
8409.0   2.03690005075e-15
8411.0   2.03507378053e-15
8416.0   2.03142124009e-15
8425.0   2.02289864573e-15
8440.0   2.00950599746e-15
8442.0   2.00828848398e-15
8456.0   1.99611334919e-15
8470.0   1.98454697114e-15
8483.0   1.97237183635e-15
8490.0   1.96689302569e-15
8497.0   1.96080545829e-15
8505.0   1.9547178909e-15
8520.0   1.94193399937e-15
8522.0   1.94071648589e-15
8535.0   1.92975886457e-15
8548.0   1.91941e-15
8561.0   1.90845237869e-15
8574.0   1.89749475737e-15
8587.0   1.8871458928e-15
8599.0   1.87740578497e-15
8600.0   1.87679702823e-15
8601.0   1.87618827149e-15
8602.0   1.87497075801e-15
8606.0   1.87192697431e-15
8613.0   1.86644816365e-15
8627.0   1.85549054234e-15
8641.0   1.84514167777e-15
8642.0   1.84392416429e-15
8655.0   1.83418405645e-15
8667.0   1.82444394862e-15
8680.0   1.81470384079e-15
8693.0   1.80557248969e-15
8706.0   1.79583238186e-15
8719.0   1.78548351729e-15
8731.0   1.77574340945e-15
8736.0   1.77269962575e-15
8744.0   1.76600330162e-15
8753.0   1.75991573422e-15
8770.0   1.74834935617e-15
8787.0   1.73678297812e-15
8804.0   1.72460784332e-15
8821.0   1.71243270853e-15
8839.0   1.70025757374e-15
8846.0   1.69417000634e-15
8856.0   1.68747368221e-15
8865.0   1.68077735807e-15
8884.0   1.6704284935e-15
8903.0   1.66007962892e-15
8922.0   1.64912200761e-15
8941.0   1.63451184586e-15
8960.0   1.62111919759e-15
8979.0   1.60650903584e-15
8998.0   1.59068136061e-15
9016.0   1.57546244212e-15
9017.0   1.57485368538e-15
9019.0   1.5736361719e-15
9022.0   1.57302741516e-15
9028.0   1.57120114494e-15
9039.0   1.56815736124e-15
9051.0   1.56450482081e-15
9063.0   1.56085228037e-15
9074.0   1.55598222645e-15
9086.0   1.55050341579e-15
9098.0   1.54502460514e-15
9109.0   1.53893703774e-15
9121.0   1.53224071361e-15
9133.0   1.52432687599e-15
9144.0   1.51641303838e-15
9156.0   1.50728168728e-15
9168.0   1.49754157945e-15
9180.0   1.48719271487e-15
9191.0   1.47501758008e-15
9203.0   1.46223368855e-15
9215.0   1.44884104028e-15
9221.0   1.4415359594e-15
9226.0   1.43544839201e-15
9232.0   1.43118709483e-15
9237.0   1.43118709483e-15
9242.0   1.43179585157e-15
9253.0   1.42996958135e-15
9263.0   1.43179585157e-15
9274.0   1.43301336505e-15
9284.0   1.43423087853e-15
9294.0   1.43362212179e-15
9305.0   1.43240460831e-15
9315.0   1.43057833809e-15
9326.0   1.42814331113e-15
9336.0   1.42509952743e-15
9347.0   1.421446987e-15
9357.0   1.41718568982e-15
9368.0   1.4123156359e-15
9378.0   1.40683682525e-15
9389.0   1.40074925785e-15
9399.0   1.39405293371e-15
9410.0   1.38735660958e-15
9420.0   1.3800515287e-15
9431.0   1.37213769109e-15
9441.0   1.36300633999e-15
9452.0   1.35265747542e-15
9462.0   1.34230861085e-15
9473.0   1.33074223279e-15
9483.0   1.31734958452e-15
9494.0   1.30334817951e-15
9504.0   1.28752050428e-15
9515.0   1.27108407231e-15
9525.0   1.25221261338e-15
9536.0   1.2339499112e-15
9544.0   1.21812223597e-15
9546.0   1.21386093879e-15
9547.0   1.21203466857e-15
9549.0   1.21020839835e-15
9550.0   1.21142591183e-15
9551.0   1.21203466857e-15
9552.0   1.21264342531e-15
9553.0   1.21325218205e-15
9556.0   1.21568720901e-15
9560.0   1.22055726292e-15
9570.0   1.23029737076e-15
9588.0   1.24673380273e-15
9607.0   1.25830018078e-15
9626.0   1.26560526166e-15
9644.0   1.26925780209e-15
9663.0   1.27047531557e-15
9682.0   1.26864904535e-15
9700.0   1.26560526166e-15
9719.0   1.26134396448e-15
9738.0   1.25525639708e-15
9756.0   1.24916882969e-15
9775.0   1.24125499207e-15
9794.0   1.23334115446e-15
9812.0   1.2248185601e-15
9831.0   1.21507845227e-15
9840.0   1.20959964161e-15
9850.0   1.20533834443e-15
9859.0   1.20107704726e-15
9868.0   1.19620699334e-15
9887.0   1.18281434507e-15
9906.0   1.16698666984e-15
9925.0   1.15055023787e-15
9943.0   1.1310700222e-15
9962.0   1.10732850936e-15
9971.0   1.0957621313e-15
9981.0   1.08176072629e-15
9990.0   1.0665418078e-15
9998.0   1.05193164605e-15
9999.0   1.05071413257e-15
10000.0   1.04888786235e-15
10010.0   1.03671272756e-15
10020.0   1.01662375515e-15
10030.0   9.94708512528e-16
10040.0   9.71575756422e-16
10050.0   9.47834243578e-16
10060.0   9.39311649223e-16
10070.0   9.63053162068e-16
10080.0   9.76445810339e-16
10090.0   9.89229701871e-16
10100.0   1.00992743102e-15
10110.0   1.01784126863e-15
10120.0   1.02575510625e-15
10130.0   1.0373214843e-15
10150.0   1.04523532192e-15
10170.0   1.05132288931e-15
10180.0   1.05497542975e-15
10200.0   1.05619294323e-15
10210.0   1.05619294323e-15
10250.0   1.05375791627e-15
10280.0   1.04767034887e-15
10310.0   1.040365268e-15
10370.0   1.02271132255e-15
10440.0   1.00079607992e-15
10500.0   9.77054567079e-16
10570.0   9.55748081193e-16
10630.0   9.32006568348e-16
10660.0   9.19222676816e-16
10690.0   9.05221271805e-16
10730.0   8.90002353314e-16
10760.0   8.72957164605e-16
10770.0   8.63217056771e-16
10790.0   8.52868192198e-16
10810.0   8.41301814145e-16
10820.0   8.28517922613e-16
10840.0   8.13907760863e-16
10850.0   7.96862572154e-16
10870.0   7.78599869965e-16
10890.0   7.56684627339e-16
10900.0   7.32334357755e-16
10910.0   7.18941709483e-16
10920.0   7.04331547732e-16
10930.0   6.87895115763e-16
10940.0   6.62936089439e-16
10950.0   6.6050106248e-16
10960.0   6.81198791627e-16
10970.0   6.98852737076e-16
10980.0   7.10419115128e-16
10990.0   7.27464303838e-16
11000.0   7.34160627973e-16
11010.0   7.40856952109e-16
11020.0   7.51814573422e-16
11040.0   7.59728411037e-16
11060.0   7.65815978433e-16
11070.0   7.69468518871e-16
11090.0   7.71903545829e-16
11100.0   7.73729816048e-16
11120.0   7.73729816048e-16
11140.0   7.73121059309e-16
11170.0   7.7068603235e-16
11200.0   7.66424735173e-16
11230.0   7.60945924516e-16
11260.0   7.5485835712e-16
11330.0   7.41465708849e-16
11390.0   7.27464303838e-16
11460.0   7.14680412306e-16
11520.0   7.00679007295e-16
11580.0   6.86677602284e-16
11650.0   6.72676197272e-16
11710.0   6.58674792261e-16
11780.0   6.45890900729e-16
11840.0   6.32498252458e-16
11900.0   6.20323117666e-16
11970.0   6.0778272883e-16
12030.0   5.94937961624e-16
12100.0   5.82762826832e-16
12160.0   5.71074697431e-16
12220.0   5.59569195052e-16
12290.0   5.48124568348e-16
12350.0   5.36740817317e-16
12420.0   5.25235314938e-16
12480.0   5.13303682842e-16
12540.0   5.00398039962e-16
12580.0   4.93275586108e-16
12610.0   4.85361748493e-16
12640.0   4.76352148747e-16
12670.0   4.66003284174e-16
12690.0   4.59976592452e-16
12700.0   4.53280268316e-16
12720.0   4.45792560419e-16
12740.0   4.37452593086e-16
12750.0   4.28016863622e-16
12770.0   4.17302745005e-16
12780.0   4.11276053283e-16
12790.0   3.97579026641e-16
12800.0   3.89604313352e-16
12810.0   3.79803329845e-16
12820.0   3.6543667079e-16
12830.0   3.61784130352e-16
12840.0   3.79377200127e-16
12850.0   3.92708972724e-16
12860.0   3.97822529337e-16
12870.0   4.0232732921e-16
12880.0   4.06223372344e-16
12900.0   4.15476474786e-16
12920.0   4.19981274659e-16
12930.0   4.23451188075e-16
12950.0   4.26068842055e-16
12960.0   4.278342366e-16
12980.0   4.29051750079e-16
13000.0   4.29721382493e-16
13030.0   4.29843133841e-16
13060.0   4.28747371709e-16
13090.0   4.26860225817e-16
13160.0   4.2168579353e-16
13220.0   4.15780853156e-16
13280.0   4.0908452902e-16
13350.0   4.02266453536e-16
13410.0   3.95448378053e-16
13480.0   3.88630302569e-16
13540.0   3.81873102759e-16
13600.0   3.75237654297e-16
13670.0   3.69028335553e-16
13730.0   3.62879892483e-16
13800.0   3.57340206153e-16
13860.0   3.5192227117e-16
13920.0   3.46626087536e-16
13990.0   3.41390779575e-16
14050.0   3.36277222962e-16
14120.0   3.31285417697e-16
14180.0   3.26354488107e-16
14240.0   3.2148443419e-16
14310.0   3.16736131621e-16
14370.0   3.121095804e-16
14440.0   3.07543904853e-16
14500.0   3.03039104979e-16
14560.0   2.98656056454e-16
14630.0   2.94273007929e-16
14690.0   2.89463829686e-16
14760.0   2.84654651443e-16
14820.0   2.79967224548e-16
14880.0   2.75401549001e-16
14950.0   2.70896749128e-16
15010.0   2.66513700603e-16
15070.0   2.62922035839e-16
15080.0   2.62252403425e-16
15090.0   2.61521895338e-16
15110.0   2.60121754837e-16
15140.0   2.58234608944e-16
15200.0   2.54399441484e-16
15240.0   2.51294782112e-16
15250.0   2.50686025373e-16
15260.0   2.50077268633e-16
15290.0   2.4879887948e-16
15300.0   2.47581366001e-16
15330.0   2.46302976847e-16
15350.0   2.45024587694e-16
15390.0   2.42467809388e-16
15440.0   2.39180522994e-16
15500.0   2.358932366e-16
15550.0   2.33032079924e-16
15560.0   2.32301571836e-16
15570.0   2.31571063749e-16
15600.0   2.300491719e-16
15650.0   2.2712713955e-16
15700.0   2.24265982873e-16
15710.0   2.24205107199e-16
15720.0   2.23535474786e-16
15730.0   2.22804966698e-16
15760.0   2.21343950523e-16
15810.0   2.18482793847e-16
15840.0   2.16717399302e-16
15860.0   2.15621637171e-16
15890.0   2.14586750714e-16
15930.0   2.12516977799e-16
16010.0   2.0837743197e-16
16060.0   2.05638026641e-16
16090.0   2.04359637488e-16
16110.0   2.03081248335e-16
16170.0   2.00585345703e-16
16220.0   1.9808944307e-16
16270.0   1.95593540438e-16
16320.0   1.93097637805e-16
16340.0   1.9224537837e-16
16380.0   1.90358232477e-16
16390.0   1.89384221694e-16
16410.0   1.88349335236e-16
16430.0   1.87801454171e-16
16450.0   1.87192697431e-16
16470.0   1.86523065017e-16
16480.0   1.85853432604e-16
16520.0   1.84392416429e-16
16590.0   1.81287757057e-16
16660.0   1.78061346337e-16
16700.0   1.7641770314e-16
16740.0   1.74591432921e-16
16770.0   1.72521660006e-16
16810.0   1.7026926007e-16
16820.0   1.69843130352e-16
16840.0   1.69721379004e-16
16870.0   1.69234373612e-16
16900.0   1.68442989851e-16
16920.0   1.67468979068e-16
16980.0   1.65460081827e-16
17040.0   1.63268557564e-16
17100.0   1.61016157628e-16
17160.0   1.58763757691e-16
17220.0   1.56511357755e-16
17280.0   1.54198082144e-16
17300.0   1.53163195687e-16
17330.0   1.51884806533e-16
17370.0   1.50667293054e-16
17430.0   1.48658395814e-16
17500.0   1.46771249921e-16
17560.0   1.44884104028e-16
17630.0   1.42936082461e-16
17690.0   1.40988060894e-16
17760.0   1.38979163654e-16
17820.0   1.36909390739e-16
17880.0   1.3477874215e-16
17950.0   1.32526342214e-16
18010.0   1.30091315255e-16
18080.0   1.27595412623e-16
18110.0   1.26499650492e-16
18140.0   1.2509950999e-16
18160.0   1.24429877577e-16
18180.0   1.23760245163e-16
18200.0   1.23455866794e-16
18220.0   1.23151488424e-16
18230.0   1.22847110054e-16
18250.0   1.22542731684e-16
18270.0   1.2217747764e-16
18310.0   1.21507845227e-16
18380.0   1.1986420203e-16
18450.0   1.17794429115e-16
18490.0   1.16576915636e-16
18520.0   1.15176775135e-16
18560.0   1.13594007612e-16
18590.0   1.11645986045e-16
18610.0   1.10550223914e-16
18630.0   1.09271834761e-16
18650.0   1.07932569933e-16
18670.0   1.0634980241e-16
18680.0   1.04645283539e-16
18700.0   1.02636386299e-16
18710.0   1.01479748493e-16
18720.0   1.00262235014e-16
18730.0   9.88012188392e-17
18740.0   9.70358242943e-17
18750.0   9.44790459879e-17
18760.0   8.46171868062e-17
18770.0   9.42964189661e-17
18780.0   9.66096945766e-17
18790.0   9.87403431652e-17
18800.0   9.95317269267e-17
18820.0   1.00870991754e-16
18830.0   1.01905878211e-16
18850.0   1.02697261973e-16
18860.0   1.03366894386e-16
18880.0   1.03853899778e-16
18900.0   1.04219153822e-16
18930.0   1.04645283539e-16
18960.0   1.04767034887e-16
18990.0   1.04706159213e-16
19020.0   1.04401780844e-16
19060.0   1.03975651126e-16
19120.0   1.02819013321e-16
19180.0   1.01357997146e-16
19250.0   9.97143539486e-17
19310.0   9.78272080558e-17
19380.0   9.56356837932e-17
19430.0   9.37485379004e-17
19440.0   9.33832838566e-17
19450.0   9.32006568348e-17
19460.0   9.30180298129e-17
19480.0   9.30180298129e-17
19500.0   9.30180298129e-17
19540.0   9.30180298129e-17
19590.0   9.2896278465e-17
19630.0   9.26527757691e-17
19670.0   9.23483973993e-17
19710.0   9.19222676816e-17
19790.0   9.09482568982e-17
19880.0   8.97916190929e-17
19960.0   8.85741056137e-17
20040.0   8.72957164605e-17
20130.0   8.60173273073e-17
20210.0   8.46780624802e-17
20290.0   8.35823003489e-17
20370.0   8.22430355217e-17
20460.0   8.09646463685e-17
20540.0   7.96862572154e-17
20620.0   7.84078680622e-17
20710.0   7.71903545829e-17
20790.0   7.59119654297e-17
20870.0   7.47553276245e-17
20950.0   7.35378141453e-17
21040.0   7.2320300666e-17
21120.0   7.10419115128e-17
21200.0   6.97635223597e-17
21290.0   6.84242575325e-17
21370.0   6.69632413574e-17
21410.0   6.61718575959e-17
21450.0   6.53195981605e-17
21490.0   6.43455873771e-17
21540.0   6.32498252458e-17
21580.0   6.20931874405e-17
21600.0   6.1423555027e-17
21620.0   6.06626091024e-17
21630.0   6.02364793847e-17
21640.0   5.97677366952e-17
21650.0   5.95059712972e-17
21660.0   5.8842426451e-17
21670.0   5.86597994291e-17
21680.0   5.91285421186e-17
21690.0   5.95424967016e-17
21710.0   5.99016631779e-17
21740.0   6.01695161434e-17
21760.0   6.03764934348e-17
21800.0   6.06199961307e-17
21840.0   6.06930469394e-17
21890.0   6.06686966698e-17
21930.0   6.05469453219e-17
21970.0   6.03643183e-17
22060.0   5.98590502062e-17
22150.0   5.92502934665e-17
22230.0   5.85684859182e-17
22320.0   5.78501529654e-17
22410.0   5.71196448779e-17
22490.0   5.63769616556e-17
22580.0   5.56342784332e-17
22660.0   5.48976827783e-17
22750.0   5.41671746908e-17
22840.0   5.34427541706e-17
22920.0   5.26939833809e-17
23010.0   5.19391250238e-17
23100.0   5.11964418015e-17
23180.0   5.04902839835e-17
23270.0   4.97719510308e-17
23360.0   4.90597056454e-17
23440.0   4.83596353949e-17
23530.0   4.76717402791e-17
23620.0   4.69960202981e-17
23700.0   4.6332475452e-17
23790.0   4.56811057406e-17
23870.0   4.5041911164e-17
23960.0   4.44148917222e-17
24050.0   4.37939598478e-17
24130.0   4.31912906755e-17
24220.0   4.25947090707e-17
24310.0   4.20042150333e-17
24390.0   4.14319836981e-17
24480.0   4.08658399302e-17
24570.0   4.03057837298e-17
24650.0   3.97579026641e-17
24740.0   3.92100215985e-17
24820.0   3.86317026958e-17
24910.0   3.81020843324e-17
25000.0   3.75785535363e-17
25080.0   3.7067197875e-17
25170.0   3.65558422138e-17
25260.0   3.60505741199e-17
25340.0   3.5545306026e-17
25430.0   3.50461254995e-17
25520.0   3.45408574056e-17
25600.0   3.4023414177e-17
25690.0   3.34937958135e-17
25780.0   3.29337396131e-17
25860.0   3.23249828735e-17
25950.0   3.16553504599e-17
25990.0   3.12718337139e-17
26030.0   3.08517915636e-17
26080.0   3.03830488741e-17
26120.0   2.98656056454e-17
26140.0   2.9567314843e-17
26160.0   2.92568489058e-17
26190.0   2.88976824294e-17
26210.0   2.84898154139e-17
26220.0   2.82584878528e-17
26230.0   2.80028100222e-17
26240.0   2.77106067872e-17
26250.0   2.75279797653e-17
26260.0   2.74792792261e-17
26270.0   2.73514403108e-17
26280.0   2.74914543609e-17
26300.0   2.79297592134e-17
26320.0   2.81489116397e-17
26330.0   2.83132759594e-17
26370.0   2.85567786552e-17
26400.0   2.87272305423e-17
26440.0   2.88307191881e-17
26470.0   2.88976824294e-17
26510.0   2.89281202664e-17
26540.0   2.89342078338e-17
26610.0   2.88672445925e-17
26680.0   2.87333181097e-17
26750.0   2.85628662226e-17
26810.0   2.8368064066e-17
26880.0   2.81428240723e-17
26950.0   2.79114965113e-17
27020.0   2.76679938154e-17
27090.0   2.74244911196e-17
27160.0   2.71749008563e-17
27230.0   2.69253105931e-17
27290.0   2.66696327624e-17
27360.0   2.64200424992e-17
27430.0   2.6170452236e-17
27500.0   2.59269495401e-17
27570.0   2.56834468443e-17
27640.0   2.54399441484e-17
27700.0   2.51964414526e-17
27770.0   2.49712014589e-17
27840.0   2.47398738979e-17
27910.0   2.45024587694e-17
27980.0   2.42711312084e-17
28050.0   2.40398036473e-17
28120.0   2.38145636537e-17
28180.0   2.358932366e-17
28250.0   2.33640836663e-17
28320.0   2.31449312401e-17
28390.0   2.29257788138e-17
28460.0   2.2712713955e-17
28530.0   2.24996490961e-17
28590.0   2.22926718046e-17
28660.0   2.20856945132e-17
28730.0   2.18787172217e-17
28800.0   2.16778274976e-17
28870.0   2.14769377735e-17
28940.0   2.12760480495e-17
29010.0   2.10812458928e-17
29070.0   2.08864437361e-17
29140.0   2.06977291468e-17
29210.0   2.05090145576e-17
29280.0   2.03202999683e-17
29350.0   2.01376729464e-17
29420.0   1.99550459245e-17
29490.0   1.97724189026e-17
29550.0   1.95958794481e-17
29620.0   1.94193399937e-17
29690.0   1.92428005392e-17
29760.0   1.90723486521e-17
29830.0   1.8901896765e-17
29900.0   1.87314448779e-17
29960.0   1.85670805582e-17
