900.0   8.36416625387e-17
902.5   8.5716152322e-17
905.0   8.77465040248e-17
908.2   9.04830650155e-17
910.0   9.20278978328e-17
910.9   9.28223832817e-17
911.8   9.40141114551e-17
912.3   9.44113541796e-17
912.7   9.48527349845e-17
912.9   9.5073425387e-17
913.2   9.53823919505e-17
913.4   9.59561869969e-17
913.5   9.63534297214e-17
913.6   9.69272247678e-17
913.7   9.76334340557e-17
913.9   9.85161956656e-17
914.0   9.96637857585e-17
914.1   1.00987928173e-16
914.2   1.02532760991e-16
914.3   1.04298284211e-16
914.4   1.06284497833e-16
914.5   1.08491401858e-16
914.6   1.10874858204e-16
914.8   1.13434866873e-16
914.9   1.16171427864e-16
915.1   1.2204179257e-16
915.3   1.28485952322e-16
915.6   1.35327354799e-16
915.8   1.42477723839e-16
916.0   1.49937059443e-16
916.2   1.57572947368e-16
916.3   1.59382608669e-16
916.5   1.65385387616e-16
916.9   1.81230958514e-16
917.1   1.86174423529e-16
917.4   1.995924e-16
917.6   2.06213112074e-16
917.8   2.12613133746e-16
918.0   2.18704188854e-16
918.1   2.21484887926e-16
918.2   2.24000758514e-16
918.3   2.26251800619e-16
918.4   2.27929047678e-16
918.5   2.28635256966e-16
918.6   2.27752495356e-16
918.7   2.2453041548e-16
918.8   2.1654142291e-16
918.9   2.02108270588e-16
919.0   1.79421297214e-16
919.1   1.52055687307e-16
919.2   1.17760398762e-16
919.3   7.75064693498e-17
919.4   5.60112241486e-17
919.5   9.79865386997e-17
919.6   1.36430806811e-16
919.7   1.69092986378e-16
919.8   1.97341357895e-16
919.9   2.20866954799e-16
920.0   2.37065630341e-16
920.1   2.46378765325e-16
920.2   2.49071188235e-16
920.3   2.45716694118e-16
920.4   2.35300107121e-16
920.5   2.07669668731e-16
920.6   1.81363372755e-16
920.7   1.51261201858e-16
920.8   1.1493556161e-16
920.9   7.23423139319e-17
921.0   5.43781151703e-17
921.1   9.16306551084e-17
921.2   1.29942508978e-16
921.3   1.61898479257e-16
921.4   1.90014436533e-16
921.5   2.281056e-16
921.6   2.49380154799e-16
921.7   2.67476767802e-16
921.8   2.8689752322e-16
921.9   2.95681001238e-16
922.0   3.00756880495e-16
922.1   3.02698956037e-16
922.2   3.00138947368e-16
922.3   2.94268582663e-16
922.4   2.84558204954e-16
922.5   2.63460202477e-16
922.6   2.44922208669e-16
922.7   2.23868344272e-16
922.8   1.85644766563e-16
922.9   1.56204666873e-16
923.0   1.22703863777e-16
923.1   6.29409027864e-17
923.2   5.85712328173e-17
923.3   1.02400346749e-16
923.4   1.2561697709e-16
923.5   1.64502626006e-16
923.6   2.14157966563e-16
923.7   2.42582890402e-16
923.8   2.55780176471e-16
923.9   2.8071819195e-16
924.0   3.0203688483e-16
924.1   3.28608009288e-16
924.2   3.42467366563e-16
924.3   3.53192920124e-16
924.4   3.57606728173e-16
924.5   3.64492268731e-16
924.6   3.706716e-16
924.7   3.72216432817e-16
924.8   3.72348847059e-16
924.9   3.70495047678e-16
925.0   3.66081239628e-16
925.1   3.54296372136e-16
925.2   3.42511504644e-16
925.3   3.27328004954e-16
925.4   3.10158291641e-16
925.5   2.90207879257e-16
925.6   2.67167801238e-16
925.7   2.41126333746e-16
925.8   2.12304167183e-16
925.9   1.78847502167e-16
926.0   1.39652886687e-16
926.1   9.19396216718e-17
926.2   5.87919232198e-17
926.3   5.80415758514e-17
926.4   1.03989317647e-16
926.5   1.50246026006e-16
926.6   1.88381327554e-16
926.7   2.21661440248e-16
926.8   2.50880849536e-16
926.9   2.78069907121e-16
927.0   3.02698956037e-16
927.1   3.25032824768e-16
927.2   3.45865998762e-16
927.3   3.6533089226e-16
927.4   3.82500605573e-16
927.5   3.973751387e-16
927.6   4.10572424768e-16
927.7   4.21960049536e-16
927.8   4.3122904644e-16
927.9   4.3926217709e-16
928.0   4.46235993808e-16
928.1   4.51973944272e-16
928.2   4.56829133127e-16
928.3   4.60360179567e-16
928.4   4.63008464396e-16
928.5   4.64773987616e-16
928.6   4.65215368421e-16
928.7   4.64773987616e-16
928.8   4.63449845201e-16
928.9   4.59477417957e-16
929.0   4.54180848297e-16
929.1   4.46677374613e-16
929.2   4.37673206192e-16
929.3   4.26594547988e-16
929.4   4.14544852012e-16
929.5   4.009944613e-16
929.6   3.87223380186e-16
929.7   3.72172294737e-16
929.8   3.55355686068e-16
929.9   3.36376311455e-16
930.0   3.15057618576e-16
930.1   2.91576159752e-16
930.2   2.65269863777e-16
930.3   2.36712525697e-16
930.4   2.04226898452e-16
930.5   1.66709530031e-16
930.6   1.20452821672e-16
930.7   6.6207120743e-17
930.8   5.92774421053e-17
930.9   1.08535539938e-16
931.0   1.57572947368e-16
931.1   1.97341357895e-16
931.2   2.3163664644e-16
931.3   2.61915369659e-16
931.4   2.89766498452e-16
931.5   3.15101756656e-16
931.6   3.38362525077e-16
931.7   3.59681217957e-16
931.8   3.79013697214e-16
931.9   3.96977895975e-16
932.0   4.14015195046e-16
932.1   4.31626289164e-16
932.2   4.48442897833e-16
932.3   4.65656749226e-16
932.4   4.81546458204e-16
932.5   4.96112024768e-16
932.6   5.10236210526e-16
932.7   5.2303625387e-16
932.8   5.33629393189e-16
932.9   5.42898390093e-16
933.0   5.51726006192e-16
933.1   5.59670860681e-16
933.2   5.67174334365e-16
933.3   5.74236427245e-16
933.5   5.86153708978e-16
933.7   5.95422705882e-16
933.9   6.02926179567e-16
934.1   6.08222749226e-16
934.3   6.11312414861e-16
934.5   6.11753795666e-16
934.6   6.11312414861e-16
934.7   6.09546891641e-16
934.8   6.06457226006e-16
934.9   6.02484798762e-16
935.0   5.97629609907e-16
935.1   5.91891659443e-16
935.2   5.85270947368e-16
935.3   5.77767473684e-16
935.4   5.6938123839e-16
935.5   5.59670860681e-16
935.6   5.49077721362e-16
935.7   5.37601820433e-16
935.8   5.256845387e-16
935.9   5.14208637771e-16
936.0   5.03174117647e-16
936.1   4.90815455108e-16
936.2   4.7845679257e-16
936.3   4.64773987616e-16
936.4   4.50649801858e-16
936.5   4.35775268731e-16
936.6   4.1966486935e-16
936.7   4.02186189474e-16
936.8   3.83250952941e-16
936.9   3.62903297833e-16
937.0   3.41319776471e-16
937.1   3.17794179567e-16
937.2   2.91708573994e-16
937.3   2.62533302786e-16
937.4   2.29606294737e-16
937.5   1.92133064396e-16
937.6   1.46935669969e-16
937.7   8.82761609907e-17
937.8   6.28526266254e-17
937.9   6.29409027864e-17
938.0   1.16303842105e-16
938.1   1.69004710217e-16
938.2   2.10582782043e-16
938.3   2.46599455728e-16
938.4   2.78555426006e-16
938.5   3.07201040248e-16
938.6   3.32977679257e-16
938.7   3.56723966563e-16
938.8   3.78881282972e-16
938.9   3.99758595046e-16
939.0   4.19444178947e-16
939.1   4.37849758514e-16
939.2   4.55063609907e-16
939.3   4.7139469969e-16
939.5   5.03174117647e-16
939.7   5.32746631579e-16
939.9   5.63201907121e-16
940.1   5.96305467492e-16
940.3   6.28084885449e-16
940.5   6.58098780186e-16
940.7   6.87671294118e-16
940.9   7.1636104644e-16
941.1   7.41519752322e-16
941.3   7.6447155418e-16
941.5   7.86099213622e-16
941.7   8.0640273065e-16
941.9   8.24940724458e-16
942.1   8.42154575851e-16
942.3   8.56720142415e-16
942.5   8.69961566563e-16
942.7   8.81878848297e-16
942.9   8.92913368421e-16
943.1   9.02182365325e-16
943.3   9.10127219814e-16
943.5   9.16306551084e-16
943.7   9.21161739938e-16
943.9   9.24251405573e-16
944.1   9.25134167183e-16
944.3   9.23810024768e-16
944.5   9.20278978328e-16
944.7   9.14541027864e-16
944.9   9.05713411765e-16
945.1   8.93354749226e-16
945.3   8.78347801858e-16
945.5   8.60692569659e-16
945.7   8.42154575851e-16
945.9   8.21409678019e-16
946.1   7.98457876161e-16
946.3   7.73740551084e-16
946.5   7.46816321981e-16
946.7   7.19892092879e-16
946.9   6.94733386997e-16
947.1   6.69574681115e-16
947.5   6.1925726935e-16
947.7   5.93215801858e-16
947.9   5.66291572755e-16
948.1   5.38043201238e-16
948.2   5.23477634675e-16
948.3   5.08029306502e-16
948.4   4.92139597523e-16
948.5   4.75367126935e-16
948.6   4.57270513932e-16
948.7   4.37673206192e-16
948.8   4.16840032198e-16
948.9   3.94550301548e-16
949.0   3.7062746192e-16
949.1   3.44541856347e-16
949.2   3.15587275542e-16
949.3   2.83278200619e-16
949.4   2.47040836533e-16
949.5   2.05639317028e-16
949.6   1.54218453251e-16
949.7   8.38182148607e-17
949.8   7.00912718266e-17
949.9   1.2923629969e-16
950.0   1.87586842105e-16
950.1   2.3256354613e-16
950.2   2.71449195046e-16
950.3   3.06053450155e-16
950.4   3.37126658824e-16
950.5   3.65110201858e-16
950.6   3.90798564706e-16
950.7   4.14721404334e-16
950.8   4.37231825387e-16
950.9   4.58153275542e-16
951.0   4.78015411765e-16
951.1   4.96553405573e-16
951.2   5.14208637771e-16
951.3   5.31422489164e-16
951.4   5.47753578947e-16
951.5   5.63643287926e-16
951.7   5.94539944272e-16
952.1   6.55009114551e-16
952.3   6.85464390093e-16
952.5   7.15919665635e-16
952.7   7.47699083591e-16
952.8   7.64030173375e-16
952.9   7.80361263158e-16
953.0   7.99782018576e-16
953.1   8.19202773994e-16
953.2   8.38182148607e-16
953.3   8.57602904025e-16
953.4   8.76582278638e-16
953.6   9.14982408669e-16
953.8   9.53823919505e-16
954.0   9.92224049536e-16
954.2   1.03415522601e-15
954.4   1.07696916409e-15
954.6   1.11934172136e-15
954.8   1.16083151703e-15
955.2   1.24072144272e-15
955.4   1.28000433437e-15
955.6   1.3184044644e-15
955.8   1.35371492879e-15
956.0   1.38814263158e-15
956.2   1.42124619195e-15
956.4   1.45346699071e-15
956.6   1.48259812384e-15
956.8   1.50908097214e-15
957.2   1.5593983839e-15
957.6   1.60618474923e-15
958.0   1.64899868731e-15
958.4   1.68695743653e-15
958.8   1.72094375851e-15
959.2   1.75007489164e-15
959.6   1.77390945511e-15
960.0   1.79244744892e-15
960.4   1.80524749226e-15
960.8   1.81186820433e-15
961.2   1.81275096594e-15
961.6   1.80701301548e-15
962.0   1.79465435294e-15
962.4   1.77567497833e-15
962.8   1.75007489164e-15
963.2   1.71873685449e-15
963.6   1.68166086687e-15
964.0   1.63884692879e-15
964.4   1.59161918266e-15
964.8   1.53997762848e-15
965.2   1.48480502786e-15
965.6   1.42698414241e-15
966.0   1.36695635294e-15
966.8   1.24381110836e-15
967.6   1.11934172136e-15
969.0   8.98651318885e-16
969.2   8.77465040248e-16
969.9   7.70209504644e-16
970.4   7.04885145511e-16
970.6   6.71340204334e-16
970.8   6.36471120743e-16
970.9   6.1837450774e-16
971.0   5.99836513932e-16
971.1   5.79974377709e-16
971.2   5.59229479876e-16
971.3   5.37601820433e-16
971.4   5.14208637771e-16
971.6   4.88608551084e-16
971.7   4.61242941176e-16
971.8   4.30566975232e-16
971.9   4.05540683591e-16
972.0   3.68552972136e-16
972.1   3.26842486068e-16
972.2   2.91885126316e-16
972.3   2.38566325077e-16
972.4   1.67636429721e-16
972.5   9.33079021672e-17
972.6   8.76582278638e-17
972.7   1.56204666873e-16
972.8   2.26428352941e-16
972.9   2.78776116409e-16
973.0   3.23752820433e-16
973.1   3.63697783282e-16
973.2   3.99537904644e-16
973.3   4.31891117647e-16
973.4   4.61242941176e-16
973.5   4.88167170279e-16
973.6   5.13325876161e-16
973.7   5.36719058824e-16
973.8   5.58788099071e-16
973.9   5.79532996904e-16
974.0   5.99395133127e-16
974.1   6.1837450774e-16
974.2   6.36912501548e-16
974.4   6.72222965944e-16
974.6   7.06650668731e-16
975.0   7.74181931889e-16
975.4   8.40830433437e-16
975.8   9.08803077399e-16
976.2   9.79424006192e-16
976.6   1.05225183901e-15
977.0   1.12861071827e-15
977.4   1.20982478638e-15
977.8   1.29545266254e-15
978.2   1.38725986997e-15
978.6   1.48568778947e-15
978.8   1.53777072446e-15
979.0   1.59161918266e-15
979.2   1.64767454489e-15
979.4   1.70593681115e-15
979.6   1.76640598142e-15
979.8   1.82908205573e-15
980.0   1.89484779567e-15
980.2   1.96326182043e-15
980.4   2.03476551084e-15
980.6   2.10891748607e-15
980.8   2.18660050774e-15
981.0   2.26737319505e-15
981.2   2.3521183096e-15
981.4   2.43995308978e-15
981.6   2.53220167802e-15
981.8   2.6284226935e-15
982.0   2.72905751703e-15
982.2   2.83410614861e-15
982.4   2.94356858824e-15
982.6   3.05788621672e-15
982.8   3.17750041486e-15
983.0   3.30196980186e-15
983.2   3.43217713932e-15
983.4   3.56768104644e-15
983.6   3.70892290402e-15
983.8   3.85590271207e-15
984.0   4.00862047059e-15
984.2   4.16795894118e-15
984.4   4.33303536223e-15
984.6   4.50649801858e-15
984.8   4.68305034056e-15
985.0   4.87284408669e-15
985.2   5.06705164087e-15
985.4   5.2656730031e-15
985.6   5.47312198142e-15
985.8   5.68939857585e-15
986.0   5.91450278638e-15
986.2   6.14402080495e-15
986.6   6.6295396904e-15
987.0   7.1371276161e-15
987.4   7.67561219814e-15
987.8   8.24499343653e-15
988.2   8.84527133127e-15
988.6   9.47644588235e-15
989.0   1.01385170898e-14
989.4   1.08182435294e-14
989.8   1.15067975851e-14
990.2   1.22130068731e-14
990.6   1.29324575851e-14
991.0   1.36651497214e-14
991.4   1.44243247059e-14
991.8   1.51923273065e-14
992.2   1.59647437152e-14
992.6   1.67195048916e-14
993.0   1.74257141796e-14
993.4   1.81098544272e-14
993.8   1.8802822291e-14
994.2   1.94913763467e-14
994.6   2.01578613622e-14
995.0   2.07757944892e-14
995.4   2.13275204954e-14
995.8   2.18483498452e-14
996.2   2.23294549226e-14
996.6   2.27620081115e-14
997.0   2.31195265635e-14
997.4   2.33666998142e-14
997.8   2.35962178328e-14
998.2   2.38080806192e-14
998.4   2.39095982043e-14
998.6   2.3971391517e-14
998.8   2.39890467492e-14
999.0   2.39978743653e-14
999.2   2.39449086687e-14
999.4   2.38742877399e-14
999.8   2.3790425387e-14
1000.0   2.37109768421e-14
1001.0   2.35697349845e-14
1002.0   2.23382825387e-14
1003.0   2.14334518885e-14
1004.0   1.96414458204e-14
1005.0   1.82775791331e-14
1006.0   1.61103993808e-14
1007.0   1.46229460681e-14
1008.0   1.24601801238e-14
1009.0   1.10654167802e-14
1010.0   9.18954835913e-15
1011.0   8.04195826625e-15
1012.0   6.78402297214e-15
1013.0   5.69822619195e-15
1014.0   4.78898173375e-15
1015.0   4.02936536842e-15
1016.0   3.41010809907e-15
1017.0   2.90560983901e-15
1018.0   2.41832543034e-15
1019.0   2.15217280495e-15
1020.0   1.81407510836e-15
1021.0   1.62075031579e-15
1022.0   1.36165978328e-15
1023.0   1.2032040743e-15
1024.0   1.00855513932e-15
1025.0   7.93602687307e-16
1026.0   3.21236949845e-16
1027.0   6.81050582043e-16
1028.0   9.52941157895e-16
1029.0   1.22130068731e-15
1030.0   1.38284606192e-15
1031.0   1.5951502291e-15
1032.0   1.87454427864e-15
1033.0   2.24662829721e-15
1034.0   2.51366368421e-15
1035.0   2.79261635294e-15
1036.0   3.10246567802e-15
1037.0   3.72701951703e-15
1038.0   4.97436167183e-15
1039.0   6.56333256966e-15
1040.0   8.49658049536e-15
1041.0   1.03812765325e-14
1042.0   1.30295613622e-14
1043.0   1.46935669969e-14
1044.0   1.69578505263e-14
1045.0   1.96237905882e-14
1046.0   2.28679395046e-14
1047.0   2.67653320124e-14
1048.0   3.04861721981e-14
1049.0   3.31212156037e-14
1050.0   3.76188860062e-14
1051.0   4.08630349226e-14
1052.0   4.27168343034e-14
1053.0   4.35907682972e-14
1054.0   4.41380804954e-14
1055.0   4.44470470588e-14
1056.0   4.53298086687e-14
1057.0   4.50208421053e-14
1058.0   4.29154556656e-14
1059.0   4.1785520805e-14
1060.0   4.35554578328e-14
1061.0   4.7580850774e-14
1062.0   5.44222532508e-14
1063.0   6.55891876161e-14
1064.0   8.0640273065e-14
1065.0   9.39699733746e-14
1066.0   1.07078983282e-13
1067.0   1.14891423529e-13
1068.0   1.23763177709e-13
1069.0   1.26808705263e-13
1070.0   1.19172817337e-13
1071.0   1.1312590031e-13
1072.0   1.08094159133e-13
1073.0   1.0421000805e-13
1074.0   1.00325856966e-13
1075.0   9.18072074303e-14
1076.0   8.66871900929e-14
1077.0   8.38182148607e-14
1078.0   8.62016712074e-14
1079.0   9.63534297214e-14
1080.0   1.12463829102e-13
1081.0   1.33914936223e-13
1082.0   1.62692964706e-13
1083.0   1.80657163467e-13
1084.0   1.9963653808e-13
1085.0   2.16144180186e-13
1086.0   2.24221448916e-13
1087.0   2.32872512693e-13
1088.0   2.39228396285e-13
1089.0   2.42450476161e-13
1090.0   2.45275313313e-13
1091.0   2.4946843096e-13
1092.0   2.50924987616e-13
1093.0   2.52072577709e-13
1094.0   2.53705686687e-13
1096.0   2.54632586378e-13
1098.0   2.55162243344e-13
1099.0   2.55162243344e-13
1101.0   2.5485327678e-13
1104.0   2.53484996285e-13
1107.0   2.5127809226e-13
1110.0   2.48232564706e-13
1114.0   2.44436689783e-13
1117.0   2.40243572136e-13
1120.0   2.3609459257e-13
1123.0   2.32078027245e-13
1126.0   2.27929047678e-13
1130.0   2.23250411146e-13
1133.0   2.17512460681e-13
1136.0   2.11068300929e-13
1139.0   2.04271036533e-13
1142.0   1.97341357895e-13
1144.0   1.93633759133e-13
1146.0   1.89573055728e-13
1147.0   1.8529166192e-13
1149.0   1.80789577709e-13
1152.0   1.71432304644e-13
1155.0   1.61633650774e-13
1157.0   1.56469495356e-13
1158.0   1.51128787616e-13
1160.0   1.45523251393e-13
1162.0   1.39785300929e-13
1165.0   1.27823881115e-13
1168.0   1.15597632817e-13
1170.0   1.09418301548e-13
1171.0   1.03018279876e-13
1173.0   9.64417058824e-14
1174.0   8.96885795666e-14
1176.0   8.29795913313e-14
1178.0   7.6358879257e-14
1179.0   6.99147195046e-14
1181.0   6.35146978328e-14
1182.0   5.72470904025e-14
1183.0   5.41574247678e-14
1184.0   5.10677591331e-14
1185.0   4.81105077399e-14
1186.0   4.52415325077e-14
1187.0   3.97154448297e-14
1188.0   3.71024704644e-14
1189.0   3.45954274923e-14
1190.0   3.21722468731e-14
1191.0   2.76348521981e-14
1192.0   2.55206381424e-14
1193.0   2.3521183096e-14
1194.0   2.16453146749e-14
1195.0   1.90455817337e-14
1196.0   1.7461024644e-14
1197.0   1.52850172755e-14
1198.0   1.39785300929e-14
1199.0   1.22174206811e-14
1200.0   1.11757619814e-14
1201.0   9.78541244582e-15
1202.0   8.96885795666e-15
1203.0   7.88306117647e-15
1204.0   7.25188662539e-15
1205.0   6.41767690402e-15
1206.0   5.93215801858e-15
1207.0   5.27891442724e-15
1208.0   4.89491312693e-15
1209.0   4.37584930031e-15
1210.0   4.06158616718e-15
1211.0   3.4842600743e-15
1212.0   3.36420449536e-15
1213.0   3.01021708978e-15
1214.0   2.65137449536e-15
1215.0   1.78406121362e-15
1216.0   5.12001733746e-16
1217.0   1.11139686687e-15
1218.0   2.65181587616e-15
1219.0   3.01021708978e-15
1220.0   3.5818052322e-15
1221.0   3.87046827864e-15
1222.0   4.17722793808e-15
1223.0   4.51532563467e-15
1224.0   5.19063826625e-15
1225.0   5.36277678019e-15
1226.0   5.96305467492e-15
1227.0   6.41326309598e-15
1228.0   7.03561003096e-15
1229.0   7.39312848297e-15
1230.0   7.88747498452e-15
1231.0   8.60692569659e-15
1232.0   9.69713628483e-15
1233.0   1.12110724458e-14
1234.0   1.35371492879e-14
1235.0   1.53468105882e-14
1236.0   1.83349586378e-14
1237.0   2.04712417337e-14
1238.0   2.38919429721e-14
1239.0   2.63901583282e-14
1240.0   3.05082412384e-14
1241.0   3.49838426006e-14
1242.0   3.80779220433e-14
1243.0   4.12735190712e-14
1244.0   4.80663696594e-14
1245.0   5.16856922601e-14
1246.0   5.53491529412e-14
1247.0   6.25877981424e-14
1249.0   6.96498910217e-14
1251.0   7.68885362229e-14
1252.0   8.37740767802e-14
1253.0   8.70402947368e-14
1254.0   9.02182365325e-14
1255.0   9.64417058824e-14
1257.0   1.02753451393e-13
1258.0   1.05754840867e-13
1259.0   1.0866795418e-13
1260.0   1.13920385759e-13
1261.0   1.16480394427e-13
1262.0   1.19040403096e-13
1263.0   1.24072144272e-13
1264.0   1.2654387678e-13
1265.0   1.28883195046e-13
1266.0   1.31045960991e-13
1267.0   1.33032174613e-13
1268.0   1.36872187616e-13
1270.0   1.40491510217e-13
1271.0   1.44066694737e-13
1273.0   1.47377050774e-13
1275.0   1.50466716409e-13
1276.0   1.5329155356e-13
1278.0   1.5589570031e-13
1281.0   1.60662613003e-13
1284.0   1.64767454489e-13
1287.0   1.68210224768e-13
1291.0   1.710792e-13
1294.0   1.73286104025e-13
1297.0   1.74963351084e-13
1300.0   1.76508183901e-13
1305.0   1.78803364087e-13
1310.0   1.80392334985e-13
1312.0   1.81142682353e-13
1315.0   1.81628201238e-13
1318.0   1.82025443963e-13
1320.0   1.8176061548e-13
1325.0   1.81098544272e-13
1330.0   1.80348196904e-13
1335.0   1.79730263777e-13
1338.0   1.79465435294e-13
1340.0   1.79244744892e-13
1342.0   1.79465435294e-13
1345.0   1.79686125697e-13
1350.0   1.79686125697e-13
1355.0   1.79024054489e-13
1358.0   1.78582673684e-13
1360.0   1.77920602477e-13
1362.0   1.76905426625e-13
1365.0   1.75272317647e-13
1368.0   1.73286104025e-13
1370.0   1.71167476161e-13
1375.0   1.67459877399e-13
1378.0   1.65826768421e-13
1380.0   1.64061245201e-13
1382.0   1.62075031579e-13
1385.0   1.59823989474e-13
1388.0   1.57528809288e-13
1390.0   1.55542595666e-13
1391.0   1.54924662539e-13
1392.0   1.54306729412e-13
1394.0   1.54218453251e-13
1395.0   1.54306729412e-13
1396.0   1.54350867492e-13
1398.0   1.54792248297e-13
1399.0   1.55498457585e-13
1400.0   1.56292943034e-13
1402.0   1.58411570898e-13
1405.0   1.60795027245e-13
1408.0   1.6309020743e-13
1410.0   1.65076421053e-13
1412.0   1.6666539195e-13
1415.0   1.67812982043e-13
1418.0   1.68475053251e-13
1420.0   1.68784019814e-13
1422.0   1.68784019814e-13
1425.0   1.68563329412e-13
1430.0   1.67680567802e-13
1435.0   1.66488839628e-13
1445.0   1.63884692879e-13
1455.0   1.61103993808e-13
1465.0   1.58279156656e-13
1485.0   1.52806034675e-13
1505.0   1.47597741176e-13
1525.0   1.42566e-13
1545.0   1.37754949226e-13
1565.0   1.33164588854e-13
1585.0   1.28794918885e-13
1605.0   1.24601801238e-13
1625.0   1.20629373994e-13
1645.0   1.16833499071e-13
1665.0   1.13214176471e-13
1685.0   1.09727268111e-13
1705.0   1.06416912074e-13
1725.0   1.03238970279e-13
1745.0   1.00149304644e-13
1765.0   9.72361913313e-14
1785.0   9.44113541796e-14
1805.0   9.17189312693e-14
1825.0   8.91147845201e-14
1845.0   8.65989139319e-14
1865.0   8.42154575851e-14
1885.0   8.19202773994e-14
1905.0   7.97133733746e-14
1925.0   7.75506074303e-14
1945.0   7.55202557276e-14
1965.0   7.35340421053e-14
1985.0   7.1636104644e-14
2005.0   6.97823052632e-14
2025.0   6.80167820433e-14
2045.0   6.6295396904e-14
2065.0   6.46181498452e-14
2085.0   6.30291789474e-14
2105.0   6.148434613e-14
2125.0   5.99836513932e-14
2145.0   5.85712328173e-14
2165.0   5.71588142415e-14
2185.0   5.58346718266e-14
2205.0   5.45105294118e-14
2225.0   5.32305250774e-14
2245.0   5.2038796904e-14
2265.0   5.08470687307e-14
2285.0   4.96994786378e-14
2305.0   4.85518885449e-14
2325.0   4.7492574613e-14
2345.0   4.64332606811e-14
2365.0   4.54180848297e-14
2385.0   4.44470470588e-14
2405.0   4.3480423096e-14
2425.0   4.25535234056e-14
2445.0   4.16486927554e-14
2465.0   4.07703449536e-14
2485.0   3.991848e-14
2505.0   3.90930978947e-14
2525.0   3.82853710217e-14
2545.0   3.75041269969e-14
2565.0   3.67405382043e-14
2585.0   3.5999018452e-14
2605.0   3.52795677399e-14
2625.0   3.45821860681e-14
2645.0   3.38980458204e-14
2665.0   3.3231560805e-14
2685.0   3.25871448297e-14
2705.0   3.19559702786e-14
2725.0   3.13424509598e-14
2745.0   3.0742173065e-14
2765.0   3.01595504025e-14
2785.0   2.95901691641e-14
2805.0   2.90384431579e-14
2825.0   2.84955447678e-14
2845.0   2.79703016099e-14
2865.0   2.74538860681e-14
2885.0   2.69551257585e-14
2905.0   2.6465193065e-14
2925.0   2.59885017957e-14
2945.0   2.55206381424e-14
2965.0   2.50660159133e-14
2985.0   2.46202213003e-14
3005.0   2.41876681115e-14
3025.0   2.37639425387e-14
3045.0   2.3349044582e-14
3065.0   2.29473880495e-14
3085.0   2.25501453251e-14
3105.0   2.21617302167e-14
3125.0   2.17865565325e-14
3145.0   2.14157966563e-14
3165.0   2.10538643963e-14
3185.0   2.07007597523e-14
3205.0   2.03564827245e-14
3225.0   2.00210333127e-14
3245.0   1.9689997709e-14
3265.0   1.93633759133e-14
3285.0   1.90499955418e-14
3305.0   1.87366151703e-14
3325.0   1.84364762229e-14
3345.0   1.81407510836e-14
3365.0   1.78494397523e-14
3385.0   1.75625422291e-14
3405.0   1.7284472322e-14
3425.0   1.70108162229e-14
3445.0   1.67459877399e-14
3465.0   1.6485573065e-14
3485.0   1.62251583901e-14
3505.0   1.59779851393e-14
3525.0   1.57308118885e-14
3545.0   1.54880524458e-14
3565.0   1.52497068111e-14
3585.0   1.50201887926e-14
3605.0   1.4790670774e-14
3625.0   1.45655665635e-14
3643.0   1.43713590093e-14
3644.0   1.43537037771e-14
3645.0   1.4349289969e-14
3647.0   1.43007380805e-14
3650.0   1.42698414241e-14
3660.0   1.41594962229e-14
3670.0   1.40491510217e-14
3676.0   1.39785300929e-14
3680.0   1.39388058204e-14
3683.0   1.3903495356e-14
3684.0   1.38946677399e-14
3687.0   1.38593572755e-14
3688.0   1.38505296594e-14
3693.0   1.37975639628e-14
3698.0   1.37401844582e-14
3703.0   1.36916325697e-14
3704.0   1.36783911455e-14
3705.0   1.36651497214e-14
3707.0   1.36430806811e-14
3710.0   1.36121840248e-14
3712.0   1.35989426006e-14
3713.0   1.35812873684e-14
3716.0   1.35503907121e-14
3721.0   1.34974250155e-14
3722.0   1.34930112074e-14
3723.0   1.34797697833e-14
3725.0   1.34621145511e-14
3728.0   1.34268040867e-14
3735.0   1.33517693498e-14
3742.0   1.32899760372e-14
3747.0   1.32237689164e-14
3749.0   1.31928722601e-14
3751.0   1.31708032198e-14
3755.0   1.31619756037e-14
3759.0   1.31487341796e-14
3761.0   1.31222513313e-14
3763.0   1.31045960991e-14
3766.0   1.30339751703e-14
3769.0   1.29721818576e-14
3770.0   1.29412852012e-14
3772.0   1.29148023529e-14
3773.0   1.29280437771e-14
3774.0   1.29456990093e-14
3776.0   1.29677680495e-14
3777.0   1.29854232817e-14
3778.0   1.29986647059e-14
3781.0   1.30163199381e-14
3784.0   1.30030785139e-14
3786.0   1.29677680495e-14
3789.0   1.28971471207e-14
3792.0   1.28000433437e-14
3794.0   1.26764567183e-14
3795.0   1.26455600619e-14
3797.0   1.25528700929e-14
3798.0   1.25087320124e-14
3799.0   1.24822491641e-14
3800.0   1.25131458204e-14
3801.0   1.25528700929e-14
3802.0   1.26014219814e-14
3804.0   1.26985257585e-14
3806.0   1.27912157276e-14
3808.0   1.28750780805e-14
3810.0   1.29280437771e-14
3812.0   1.29765956656e-14
3814.0   1.29898370898e-14
3816.0   1.29942508978e-14
3818.0   1.29721818576e-14
3820.0   1.29148023529e-14
3821.0   1.28397676161e-14
3823.0   1.2742663839e-14
3825.0   1.26014219814e-14
3827.0   1.24469386997e-14
3829.0   1.22659725697e-14
3831.0   1.20717650155e-14
3834.0   1.18025227245e-14
3835.0   1.1674522291e-14
3836.0   1.16171427864e-14
3837.0   1.15950737461e-14
3838.0   1.16789360991e-14
3839.0   1.17848674923e-14
3840.0   1.19305231579e-14
3843.0   1.22262482972e-14
3845.0   1.25131458204e-14
3848.0   1.27647328793e-14
3851.0   1.29677680495e-14
3853.0   1.31266651393e-14
3856.0   1.32370103406e-14
3859.0   1.32855622291e-14
3861.0   1.32988036533e-14
3863.0   1.32811484211e-14
3864.0   1.32502517647e-14
3865.0   1.31972860681e-14
3867.0   1.31266651393e-14
3868.0   1.30560442105e-14
3869.0   1.29765956656e-14
3871.0   1.28794918885e-14
3872.0   1.27647328793e-14
3873.0   1.26190772136e-14
3875.0   1.24645939319e-14
3876.0   1.2292455418e-14
3877.0   1.21335583282e-14
3878.0   1.19481783901e-14
3880.0   1.17363156037e-14
3881.0   1.15244528173e-14
3882.0   1.1312590031e-14
3885.0   1.08447263777e-14
3887.0   1.05798978947e-14
3888.0   1.03547936842e-14
3889.0   1.01429308978e-14
3890.0   1.00546547368e-14
3891.0   1.00546547368e-14
3892.0   1.02400346749e-14
3893.0   1.04563112693e-14
3896.0   1.09065196904e-14
3898.0   1.13390728793e-14
3900.0   1.17407294118e-14
3902.0   1.19481783901e-14
3903.0   1.21467997523e-14
3904.0   1.23189382663e-14
3905.0   1.24910767802e-14
3908.0   1.28441814241e-14
3910.0   1.31354927554e-14
3913.0   1.3369424582e-14
3915.0   1.35901149845e-14
3917.0   1.37710811146e-14
3920.0   1.38946677399e-14
3922.0   1.39829439009e-14
3925.0   1.40447372136e-14
3927.0   1.407563387e-14
3930.0   1.40712200619e-14
3932.0   1.40359095975e-14
3934.0   1.39608748607e-14
3937.0   1.38461158514e-14
3939.0   1.36828049536e-14
3942.0   1.34930112074e-14
3944.0   1.32458379567e-14
3946.0   1.29368713932e-14
3949.0   1.25881805573e-14
3951.0   1.22394897214e-14
3953.0   1.20496959752e-14
3954.0   1.18422469969e-14
3955.0   1.16215565944e-14
3956.0   1.13787971517e-14
3957.0   1.11581067492e-14
3959.0   1.09374163467e-14
3960.0   1.0694656904e-14
3961.0   1.04386560372e-14
3963.0   9.93989572755e-15
3965.0   9.5249977709e-15
3966.0   9.41465256966e-15
3967.0   9.19396216718e-15
3968.0   8.86292656347e-15
3969.0   8.69078804954e-15
3970.0   8.50540811146e-15
3971.0   8.108165387e-15
3972.0   8.19202773994e-15
3973.0   8.5627876161e-15
3974.0   8.74816755418e-15
3975.0   8.92913368421e-15
3976.0   9.27782452012e-15
3978.0   9.60444631579e-15
3979.0   9.9443095356e-15
3981.0   1.02532760991e-14
3983.0   1.05798978947e-14
3984.0   1.08844506502e-14
3986.0   1.11536929412e-14
3987.0   1.14759009288e-14
3989.0   1.17716260681e-14
3991.0   1.20364545511e-14
3992.0   1.22880416099e-14
3995.0   1.27735604954e-14
3997.0   1.30251475542e-14
3999.0   1.32502517647e-14
4000.0   1.34488731269e-14
4002.0   1.36254254489e-14
4005.0   1.39520472446e-14
4008.0   1.42212895356e-14
4011.0   1.44287385139e-14
4015.0   1.45920494118e-14
4018.0   1.47112222291e-14
4021.0   1.47994983901e-14
4024.0   1.48701193189e-14
4027.0   1.49142573994e-14
4031.0   1.49319126316e-14
4034.0   1.49319126316e-14
4037.0   1.49054297833e-14
4040.0   1.48612917028e-14
4043.0   1.4795084582e-14
4047.0   1.4697980805e-14
4050.0   1.45655665635e-14
4053.0   1.43978418576e-14
4056.0   1.41992204954e-14
4059.0   1.39608748607e-14
4063.0   1.36651497214e-14
4066.0   1.33120450774e-14
4069.0   1.29368713932e-14
4072.0   1.25308010526e-14
4074.0   1.23277658824e-14
4075.0   1.21070754799e-14
4077.0   1.18775574613e-14
4079.0   1.16259704025e-14
4080.0   1.13699695356e-14
4082.0   1.11183824768e-14
4083.0   1.08535539938e-14
4085.0   1.05843117028e-14
4087.0   1.02930003715e-14
4088.0   9.97962e-15
4090.0   9.70155009288e-15
4091.0   9.40141114551e-15
4093.0   9.08361696594e-15
4095.0   8.77023659443e-15
4096.0   8.42595956656e-15
4098.0   8.0993377709e-15
4099.0   7.90954402477e-15
4100.0   7.53437034056e-15
4101.0   7.32250755418e-15
4102.0   7.08857572755e-15
4103.0   6.81933343653e-15
4104.0   6.95174767802e-15
4105.0   7.30926613003e-15
4106.0   7.51671510836e-15
4107.0   7.87423356037e-15
4108.0   8.0551996904e-15
4110.0   8.36858006192e-15
4111.0   8.69520185759e-15
4113.0   8.9909269969e-15
4114.0   9.29106594427e-15
4116.0   9.56913585139e-15
4118.0   9.82513671827e-15
4119.0   1.01164480495e-14
4121.0   1.03856903406e-14
4122.0   1.06328635913e-14
4124.0   1.08756230341e-14
4127.0   1.13390728793e-14
4130.0   1.17760398762e-14
4134.0   1.21600411765e-14
4137.0   1.25352148607e-14
4140.0   1.28839056966e-14
4143.0   1.32193551084e-14
4146.0   1.34974250155e-14
4150.0   1.37313568421e-14
4153.0   1.39299782043e-14
4156.0   1.41065305263e-14
4159.0   1.4252186192e-14
4162.0   1.43669452012e-14
4166.0   1.44552213622e-14
4169.0   1.45302560991e-14
4172.0   1.45876356037e-14
4178.0   1.46670841486e-14
4185.0   1.47112222291e-14
4191.0   1.47288774613e-14
4198.0   1.47244636533e-14
4204.0   1.4702394613e-14
4210.0   1.46670841486e-14
4217.0   1.46229460681e-14
4223.0   1.45655665635e-14
4230.0   1.44905318266e-14
4236.0   1.44066694737e-14
4242.0   1.43051518885e-14
4249.0   1.41859790712e-14
4255.0   1.40314957895e-14
4262.0   1.38461158514e-14
4268.0   1.36165978328e-14
4271.0   1.34797697833e-14
4274.0   1.33297003096e-14
4278.0   1.31619756037e-14
4281.0   1.29721818576e-14
4284.0   1.27603190712e-14
4287.0   1.25440424768e-14
4294.0   1.20673512074e-14
4297.0   1.18157641486e-14
4300.0   1.15376942415e-14
4303.0   1.12419691022e-14
4306.0   1.09197611146e-14
4310.0   1.05798978947e-14
4313.0   1.02312070588e-14
4316.0   9.85603337461e-15
4319.0   9.44996303406e-15
4322.0   9.0262374613e-15
4326.0   8.57602904025e-15
4329.0   8.108165387e-15
4332.0   7.61381888545e-15
4334.0   7.36664563467e-15
4335.0   7.0929895356e-15
4337.0   6.81050582043e-15
4338.0   6.6560225387e-15
4339.0   6.32057312693e-15
4340.0   6.2190555418e-15
4341.0   5.91450278638e-15
4342.0   5.34070773994e-15
4343.0   5.85270947368e-15
4344.0   6.17050365325e-15
4345.0   6.44857356037e-15
4346.0   6.60305684211e-15
4348.0   7.02678241486e-15
4350.0   7.28278328173e-15
4351.0   7.51671510836e-15
4353.0   7.75506074303e-15
4356.0   8.19202773994e-15
4359.0   8.62016712074e-15
4362.0   9.01299603715e-15
4366.0   9.38375591331e-15
4369.0   9.72361913313e-15
4372.0   1.00325856966e-14
4375.0   1.03238970279e-14
4378.0   1.05931393189e-14
4382.0   1.08491401858e-14
4385.0   1.10742443963e-14
4388.0   1.12816933746e-14
4391.0   1.14626595046e-14
4398.0   1.18025227245e-14
4401.0   1.19481783901e-14
4404.0   1.20850064396e-14
4407.0   1.21997654489e-14
4410.0   1.23012830341e-14
4414.0   1.23807315789e-14
4417.0   1.24513525077e-14
4423.0   1.25528700929e-14
4430.0   1.26190772136e-14
4436.0   1.264997387e-14
4442.0   1.26632152941e-14
4449.0   1.26588014861e-14
4455.0   1.26455600619e-14
4462.0   1.26234910217e-14
4468.0   1.25925943653e-14
4474.0   1.25572839009e-14
4481.0   1.25175596285e-14
4487.0   1.2473421548e-14
4494.0   1.24292834675e-14
4500.0   1.2385145387e-14
4506.0   1.23365934985e-14
4513.0   1.22880416099e-14
4519.0   1.22394897214e-14
4526.0   1.21909378328e-14
4532.0   1.21379721362e-14
4538.0   1.20894202477e-14
4545.0   1.20364545511e-14
4551.0   1.19834888545e-14
4558.0   1.19349369659e-14
4564.0   1.18819712693e-14
4570.0   1.18290055728e-14
4577.0   1.17760398762e-14
4583.0   1.17230741796e-14
4590.0   1.1670108483e-14
4596.0   1.16171427864e-14
4602.0   1.15641770898e-14
4609.0   1.15112113932e-14
4615.0   1.14582456966e-14
4622.0   1.140528e-14
4628.0   1.13479004954e-14
4634.0   1.12949347988e-14
4641.0   1.12419691022e-14
4647.0   1.11845895975e-14
4654.0   1.11316239009e-14
4660.0   1.10742443963e-14
4666.0   1.10212786997e-14
4673.0   1.0959485387e-14
4679.0   1.09021058824e-14
4686.0   1.08403125697e-14
4692.0   1.0778519257e-14
4698.0   1.07167259443e-14
4705.0   1.06505188235e-14
4711.0   1.05798978947e-14
4718.0   1.05048631579e-14
4724.0   1.04298284211e-14
4730.0   1.03459660681e-14
4737.0   1.02576899071e-14
4743.0   1.01694137461e-14
4750.0   1.0072309969e-14
4756.0   9.96637857585e-15
4762.0   9.84720575851e-15
4769.0   9.71920532508e-15
4775.0   9.57796346749e-15
4782.0   9.41906637771e-15
4788.0   9.24251405573e-15
4794.0   9.03947888545e-15
4801.0   8.81437467492e-15
4807.0   8.55396e-15
4814.0   8.26706247678e-15
4817.0   8.11257919505e-15
4820.0   7.94926829721e-15
4823.0   7.77712978328e-15
4826.0   7.5917498452e-15
4830.0   7.39312848297e-15
4833.0   7.18567950464e-15
4836.0   6.96498910217e-15
4839.0   6.73547108359e-15
4842.0   6.49271164087e-15
4846.0   6.23671077399e-15
4849.0   5.96746848297e-15
4852.0   5.6849847678e-15
4854.0   5.53050148607e-15
4855.0   5.37601820433e-15
4857.0   5.20829349845e-15
4858.0   5.11560352941e-15
4859.0   4.91698216718e-15
4860.0   4.79780934985e-15
4861.0   4.65656749226e-15
4862.0   4.44470470588e-15
4863.0   3.7954335418e-15
4864.0   4.36216649536e-15
4865.0   4.7051193808e-15
4866.0   4.83311981424e-15
4867.0   5.03615498452e-15
4868.0   5.12443114551e-15
4870.0   5.28774204334e-15
4871.0   5.43781151703e-15
4873.0   5.57905337461e-15
4876.0   5.84388185759e-15
4879.0   6.08664130031e-15
4882.0   6.32057312693e-15
4886.0   6.53684972136e-15
4889.0   6.73988489164e-15
4892.0   6.92967863777e-15
4895.0   7.1018171517e-15
4898.0   7.26512804954e-15
4902.0   7.41519752322e-15
4905.0   7.55202557276e-15
4908.0   7.68002600619e-15
4911.0   7.79478501548e-15
4914.0   7.90071640867e-15
4921.0   8.08609634675e-15
4927.0   8.24499343653e-15
4934.0   8.36858006192e-15
4940.0   8.46568383901e-15
4946.0   8.54071857585e-15
4953.0   8.5980980805e-15
4959.0   8.64223616099e-15
4966.0   8.66871900929e-15
4972.0   8.68637424149e-15
4978.0   8.69520185759e-15
4985.0   8.69520185759e-15
4991.0   8.69520185759e-15
4995.0   8.69078804954e-15
4998.0   8.68637424149e-15
5000.0   8.68196043344e-15
5010.0   8.65547758514e-15
5020.0   8.62458092879e-15
5040.0   8.54071857585e-15
5060.0   8.44802860681e-15
5080.0   8.34209721362e-15
5100.0   8.24057962848e-15
5120.0   8.13464823529e-15
5140.0   8.02871684211e-15
5160.0   7.92719925697e-15
5180.0   7.82126786378e-15
5200.0   7.71975027864e-15
5220.0   7.6182326935e-15
5240.0   7.52112891641e-15
5260.0   7.42402513932e-15
5280.0   7.32692136223e-15
5300.0   7.22981758514e-15
5320.0   7.1371276161e-15
5340.0   7.04443764706e-15
5360.0   6.95616148607e-15
5380.0   6.86788532508e-15
5400.0   6.77960916409e-15
5420.0   6.69574681115e-15
5440.0   6.60747065015e-15
5460.0   6.52360829721e-15
5480.0   6.44415975232e-15
5500.0   6.36029739938e-15
5520.0   6.28084885449e-15
5540.0   6.2014003096e-15
5560.0   6.12636557276e-15
5580.0   6.05133083591e-15
5600.0   5.97629609907e-15
5620.0   5.90126136223e-15
5640.0   5.82622662539e-15
5660.0   5.75560569659e-15
5680.0   5.6849847678e-15
5700.0   5.61877764706e-15
5720.0   5.54815671827e-15
5740.0   5.48194959752e-15
5760.0   5.41574247678e-15
5780.0   5.34953535604e-15
5800.0   5.28332823529e-15
5820.0   5.2215349226e-15
5840.0   5.15974160991e-15
5860.0   5.09794829721e-15
5880.0   5.03615498452e-15
5900.0   4.97877547988e-15
5920.0   4.91698216718e-15
5940.0   4.85960266254e-15
5960.0   4.80222315789e-15
5980.0   4.74484365325e-15
6000.0   4.69187795666e-15
6020.0   4.63449845201e-15
6040.0   4.58153275542e-15
6060.0   4.52856705882e-15
6080.0   4.47560136223e-15
6100.0   4.42263566563e-15
6120.0   4.37364239628e-15
6140.0   4.32288360372e-15
6160.0   4.27256619195e-15
6180.0   4.22269016099e-15
6200.0   4.17369689164e-15
6220.0   4.12470362229e-15
6240.0   4.07615173375e-15
6260.0   4.0275998452e-15
6280.0   3.97948933746e-15
6300.0   3.93137882972e-15
6320.0   3.88282694118e-15
6340.0   3.83339229102e-15
6360.0   3.78351626006e-15
6380.0   3.73143332508e-15
6400.0   3.67626072446e-15
6420.0   3.61535017337e-15
6440.0   3.546053387e-15
6450.0   3.50588773375e-15
6460.0   3.46086689164e-15
6470.0   3.40966671827e-15
6480.0   3.35140445201e-15
6490.0   3.28431456966e-15
6500.0   3.20486602477e-15
6505.0   3.15984518266e-15
6510.0   3.11041053251e-15
6515.0   3.0561206935e-15
6520.0   2.99653428483e-15
6525.0   2.9312099257e-15
6530.0   2.85926485449e-15
6535.0   2.78069907121e-15
6540.0   2.69462981424e-15
6545.0   2.60017432198e-15
6548.0   2.54941552941e-15
6550.0   2.49600845201e-15
6552.0   2.43907032817e-15
6555.0   2.37727701548e-15
6556.0   2.3437320743e-15
6558.0   2.30842160991e-15
6559.0   2.26958009907e-15
6560.0   2.22632478019e-15
6561.0   2.20204883591e-15
6562.0   2.14422795046e-15
6563.0   2.08066911455e-15
6564.0   1.93854449536e-15
6565.0   1.60486060681e-15
6566.0   1.97164805573e-15
6567.0   2.09346915789e-15
6568.0   2.15261418576e-15
6569.0   2.21308335604e-15
6570.0   2.24662829721e-15
6571.0   2.27664219195e-15
6573.0   2.33004926935e-15
6575.0   2.37771839628e-15
6577.0   2.42097371517e-15
6579.0   2.46113936842e-15
6581.0   2.49953949845e-15
6585.0   2.56971904644e-15
6589.0   2.63327788235e-15
6593.0   2.6910987678e-15
6597.0   2.74318170279e-15
6601.0   2.79040944892e-15
6605.0   2.83278200619e-15
6609.0   2.87118213622e-15
6613.0   2.9051684582e-15
6617.0   2.93562373375e-15
6621.0   2.96210658204e-15
6629.0   3.00668604334e-15
6637.0   3.04111374613e-15
6645.0   3.06671383282e-15
6653.0   3.08525182663e-15
6661.0   3.09849325077e-15
6669.0   3.10732086687e-15
6677.0   3.11261743653e-15
6693.0   3.11350019814e-15
6709.0   3.10555534365e-15
6725.0   3.09275530031e-15
6741.0   3.07642421053e-15
6757.0   3.05788621672e-15
6773.0   3.03758269969e-15
6789.0   3.01683780186e-15
6805.0   2.99476876161e-15
6821.0   2.97269972136e-15
6837.0   2.95018930031e-15
6853.0   2.92767887926e-15
6869.0   2.9051684582e-15
6885.0   2.88221665635e-15
6901.0   2.85970623529e-15
6917.0   2.83719581424e-15
6933.0   2.81468539319e-15
6949.0   2.79217497214e-15
6965.0   2.77010593189e-15
6981.0   2.74803689164e-15
6997.0   2.72596785139e-15
7013.0   2.70434019195e-15
7029.0   2.68271253251e-15
7045.0   2.66152625387e-15
7061.0   2.64033997523e-15
7077.0   2.61915369659e-15
7093.0   2.59840879876e-15
7109.0   2.57766390093e-15
7125.0   2.5573603839e-15
7141.0   2.53705686687e-15
7157.0   2.51675334985e-15
7173.0   2.49689121362e-15
7189.0   2.4774704582e-15
7205.0   2.45804970279e-15
7221.0   2.43862894737e-15
7237.0   2.41964957276e-15
7253.0   2.40067019814e-15
7269.0   2.38169082353e-15
7285.0   2.36315282972e-15
7301.0   2.34505621672e-15
7317.0   2.32651822291e-15
7333.0   2.30886299071e-15
7349.0   2.29076637771e-15
7365.0   2.27355252632e-15
7381.0   2.25589729412e-15
7397.0   2.23868344272e-15
7413.0   2.22146959133e-15
7429.0   2.20425573994e-15
7445.0   2.18748326935e-15
7461.0   2.17071079876e-15
7477.0   2.15437970898e-15
7493.0   2.13760723839e-15
7509.0   2.12171752941e-15
7525.0   2.10538643963e-15
7541.0   2.08949673065e-15
7557.0   2.07404840248e-15
7573.0   2.0581586935e-15
7589.0   2.04271036533e-15
7605.0   2.02726203715e-15
7621.0   2.01225508978e-15
7637.0   1.99724814241e-15
7653.0   1.98224119505e-15
7669.0   1.96767562848e-15
7685.0   1.95311006192e-15
7701.0   1.93854449536e-15
7717.0   1.92397892879e-15
7733.0   1.90985474303e-15
7749.0   1.89573055728e-15
7765.0   1.88204775232e-15
7781.0   1.86792356656e-15
7797.0   1.85424076161e-15
7813.0   1.84099933746e-15
7829.0   1.82731653251e-15
7845.0   1.81407510836e-15
7861.0   1.80083368421e-15
7877.0   1.78759226006e-15
7893.0   1.77479221672e-15
7909.0   1.76199217337e-15
7925.0   1.74919213003e-15
7941.0   1.73683346749e-15
7957.0   1.72403342415e-15
7973.0   1.71167476161e-15
7989.0   1.69975747988e-15
8005.0   1.68739881734e-15
8021.0   1.6754815356e-15
8037.0   1.66356425387e-15
8053.0   1.65164697214e-15
8069.0   1.6397296904e-15
8085.0   1.62825378947e-15
8101.0   1.61677788854e-15
8117.0   1.60530198762e-15
8133.0   1.59382608669e-15
8149.0   1.58279156656e-15
8165.0   1.57175704644e-15
8181.0   1.56072252632e-15
8188.0   1.55586733746e-15
8197.0   1.54968800619e-15
8206.0   1.54262591331e-15
8224.0   1.53026725077e-15
8242.0   1.51834996904e-15
8260.0   1.50643268731e-15
8278.0   1.49451540557e-15
8296.0   1.48259812384e-15
8314.0   1.47068084211e-15
8332.0   1.45920494118e-15
8350.0   1.44772904025e-15
8368.0   1.43625313932e-15
8378.0   1.43007380805e-15
8387.0   1.4252186192e-15
8395.0   1.41992204954e-15
8406.0   1.41285995666e-15
8409.0   1.41109443344e-15
8411.0   1.41021167183e-15
8416.0   1.40712200619e-15
8425.0   1.40182543653e-15
8440.0   1.39255643963e-15
8442.0   1.39123229721e-15
8456.0   1.38284606192e-15
8470.0   1.37490120743e-15
8483.0   1.36651497214e-15
8490.0   1.3629839257e-15
8497.0   1.35857011765e-15
8505.0   1.3541563096e-15
8520.0   1.3453286935e-15
8522.0   1.34444593189e-15
8535.0   1.3369424582e-15
8548.0   1.32943898452e-15
8561.0   1.32193551084e-15
8574.0   1.31443203715e-15
8587.0   1.30736994427e-15
8599.0   1.30030785139e-15
8600.0   1.29986647059e-15
8601.0   1.29942508978e-15
8602.0   1.29854232817e-15
8606.0   1.29677680495e-15
8613.0   1.29280437771e-15
8627.0   1.28530090402e-15
8641.0   1.27779743034e-15
8642.0   1.27735604954e-15
8655.0   1.27029395666e-15
8667.0   1.26367324458e-15
8680.0   1.25705253251e-15
8693.0   1.25043182043e-15
8706.0   1.24381110836e-15
8719.0   1.23674901548e-15
8731.0   1.2296869226e-15
8736.0   1.22748001858e-15
8744.0   1.22306621053e-15
8753.0   1.21865240248e-15
8770.0   1.21070754799e-15
8787.0   1.20232131269e-15
8804.0   1.1943764582e-15
8821.0   1.18599022291e-15
8839.0   1.17716260681e-15
8846.0   1.17319017957e-15
8856.0   1.16833499071e-15
8865.0   1.16392118266e-15
8884.0   1.15641770898e-15
8903.0   1.14891423529e-15
8922.0   1.1409693808e-15
8941.0   1.1312590031e-15
8960.0   1.12199000619e-15
8979.0   1.11183824768e-15
8998.0   1.10168648916e-15
9016.0   1.09153473065e-15
9017.0   1.09109334985e-15
9019.0   1.09021058824e-15
9022.0   1.08976920743e-15
9028.0   1.08800368421e-15
9039.0   1.08579678019e-15
9051.0   1.08270711455e-15
9063.0   1.08005882972e-15
9074.0   1.07652778328e-15
9086.0   1.07255535604e-15
9098.0   1.06858292879e-15
9109.0   1.06416912074e-15
9121.0   1.05931393189e-15
9133.0   1.05401736223e-15
9144.0   1.04827941176e-15
9156.0   1.0425414613e-15
9168.0   1.03592074923e-15
9180.0   1.02885865635e-15
9191.0   1.02091380186e-15
9203.0   1.01296894737e-15
9215.0   1.00414133127e-15
9221.0   9.9972752322e-16
9226.0   9.9619647678e-16
9232.0   9.93106811146e-16
9237.0   9.92665430341e-16
9242.0   9.93106811146e-16
9253.0   9.91341287926e-16
9263.0   9.91341287926e-16
9274.0   9.91782668731e-16
9284.0   9.91782668731e-16
9294.0   9.90899907121e-16
9305.0   9.90017145511e-16
9315.0   9.88251622291e-16
9326.0   9.86486099071e-16
9336.0   9.84279195046e-16
9347.0   9.81630910217e-16
9357.0   9.78541244582e-16
9368.0   9.75010198142e-16
9378.0   9.71037770898e-16
9389.0   9.67065343653e-16
9399.0   9.62651535604e-16
9410.0   9.57796346749e-16
9420.0   9.52941157895e-16
9431.0   9.47644588235e-16
9441.0   9.41465256966e-16
9452.0   9.34403164087e-16
9462.0   9.27341071207e-16
9473.0   9.19837597523e-16
9483.0   9.11451362229e-16
9494.0   9.02182365325e-16
9504.0   8.91589226006e-16
9515.0   8.80996086687e-16
9525.0   8.69078804954e-16
9536.0   8.5716152322e-16
9544.0   8.47451145511e-16
9546.0   8.44361479876e-16
9549.0   8.42154575851e-16
9551.0   8.43037337461e-16
9553.0   8.43920099071e-16
9558.0   8.46568383901e-16
9567.0   8.5274771517e-16
9586.0   8.62458092879e-16
9605.0   8.69961566563e-16
9623.0   8.74816755418e-16
9642.0   8.76582278638e-16
9661.0   8.77023659443e-16
9679.0   8.75699517028e-16
9698.0   8.73492613003e-16
9717.0   8.70402947368e-16
9735.0   8.66430520124e-16
9754.0   8.62016712074e-16
9773.0   8.56720142415e-16
9791.0   8.51423572755e-16
9810.0   8.45244241486e-16
9829.0   8.38623529412e-16
9847.0   8.32002817337e-16
9866.0   8.26264866873e-16
9885.0   8.16995869969e-16
9904.0   8.0640273065e-16
9922.0   7.95368210526e-16
9941.0   7.82126786378e-16
9960.0   7.66678458204e-16
9969.0   7.58733603715e-16
9978.0   7.49905987616e-16
9988.0   7.39754229102e-16
9994.0   7.32692136223e-16
9997.0   7.29161089783e-16
10000.0   7.25630043344e-16
10010.0   7.1724380805e-16
10020.0   6.99588575851e-16
10030.0   6.89436817337e-16
10040.0   6.6913330031e-16
10050.0   6.58981541796e-16
10060.0   6.53243591331e-16
10070.0   6.68691919505e-16
10080.0   6.77078154799e-16
10090.0   6.85464390093e-16
10100.0   6.98705814241e-16
10110.0   7.03561003096e-16
10120.0   7.08857572755e-16
10130.0   7.1636104644e-16
10150.0   7.21657616099e-16
10170.0   7.25630043344e-16
10180.0   7.27395566563e-16
10200.0   7.28278328173e-16
10230.0   7.27836947368e-16
10260.0   7.24747281734e-16
10290.0   7.19892092879e-16
10330.0   7.1459552322e-16
10360.0   7.07974811146e-16
10390.0   7.01354099071e-16
10420.0   6.94733386997e-16
10450.0   6.85023009288e-16
10520.0   6.7001606192e-16
10580.0   6.55009114551e-16
10650.0   6.37795263158e-16
10680.0   6.28526266254e-16
10710.0   6.18815888545e-16
10740.0   6.07781368421e-16
10770.0   5.94981325077e-16
10790.0   5.87919232198e-16
10810.0   5.79532996904e-16
10820.0   5.70705380805e-16
10840.0   5.60995003096e-16
10850.0   5.49519102167e-16
10870.0   5.37160439628e-16
10890.0   5.22594873065e-16
10900.0   5.06263783282e-16
10910.0   4.96994786378e-16
10920.0   4.86843027864e-16
10930.0   4.7580850774e-16
10940.0   4.59477417957e-16
10950.0   4.57711894737e-16
10960.0   4.7139469969e-16
10970.0   4.83311981424e-16
10980.0   4.90815455108e-16
10990.0   5.02291356037e-16
11000.0   5.06705164087e-16
11010.0   5.11118972136e-16
11020.0   5.18181065015e-16
11040.0   5.23477634675e-16
11060.0   5.27891442724e-16
11070.0   5.30098346749e-16
11090.0   5.31863869969e-16
11100.0   5.33188012384e-16
11120.0   5.33188012384e-16
11150.0   5.32305250774e-16
11180.0   5.29656965944e-16
11220.0   5.26125919505e-16
11280.0   5.17739684211e-16
11340.0   5.08470687307e-16
11410.0   4.98760309598e-16
11470.0   4.90374074303e-16
11540.0   4.80222315789e-16
11600.0   4.7051193808e-16
11660.0   4.60801560372e-16
11730.0   4.51532563467e-16
11790.0   4.42704947368e-16
11860.0   4.33656640867e-16
11920.0   4.2500557709e-16
11980.0   4.16531065635e-16
12050.0   4.07526897214e-16
12110.0   3.99317214241e-16
12180.0   3.91284083591e-16
12240.0   3.83339229102e-16
12300.0   3.75482650774e-16
12370.0   3.67626072446e-16
12430.0   3.59637079876e-16
12500.0   3.51294982663e-16
12530.0   3.46837036533e-16
12560.0   3.4211426192e-16
12590.0   3.36950106502e-16
12620.0   3.31168017957e-16
12660.0   3.24503167802e-16
12670.0   3.20707292879e-16
12690.0   3.16558313313e-16
12700.0   3.12012091022e-16
12720.0   3.06892073684e-16
12740.0   3.0115412322e-16
12750.0   2.94754101548e-16
12770.0   2.87471318266e-16
12780.0   2.8336647678e-16
12790.0   2.74053341796e-16
12800.0   2.68624357895e-16
12810.0   2.6195950774e-16
12820.0   2.51896025387e-16
12830.0   2.48497393189e-16
12840.0   2.60547089164e-16
12850.0   2.67962286687e-16
12860.0   2.71846437771e-16
12870.0   2.78069907121e-16
12880.0   2.80585777709e-16
12890.0   2.82792681734e-16
12900.0   2.86588556656e-16
12920.0   2.89501669969e-16
12940.0   2.91796850155e-16
12950.0   2.93429959133e-16
12970.0   2.94621687307e-16
12980.0   2.95372034675e-16
13000.0   2.95769277399e-16
13030.0   2.95769277399e-16
13060.0   2.95018930031e-16
13100.0   2.93694787616e-16
13130.0   2.91973402477e-16
13160.0   2.90075465015e-16
13220.0   2.8601476161e-16
13290.0   2.81424401238e-16
13350.0   2.76701626625e-16
13420.0   2.71978852012e-16
13480.0   2.6730021548e-16
13540.0   2.62665717028e-16
13610.0   2.58119494737e-16
13670.0   2.53838100929e-16
13740.0   2.49600845201e-16
13800.0   2.45760832198e-16
13860.0   2.42009095356e-16
13930.0   2.38345634675e-16
13990.0   2.34726312074e-16
14060.0   2.31195265635e-16
14120.0   2.27752495356e-16
14180.0   2.24309725077e-16
14250.0   2.2099936904e-16
14310.0   2.17689013003e-16
14380.0   2.14466933127e-16
14440.0   2.11333129412e-16
14500.0   2.08243463777e-16
14570.0   2.05197936223e-16
14630.0   2.02152408669e-16
14700.0   1.98842052632e-16
14760.0   1.95531696594e-16
14820.0   1.92309616718e-16
14890.0   1.89175813003e-16
14950.0   1.86086147368e-16
15020.0   1.83084757895e-16
15070.0   1.80480611146e-16
15080.0   1.80127506502e-16
15090.0   1.79730263777e-16
15100.0   1.79024054489e-16
15130.0   1.77655773994e-16
15140.0   1.77567497833e-16
15150.0   1.77081978947e-16
15170.0   1.75978526935e-16
15200.0   1.74830936842e-16
15230.0   1.73462656347e-16
15250.0   1.72668170898e-16
15260.0   1.72182652012e-16
15300.0   1.70284714551e-16
15350.0   1.6838677709e-16
15430.0   1.65032282972e-16
15440.0   1.64679178328e-16
15460.0   1.63708140557e-16
15490.0   1.62339860062e-16
15560.0   1.59823989474e-16
15570.0   1.59426746749e-16
15580.0   1.59029504025e-16
15600.0   1.58235018576e-16
15640.0   1.56646047678e-16
15710.0   1.54041900929e-16
15770.0   1.51526030341e-16
15800.0   1.50687406811e-16
15840.0   1.49054297833e-16
15890.0   1.47465326935e-16
15970.0   1.44287385139e-16
16010.0   1.42963242724e-16
16060.0   1.41241857585e-16
16110.0   1.39520472446e-16
16160.0   1.37887363467e-16
16210.0   1.36254254489e-16
16260.0   1.34621145511e-16
16320.0   1.32943898452e-16
16370.0   1.31222513313e-16
16410.0   1.29501128173e-16
16460.0   1.28397676161e-16
16510.0   1.27161809907e-16
16600.0   1.24381110836e-16
16690.0   1.21556273684e-16
16760.0   1.19261093498e-16
16780.0   1.18157641486e-16
16800.0   1.1758384644e-16
16810.0   1.17010051393e-16
16820.0   1.16877637152e-16
16840.0   1.1670108483e-16
16850.0   1.16568670588e-16
16860.0   1.16347980186e-16
16890.0   1.158624613e-16
16950.0   1.14626595046e-16
17000.0   1.13302452632e-16
17050.0   1.11934172136e-16
17110.0   1.1052175356e-16
17160.0   1.09109334985e-16
17210.0   1.07696916409e-16
17270.0   1.06284497833e-16
17320.0   1.04827941176e-16
17370.0   1.03636213003e-16
17460.0   1.0156172322e-16
17560.0   9.96637857585e-17
17650.0   9.76775721362e-17
17750.0   9.56472204334e-17
17840.0   9.36168687307e-17
17940.0   9.14541027864e-17
18030.0   8.89823702786e-17
18070.0   8.79671944272e-17
18130.0   8.65547758514e-17
18150.0   8.58485665635e-17
18180.0   8.5186495356e-17
18210.0   8.48333907121e-17
18230.0   8.45244241486e-17
18290.0   8.37740767802e-17
18340.0   8.29354532508e-17
18400.0   8.20085535604e-17
18450.0   8.08609634675e-17
18500.0   7.95809591331e-17
18530.0   7.88306117647e-17
18560.0   7.79478501548e-17
18590.0   7.69768123839e-17
18610.0   7.5829222291e-17
18640.0   7.45050798762e-17
18670.0   7.29602470588e-17
18680.0   7.20774854489e-17
18690.0   7.1106447678e-17
18710.0   7.00029956656e-17
18720.0   6.87229913313e-17
18730.0   6.79726439628e-17
18740.0   6.6560225387e-17
18750.0   6.48388402477e-17
18760.0   5.83505424149e-17
18770.0   6.47064260062e-17
18780.0   6.63395349845e-17
18790.0   6.75754012384e-17
18800.0   6.81491962848e-17
18820.0   6.94733386997e-17
18840.0   7.01354099071e-17
18850.0   7.06650668731e-17
18870.0   7.10623095975e-17
18880.0   7.1371276161e-17
18900.0   7.15919665635e-17
18930.0   7.18567950464e-17
18960.0   7.19450712074e-17
19000.0   7.19009331269e-17
19030.0   7.1636104644e-17
19060.0   7.1371276161e-17
19120.0   7.05767907121e-17
19190.0   6.95616148607e-17
19250.0   6.84581628483e-17
19320.0   6.71781585139e-17
19380.0   6.57216018576e-17
19440.0   6.43974594427e-17
19450.0   6.41767690402e-17
19460.0   6.40884928793e-17
19490.0   6.40443547988e-17
19510.0   6.40002167183e-17
19570.0   6.39560786378e-17
19620.0   6.37353882353e-17
19670.0   6.34705597523e-17
19720.0   6.30733170279e-17
19770.0   6.26760743034e-17
19820.0   6.2190555418e-17
19870.0   6.17050365325e-17
19920.0   6.12195176471e-17
19970.0   6.06898606811e-17
20020.0   6.01602037152e-17
20080.0   5.95864086687e-17
20130.0   5.90567517028e-17
20180.0   5.84829566563e-17
20230.0   5.79532996904e-17
20280.0   5.75119188854e-17
20330.0   5.6938123839e-17
20380.0   5.63643287926e-17
20430.0   5.58346718266e-17
20480.0   5.53050148607e-17
20530.0   5.47312198142e-17
20580.0   5.42015628483e-17
20640.0   5.36719058824e-17
20690.0   5.31422489164e-17
20740.0   5.2656730031e-17
20790.0   5.2127073065e-17
20840.0   5.15974160991e-17
20890.0   5.11118972136e-17
20940.0   5.05822402477e-17
20990.0   5.00967213622e-17
21040.0   4.95670643963e-17
21090.0   4.90374074303e-17
21150.0   4.85077504644e-17
21200.0   4.79780934985e-17
21250.0   4.7404298452e-17
21300.0   4.68305034056e-17
21350.0   4.62125702786e-17
21400.0   4.55504990712e-17
21450.0   4.48442897833e-17
21500.0   4.40409767183e-17
21550.0   4.3127318452e-17
21580.0   4.26285581424e-17
21600.0   4.20680045201e-17
21620.0   4.17678655728e-17
21630.0   4.1432416161e-17
21640.0   4.10572424768e-17
21650.0   4.08497934985e-17
21660.0   4.03995850774e-17
21670.0   4.04216541176e-17
21680.0   4.07350344892e-17
21690.0   4.09468972755e-17
21700.0   4.11057943653e-17
21730.0   4.13353123839e-17
21760.0   4.14853818576e-17
21780.0   4.15868994427e-17
21810.0   4.16486927554e-17
21860.0   4.16751756037e-17
21920.0   4.15913132508e-17
21970.0   4.14412437771e-17
22020.0   4.12337947988e-17
22080.0   4.10042767802e-17
22130.0   4.07438621053e-17
22180.0   4.04613783901e-17
22240.0   4.01700670588e-17
22290.0   3.98699281115e-17
22340.0   3.9560961548e-17
22390.0   3.92519949845e-17
22450.0   3.8938614613e-17
22500.0   3.86252342415e-17
22550.0   3.831185387e-17
22610.0   3.80028873065e-17
22660.0   3.7689506935e-17
22710.0   3.73805403715e-17
22770.0   3.70759876161e-17
22820.0   3.67670210526e-17
22870.0   3.64580544892e-17
22920.0   3.61358465015e-17
22980.0   3.5818052322e-17
23030.0   3.55046719505e-17
23080.0   3.51912915789e-17
23140.0   3.48779112074e-17
23190.0   3.45954274923e-17
23240.0   3.42908747368e-17
23300.0   3.39863219814e-17
23350.0   3.36861830341e-17
23400.0   3.33904578947e-17
23460.0   3.30991465635e-17
23510.0   3.28078352322e-17
23560.0   3.2520937709e-17
23610.0   3.22384539938e-17
23670.0   3.19559702786e-17
23720.0   3.16779003715e-17
23770.0   3.14042442724e-17
23830.0   3.11350019814e-17
23880.0   3.08657596904e-17
23930.0   3.06009312074e-17
23990.0   3.03361027245e-17
24040.0   3.00756880495e-17
24090.0   2.98196871827e-17
24140.0   2.95681001238e-17
24200.0   2.9316513065e-17
24250.0   2.90649260062e-17
24300.0   2.88177527554e-17
24360.0   2.85749933127e-17
24410.0   2.8336647678e-17
24460.0   2.80938882353e-17
24520.0   2.78599564087e-17
24570.0   2.7626024582e-17
24620.0   2.73965065635e-17
24680.0   2.71669885449e-17
24730.0   2.69374705263e-17
24780.0   2.66726420433e-17
24830.0   2.64475378328e-17
24890.0   2.62268474303e-17
24940.0   2.60061570279e-17
24990.0   2.57854666254e-17
25050.0   2.5569190031e-17
25100.0   2.53529134365e-17
25150.0   2.51366368421e-17
25210.0   2.49247740557e-17
25260.0   2.47084974613e-17
25310.0   2.44966346749e-17
25360.0   2.42847718885e-17
25420.0   2.40729091022e-17
25470.0   2.38610463158e-17
25520.0   2.36491835294e-17
25580.0   2.3432906935e-17
25630.0   2.32122165325e-17
25680.0   2.2987112322e-17
25740.0   2.27575943034e-17
25790.0   2.25148348607e-17
25840.0   2.22588339938e-17
25900.0   2.19895917028e-17
25950.0   2.16982803715e-17
26000.0   2.13760723839e-17
26050.0   2.10141401238e-17
26110.0   2.05992421672e-17
26130.0   2.03653103406e-17
26160.0   2.01004818576e-17
26170.0   2.00254471207e-17
26190.0   1.98047567183e-17
26200.0   1.96193767802e-17
26210.0   1.94604796904e-17
26220.0   1.92839273684e-17
26230.0   1.91868235913e-17
26240.0   1.90853060062e-17
26250.0   1.88778570279e-17
26260.0   1.89175813003e-17
26270.0   1.87939946749e-17
26280.0   1.89396503406e-17
26290.0   1.90764783901e-17
26310.0   1.92927549845e-17
26340.0   1.94339968421e-17
26360.0   1.95531696594e-17
26380.0   1.96370320124e-17
26410.0   1.97032391331e-17
26450.0   1.97959291022e-17
26500.0   1.98312395666e-17
26540.0   1.98312395666e-17
26590.0   1.98091705263e-17
26630.0   1.97606186378e-17
26720.0   1.96237905882e-17
26810.0   1.94472382663e-17
26910.0   1.9244203096e-17
27000.0   1.90279265015e-17
27090.0   1.8802822291e-17
27180.0   1.85777180805e-17
27270.0   1.83482000619e-17
27360.0   1.81186820433e-17
27450.0   1.78935778328e-17
27540.0   1.76684736223e-17
27630.0   1.74477832198e-17
27720.0   1.72315066254e-17
27810.0   1.70284714551e-17
27900.0   1.68121948607e-17
28000.0   1.66003320743e-17
28090.0   1.63884692879e-17
28180.0   1.61854341176e-17
28270.0   1.59823989474e-17
28360.0   1.57837775851e-17
28450.0   1.55851562229e-17
28540.0   1.53953624768e-17
28630.0   1.52055687307e-17
28720.0   1.50157749845e-17
28810.0   1.48303950464e-17
28900.0   1.46494289164e-17
29000.0   1.44728765944e-17
29090.0   1.42963242724e-17
29180.0   1.41241857585e-17
29270.0   1.39520472446e-17
29360.0   1.37843225387e-17
29450.0   1.36165978328e-17
29540.0   1.3453286935e-17
29630.0   1.32943898452e-17
29720.0   1.31354927554e-17
29810.0   1.29810094737e-17
29900.0   1.2826526192e-17
29990.0   1.26764567183e-17
