900.0   9.50436262431e-17
900.1   9.51047475462e-17
900.2   9.51658688492e-17
900.3   9.52881114553e-17
900.4   9.53492327584e-17
900.5   9.5440914713e-17
900.6   9.55325966675e-17
900.7   9.55937179706e-17
900.8   9.56853999252e-17
900.9   9.57770818797e-17
901.0   9.58687638343e-17
901.1   9.59298851374e-17
901.2   9.60215670919e-17
901.3   9.61132490465e-17
901.4   9.62049310011e-17
901.5   9.62966129557e-17
901.6   9.63577342587e-17
901.7   9.64494162133e-17
901.8   9.65105375163e-17
901.9   9.66327801224e-17
902.0   9.66939014255e-17
902.1   9.67855833801e-17
902.2   9.68772653346e-17
902.3   9.69383866377e-17
902.4   9.70300685923e-17
902.5   9.71217505469e-17
902.6   9.72134325014e-17
902.7   9.72745538045e-17
902.8   9.73662357591e-17
902.9   9.74273570621e-17
903.0   9.75495996682e-17
903.1   9.76412816228e-17
903.2   9.77024029258e-17
903.3   9.77940848804e-17
903.4   9.7885766835e-17
903.5   9.79774487896e-17
903.6   9.80385700926e-17
903.7   9.81302520472e-17
903.8   9.81913733502e-17
903.9   9.83136159563e-17
904.0   9.84052979109e-17
904.1   9.8466419214e-17
904.2   9.85581011685e-17
904.3   9.86497831231e-17
904.4   9.87414650777e-17
904.5   9.88025863807e-17
904.6   9.88942683353e-17
904.7   9.90165109414e-17
904.8   9.90776322445e-17
904.9   9.9169314199e-17
905.0   9.92304355021e-17
905.1   9.93526781082e-17
905.2   9.94749207143e-17
905.5   9.9749966578e-17
906.2   1.00269497654e-16
907.4   1.01369681109e-16
908.0   1.01889212185e-16
909.9   1.03539487367e-16
911.8   1.05709293625e-16
912.8   1.06534431217e-16
913.2   1.07053962293e-16
913.5   1.07420690111e-16
913.7   1.0800134249e-16
913.9   1.08887601384e-16
914.1   1.09529375066e-16
914.2   1.10293391354e-16
914.3   1.11179650248e-16
914.4   1.12249273052e-16
914.5   1.13441138461e-16
914.6   1.1481636778e-16
914.8   1.16313839705e-16
914.9   1.17964114887e-16
915.0   1.19797753978e-16
915.1   1.21753635676e-16
915.2   1.2383175998e-16
915.4   1.26062687541e-16
915.5   1.28385297057e-16
915.6   1.30830149179e-16
915.7   1.33427804559e-16
915.8   1.36086581241e-16
915.9   1.38898161182e-16
916.1   1.41740301774e-16
916.2   1.44704684971e-16
916.3   1.47730189472e-16
916.4   1.50847375928e-16
916.5   1.54025683687e-16
916.7   1.57265112748e-16
916.8   1.60565663113e-16
916.9   1.63957895432e-16
917.0   1.673195671e-16
917.1   1.70772920722e-16
917.2   1.74226274345e-16
917.4   1.77710188619e-16
917.5   1.81224663544e-16
917.6   1.84678017166e-16
917.8   1.91523603108e-16
918.0   1.94854714124e-16
918.1   1.9797190058e-16
918.2   2.00814041172e-16
918.3   2.03167211339e-16
918.4   2.04053470233e-16
918.5   2.0478692587e-16
918.6   2.03350575248e-16
918.7   2.01425254202e-16
918.8   1.95710412367e-16
918.9   1.81316345499e-16
919.0   1.63896774129e-16
919.1   1.43787865426e-16
919.2   1.10935165036e-16
919.3   8.33694573605e-17
919.4   6.692782684e-17
919.5   8.54170210127e-17
919.6   1.17352901856e-16
919.7   1.46110474942e-16
919.8   1.71811982874e-16
919.9   1.94151819139e-16
920.0   2.10532328357e-16
920.1   2.20311736845e-16
920.2   2.23367801997e-16
920.3   2.20709025314e-16
920.4   2.10990738129e-16
920.5   1.94824153473e-16
920.6   1.73584500663e-16
920.7   1.47913553382e-16
920.8   1.18972616387e-16
920.9   8.56615062249e-17
921.0   6.28938208387e-17
921.1   8.18414247843e-17
921.2   1.15916551235e-16
921.3   1.46110474942e-16
921.4   1.74104031739e-16
921.5   1.99683297065e-16
921.6   2.22970513527e-16
921.7   2.424682092e-16
921.8   2.5689283672e-16
921.9   2.67650186057e-16
922.0   2.73578952453e-16
922.1   2.75504273499e-16
922.2   2.73365027892e-16
922.3   2.6670280586e-16
922.4   2.5508975828e-16
922.5   2.4005391773e-16
922.6   2.20128372935e-16
922.7   1.97360687549e-16
922.8   1.71811982874e-16
922.9   1.43146091744e-16
923.0   1.11882545233e-16
923.1   7.58515370854e-17
923.2   6.41468075512e-17
923.3   9.19264397876e-17
923.4   1.22242606101e-16
923.5   1.49808313776e-16
923.6   1.87886885576e-16
923.7   2.10562889008e-16
923.8   2.32749922015e-16
923.9   2.53194997886e-16
924.0   2.79874446667e-16
924.1   2.95582621551e-16
924.2   3.08968186919e-16
924.3   3.24248512682e-16
924.4   3.32194282078e-16
924.5   3.37695199353e-16
924.6   3.44112936173e-16
924.7   3.44724149203e-16
924.8   3.44418542688e-16
924.9   3.42279297081e-16
925.0   3.35555953746e-16
925.1   3.2822139738e-16
925.2   3.18747595407e-16
925.3   3.06828941312e-16
925.4   2.84764150911e-16
925.5   2.67833549966e-16
925.6   2.49313795142e-16
925.7   2.1762239951e-16
925.8   1.95007517382e-16
925.9   1.7013114704e-16
926.0   1.43115531092e-16
926.1   9.6663340774e-17
926.2   6.57359614305e-17
926.3   6.41162468997e-17
926.4   9.91998748506e-17
926.5   1.35230882999e-16
926.6   1.67502931009e-16
926.7   1.96902277776e-16
926.8   2.23703969164e-16
926.9   2.49649962309e-16
927.0   2.73334467241e-16
927.1   2.95643742854e-16
927.2   3.166083498e-16
927.3   3.35861560261e-16
927.4   3.52975525115e-16
927.5   3.67950244363e-16
927.6   3.81396931034e-16
927.7   3.93009978613e-16
927.8   4.03094993616e-16
927.9   4.11651976043e-16
928.0   4.18986532409e-16
928.1   4.25098662715e-16
928.2   4.29988366959e-16
928.3   4.33655645142e-16
928.4   4.36406103779e-16
928.5   4.37934136355e-16
928.6   4.38545349386e-16
928.7   4.37934136355e-16
928.8   4.36100497264e-16
928.9   4.32127612565e-16
929.0   4.26321088776e-16
929.1   4.18986532409e-16
929.2   4.10123943467e-16
929.3   3.99122108918e-16
929.4   3.86592241793e-16
929.5   3.72534342091e-16
929.6   3.57865229359e-16
929.7   3.42279297081e-16
929.8   3.25165332227e-16
929.9   3.05912121767e-16
930.0   2.84458544396e-16
930.1   2.6169085901e-16
930.2   2.36539442804e-16
930.3   2.09921115326e-16
930.4   1.8094961768e-16
930.5   1.4867756967e-16
930.6   1.11638060021e-16
930.7   7.08701508868e-17
930.8   6.46357779756e-17
930.9   1.02500425215e-16
931.0   1.41129088743e-16
931.1   1.74837487375e-16
931.2   2.05214774991e-16
931.3   2.32994407228e-16
931.4   2.59459931448e-16
931.5   2.83877892017e-16
931.6   3.06828941312e-16
931.7   3.28527003895e-16
931.8   3.48085820871e-16
931.9   3.66422211786e-16
932.0   3.8353617664e-16
932.1   4.02178174071e-16
932.2   4.1959774544e-16
932.3   4.36100497264e-16
932.4   4.51686429541e-16
932.5   4.66049935758e-16
932.6   4.8010783546e-16
932.7   4.929433091e-16
932.8   5.03945143649e-16
932.9   5.14030158653e-16
933.0   5.23503960625e-16
933.1   5.32060943052e-16
933.2   5.40312318964e-16
933.3   5.4764687533e-16
933.4   5.54675825181e-16
933.5   5.60482348971e-16
933.6   5.65372053215e-16
933.7   5.69650544428e-16
933.8   5.73929035642e-16
934.0   5.80041165947e-16
934.2   5.84014050645e-16
934.4   5.85236476706e-16
934.5   5.84625263676e-16
934.6   5.8370844413e-16
934.7   5.81569198523e-16
934.8   5.78207526855e-16
934.9   5.73929035642e-16
935.0   5.68733724883e-16
935.1   5.62315988062e-16
935.2   5.55898251242e-16
935.3   5.48258088361e-16
935.4   5.40006712449e-16
935.5   5.30532910476e-16
935.6   5.20142288958e-16
935.7   5.08834847893e-16
935.8   4.96304980768e-16
935.9   4.84691933188e-16
936.0   4.72773279094e-16
936.1   4.60549018484e-16
936.2   4.47407938328e-16
936.3   4.33655645142e-16
936.4   4.19292138925e-16
936.5   4.04011813162e-16
936.6   3.87814667854e-16
936.7   3.70089489969e-16
936.8   3.51141886024e-16
936.9   3.30360642987e-16
937.0   3.08662580404e-16
937.1   2.85314242639e-16
937.2   2.60132265782e-16
937.3   2.32627679409e-16
937.4   2.02861604824e-16
937.5   1.70161707692e-16
937.6   1.32877712831e-16
937.7   8.83508435591e-17
937.8   6.72639940068e-17
937.9   6.73251153099e-17
938.0   1.08948722687e-16
938.1   1.50755693973e-16
938.2   1.8596156453e-16
938.3   2.17836324071e-16
938.4   2.47205110187e-16
938.5   2.74434650696e-16
938.6   2.99494384946e-16
938.7   3.34333527685e-16
938.8   3.56031590268e-16
938.9   3.76201620274e-16
939.0   3.95454830735e-16
939.1   4.1318000862e-16
939.2   4.30293973474e-16
939.3   4.46491118782e-16
939.5   4.77968589853e-16
939.7   5.08223634863e-16
939.9   5.40006712449e-16
940.1   5.71789790035e-16
940.3   6.0235044156e-16
940.5   6.31077453994e-16
940.7   6.61026892488e-16
940.9   6.89448298407e-16
941.1   7.15119245688e-16
941.3   7.39262160393e-16
941.5   7.61877042521e-16
941.7   7.82047072528e-16
941.9   8.00689069958e-16
942.1   8.17497428297e-16
942.3   8.31555327999e-16
942.5   8.44390801639e-16
942.7   8.56003849219e-16
942.9   8.66700077253e-16
943.1   8.7586827271e-16
943.3   8.83202829076e-16
943.5   8.89314959381e-16
943.7   8.93593450595e-16
943.9   8.96343909232e-16
944.1   8.96343909232e-16
944.3   8.9389905711e-16
944.5   8.89314959381e-16
944.7   8.81980403015e-16
944.9   8.71895388012e-16
945.1   8.58448701341e-16
945.3   8.42251556032e-16
945.5   8.23609558602e-16
945.7   8.04050741626e-16
945.9   7.82658285558e-16
946.1   7.59126583884e-16
946.3   7.34678062664e-16
946.5   7.08090295837e-16
946.9   6.55525975214e-16
947.3   6.03878474136e-16
947.5   5.77596313825e-16
947.7   5.50397333968e-16
947.9   5.2258714108e-16
948.1   4.93248915616e-16
948.2   4.77968589853e-16
948.3   4.6207705106e-16
948.4   4.45268692721e-16
948.5   4.36711710294e-16
948.6   4.18680925894e-16
948.7   3.99122108918e-16
948.8   3.78340865881e-16
948.9   3.56031590268e-16
949.0   3.32194282078e-16
949.1   3.06828941312e-16
949.2   2.79446597546e-16
949.3   2.49588841006e-16
949.4   2.17072307783e-16
949.5   1.81438588105e-16
949.6   1.39601056167e-16
949.7   8.70367355436e-17
949.8   7.41095799484e-17
949.9   1.20195042448e-16
950.0   1.66402747554e-16
950.1   2.04328516097e-16
950.2   2.38556445805e-16
950.3   2.70125598831e-16
950.4   2.99280460386e-16
950.5   3.26082151773e-16
950.6   3.51141886024e-16
950.7   3.74979194213e-16
950.8   3.97288469827e-16
950.9   4.18375319379e-16
951.0   4.37934136355e-16
951.1   4.56576133785e-16
951.2   4.7430131167e-16
951.3   4.91109670009e-16
951.4   5.07918028348e-16
951.5   5.23809567141e-16
951.7   5.55287038212e-16
952.1   6.16713947777e-16
952.3   6.47274599302e-16
952.5   6.78140857343e-16
952.7   7.1114636099e-16
952.9   7.45068684183e-16
953.1   7.81741466013e-16
953.3   8.18719854358e-16
953.7   8.9451027014e-16
953.9   9.33322297577e-16
954.1   9.73967964106e-16
954.3   1.01705848276e-15
954.5   1.06014900141e-15
954.9   1.14449639962e-15
955.1   1.18575327917e-15
955.3   1.22609333919e-15
955.5   1.26551657966e-15
955.7   1.30127254194e-15
955.9   1.3345836521e-15
956.1   1.3666723362e-15
956.3   1.39784420076e-15
956.5   1.42718242622e-15
956.7   1.4546870126e-15
956.9   1.48066356639e-15
957.3   1.52956060883e-15
957.7   1.57479037309e-15
958.1   1.61574164613e-15
958.5   1.65241442796e-15
958.9   1.68450311206e-15
959.3   1.71200769844e-15
959.7   1.73401136754e-15
960.1   1.75051411936e-15
960.5   1.76121034739e-15
960.9   1.76579444512e-15
961.3   1.76396080603e-15
961.7   1.75601503663e-15
962.1   1.7413459239e-15
962.5   1.72056468086e-15
962.9   1.69306009449e-15
963.3   1.65974898433e-15
963.7   1.62063135038e-15
964.1   1.57631840567e-15
964.5   1.52742136323e-15
964.9   1.47455143609e-15
965.3   1.4186254438e-15
965.7   1.35964338635e-15
966.1   1.29913329633e-15
966.9   1.17505705114e-15
967.7   1.05098080595e-15
968.5   9.29349412879e-16
969.3   8.10774084962e-16
970.1   6.92198757044e-16
970.5   6.31077453994e-16
970.7   5.99599982923e-16
970.9   5.66288872761e-16
971.0   5.49174907907e-16
971.1   5.31449730022e-16
971.2   5.12807732592e-16
971.3   4.93248915616e-16
971.4   4.72773279094e-16
971.5   4.50769609996e-16
971.6   4.27237908321e-16
971.7   4.0156696104e-16
971.8   3.74367981183e-16
971.9   3.44418542688e-16
972.0   3.12024252072e-16
972.1   2.76787820863e-16
972.2   2.3825083929e-16
972.3   1.95007517382e-16
972.4   1.39356570955e-16
972.5   9.0031679393e-17
972.6   9.00928006961e-17
972.7   1.4348225891e-16
972.8   1.98644234913e-16
972.9   2.42070920731e-16
973.0   2.8094406947e-16
973.1   3.166083498e-16
973.2   3.49613853447e-16
973.3   3.80174504973e-16
973.4   4.08290304376e-16
973.5   4.34572464687e-16
973.6   4.58715379392e-16
973.7   4.81635868036e-16
973.8   5.03333930619e-16
973.9   5.23809567141e-16
974.0   5.43368384117e-16
974.1   5.62315988062e-16
974.2   5.80652378977e-16
974.4   6.16102734747e-16
974.6   6.5063627097e-16
974.8   6.84252987648e-16
975.2   7.50875207972e-16
975.6   8.17803034812e-16
976.0   8.85953287713e-16
976.4   9.56548392736e-16
976.8   1.03050516943e-15
977.2   1.10843483082e-15
977.6   1.19125419645e-15
977.8   1.23465032162e-15
978.0   1.27957447936e-15
978.2   1.32633227619e-15
978.4   1.3746181056e-15
978.6   1.4247375741e-15
978.8   1.47669068169e-15
979.0   1.53078303489e-15
979.2   1.5870146337e-15
979.4   1.64538547811e-15
979.6   1.70620117465e-15
979.8   1.7694617233e-15
980.0   1.8354727306e-15
980.2   1.90392859002e-15
980.4   1.97544051458e-15
980.6   2.05000850431e-15
980.8   2.12763255918e-15
981.0   2.20861828572e-15
981.2   2.29296568393e-15
981.4   2.38098036032e-15
981.6   2.47296792141e-15
981.8   2.56831715417e-15
982.0   2.66794487814e-15
982.2   2.77185109333e-15
982.4   2.87973019321e-15
982.6   2.99219339083e-15
982.8   3.10801826011e-15
983.0   3.23026086621e-15
983.2   3.35861560261e-15
983.4   3.49002640417e-15
983.6   3.62449327088e-15
983.8   3.76812833305e-15
984.0   3.91481946037e-15
984.2   4.06456665284e-15
984.4   4.22348204077e-15
984.6   4.38545349386e-15
984.8   4.55353707724e-15
985.0   4.73078885609e-15
985.2   4.91109670009e-15
985.6   5.290048779e-15
986.0   5.69344937913e-15
986.4   6.11824243533e-15
986.8   6.5644279476e-15
987.2   7.02894985078e-15
987.6   7.51792027518e-15
988.0   8.0252270905e-15
988.4   8.56003849219e-15
988.8   9.11318628479e-15
989.2   9.68467046831e-15
990.0   1.08490312914e-14
990.8   1.20408967009e-14
991.6   1.32755470225e-14
992.0   1.38989843136e-14
992.4   1.45163094744e-14
992.8   1.51000179186e-14
993.2   1.56562217763e-14
993.6   1.62002013735e-14
994.0   1.67502931009e-14
994.4   1.72881605678e-14
994.8   1.77893552528e-14
995.2   1.82477650257e-14
995.6   1.86664459515e-14
996.0   1.90606783562e-14
996.4   1.94182379791e-14
996.8   1.97207884292e-14
997.2   1.99561054459e-14
997.6   2.01425254202e-14
998.0   2.03075529384e-14
998.4   2.04695243915e-14
998.8   2.05337017597e-14
999.2   2.04970289779e-14
999.6   2.04114591536e-14
1000.0   2.03472817854e-14
1001.0   2.02067027884e-14
1002.0   1.94243501094e-14
1003.0   1.83394469802e-14
1004.0   1.74012349784e-14
1005.0   1.5790688643e-14
1006.0   1.46293838851e-14
1007.0   1.22334288055e-14
1008.0   1.10476755263e-14
1009.0   9.89859502899e-15
1010.0   8.83202829076e-15
1011.0   7.56681731762e-15
1012.0   6.4421853415e-15
1013.0   5.45202023208e-15
1014.0   4.59937805453e-15
1015.0   3.87203454823e-15
1016.0   3.26998971319e-15
1017.0   2.77307351939e-15
1018.0   2.36203275638e-15
1019.0   1.96321625397e-15
1020.0   1.74042910436e-15
1021.0   1.45315898002e-15
1022.0   1.28507539663e-15
1023.0   9.76718422743e-16
1024.0   9.00011187415e-16
1025.0   6.91281937498e-16
1026.0   2.75290348938e-16
1027.0   5.82791624584e-16
1028.0   8.51725358005e-16
1029.0   1.14999731689e-15
1030.0   1.30432860709e-15
1031.0   1.46996733836e-15
1032.0   1.74104031739e-15
1033.0   2.04175712839e-15
1034.0   2.36478321501e-15
1035.0   2.62913285071e-15
1036.0   2.94115710278e-15
1037.0   3.56337196783e-15
1038.0   4.75829344246e-15
1039.0   6.23437291113e-15
1040.0   7.92743300562e-15
1041.0   9.56853999252e-15
1042.0   1.17841872281e-14
1043.0   1.31349680255e-14
1044.0   1.5368951652e-14
1045.0   1.70803481374e-14
1046.0   1.96199382791e-14
1047.0   2.25598729558e-14
1048.0   2.53225558537e-14
1049.0   2.73181663983e-14
1050.0   3.05912121767e-14
1051.0   3.29749429956e-14
1052.0   3.40751264505e-14
1053.0   3.49308246932e-14
1054.0   3.51447492539e-14
1055.0   3.56031590268e-14
1056.0   3.60310081481e-14
1057.0   3.55725983752e-14
1058.0   3.4105687102e-14
1059.0   3.35555953746e-14
1060.0   3.48697033902e-14
1061.0   3.78035259366e-14
1062.0   4.27237908321e-14
1063.0   5.06084389256e-14
1064.0   6.29549421418e-14
1065.0   7.04423017654e-14
1066.0   7.76851761769e-14
1067.0   8.53253390582e-14
1068.0   8.9451027014e-14
1069.0   9.07956956811e-14
1070.0   8.5722627528e-14
1071.0   8.18108641328e-14
1072.0   7.81741466013e-14
1073.0   7.64933107674e-14
1074.0   7.24593047661e-14
1075.0   6.86086626739e-14
1076.0   6.42996108089e-14
1077.0   6.2618774975e-14
1078.0   6.43301714604e-14
1079.0   7.04728624169e-14
1080.0   8.0894044587e-14
1081.0   9.47074590764e-14
1082.0   1.13135531946e-13
1083.0   1.24718018874e-13
1084.0   1.38898161182e-13
1085.0   1.45988232336e-13
1086.0   1.53720077171e-13
1087.0   1.57417916006e-13
1088.0   1.61635285916e-13
1089.0   1.63774531523e-13
1090.0   1.67105642539e-13
1091.0   1.68389189903e-13
1092.0   1.69336570101e-13
1093.0   1.70100586389e-13
1094.0   1.71139648541e-13
1096.0   1.7172030092e-13
1097.0   1.72025907435e-13
1099.0   1.71995346783e-13
1101.0   1.71781422223e-13
1104.0   1.70772920722e-13
1107.0   1.69244888146e-13
1110.0   1.67289006449e-13
1113.0   1.64813593675e-13
1117.0   1.62032574386e-13
1120.0   1.59251555097e-13
1123.0   1.56531657112e-13
1126.0   1.53781198474e-13
1129.0   1.50755693973e-13
1133.0   1.47149537093e-13
1136.0   1.42993288486e-13
1139.0   1.38623115318e-13
1142.0   1.34130699544e-13
1145.0   1.29210434648e-13
1149.0   1.23648396071e-13
1152.0   1.17689069023e-13
1155.0   1.11454696112e-13
1157.0   1.08184706399e-13
1158.0   1.0479247408e-13
1160.0   1.01216877851e-13
1161.0   9.75190390167e-14
1165.0   8.98483154839e-14
1168.0   8.20247886934e-14
1169.0   7.80519039952e-14
1171.0   7.39567766908e-14
1173.0   6.96782854773e-14
1174.0   6.52469910061e-14
1177.0   5.650664467e-14
1181.0   4.79802228944e-14
1182.0   4.37322923325e-14
1184.0   3.95454830735e-14
1185.0   3.74673587698e-14
1186.0   3.34944740715e-14
1187.0   3.1599713677e-14
1188.0   2.97446821294e-14
1189.0   2.79416036894e-14
1190.0   2.44943621974e-14
1191.0   2.28532552105e-14
1192.0   2.12763255918e-14
1193.0   1.97635733413e-14
1194.0   1.69581055313e-14
1195.0   1.56623339066e-14
1196.0   1.44399078456e-14
1197.0   1.32938834134e-14
1198.0   1.17077855993e-14
1199.0   1.07481811414e-14
1200.0   9.44018525611e-15
1201.0   8.65172044676e-15
1202.0   7.59126583884e-15
1203.0   6.95866035227e-15
1204.0   6.12129850048e-15
1205.0   5.62621594578e-15
1206.0   4.96916193799e-15
1207.0   4.58104166362e-15
1208.0   4.06151058769e-15
1209.0   3.74979194213e-15
1210.0   3.33111101624e-15
1211.0   2.94818605263e-15
1212.0   2.70370084043e-15
1213.0   2.46257729989e-15
1214.0   2.15574835858e-15
1215.0   1.42932167183e-15
1216.0   4.48630364389e-16
1217.0   9.0031679393e-16
1218.0   2.13282786994e-15
1219.0   2.44485212201e-15
1220.0   2.93657300505e-15
1221.0   3.06217728282e-15
1222.0   3.45640968749e-15
1223.0   3.74673587698e-15
1224.0   4.18069712864e-15
1225.0   4.48019151358e-15
1226.0   5.00889078497e-15
1227.0   5.40006712449e-15
1228.0   5.92571033072e-15
1229.0   6.23437291113e-15
1230.0   6.67444629309e-15
1231.0   7.30705177966e-15
1232.0   8.23609558602e-15
1233.0   9.4860262334e-15
1234.0   1.10385073309e-14
1235.0   1.32083135892e-14
1236.0   1.55584276914e-14
1237.0   1.7193422548e-14
1238.0   1.88925947728e-14
1239.0   2.16430534101e-14
1240.0   2.4647165455e-14
1241.0   2.67527943451e-14
1242.0   2.89042642125e-14
1243.0   3.33416708139e-14
1244.0   3.56642803298e-14
1245.0   3.80480111488e-14
1246.0   4.28765940898e-14
1248.0   4.75523737731e-14
1250.0   5.21670321534e-14
1251.0   5.67511298822e-14
1252.0   5.89209361404e-14
1253.0   6.09990604442e-14
1254.0   6.50330664455e-14
1256.0   6.90059511437e-14
1258.0   7.28565932359e-14
1259.0   7.63405075098e-14
1261.0   7.95493759199e-14
1262.0   8.26665623755e-14
1264.0   8.5722627528e-14
1266.0   8.85342074683e-14
1267.0   9.09790595903e-14
1269.0   9.31794265001e-14
1270.0   9.53186721069e-14
1272.0   9.74273570621e-14
1274.0   9.93526781082e-14
1275.0   1.01125195897e-13
1277.0   1.02744910427e-13
1278.0   1.04242382352e-13
1282.0   1.07023401641e-13
1285.0   1.09315450505e-13
1288.0   1.112102109e-13
1291.0   1.12738243476e-13
1294.0   1.13868987583e-13
1295.0   1.14113472795e-13
1298.0   1.14755246477e-13
1300.0   1.15488702113e-13
1305.0   1.16802810129e-13
1310.0   1.17505705114e-13
1312.0   1.17841872281e-13
1315.0   1.1802523619e-13
1318.0   1.18147478796e-13
1320.0   1.17841872281e-13
1325.0   1.1723065925e-13
1330.0   1.16711128174e-13
1335.0   1.16283279053e-13
1340.0   1.15947111886e-13
1345.0   1.16099915144e-13
1350.0   1.1582486928e-13
1355.0   1.1521365625e-13
1358.0   1.14846928431e-13
1360.0   1.14296836704e-13
1362.0   1.13502259764e-13
1365.0   1.12402076309e-13
1368.0   1.11149089597e-13
1370.0   1.09865542233e-13
1375.0   1.07665175323e-13
1380.0   1.05495369065e-13
1385.0   1.02806031731e-13
1388.0   1.01430802412e-13
1390.0   1.00300058305e-13
1391.0   9.99638911387e-14
1392.0   9.96277239719e-14
1394.0   9.95971633204e-14
1395.0   9.96277239719e-14
1396.0   9.96582846234e-14
1398.0   9.98722091841e-14
1399.0   1.00238937002e-13
1400.0   1.00666786124e-13
1402.0   1.0179753023e-13
1405.0   1.03050516943e-13
1408.0   1.04272943004e-13
1410.0   1.05342565807e-13
1412.0   1.06167703398e-13
1415.0   1.06748355777e-13
1418.0   1.07053962293e-13
1420.0   1.07145644247e-13
1422.0   1.07084522944e-13
1425.0   1.06870598383e-13
1430.0   1.06228824701e-13
1435.0   1.05434247762e-13
1445.0   1.03631169322e-13
1465.0   9.98722091841e-14
1485.0   9.62049310011e-14
1505.0   9.26904560757e-14
1525.0   8.93593450595e-14
1545.0   8.61810373009e-14
1565.0   8.31249721483e-14
1585.0   8.0252270905e-14
1605.0   7.75018122677e-14
1625.0   7.48735962366e-14
1645.0   7.2398183463e-14
1665.0   7.00144526441e-14
1685.0   6.77529644312e-14
1705.0   6.55831581729e-14
1725.0   6.35050338692e-14
1745.0   6.15185915201e-14
1765.0   5.96238311255e-14
1785.0   5.78207526855e-14
1805.0   5.60482348971e-14
1825.0   5.43979597147e-14
1845.0   5.27782451839e-14
1865.0   5.12502126076e-14
1885.0   4.97833013344e-14
1905.0   4.83469507127e-14
1925.0   4.70022820456e-14
1945.0   4.56881740301e-14
1965.0   4.44351873175e-14
1985.0   4.32127612565e-14
2005.0   4.20514564986e-14
2025.0   4.09207123921e-14
2045.0   3.98510895888e-14
2065.0   3.88120274369e-14
2085.0   3.78035259366e-14
2105.0   3.68255850878e-14
2125.0   3.58782048905e-14
2145.0   3.49919459963e-14
2165.0   3.4105687102e-14
2185.0   3.32499888593e-14
2205.0   3.24554119197e-14
2225.0   3.166083498e-14
2245.0   3.08968186919e-14
2265.0   3.01480827295e-14
2285.0   2.94329634838e-14
2305.0   2.87422927594e-14
2325.0   2.8073014491e-14
2345.0   2.74220726135e-14
2365.0   2.67925231921e-14
2385.0   2.61843662267e-14
2405.0   2.55914895871e-14
2425.0   2.50200054036e-14
2445.0   2.44638015459e-14
2465.0   2.39228780139e-14
2485.0   2.34002908728e-14
2505.0   2.28899279923e-14
2525.0   2.23979015028e-14
2545.0   2.19180992738e-14
2565.0   2.14505213055e-14
2585.0   2.09982236629e-14
2605.0   2.0558150281e-14
2625.0   2.01303011596e-14
2645.0   1.97116202337e-14
2665.0   1.93082196336e-14
2685.0   1.89139872289e-14
2705.0   1.85319790848e-14
2725.0   1.81591391362e-14
2745.0   1.77954673831e-14
2765.0   1.74409638254e-14
2785.0   1.70986845283e-14
2805.0   1.67625173615e-14
2825.0   1.64355183902e-14
2845.0   1.61176876144e-14
2865.0   1.58090250339e-14
2885.0   1.55064745838e-14
2905.0   1.52100362641e-14
2925.0   1.49227661397e-14
2945.0   1.46416081457e-14
2965.0   1.43696183471e-14
2985.0   1.41037406788e-14
3005.0   1.38439751409e-14
3025.0   1.35903217332e-14
3045.0   1.33397243907e-14
3065.0   1.30982952437e-14
3085.0   1.28629782269e-14
3105.0   1.26337733405e-14
3125.0   1.24076245192e-14
3145.0   1.21875878282e-14
3165.0   1.19706072024e-14
3185.0   1.1762794772e-14
3205.0   1.15580384068e-14
3225.0   1.13563381067e-14
3245.0   1.1160749937e-14
3265.0   1.09682178324e-14
3285.0   1.07817978581e-14
3305.0   1.05984339489e-14
3325.0   1.04181261049e-14
3345.0   1.02439303912e-14
3365.0   1.00727907427e-14
3385.0   9.90470715929e-15
3405.0   9.73967964106e-15
3425.0   9.58076425313e-15
3445.0   9.4218488652e-15
3465.0   9.26904560757e-15
3485.0   9.1192984151e-15
3505.0   8.96955122262e-15
3525.0   8.82591616046e-15
3545.0   8.68533716344e-15
3565.0   8.54475816643e-15
3585.0   8.41029129971e-15
3605.0   8.275824433e-15
3625.0   8.1474696966e-15
3643.0   8.0313392208e-15
3644.0   8.02217102535e-15
3645.0   8.01911496019e-15
3647.0   7.99466643897e-15
3650.0   7.97633004806e-15
3660.0   7.91215267986e-15
3670.0   7.84797531165e-15
3676.0   7.80824646467e-15
3680.0   7.78379794345e-15
3683.0   7.76240548738e-15
3684.0   7.75934942223e-15
3687.0   7.74101303131e-15
3688.0   7.73490090101e-15
3693.0   7.70434024948e-15
3698.0   7.67072353281e-15
3703.0   7.64016288128e-15
3704.0   7.63405075098e-15
3705.0   7.62793862067e-15
3707.0   7.61265829491e-15
3710.0   7.59737796915e-15
3712.0   7.58820977369e-15
3713.0   7.57598551308e-15
3716.0   7.55764912216e-15
3721.0   7.52708847064e-15
3722.0   7.52708847064e-15
3723.0   7.51792027518e-15
3725.0   7.50569601457e-15
3728.0   7.4843035585e-15
3735.0   7.44151864637e-15
3742.0   7.40178979939e-15
3747.0   7.36817308271e-15
3749.0   7.3559488221e-15
3751.0   7.34372456149e-15
3755.0   7.32844423573e-15
3763.0   7.28871538874e-15
3769.0   7.23676228115e-15
3770.0   7.22148195539e-15
3772.0   7.20925769478e-15
3775.0   7.21231375993e-15
3778.0   7.21536982508e-15
3781.0   7.20925769478e-15
3784.0   7.19703343417e-15
3787.0   7.17258491295e-15
3790.0   7.13896819627e-15
3793.0   7.09312721898e-15
3794.0   7.08395902352e-15
3796.0   7.04117411139e-15
3798.0   7.02283772047e-15
3799.0   7.01061345986e-15
3800.0   7.01672559017e-15
3802.0   7.03200591593e-15
3803.0   7.05034230685e-15
3804.0   7.06562263261e-15
3807.0   7.09312721898e-15
3809.0   7.11451967505e-15
3812.0   7.12674393566e-15
3815.0   7.12368787051e-15
3817.0   7.1114636099e-15
3820.0   7.08090295837e-15
3822.0   7.03506198108e-15
3825.0   6.98005280834e-15
3828.0   6.90670724468e-15
3829.0   6.86392233254e-15
3830.0   6.82419348556e-15
3833.0   6.73556759614e-15
3835.0   6.67139022793e-15
3836.0   6.64388564156e-15
3837.0   6.63166138095e-15
3838.0   6.65610990217e-15
3839.0   6.68972661885e-15
3840.0   6.72028727038e-15
3841.0   6.75390398705e-15
3842.0   6.79057676888e-15
3844.0   6.85475413709e-15
3847.0   6.97394067803e-15
3851.0   7.06867869776e-15
3853.0   7.10535147959e-15
3855.0   7.13285606596e-15
3857.0   7.14508032657e-15
3859.0   7.15119245688e-15
3860.0   7.15119245688e-15
3862.0   7.14202426142e-15
3864.0   7.12063180535e-15
3866.0   7.08395902352e-15
3868.0   7.03811804624e-15
3870.0   6.9892210038e-15
3872.0   6.92809970075e-15
3874.0   6.84864200678e-15
3875.0   6.7508479219e-15
3877.0   6.66222203248e-15
3879.0   6.55220368699e-15
3881.0   6.43607321119e-15
3885.0   6.19158799899e-15
3887.0   6.00516802469e-15
3889.0   5.91654213526e-15
3890.0   5.86764509282e-15
3891.0   5.87986935343e-15
3892.0   5.93793459133e-15
3893.0   6.00211195953e-15
3894.0   6.0754575232e-15
3895.0   6.1457470217e-15
3896.0   6.21298045506e-15
3898.0   6.35355945207e-15
3900.0   6.52469910061e-15
3903.0   6.69583874916e-15
3906.0   6.84864200678e-15
3909.0   6.9892210038e-15
3911.0   7.10229541444e-15
3914.0   7.19703343417e-15
3917.0   7.27954719328e-15
3919.0   7.33761243118e-15
3922.0   7.37428521301e-15
3925.0   7.39873373423e-15
3927.0   7.40484586454e-15
3930.0   7.39567766908e-15
3933.0   7.36817308271e-15
3935.0   7.32233210542e-15
3938.0   7.24898654176e-15
3941.0   7.15730458718e-15
3943.0   7.053398372e-15
3945.0   6.98616493864e-15
3946.0   6.91281937498e-15
3947.0   6.82724955071e-15
3949.0   6.74167972644e-15
3950.0   6.65916596732e-15
3951.0   6.56748401275e-15
3953.0   6.47885812333e-15
3954.0   6.37800797329e-15
3955.0   6.26493356265e-15
3957.0   6.14269095655e-15
3958.0   6.03878474136e-15
3959.0   5.92571033072e-15
3961.0   5.80041165947e-15
3962.0   5.66900085791e-15
3965.0   5.42145958056e-15
3966.0   5.2961609093e-15
3967.0   5.16169404259e-15
3969.0   5.02417111073e-15
3970.0   4.87747998341e-15
3971.0   4.80413441975e-15
3972.0   4.76440557277e-15
3973.0   4.88970424402e-15
3974.0   4.99055439405e-15
3975.0   5.10057273954e-15
3976.0   5.22281534564e-15
3978.0   5.45507629723e-15
3981.0   5.67816905337e-15
3984.0   5.90431787465e-15
3986.0   6.10601817472e-15
3987.0   6.22214865052e-15
3989.0   6.3260548657e-15
3990.0   6.42079288543e-15
3991.0   6.50941877485e-15
3992.0   6.59804466427e-15
3994.0   6.68361448855e-15
3996.0   6.86392233254e-15
3999.0   7.01978165532e-15
4001.0   7.14813639173e-15
4004.0   7.26426686752e-15
4006.0   7.37428521301e-15
4009.0   7.46291110244e-15
4011.0   7.5362566661e-15
4014.0   7.59432190399e-15
4016.0   7.64016288128e-15
4019.0   7.67989172826e-15
4024.0   7.73184483586e-15
4029.0   7.75323729192e-15
4034.0   7.75018122677e-15
4039.0   7.71962057525e-15
4042.0   7.69517205403e-15
4044.0   7.66155533735e-15
4047.0   7.61877042521e-15
4049.0   7.56376125247e-15
4052.0   7.49958388427e-15
4054.0   7.42623832061e-15
4057.0   7.34066849634e-15
4060.0   7.24593047661e-15
4062.0   7.13285606596e-15
4065.0   7.00450132956e-15
4067.0   6.86086626739e-15
4070.0   6.70806300977e-15
4072.0   6.54914762183e-15
4075.0   6.39634436421e-15
4077.0   6.22520471567e-15
4080.0   6.03267261106e-15
4082.0   5.8431965716e-15
4085.0   5.64455233669e-15
4087.0   5.42145958056e-15
4090.0   5.20142288958e-15
4092.0   4.96916193799e-15
4095.0   4.72773279094e-15
4096.0   4.59937805453e-15
4098.0   4.47407938328e-15
4099.0   4.33350038626e-15
4100.0   4.18986532409e-15
4101.0   4.03094993616e-15
4102.0   3.8934270043e-15
4103.0   3.86897848308e-15
4104.0   3.91787552552e-15
4105.0   4.07679091345e-15
4106.0   4.17152893318e-15
4107.0   4.34572464687e-15
4108.0   4.43129447114e-15
4110.0   4.58104166362e-15
4111.0   4.73078885609e-15
4113.0   4.87136785311e-15
4114.0   5.01194685012e-15
4116.0   5.14335765168e-15
4118.0   5.26865632293e-15
4119.0   5.40617925479e-15
4121.0   5.5284218609e-15
4122.0   5.64455233669e-15
4124.0   5.75762674733e-15
4127.0   5.97766343831e-15
4130.0   6.17936373838e-15
4134.0   6.35661551723e-15
4137.0   6.53997942638e-15
4140.0   6.71417514007e-15
4143.0   6.87614659315e-15
4146.0   7.01061345986e-15
4150.0   7.12674393566e-15
4153.0   7.22759408569e-15
4156.0   7.31621997512e-15
4159.0   7.39262160393e-15
4162.0   7.45374290698e-15
4166.0   7.50263994942e-15
4172.0   7.57292944793e-15
4178.0   7.61877042521e-15
4185.0   7.64321894643e-15
4191.0   7.65544320704e-15
4198.0   7.65544320704e-15
4204.0   7.64627501159e-15
4210.0   7.62793862067e-15
4217.0   7.6065461646e-15
4223.0   7.57598551308e-15
4230.0   7.5362566661e-15
4236.0   7.49041568881e-15
4242.0   7.43540651606e-15
4249.0   7.36817308271e-15
4255.0   7.28260325844e-15
4262.0   7.1817531084e-15
4268.0   7.05645443715e-15
4274.0   6.90365117953e-15
4278.0   6.81808135526e-15
4281.0   6.72028727038e-15
4284.0   6.61026892488e-15
4287.0   6.49719451424e-15
4294.0   6.24965323689e-15
4297.0   6.11824243533e-15
4300.0   5.98071950347e-15
4303.0   5.83097231099e-15
4306.0   5.67205692306e-15
4310.0   5.50091727452e-15
4313.0   5.33283369113e-15
4316.0   5.15252584714e-15
4319.0   4.95693767738e-15
4322.0   4.75218131216e-15
4326.0   4.53520068633e-15
4329.0   4.30905186504e-15
4332.0   4.07067878315e-15
4334.0   3.94843617705e-15
4335.0   3.81702537549e-15
4336.0   3.74979194213e-15
4337.0   3.67950244363e-15
4338.0   3.60004474966e-15
4339.0   3.42890510112e-15
4340.0   3.38000805868e-15
4341.0   3.22109267075e-15
4342.0   2.94818605263e-15
4343.0   3.17525169346e-15
4344.0   3.34944740715e-15
4345.0   3.52364312085e-15
4346.0   3.58170835874e-15
4347.0   3.74062374668e-15
4349.0   3.8353617664e-15
4350.0   3.92704372098e-15
4351.0   4.0095574801e-15
4353.0   4.18069712864e-15
4356.0   4.33655645142e-15
4358.0   4.49241577419e-15
4361.0   4.63605083636e-15
4363.0   4.77357376822e-15
4366.0   4.90498456978e-15
4368.0   5.03028324104e-15
4370.0   5.14335765168e-15
4373.0   5.25031993202e-15
4378.0   5.46118842754e-15
4382.0   5.650664467e-15
4387.0   5.81263592008e-15
4392.0   5.95321491709e-15
4397.0   6.09073784896e-15
4402.0   6.20686832475e-15
4406.0   6.30771847479e-15
4411.0   6.3841201036e-15
4416.0   6.4482974718e-15
4421.0   6.49719451424e-15
4426.0   6.53386729607e-15
4430.0   6.56137188244e-15
4435.0   6.57970827336e-15
4445.0   6.59498859912e-15
4455.0   6.59193253397e-15
4464.0   6.57665220821e-15
4474.0   6.55525975214e-15
4483.0   6.52469910061e-15
4493.0   6.49413844909e-15
4503.0   6.45746566726e-15
4512.0   6.42079288543e-15
4522.0   6.3841201036e-15
4532.0   6.34439125662e-15
4541.0   6.30466240963e-15
4551.0   6.26493356265e-15
4560.0   6.22520471567e-15
4570.0   6.18241980353e-15
4580.0   6.14269095655e-15
4589.0   6.09990604442e-15
4599.0   6.05712113228e-15
4609.0   6.01433622014e-15
4618.0   5.97460737316e-15
4628.0   5.92876639587e-15
4637.0   5.88598148374e-15
4647.0   5.8431965716e-15
4657.0   5.80041165947e-15
4666.0   5.75457068218e-15
4676.0   5.70567363974e-15
4686.0   5.6567765973e-15
4695.0   5.60787955486e-15
4705.0   5.55287038212e-15
4714.0   5.49480514422e-15
4724.0   5.43062777601e-15
4734.0   5.36033827751e-15
4743.0   5.28393664869e-15
4753.0   5.20142288958e-15
4763.0   5.10668486985e-15
4772.0   4.99666652436e-15
4782.0   4.87136785311e-15
4787.0   4.79802228944e-15
4791.0   4.72162066063e-15
4796.0   4.63605083636e-15
4801.0   4.54436888179e-15
4806.0   4.44351873175e-15
4811.0   4.33655645142e-15
4815.0   4.22042597562e-15
4820.0   4.09818336952e-15
4825.0   3.96371650281e-15
4830.0   3.82008144064e-15
4835.0   3.66422211786e-15
4840.0   3.49613853447e-15
4844.0   3.31583069048e-15
4847.0   3.2180366056e-15
4849.0   3.12024252072e-15
4852.0   3.01541948598e-15
4854.0   2.90478992746e-15
4855.0   2.84672468957e-15
4856.0   2.78376974742e-15
4858.0   2.71592510104e-15
4859.0   2.63830104616e-15
4860.0   2.54539666553e-15
4861.0   2.48794264066e-15
4862.0   2.35989351077e-15
4863.0   2.0478692587e-15
4864.0   2.28501991453e-15
4865.0   2.46746700414e-15
4866.0   2.55792653265e-15
4867.0   2.62791042465e-15
4868.0   2.71561949452e-15
4869.0   2.76665578257e-15
4870.0   2.81433039895e-15
4872.0   2.90051143625e-15
4874.0   2.98241398234e-15
4876.0   3.05912121767e-15
4878.0   3.13246678133e-15
4882.0   3.26998971319e-15
4885.0   3.39528838444e-15
4889.0   3.51447492539e-15
4893.0   3.62143720573e-15
4897.0   3.72228735576e-15
4901.0   3.81396931034e-15
4905.0   3.89648306945e-15
4909.0   3.97288469827e-15
4913.0   4.04011813162e-15
4916.0   4.10429549982e-15
4920.0   4.16236073772e-15
4924.0   4.21736991047e-15
4928.0   4.26321088776e-15
4932.0   4.30599579989e-15
4940.0   4.37322923325e-15
4947.0   4.42518234084e-15
4955.0   4.46185512267e-15
4963.0   4.48935970904e-15
4971.0   4.50769609996e-15
4978.0   4.51686429541e-15
4986.0   4.51992036057e-15
4988.0   4.51992036057e-15
4994.0   4.51992036057e-15
5000.0   4.51686429541e-15
5010.0   4.50769609996e-15
5020.0   4.49241577419e-15
5040.0   4.45268692721e-15
5060.0   4.40378988477e-15
5080.0   4.35183677718e-15
5100.0   4.29682760443e-15
5120.0   4.24181843169e-15
5140.0   4.18680925894e-15
5160.0   4.1318000862e-15
5180.0   4.0798469786e-15
5200.0   4.02483780586e-15
5220.0   3.97288469827e-15
5240.0   3.92093159067e-15
5260.0   3.86897848308e-15
5280.0   3.81702537549e-15
5300.0   3.76812833305e-15
5320.0   3.71923129061e-15
5340.0   3.67033424817e-15
5360.0   3.62143720573e-15
5380.0   3.57559622844e-15
5400.0   3.52975525115e-15
5420.0   3.48391427386e-15
5440.0   3.44112936173e-15
5460.0   3.39528838444e-15
5480.0   3.35250347231e-15
5500.0   3.30971856017e-15
5520.0   3.26693364804e-15
5540.0   3.22720480105e-15
5560.0   3.18441988892e-15
5580.0   3.14469104194e-15
5600.0   3.10496219495e-15
5620.0   3.06828941312e-15
5640.0   3.02886617266e-15
5660.0   2.99127657128e-15
5680.0   2.95429818293e-15
5700.0   2.91793100762e-15
5720.0   2.88186943882e-15
5740.0   2.84641908305e-15
5760.0   2.81188554683e-15
5780.0   2.77643519106e-15
5800.0   2.74251286786e-15
5820.0   2.70950736422e-15
5840.0   2.67650186057e-15
5860.0   2.64441317647e-15
5880.0   2.61263009888e-15
5900.0   2.58115262781e-15
5920.0   2.55028636977e-15
5940.0   2.52003132476e-15
5960.0   2.48977627975e-15
5980.0   2.46043805429e-15
6000.0   2.43109982882e-15
6020.0   2.40237281639e-15
6040.0   2.37425701699e-15
6060.0   2.34614121758e-15
6080.0   2.31863663121e-15
6100.0   2.29143765135e-15
6120.0   2.26454427801e-15
6140.0   2.23765090467e-15
6160.0   2.21136874436e-15
6180.0   2.18508658405e-15
6200.0   2.15911003025e-15
6220.0   2.13343908297e-15
6240.0   2.10776813569e-15
6260.0   2.08209718841e-15
6280.0   2.05673184764e-15
6300.0   2.03106090036e-15
6320.0   2.00538995308e-15
6340.0   1.97910779277e-15
6360.0   1.95221441943e-15
6380.0   1.92440422654e-15
6400.0   1.89445478804e-15
6420.0   1.8614492844e-15
6440.0   1.82385968302e-15
6450.0   1.80185601392e-15
6460.0   1.7774074927e-15
6470.0   1.74990290633e-15
6480.0   1.71842543526e-15
6490.0   1.68266947297e-15
6500.0   1.6411069869e-15
6505.0   1.61757528522e-15
6510.0   1.59220994446e-15
6515.0   1.56470535809e-15
6520.0   1.53445031308e-15
6525.0   1.50205602246e-15
6530.0   1.46630006018e-15
6535.0   1.42748803274e-15
6540.0   1.38561994015e-15
6545.0   1.33947335635e-15
6548.0   1.31471922861e-15
6550.0   1.2884370683e-15
6552.0   1.26062687541e-15
6555.0   1.23006622389e-15
6556.0   1.21325786555e-15
6558.0   1.19522708115e-15
6559.0   1.17505705114e-15
6560.0   1.1521365625e-15
6561.0   1.13899548234e-15
6562.0   1.10629558521e-15
6563.0   1.06901159035e-15
6564.0   9.89248289868e-16
6565.0   8.46530047246e-16
6566.0   1.00666786124e-15
6567.0   1.07695735975e-15
6568.0   1.11149089597e-15
6569.0   1.13532820416e-15
6570.0   1.15458141462e-15
6571.0   1.17138977296e-15
6572.0   1.18605888569e-15
6574.0   1.212341046e-15
6576.0   1.23526153465e-15
6578.0   1.25604277768e-15
6582.0   1.29332677254e-15
6586.0   1.32694348922e-15
6590.0   1.35719853423e-15
6594.0   1.3847031206e-15
6598.0   1.40976285485e-15
6602.0   1.4326833435e-15
6606.0   1.45315898002e-15
6610.0   1.47180097745e-15
6614.0   1.48860933579e-15
6622.0   1.51733634822e-15
6630.0   1.53995123035e-15
6638.0   1.55798201475e-15
6646.0   1.57142870142e-15
6654.0   1.58212492946e-15
6662.0   1.58976509234e-15
6670.0   1.5949604031e-15
6678.0   1.59832207476e-15
6694.0   1.59985010734e-15
6710.0   1.5970996487e-15
6726.0   1.5909875184e-15
6742.0   1.58334735552e-15
6758.0   1.57417916006e-15
6774.0   1.56409414506e-15
6790.0   1.55339791702e-15
6806.0   1.54239608247e-15
6822.0   1.53108864141e-15
6838.0   1.51978120034e-15
6854.0   1.50816815276e-15
6870.0   1.49624949867e-15
6886.0   1.48463645109e-15
6902.0   1.47302340351e-15
6918.0   1.46141035593e-15
6934.0   1.44979730835e-15
6950.0   1.43818426077e-15
6966.0   1.42687681971e-15
6982.0   1.41526377213e-15
6998.0   1.40395633106e-15
7014.0   1.39264889e-15
7030.0   1.38134144894e-15
7046.0   1.37033961439e-15
7062.0   1.35933777984e-15
7078.0   1.34833594529e-15
7094.0   1.33763971725e-15
7110.0   1.32663788271e-15
7126.0   1.31624726119e-15
7142.0   1.30555103315e-15
7158.0   1.29516041163e-15
7174.0   1.28476979012e-15
7190.0   1.27468477511e-15
7206.0   1.26459976011e-15
7222.0   1.25451474511e-15
7238.0   1.2444297301e-15
7254.0   1.23465032162e-15
7270.0   1.22487091313e-15
7286.0   1.21539711115e-15
7302.0   1.20592330918e-15
7318.0   1.19644950721e-15
7334.0   1.18697570524e-15
7350.0   1.17780750978e-15
7366.0   1.16863931432e-15
7382.0   1.15947111886e-15
7398.0   1.15060852992e-15
7414.0   1.14174594098e-15
7430.0   1.13288335204e-15
7446.0   1.12402076309e-15
7462.0   1.11546378067e-15
7478.0   1.10690679824e-15
7494.0   1.09834981581e-15
7510.0   1.08979283339e-15
7526.0   1.08154145747e-15
7542.0   1.07329008156e-15
7558.0   1.06503870565e-15
7574.0   1.05709293625e-15
7590.0   1.04884156034e-15
7606.0   1.04089579095e-15
7622.0   1.03325562806e-15
7638.0   1.02530985867e-15
7654.0   1.01766969579e-15
7670.0   1.01002953291e-15
7686.0   1.00238937002e-15
7702.0   9.94749207143e-16
7718.0   9.87414650777e-16
7734.0   9.80080094411e-16
7750.0   9.72745538045e-16
7766.0   9.65716588194e-16
7782.0   9.58382031828e-16
7798.0   9.51353081977e-16
7814.0   9.44324132126e-16
7830.0   9.37295182276e-16
7846.0   9.3057183894e-16
7862.0   9.23542889089e-16
7878.0   9.16819545754e-16
7894.0   9.10096202418e-16
7910.0   9.03372859083e-16
7926.0   8.96955122262e-16
7942.0   8.90231778927e-16
7958.0   8.83814042107e-16
7974.0   8.77396305286e-16
7990.0   8.71284174981e-16
8006.0   8.64866438161e-16
8022.0   8.58754307856e-16
8038.0   8.52336571036e-16
8054.0   8.46224440731e-16
8070.0   8.40112310426e-16
8086.0   8.34305786636e-16
8102.0   8.28193656331e-16
8118.0   8.22387132541e-16
8134.0   8.16580608751e-16
8150.0   8.10774084962e-16
8166.0   8.04967561172e-16
8182.0   7.99161037382e-16
8189.0   7.9671618526e-16
8198.0   7.93660120108e-16
8206.0   7.9029844844e-16
8223.0   7.8449192465e-16
8240.0   7.78379794345e-16
8257.0   7.72573270555e-16
8274.0   7.66766746765e-16
8291.0   7.60960222976e-16
8308.0   7.55153699186e-16
8325.0   7.49652781911e-16
8342.0   7.43846258122e-16
8359.0   7.38345340847e-16
8377.0   7.32844423573e-16
8392.0   7.27649112813e-16
8394.0   7.27343506298e-16
8395.0   7.27037899783e-16
8397.0   7.26426686752e-16
8401.0   7.24898654176e-16
8405.0   7.23676228115e-16
8410.0   7.22148195539e-16
8416.0   7.20314556447e-16
8426.0   7.16952884779e-16
8433.0   7.14813639173e-16
8437.0   7.13896819627e-16
8440.0   7.12674393566e-16
8448.0   7.10229541444e-16
8455.0   7.08090295837e-16
8462.0   7.05645443715e-16
8470.0   7.03506198108e-16
8484.0   6.99227706895e-16
8492.0   6.96782854773e-16
8498.0   6.94949215681e-16
8505.0   6.92809970075e-16
8518.0   6.88837085376e-16
8531.0   6.85169807193e-16
8541.0   6.82113742041e-16
8544.0   6.81196922495e-16
8548.0   6.80280102949e-16
8554.0   6.78140857343e-16
8568.0   6.74167972644e-16
8581.0   6.70500694461e-16
8588.0   6.68361448855e-16
8594.0   6.66527809763e-16
8601.0   6.64694170671e-16
8614.0   6.61026892488e-16
8627.0   6.57665220821e-16
8639.0   6.53997942638e-16
8652.0   6.50330664455e-16
8663.0   6.47274599302e-16
8665.0   6.46663386272e-16
8667.0   6.46052173241e-16
8672.0   6.4482974718e-16
8681.0   6.42690501573e-16
8699.0   6.37800797329e-16
8717.0   6.32911093085e-16
8735.0   6.28021388841e-16
8752.0   6.23131684597e-16
8753.0   6.23131684597e-16
8754.0   6.22826078082e-16
8755.0   6.22520471567e-16
8758.0   6.21603652021e-16
8764.0   6.20075619445e-16
8777.0   6.17019554292e-16
8789.0   6.1396348914e-16
8801.0   6.10907423987e-16
8814.0   6.07851358835e-16
8826.0   6.04489687167e-16
8839.0   6.01433622014e-16
8851.0   5.98377556862e-16
8861.0   5.95627098225e-16
8863.0   5.95321491709e-16
8865.0   5.94710278679e-16
8869.0   5.93793459133e-16
8877.0   5.91959820042e-16
8894.0   5.88598148374e-16
8910.0   5.84930870191e-16
8926.0   5.81263592008e-16
8942.0   5.76679494279e-16
8958.0   5.72706609581e-16
8974.0   5.68733724883e-16
8991.0   5.64760840184e-16
8996.0   5.63232807608e-16
9007.0   5.60482348971e-16
9017.0   5.58037496849e-16
9028.0   5.55898251242e-16
9039.0   5.54370218666e-16
9049.0   5.52536579574e-16
9060.0   5.50702940483e-16
9071.0   5.48869301391e-16
9081.0   5.46730055785e-16
9092.0   5.44896416693e-16
9103.0   5.42757171086e-16
9113.0   5.40617925479e-16
9124.0   5.38173073357e-16
9135.0   5.35728221235e-16
9145.0   5.33283369113e-16
9156.0   5.30838516991e-16
9167.0   5.28088058354e-16
9177.0   5.25337599717e-16
9188.0   5.22281534564e-16
9199.0   5.19225469412e-16
9209.0   5.16169404259e-16
9220.0   5.13113339107e-16
9230.0   5.10668486985e-16
9231.0   5.1036288047e-16
9232.0   5.1036288047e-16
9233.0   5.10057273954e-16
9237.0   5.09751667439e-16
9244.0   5.09140454409e-16
9258.0   5.07001208802e-16
9272.0   5.05778782741e-16
9286.0   5.0455635668e-16
9300.0   5.03333930619e-16
9314.0   5.01500291527e-16
9328.0   4.99972258951e-16
9342.0   4.97833013344e-16
9356.0   4.95388161222e-16
9370.0   4.929433091e-16
9384.0   4.90192850463e-16
9398.0   4.87442391826e-16
9412.0   4.84386326673e-16
9426.0   4.81024655005e-16
9440.0   4.77357376822e-16
9455.0   4.73384492124e-16
9469.0   4.69411607426e-16
9483.0   4.64521903182e-16
9497.0   4.59632198938e-16
9511.0   4.54131281663e-16
9525.0   4.48019151358e-16
9529.0   4.46185512267e-16
9539.0   4.42212627569e-16
9544.0   4.40073381962e-16
9549.0   4.37934136355e-16
9553.0   4.37934136355e-16
9558.0   4.38545349386e-16
9563.0   4.39462168931e-16
9568.0   4.40073381962e-16
9573.0   4.40684594992e-16
9583.0   4.41907021053e-16
9602.0   4.43740660145e-16
9622.0   4.44351873175e-16
9641.0   4.44351873175e-16
9661.0   4.43740660145e-16
9680.0   4.42518234084e-16
9700.0   4.40684594992e-16
9720.0   4.38545349386e-16
9739.0   4.36406103779e-16
9759.0   4.33655645142e-16
9778.0   4.30599579989e-16
9798.0   4.27543514837e-16
9817.0   4.24487449684e-16
9837.0   4.20820171501e-16
9856.0   4.18069712864e-16
9876.0   4.1379122165e-16
9895.0   4.08901517406e-16
9915.0   4.03400600132e-16
9934.0   3.97288469827e-16
9954.0   3.90259519976e-16
9973.0   3.82619357095e-16
9986.0   3.7711843982e-16
9993.0   3.73451161637e-16
10000.0   3.70089489969e-16
10010.0   3.62754933603e-16
10030.0   3.55114770722e-16
10040.0   3.4686339481e-16
10050.0   3.43196116627e-16
10060.0   3.4105687102e-16
10070.0   3.45640968749e-16
10090.0   3.51753099054e-16
10100.0   3.56337196783e-16
10120.0   3.60310081481e-16
10130.0   3.63060540118e-16
10150.0   3.6489417921e-16
10170.0   3.66422211786e-16
10180.0   3.67033424817e-16
10200.0   3.67033424817e-16
10210.0   3.67033424817e-16
10250.0   3.65810998756e-16
10280.0   3.63671753149e-16
10310.0   3.61226901027e-16
10370.0   3.54809164207e-16
10410.0   3.51447492539e-16
10440.0   3.48085820871e-16
10470.0   3.42890510112e-16
10500.0   3.38917625414e-16
10530.0   3.34944740715e-16
10570.0   3.31583069048e-16
10630.0   3.23026086621e-16
10660.0   3.18441988892e-16
10690.0   3.13552284648e-16
10730.0   3.08051367373e-16
10760.0   3.02122600977e-16
10790.0   2.95185333081e-16
10810.0   2.91212448383e-16
10820.0   2.86903396518e-16
10840.0   2.82105374228e-16
10850.0   2.76665578257e-16
10870.0   2.70828493816e-16
10890.0   2.64013468526e-16
10900.0   2.56648351508e-16
10910.0   2.54509105901e-16
10920.0   2.48091369081e-16
10930.0   2.40573448806e-16
10940.0   2.35805987168e-16
10950.0   2.33330574394e-16
10960.0   2.41551389655e-16
10980.0   2.48794264066e-16
10990.0   2.52492102901e-16
11000.0   2.5548704675e-16
11010.0   2.58359747993e-16
11020.0   2.60590675555e-16
11030.0   2.62363193343e-16
11050.0   2.63982907874e-16
11060.0   2.65205333935e-16
11070.0   2.66091592829e-16
11080.0   2.66763927163e-16
11100.0   2.67558504102e-16
11130.0   2.67619625406e-16
11150.0   2.67222336936e-16
11180.0   2.66488881299e-16
11200.0   2.65419258496e-16
11250.0   2.62729921162e-16
11290.0   2.59612734706e-16
11390.0   2.52736588113e-16
11480.0   2.46257729989e-16
11570.0   2.38923173623e-16
11670.0   2.31802541818e-16
11760.0   2.24956955876e-16
11860.0   2.18325294495e-16
11950.0   2.11968678978e-16
12040.0   2.05337017597e-16
12140.0   1.99224887292e-16
12230.0   1.93265560245e-16
12330.0   1.87397915152e-16
12420.0   1.81408027453e-16
12470.0   1.78321401649e-16
12510.0   1.75020851284e-16
12560.0   1.71475815707e-16
12610.0   1.67441809706e-16
12630.0   1.65180321493e-16
12650.0   1.62674348068e-16
12680.0   1.59832207476e-16
12700.0   1.56623339066e-16
12720.0   1.52925500232e-16
12740.0   1.5087793658e-16
12750.0   1.48647009018e-16
12760.0   1.46202156896e-16
12770.0   1.43573940865e-16
12780.0   1.40609557667e-16
12790.0   1.38989843136e-16
12800.0   1.35230882999e-16
12810.0   1.32938834134e-16
12820.0   1.27071189041e-16
12830.0   1.25757081026e-16
12840.0   1.31227437649e-16
12850.0   1.35780974726e-16
12860.0   1.37431249908e-16
12870.0   1.3886760053e-16
12880.0   1.40090026591e-16
12900.0   1.43054409789e-16
12920.0   1.44490760411e-16
12930.0   1.4568262582e-16
12950.0   1.46538324063e-16
12960.0   1.47180097745e-16
12980.0   1.47638507518e-16
13000.0   1.47913553382e-16
13030.0   1.48035795988e-16
13060.0   1.47760750124e-16
13090.0   1.47180097745e-16
13120.0   1.46416081457e-16
13160.0   1.45529822563e-16
13220.0   1.43573940865e-16
13280.0   1.41373573955e-16
13350.0   1.39050964439e-16
13410.0   1.36697794272e-16
13480.0   1.34344624104e-16
13540.0   1.32022014589e-16
13600.0   1.29729965724e-16
13670.0   1.27590720117e-16
13730.0   1.25451474511e-16
13800.0   1.23495592813e-16
13860.0   1.21570271767e-16
13920.0   1.19706072024e-16
13990.0   1.17841872281e-16
14050.0   1.16038793841e-16
14120.0   1.14266276052e-16
14180.0   1.12554879567e-16
14240.0   1.10843483082e-16
14310.0   1.09162647248e-16
14370.0   1.07542932717e-16
14440.0   1.05923218186e-16
14500.0   1.04334064307e-16
14560.0   1.02775471079e-16
14630.0   1.01247438503e-16
14690.0   9.95971633204e-17
14760.0   9.7946888138e-17
14820.0   9.63271736072e-17
14880.0   9.47380197279e-17
14950.0   9.31794265001e-17
15010.0   9.16513939239e-17
15060.0   9.04289678628e-17
15080.0   9.01844826506e-17
15090.0   8.99094367869e-17
15110.0   8.9389905711e-17
15140.0   8.87786926805e-17
15190.0   8.76173879225e-17
15200.0   8.74645846649e-17
15220.0   8.69756142405e-17
15230.0   8.66700077253e-17
15250.0   8.6303279907e-17
15260.0   8.59365520887e-17
15300.0   8.52336571036e-17
15350.0   8.41945949517e-17
15440.0   8.22387132541e-17
15450.0   8.2116470648e-17
15460.0   8.17803034812e-17
15490.0   8.13218937084e-17
15500.0   8.09551658901e-17
15530.0   8.03745135111e-17
15560.0   7.98244217836e-17
15620.0   7.86936776772e-17
15650.0   7.81435859497e-17
15680.0   7.75934942223e-17
15710.0   7.70128418433e-17
15760.0   7.59126583884e-17
15820.0   7.4843035585e-17
15880.0   7.38039734332e-17
15890.0   7.37122914786e-17
15900.0   7.34372456149e-17
15920.0   7.30399571451e-17
15970.0   7.22759408569e-17
15990.0   7.18786523871e-17
16050.0   7.08090295837e-17
16110.0   6.97394067803e-17
16180.0   6.873090528e-17
16240.0   6.76918431282e-17
16300.0   6.66833416278e-17
16320.0   6.64388564156e-17
16360.0   6.56748401275e-17
16410.0   6.48497025363e-17
16510.0   6.35050338692e-17
16600.0   6.20686832475e-17
16700.0   6.06323326258e-17
16780.0   5.92876639587e-17
16800.0   5.9012618095e-17
16810.0   5.87681328828e-17
16840.0   5.84930870191e-17
16870.0   5.82180411554e-17
16930.0   5.75457068218e-17
16980.0   5.68428118367e-17
17040.0   5.61093562001e-17
17100.0   5.53759005635e-17
17150.0   5.46424449269e-17
17210.0   5.39089892903e-17
17270.0   5.31755336537e-17
17290.0   5.2961609093e-17
17330.0   5.24420780171e-17
17370.0   5.19225469412e-17
17450.0   5.09751667439e-17
17530.0   5.01194685012e-17
17610.0   4.92637702585e-17
17690.0   4.83775113643e-17
17780.0   4.749125247e-17
17860.0   4.66049935758e-17
17940.0   4.57187346816e-17
18020.0   4.46796725297e-17
18030.0   4.46185512267e-17
18100.0   4.37017316809e-17
18140.0   4.32433219081e-17
18180.0   4.28154727867e-17
18220.0   4.25098662715e-17
18260.0   4.22042597562e-17
18330.0   4.15319254226e-17
18410.0   4.0737348483e-17
18450.0   4.03094993616e-17
18490.0   3.98205289372e-17
18530.0   3.93009978613e-17
18560.0   3.86592241793e-17
18600.0   3.78952078912e-17
18620.0   3.74673587698e-17
18640.0   3.69783883454e-17
18660.0   3.6428296618e-17
18680.0   3.5847644239e-17
18700.0   3.51447492539e-17
18710.0   3.47474607841e-17
18720.0   3.42890510112e-17
18730.0   3.37695199353e-17
18740.0   3.30971856017e-17
18750.0   3.2180366056e-17
18760.0   2.8974553711e-17
18770.0   3.19358808438e-17
18780.0   3.2883261041e-17
18790.0   3.3402792117e-17
18800.0   3.39528838444e-17
18810.0   3.42279297081e-17
18830.0   3.4686339481e-17
18850.0   3.49919459963e-17
18870.0   3.526699186e-17
18880.0   3.54503557691e-17
18900.0   3.55725983752e-17
18920.0   3.56642803298e-17
18960.0   3.57559622844e-17
19000.0   3.57254016329e-17
19040.0   3.56337196783e-17
19070.0   3.54503557691e-17
19150.0   3.49919459963e-17
19220.0   3.44418542688e-17
19300.0   3.38000805868e-17
19370.0   3.30666249502e-17
19450.0   3.23637299651e-17
19460.0   3.23331693136e-17
19470.0   3.22720480105e-17
19490.0   3.22109267075e-17
19530.0   3.21192447529e-17
19610.0   3.19358808438e-17
19690.0   3.16302743285e-17
19770.0   3.12635465102e-17
19850.0   3.08968186919e-17
19930.0   3.0478137766e-17
20010.0   3.00533447098e-17
20090.0   2.96285516536e-17
20170.0   2.91731979459e-17
20250.0   2.87484048897e-17
20330.0   2.83694528108e-17
20410.0   2.79385476243e-17
20490.0   2.75106985029e-17
20570.0   2.7092017577e-17
20650.0   2.66763927163e-17
20730.0   2.62668799858e-17
20810.0   2.58634793857e-17
20890.0   2.54600787856e-17
20970.0   2.50566781855e-17
21040.0   2.46532775853e-17
21120.0   2.42437648549e-17
21200.0   2.38220278638e-17
21280.0   2.33819544819e-17
21360.0   2.29143765135e-17
21440.0   2.23979015028e-17
21480.0   2.21136874436e-17
21520.0   2.18111369935e-17
21540.0   2.16308291495e-17
21560.0   2.14719137616e-17
21570.0   2.13771757418e-17
21600.0   2.10960177478e-17
21620.0   2.09432144902e-17
21630.0   2.07720748416e-17
21650.0   2.05703745416e-17
21660.0   2.03075529384e-17
21670.0   2.04022909582e-17
21680.0   2.0478692587e-17
21690.0   2.05764866719e-17
21710.0   2.06406640401e-17
21740.0   2.0720121734e-17
21770.0   2.0759850581e-17
21800.0   2.07812430371e-17
21870.0   2.0759850581e-17
21930.0   2.06742807567e-17
22000.0   2.05612063461e-17
22060.0   2.04206273491e-17
22120.0   2.02678240915e-17
22190.0   2.00966844429e-17
22250.0   1.99194326641e-17
22320.0   1.97391248201e-17
22380.0   1.95527048458e-17
22440.0   1.93632288063e-17
22510.0   1.9176808832e-17
22570.0   1.89873327926e-17
22640.0   1.88009128183e-17
22700.0   1.8614492844e-17
22760.0   1.84280728697e-17
22830.0   1.82447089605e-17
22890.0   1.8055232921e-17
22960.0   1.78627008164e-17
23020.0   1.7673224777e-17
23080.0   1.74837487375e-17
23150.0   1.73003848284e-17
23210.0   1.71292451798e-17
23280.0   1.69458812707e-17
23340.0   1.67655734267e-17
23400.0   1.65852655827e-17
23470.0   1.6411069869e-17
23530.0   1.62368741553e-17
23600.0   1.60657345068e-17
23660.0   1.58976509234e-17
23720.0   1.572956734e-17
23790.0   1.55645398217e-17
23850.0   1.54025683687e-17
23920.0   1.52436529807e-17
23980.0   1.50847375928e-17
24040.0   1.492887827e-17
24110.0   1.47760750124e-17
24170.0   1.46232717548e-17
24240.0   1.44735245623e-17
24300.0   1.43237773698e-17
24360.0   1.41770862425e-17
24430.0   1.40334511803e-17
24490.0   1.38898161182e-17
24560.0   1.37492371212e-17
24620.0   1.36117141893e-17
24680.0   1.34741912574e-17
24750.0   1.33336122604e-17
24810.0   1.31777529376e-17
24880.0   1.30432860709e-17
24940.0   1.29088192042e-17
25000.0   1.27774084027e-17
25070.0   1.26459976011e-17
25130.0   1.25145867995e-17
25200.0   1.23862320631e-17
25260.0   1.22578773267e-17
25320.0   1.21295225903e-17
25390.0   1.20011678539e-17
25450.0   1.18728131175e-17
25520.0   1.1741402316e-17
25580.0   1.16099915144e-17
25640.0   1.14755246477e-17
25710.0   1.13380017158e-17
25770.0   1.11943666537e-17
25840.0   1.1041563396e-17
25900.0   1.08765358778e-17
25960.0   1.06992840989e-17
26030.0   1.0500639864e-17
26090.0   1.02683789124e-17
26120.0   1.0140024176e-17
26160.0   9.99027698356e-18
26180.0   9.85581011685e-18
26190.0   9.82219340018e-18
26200.0   9.74579177136e-18
26210.0   9.68161440316e-18
26220.0   9.62049310011e-18
26230.0   9.54714753645e-18
26240.0   9.51353081977e-18
26250.0   9.43407312581e-18
26260.0   9.51658688492e-18
26270.0   9.42490493035e-18
26280.0   9.41879280004e-18
26300.0   9.52575508038e-18
26330.0   9.63271736072e-18
26360.0   9.70606292438e-18
26400.0   9.75801603197e-18
26430.0   9.7885766835e-18
26460.0   9.81302520472e-18
26520.0   9.82524946533e-18
26590.0   9.80996913957e-18
26650.0   9.77635242289e-18
26720.0   9.72745538045e-18
26780.0   9.66939014255e-18
26840.0   9.60521277435e-18
26910.0   9.53492327584e-18
26970.0   9.46157771218e-18
27040.0   9.38517608337e-18
27100.0   9.30877445455e-18
27160.0   9.22931676059e-18
27230.0   9.14985906662e-18
27290.0   9.07040137266e-18
27360.0   8.99094367869e-18
27420.0   8.91454204988e-18
27480.0   8.83508435591e-18
27550.0   8.75562666195e-18
27610.0   8.67922503314e-18
27680.0   8.60282340432e-18
27740.0   8.52642177551e-18
27800.0   8.45918834215e-18
27870.0   8.38278671334e-18
27930.0   8.30944114968e-18
28000.0   8.23609558602e-18
28060.0   8.16275002236e-18
28120.0   8.0894044587e-18
28190.0   8.01605889504e-18
28250.0   7.94576939653e-18
28320.0   7.87547989802e-18
28380.0   7.80824646467e-18
28440.0   7.73795696616e-18
28510.0   7.67072353281e-18
28570.0   7.60349009945e-18
28640.0   7.5362566661e-18
28700.0   7.47207929789e-18
28760.0   7.40484586454e-18
28830.0   7.34066849634e-18
28890.0   7.27954719328e-18
28960.0   7.21536982508e-18
29020.0   7.15424852203e-18
29080.0   7.09312721898e-18
29150.0   7.03200591593e-18
29210.0   6.97088461288e-18
29280.0   6.91281937498e-18
29340.0   6.85169807193e-18
29400.0   6.79363283404e-18
29470.0   6.73556759614e-18
29530.0   6.68055842339e-18
29600.0   6.62249318549e-18
29660.0   6.56748401275e-18
29720.0   6.51247484e-18
29790.0   6.45746566726e-18
29850.0   6.40245649451e-18
29920.0   6.35050338692e-18
29980.0   6.29549421418e-18
