900.0   4.47823996501e-15
902.5   4.55016643278e-15
905.0   4.62209290055e-15
908.2   4.71445302394e-15
909.1   4.74142544936e-15
910.0   4.76839787477e-15
910.5   4.78311010681e-15
910.9   4.79782233886e-15
911.1   4.80517845488e-15
911.4   4.8125345709e-15
911.5   4.81662130203e-15
911.6   4.81989068692e-15
911.7   4.82397741805e-15
911.8   4.8256121105e-15
911.9   4.84768045856e-15
912.0   4.85258453591e-15
912.3   4.85912330571e-15
912.7   4.8722008453e-15
913.2   4.88691307735e-15
913.4   4.89672123204e-15
913.6   4.90979877164e-15
913.9   4.92859773481e-15
914.1   4.95557016022e-15
914.3   4.99316808656e-15
914.5   5.04220886004e-15
914.8   5.10432717311e-15
915.0   5.18115771823e-15
915.2   5.27188314917e-15
915.4   5.37813815838e-15
915.7   5.49992274586e-15
915.9   5.63560221915e-15
916.1   5.78599392449e-15
916.3   5.94946316943e-15
916.6   6.12600995396e-15
916.8   6.31399958564e-15
917.0   6.51179737201e-15
917.3   6.71776862063e-15
917.5   6.93109598527e-15
917.7   7.14524069613e-15
917.9   7.3561160221e-15
918.0   7.45583226151e-15
918.2   7.54737503867e-15
918.3   7.62584027624e-15
918.4   7.68223716575e-15
918.5   7.69613205157e-15
918.6   7.67569839595e-15
918.7   7.57434746409e-15
918.8   7.39534864088e-15
918.9   6.95888575691e-15
919.0   6.47338209945e-15
919.1   5.6535838361e-15
919.2   4.67358571271e-15
919.3   3.8619609116e-15
919.4   3.30616547882e-15
919.5   3.98538019153e-15
919.6   4.96129158379e-15
919.7   5.86527650829e-15
919.8   6.68916150276e-15
919.9   7.38472313996e-15
920.0   7.92825837937e-15
920.1   8.23884994475e-15
920.2   8.32875802947e-15
920.3   8.23884994475e-15
920.4   7.90292064641e-15
920.5   7.33404767403e-15
920.6   6.64829419153e-15
920.7   5.79661942541e-15
920.8   4.86321003683e-15
920.9   3.85623948803e-15
921.0   3.01355553039e-15
921.1   3.73118551565e-15
921.2   4.77575399079e-15
921.3   5.75084803683e-15
921.4   6.68670946409e-15
921.5   7.52612403683e-15
921.6   8.36145187845e-15
921.7   9.04802270718e-15
921.8   9.57112429098e-15
921.9   9.96345047882e-15
922.0   1.01841339595e-14
922.1   1.02495216575e-14
922.2   1.0167787035e-14
922.3   9.90623624309e-15
922.4   9.46486928177e-15
922.5   8.90907384899e-15
922.6   8.19798263352e-15
922.7   7.37246294659e-15
922.8   6.51751879558e-15
922.9   5.56204105893e-15
923.0   4.55016643278e-15
923.1   3.43857556722e-15
923.2   3.02091164641e-15
923.3   4.15048412891e-15
923.4   4.6899326372e-15
923.5   5.71406745672e-15
923.6   7.1673090442e-15
923.7   8.07292866114e-15
923.8   8.53309458564e-15
923.9   9.39130812155e-15
924.0   1.01514401105e-14
924.1   1.12139902026e-14
924.2   1.17616121731e-14
924.3   1.22193260589e-14
924.4   1.24154891529e-14
924.5   1.27097337937e-14
924.6   1.29712845856e-14
924.7   1.30203253591e-14
924.8   1.30121518969e-14
924.9   1.29140703499e-14
925.0   1.27015603315e-14
925.1   1.21784587477e-14
925.2   1.16962244751e-14
925.3   1.10995617311e-14
925.4   1.04048174401e-14
925.5   9.65285891344e-15
925.6   8.83551268877e-15
925.7   7.9323451105e-15
925.8   7.01773468508e-15
925.9   6.01893759853e-15
926.0   4.95393546777e-15
926.1   3.84316194843e-15
926.2   2.94081171639e-15
926.3   2.89749236648e-15
926.4   4.10961681768e-15
926.5   5.23428522284e-15
926.6   6.29438327624e-15
926.7   7.29154567035e-15
926.8   8.23884994475e-15
926.9   9.17879810313e-15
927.0   1.00533585635e-14
927.1   1.13365921363e-14
927.2   1.17452652486e-14
927.3   1.25053972376e-14
927.4   1.32328353775e-14
927.5   1.3911232744e-14
927.6   1.45324158748e-14
927.7   1.50882113076e-14
927.8   1.55704455801e-14
927.9   1.59954656169e-14
928.0   1.6363271418e-14
928.1   1.66656895212e-14
928.2   1.69108933886e-14
928.3   1.7090709558e-14
928.4   1.72133114917e-14
928.5   1.72786991897e-14
928.6   1.72950461142e-14
928.7   1.72460053407e-14
928.8   1.71315768692e-14
928.9   1.69108933886e-14
929.0   1.66166487477e-14
929.1   1.62488429466e-14
929.2   1.58156494475e-14
929.3   1.53088947882e-14
929.4   1.47285789687e-14
929.5   1.4074701989e-14
929.6   1.3412651547e-14
929.7   1.2717907256e-14
929.8   1.20068160405e-14
929.9   1.12303371271e-14
930.0   1.03966439779e-14
930.1   9.54660390424e-15
930.2   8.63934959484e-15
930.3   7.68877593554e-15
930.4   6.69651761878e-15
930.5   5.61925529466e-15
930.6   4.45208488582e-15
930.7   3.13697481031e-15
930.8   2.82801793738e-15
930.9   4.17173513076e-15
931.0   5.37405142726e-15
931.1   6.48237290792e-15
931.2   7.51468118969e-15
931.3   8.4922272744e-15
931.4   9.43217543278e-15
931.5   1.03312562799e-14
931.6   1.12139902026e-14
931.7   1.20722037385e-14
931.8   1.28732030387e-14
931.9   1.36660288766e-14
932.1   1.52843744015e-14
932.2   1.60853737017e-14
932.3   1.68618526151e-14
932.4   1.75974642173e-14
932.5   1.8316728895e-14
932.6   1.90278201105e-14
932.7   1.9706217477e-14
932.8   2.03192271455e-14
932.9   2.08913695028e-14
933.0   2.1430818011e-14
933.1   2.19375726703e-14
933.2   2.24198069429e-14
933.3   2.28611739042e-14
933.4   2.32780204788e-14
933.5   2.36376528177e-14
933.6   2.39318974586e-14
933.7   2.42016217127e-14
933.8   2.44386521179e-14
933.9   2.4642988674e-14
934.0   2.48146313812e-14
934.1   2.49535802394e-14
934.2   2.50434883241e-14
934.3   2.50843556354e-14
934.4   2.50761821731e-14
934.5   2.50189679374e-14
934.6   2.49127129282e-14
934.7   2.47574171455e-14
934.8   2.45285602026e-14
934.9   2.42424890239e-14
935.0   2.38992036096e-14
935.1   2.35068774217e-14
935.2   2.30900308471e-14
935.3   2.26404904236e-14
935.4   2.21419092265e-14
935.5   2.16024607182e-14
935.6   2.10384918232e-14
935.7   2.04336556169e-14
935.8   1.97961255617e-14
935.9   1.91585955064e-14
936.1   1.78753619337e-14
936.3   1.65430875875e-14
936.4   1.58565167587e-14
936.5   1.51454255433e-14
936.6   1.44016404788e-14
936.7   1.36333350276e-14
936.8   1.28405091897e-14
936.9   1.20149895028e-14
937.0   1.11567759669e-14
937.1   1.02822155064e-14
937.2   9.36678773481e-15
937.3   8.39414572744e-15
937.4   7.37082825414e-15
937.5   6.27231492818e-15
937.6   5.07898944015e-15
937.7   3.71238655249e-15
937.8   2.84109547698e-15
937.9   2.83946078453e-15
938.0   4.34337783794e-15
938.1   5.63560221915e-15
938.2   6.79051243462e-15
938.3   7.87186148987e-15
938.4   8.89272692449e-15
938.5   9.85719546961e-15
938.6   1.07726232413e-14
938.7   1.16717040884e-14
938.8   1.25462645488e-14
938.9   1.33881311602e-14
939.0   1.42136508471e-14
939.1   1.50146501473e-14
939.2   1.5799302523e-14
939.3   1.65757814365e-14
939.5   1.81042188766e-14
939.7   1.96490032413e-14
939.9   2.12755222284e-14
940.1   2.29837758379e-14
940.3   2.47165498343e-14
940.5   2.64901911418e-14
940.7   2.84109547698e-14
940.9   3.03480653223e-14
941.1   3.22361351013e-14
941.3   3.40669906446e-14
941.4   3.49578980295e-14
941.5   3.58161115654e-14
941.6   3.66007639411e-14
941.7   3.73363755433e-14
941.8   3.80474667587e-14
941.9   3.87340375875e-14
942.0   3.94042614917e-14
942.2   4.06302808287e-14
942.4   4.17255247698e-14
942.6   4.27390340884e-14
942.8   4.36626353223e-14
943.0   4.44963284715e-14
943.2   4.51992462247e-14
943.4   4.57877355064e-14
943.6   4.62536228545e-14
943.8   4.65887348066e-14
943.9   4.67031632781e-14
944.0   4.67685509761e-14
944.1   4.67522040516e-14
944.2   4.66786428913e-14
944.3   4.65560409576e-14
944.5   4.61555413076e-14
944.6   4.58776435912e-14
944.7   4.5542531639e-14
944.8   4.51502054512e-14
944.9   4.46761446409e-14
945.0   4.41448695948e-14
945.1   4.35482068508e-14
945.2   4.29025033333e-14
945.3   4.21995855801e-14
945.5   4.0638454291e-14
945.7   3.90119353039e-14
945.9   3.72628143831e-14
946.1   3.54237853775e-14
946.5   3.18111150645e-14
946.7   2.99966064457e-14
946.9   2.82311386004e-14
947.0   2.735657814e-14
947.1   2.65065380663e-14
947.2   2.56973653039e-14
947.3   2.49127129282e-14
947.4   2.4144407477e-14
947.6   2.26323169613e-14
948.0   1.96898705525e-14
948.2   1.82186473481e-14
948.4   1.67147302947e-14
948.5   1.59545983057e-14
948.6   1.51617724678e-14
948.7   1.43444262431e-14
948.8   1.35025596317e-14
948.9   1.26361726335e-14
949.0   1.17370917864e-14
949.1   1.08134905525e-14
949.2   9.84084854512e-15
949.3   8.81916576427e-15
949.4   7.73945140147e-15
949.5   6.56901160773e-15
949.6   5.26044030203e-15
949.7   3.623295814e-15
949.8   2.91710867587e-15
949.9   4.66622959669e-15
950.0   6.07942121915e-15
950.1   7.30380586372e-15
950.2   8.43501303867e-15
950.3   9.49756313076e-15
950.4   1.05110724494e-14
950.5   1.14673675322e-14
950.6   1.23991422284e-14
950.7   1.33063965378e-14
950.8   1.41809569982e-14
950.9   1.50309970718e-14
951.0   1.5864690221e-14
951.1   1.66738629834e-14
951.2   1.74585153591e-14
951.4   1.90359935727e-14
951.6   2.05971248619e-14
951.8   2.21827765378e-14
952.0   2.38092955249e-14
952.2   2.55093756722e-14
952.3   2.64002830571e-14
952.4   2.73157108287e-14
952.5   2.82965262983e-14
952.6   2.93427294659e-14
952.7   3.04134530203e-14
952.8   3.15168704236e-14
952.9   3.26529816759e-14
953.0   3.38626540884e-14
953.1   3.51131938122e-14
953.2   3.63800804604e-14
953.3   3.76796609576e-14
953.4   3.90201087661e-14
953.5   4.04831585083e-14
953.6   4.20197694107e-14
953.7   4.35972476243e-14
953.8   4.52237666114e-14
953.9   4.68911529098e-14
954.0   4.85994065193e-14
954.1   5.04302620626e-14
954.2   5.23019849171e-14
954.4   5.61843794843e-14
954.6   6.0148508674e-14
954.8   6.41289847882e-14
955.2   7.18529066114e-14
955.4   7.56453930939e-14
955.5   7.74762486372e-14
955.6   7.92090226335e-14
955.7   8.08518885451e-14
955.8   8.247023407e-14
955.9   8.40231918969e-14
956.0   8.55761497238e-14
956.1   8.70473729282e-14
956.3   9.00715539595e-14
956.5   9.29322657459e-14
956.7   9.57112429098e-14
956.9   9.83267508287e-14
957.1   1.00860524125e-13
957.5   1.05601132228e-13
957.9   1.10014801842e-13
958.3   1.1393806372e-13
958.7   1.17370917864e-13
959.1   1.20313364273e-13
959.5   1.22765402947e-13
959.7   1.23746218416e-13
959.9   1.24563564641e-13
960.1   1.25217441621e-13
960.3   1.25707849355e-13
960.5   1.26116522468e-13
960.7   1.26279991713e-13
960.9   1.26279991713e-13
961.1   1.2619825709e-13
961.3   1.258713186e-13
961.5   1.25380910866e-13
961.7   1.24645299263e-13
961.9   1.23827953039e-13
962.1   1.22847137569e-13
962.3   1.21621118232e-13
962.5   1.20313364273e-13
962.7   1.18760406446e-13
962.9   1.17125713996e-13
963.1   1.15327552302e-13
963.3   1.1328418674e-13
963.5   1.11159086556e-13
963.7   1.08870517127e-13
963.9   1.06500213076e-13
964.3   1.0135093186e-13
964.7   9.58747121547e-14
965.1   8.9989819337e-14
965.5   8.39414572744e-14
965.9   7.78604013628e-14
966.3   7.17466516022e-14
966.7   6.57146364641e-14
967.1   5.98951313444e-14
967.3   5.70752868692e-14
967.5   5.43371770166e-14
967.7   5.16726283241e-14
967.9   4.90898142541e-14
968.1   4.66050817311e-14
968.3   4.42020838306e-14
968.5   4.19053409392e-14
968.7   3.96985061326e-14
968.9   3.75815794107e-14
969.1   3.55545607735e-14
969.3   3.36092767587e-14
969.5   3.17457273665e-14
969.7   2.99557391344e-14
969.9   2.82311386004e-14
970.1   2.65719257643e-14
970.3   2.49617537017e-14
970.5   2.33761020258e-14
970.7   2.18231441989e-14
970.9   2.0270186372e-14
971.1   1.87008816206e-14
971.3   1.70988830203e-14
971.4   1.62733633333e-14
971.5   1.54151497974e-14
971.6   1.45242424125e-14
971.7   1.36088146409e-14
971.8   1.26443460958e-14
971.9   1.16226633149e-14
972.0   1.05437662983e-14
972.1   9.40765504604e-15
972.2   8.18980917127e-15
972.3   6.8493613628e-15
972.4   5.18933118048e-15
972.5   3.20808393186e-15
972.6   3.20971862431e-15
972.7   5.32010657643e-15
972.8   6.95398167956e-15
972.9   8.29606418048e-15
973.0   9.5220835175e-15
973.1   1.06745416943e-14
973.2   1.17697856354e-14
973.3   1.27996418785e-14
973.4   1.37886308103e-14
973.5   1.47285789687e-14
973.6   1.56358332781e-14
973.7   1.65185672007e-14
973.8   1.73686072744e-14
974.0   1.90359935727e-14
974.2   2.06625125599e-14
974.4   2.2289031547e-14
974.6   2.39237239963e-14
974.8   2.55992837569e-14
975.0   2.73157108287e-14
975.2   2.91056990608e-14
975.4   3.0969248453e-14
975.6   3.29308793923e-14
975.8   3.49905918785e-14
976.0   3.71647328361e-14
976.2   3.94614757274e-14
976.4   4.19053409392e-14
976.6   4.44881550092e-14
976.8   4.72344383241e-14
977.0   5.01523643462e-14
977.2   5.32501065378e-14
977.4   5.6535838361e-14
977.6   6.00259067403e-14
977.8   6.37203116759e-14
978.0   6.76435735543e-14
978.2   7.17956923757e-14
978.4   7.61848416022e-14
978.6   8.08191946961e-14
978.8   8.57396189687e-14
979.0   9.08889001842e-14
979.2   9.6283385267e-14
979.4   1.0200480884e-13
979.6   1.0797143628e-13
979.8   1.1426500221e-13
980.0   1.20803772007e-13
980.2   1.27669480295e-13
980.4   1.34862127072e-13
980.6   1.42299977716e-13
980.8   1.50064766851e-13
981.0   1.58156494475e-13
981.2   1.66575160589e-13
981.4   1.75320765193e-13
981.6   1.84393308287e-13
981.8   1.93711055249e-13
982.0   2.033557407e-13
982.2   2.13327364641e-13
982.4   2.23625927072e-13
982.6   2.34251427993e-13
982.8   2.45203867403e-13
983.0   2.56319776059e-13
983.2   2.67844357827e-13
983.6   2.91710867587e-13
984.0   3.16558192818e-13
984.4   3.4246806814e-13
984.8   3.69358758932e-13
985.2   3.97230265193e-13
985.6   4.2591911768e-13
986.0   4.5542531639e-13
986.4   4.85421922836e-13
986.8   5.15908937017e-13
987.6   5.77536842357e-13
988.4   6.4022729779e-13
989.2   7.03081222468e-13
990.0   7.63891781584e-13
990.8   8.22250302026e-13
991.6   8.78647191529e-13
992.0   9.05619616943e-13
992.4   9.31774696133e-13
992.8   9.56295082873e-13
993.2   9.78363430939e-13
993.6   9.99614432781e-13
994.0   1.0200480884e-12
994.4   1.03966439779e-12
994.8   1.05846336096e-12
995.2   1.07399293923e-12
995.6   1.08870517127e-12
996.0   1.10178271087e-12
996.4   1.11404290424e-12
996.8   1.12303371271e-12
997.2   1.13038982873e-12
997.6   1.1361112523e-12
998.0   1.14101532965e-12
998.4   1.14510206077e-12
998.8   1.14673675322e-12
999.2   1.14510206077e-12
999.6   1.14183267587e-12
1000.0   1.13856329098e-12
1001.0   1.12793779006e-12
1002.0   1.10423474954e-12
1003.0   1.06336743831e-12
1004.0   1.02740420442e-12
1005.0   9.6283385267e-13
1006.0   9.14610425414e-13
1007.0   8.34510495396e-13
1008.0   7.77868402026e-13
1009.0   6.88123786556e-13
1010.0   5.98052232597e-13
1011.0   5.38140754328e-13
1012.0   4.79373560773e-13
1013.0   3.95513838122e-13
1014.0   3.43612352855e-13
1015.0   2.72666700552e-13
1016.0   2.30655104604e-13
1017.0   1.84720246777e-13
1018.0   1.45814566483e-13
1019.0   1.13774594475e-13
1020.0   8.80281883978e-14
1021.0   6.7766175488e-14
1022.0   5.21058218232e-14
1023.0   3.99927507735e-14
1024.0   3.02908510866e-14
1025.0   2.01884517495e-14
1026.0   8.88455346225e-15
1027.0   1.7818147698e-14
1028.0   2.72993639042e-14
1029.0   3.73854163168e-14
1030.0   4.79782233886e-14
1031.0   5.95109786188e-14
1032.0   7.87186148987e-14
1033.0   1.02740420442e-13
1034.0   1.29712845856e-13
1035.0   1.58074759853e-13
1036.0   1.82023004236e-13
1037.0   2.33025408656e-13
1038.0   3.25549001289e-13
1039.0   4.26818198527e-13
1040.0   5.31029842173e-13
1041.0   6.28130573665e-13
1042.0   7.00057041436e-13
1043.0   7.90537268508e-13
1044.0   8.48405381215e-13
1045.0   9.39948158379e-13
1046.0   1.00533585635e-12
1047.0   1.10832148066e-12
1048.0   1.15899694659e-12
1049.0   1.22928872192e-12
1050.0   1.28895499632e-12
1051.0   1.34371719337e-12
1052.0   1.36578554144e-12
1053.0   1.38213246593e-12
1054.0   1.3845845046e-12
1055.0   1.38703654328e-12
1056.0   1.39602735175e-12
1057.0   1.38867123573e-12
1058.0   1.35270800184e-12
1059.0   1.34044780847e-12
1060.0   1.35842942541e-12
1061.0   1.41973039227e-12
1062.0   1.48348339779e-12
1063.0   1.61834552486e-12
1064.0   1.72051380295e-12
1065.0   1.84229839042e-12
1066.0   1.89624324125e-12
1067.0   1.95917890055e-12
1068.0   1.99269009576e-12
1069.0   2.00004621179e-12
1070.0   1.97307378637e-12
1071.0   1.91912893554e-12
1072.0   1.89297385635e-12
1073.0   1.86518408471e-12
1074.0   1.83984635175e-12
1075.0   1.76056376796e-12
1076.0   1.74176480479e-12
1077.0   1.71479237937e-12
1078.0   1.72868726519e-12
1079.0   1.7850841547e-12
1080.0   1.89542589503e-12
1081.0   1.97879520994e-12
1082.0   2.09567572007e-12
1083.0   2.15861137937e-12
1084.0   2.22645111602e-12
1085.0   2.25669292634e-12
1086.0   2.29265616022e-12
1087.0   2.30246431492e-12
1088.0   2.30900308471e-12
1089.0   2.31390716206e-12
1090.0   2.31881123941e-12
1092.0   2.31962858564e-12
1093.0   2.31635920074e-12
1097.0   2.30491635359e-12
1100.0   2.28938677532e-12
1103.0   2.27058781215e-12
1106.0   2.24933681031e-12
1109.0   2.22726846225e-12
1113.0   2.20356542173e-12
1116.0   2.17904503499e-12
1119.0   2.15370730203e-12
1122.0   2.12836956906e-12
1125.0   2.10384918232e-12
1129.0   2.07851144936e-12
1132.0   2.05235637017e-12
1135.0   2.02293190608e-12
1138.0   1.99269009576e-12
1141.0   1.960813593e-12
1145.0   1.92730239779e-12
1148.0   1.89215651013e-12
1151.0   1.85455858379e-12
1154.0   1.81369127256e-12
1157.0   1.76955457643e-12
1161.0   1.72133114917e-12
1164.0   1.66738629834e-12
1167.0   1.61017206262e-12
1169.0   1.5799302523e-12
1170.0   1.54805374954e-12
1172.0   1.51290786188e-12
1173.0   1.47449258932e-12
1175.0   1.43362527808e-12
1177.0   1.39194062063e-12
1178.0   1.34780392449e-12
1180.0   1.30121518969e-12
1181.0   1.25135706998e-12
1183.0   1.19659487293e-12
1185.0   1.13774594475e-12
1186.0   1.0764449779e-12
1188.0   1.01187462615e-12
1189.0   9.44034889503e-13
1191.0   8.72925767956e-13
1193.0   7.97811649908e-13
1194.0   7.20981104788e-13
1196.0   6.43414948066e-13
1197.0   5.65440118232e-13
1198.0   5.2661617256e-13
1199.0   4.88119165378e-13
1200.0   4.50276035175e-13
1201.0   4.13413720442e-13
1202.0   3.60449685083e-13
1203.0   3.26775020626e-13
1204.0   2.79123735727e-13
1205.0   2.49535802394e-13
1206.0   2.0899542965e-13
1207.0   1.84556777532e-13
1208.0   1.51862928545e-13
1209.0   1.32900496133e-13
1210.0   1.08380109392e-13
1211.0   9.44034889503e-14
1212.0   7.64463923941e-14
1213.0   6.62786053591e-14
1214.0   5.26779641805e-14
1215.0   4.04259442726e-14
1216.0   1.04211643646e-14
1217.0   2.77815981768e-14
1218.0   5.20567810497e-14
1219.0   6.28457512155e-14
1220.0   7.70675755249e-14
1221.0   8.80281883978e-14
1222.0   1.04211643646e-13
1223.0   1.22356729834e-13
1224.0   1.4540589337e-13
1225.0   1.63469244936e-13
1226.0   1.8913391639e-13
1227.0   2.19539195948e-13
1228.0   2.37520812891e-13
1229.0   2.64248034438e-13
1230.0   2.85662505525e-13
1231.0   3.20154516206e-13
1232.0   3.64454681584e-13
1233.0   4.18154328545e-13
1234.0   4.90652938674e-13
1235.0   5.65276648987e-13
1236.0   6.13663545488e-13
1237.0   6.59843607182e-13
1238.0   7.45501491529e-13
1239.0   7.85796660405e-13
1240.0   8.247023407e-13
1241.0   8.62300267035e-13
1242.0   9.32592042357e-13
1243.0   9.6446854512e-13
1244.0   9.94710355433e-13
1245.0   1.0233174733e-12
1246.0   1.07562763168e-12
1247.0   1.10014801842e-12
1248.0   1.12303371271e-12
1249.0   1.14428471455e-12
1250.0   1.18188264088e-12
1251.0   1.19822956538e-12
1252.0   1.21294179742e-12
1253.0   1.22683668324e-12
1254.0   1.25299176243e-12
1256.0   1.27669480295e-12
1257.0   1.29712845856e-12
1259.0   1.31347538306e-12
1261.0   1.32737026888e-12
1262.0   1.33963046225e-12
1264.0   1.35107330939e-12
1265.0   1.36169881031e-12
1267.0   1.36905492634e-12
1269.0   1.37477634991e-12
1270.0   1.37968042726e-12
1273.0   1.3878538895e-12
1277.0   1.39357531308e-12
1280.0   1.39602735175e-12
1283.0   1.39602735175e-12
1286.0   1.39521000552e-12
1289.0   1.39275796685e-12
1293.0   1.38948858195e-12
1296.0   1.3845845046e-12
1298.0   1.38131511971e-12
1299.0   1.37968042726e-12
1300.0   1.37804573481e-12
1305.0   1.36905492634e-12
1310.0   1.35761207919e-12
1315.0   1.34616923204e-12
1320.0   1.33309169245e-12
1330.0   1.30693661326e-12
1340.0   1.28241622652e-12
1350.0   1.258713186e-12
1360.0   1.23010606814e-12
1370.0   1.19741221915e-12
1380.0   1.16471837017e-12
1385.0   1.14673675322e-12
1390.0   1.13120717495e-12
1395.0   1.12058167403e-12
1400.0   1.11404290424e-12
1405.0   1.10995617311e-12
1410.0   1.10586944199e-12
1415.0   1.09933067219e-12
1420.0   1.09115720994e-12
1425.0   1.08053170902e-12
1430.0   1.0699062081e-12
1440.0   1.04865520626e-12
1460.0   1.00533585635e-12
1480.0   9.63651198895e-13
1500.0   9.2441858011e-13
1520.0   8.87638e-13
1540.0   8.53309458564e-13
1560.0   8.19798263352e-13
1580.0   7.88657372192e-13
1600.0   7.58987704236e-13
1620.0   7.30707524862e-13
1640.0   7.03898568692e-13
1660.0   6.78479101105e-13
1680.0   6.54203918232e-13
1700.0   6.31236489319e-13
1720.0   6.09331610497e-13
1740.0   5.88407547145e-13
1760.0   5.68382564641e-13
1780.0   5.49420132228e-13
1800.0   5.31193311418e-13
1820.0   5.13783836832e-13
1840.0   4.97191708471e-13
1860.0   4.8125345709e-13
1880.0   4.66050817311e-13
1900.0   4.51502054512e-13
1920.0   4.3752543407e-13
1940.0   4.24120955985e-13
1960.0   4.11288620258e-13
1980.0   3.99028426888e-13
2000.0   3.8717690663e-13
2020.0   3.75815794107e-13
2040.0   3.64945089319e-13
2060.0   3.5440132302e-13
2080.0   3.44347964457e-13
2100.0   3.34621544383e-13
2120.0   3.25303797422e-13
2140.0   3.16231254328e-13
2160.0   3.07567384346e-13
2180.0   2.99230452855e-13
2200.0   2.9113872523e-13
2220.0   2.83373936096e-13
2240.0   2.75936085451e-13
2260.0   2.68661704052e-13
2280.0   2.61714261142e-13
2300.0   2.54930287477e-13
2320.0   2.4839151768e-13
2340.0   2.4209795175e-13
2360.0   2.36049589687e-13
2380.0   2.30164696869e-13
2400.0   2.24443273297e-13
2420.0   2.18967053591e-13
2440.0   2.13654303131e-13
2460.0   2.08423287293e-13
2480.0   2.03437475322e-13
2500.0   1.98615132597e-13
2520.0   1.93874524494e-13
2540.0   1.89379120258e-13
2560.0   1.84965450645e-13
2580.0   1.80715250276e-13
2600.0   1.7654678453e-13
2620.0   1.72541788029e-13
2640.0   1.68618526151e-13
2660.0   1.64858733517e-13
2680.0   1.61180675506e-13
2700.0   1.57584352118e-13
2720.0   1.54151497974e-13
2740.0   1.50718643831e-13
2760.0   1.47449258932e-13
2780.0   1.44261608656e-13
2800.0   1.41237427624e-13
2820.0   1.38213246593e-13
2840.0   1.35270800184e-13
2860.0   1.32410088398e-13
2880.0   1.29631111234e-13
2900.0   1.26933868692e-13
2920.0   1.24318360773e-13
2940.0   1.21784587477e-13
2960.0   1.19332548803e-13
2980.0   1.16880510129e-13
3000.0   1.14510206077e-13
3020.0   1.12221636648e-13
3040.0   1.10014801842e-13
3060.0   1.07889701657e-13
3080.0   1.05764601473e-13
3100.0   1.03639501289e-13
3120.0   1.0167787035e-13
3140.0   9.97162394107e-14
3160.0   9.77546084715e-14
3180.0   9.58747121547e-14
3200.0   9.40765504604e-14
3220.0   9.22783887661e-14
3240.0   9.05619616943e-14
3260.0   8.88455346225e-14
3280.0   8.72108421731e-14
3300.0   8.55761497238e-14
3320.0   8.40231918969e-14
3340.0   8.247023407e-14
3360.0   8.09990108656e-14
3380.0   7.95277876611e-14
3400.0   7.8097431768e-14
3420.0   7.66997697238e-14
3440.0   7.53266280663e-14
3460.0   7.39943537201e-14
3480.0   7.26865997606e-14
3500.0   7.14115396501e-14
3520.0   7.01609999263e-14
3540.0   6.89431540516e-14
3560.0   6.77498285635e-14
3580.0   6.65810234622e-14
3600.0   6.54367387477e-14
3620.0   6.43169744199e-14
3633.0   6.36140566667e-14
3640.0   6.32217304788e-14
3644.0   6.29928735359e-14
3647.0   6.28457512155e-14
3650.0   6.26904554328e-14
3660.0   6.21428334622e-14
3670.0   6.15952114917e-14
3676.0   6.12600995396e-14
3680.0   6.10639364457e-14
3683.0   6.08841202762e-14
3684.0   6.08514264273e-14
3687.0   6.06797837201e-14
3688.0   6.06307429466e-14
3693.0   6.03855390792e-14
3698.0   6.00831209761e-14
3703.0   5.98460905709e-14
3704.0   5.97888763352e-14
3705.0   5.97316620994e-14
3707.0   5.9617233628e-14
3710.0   5.94701113076e-14
3712.0   5.93883766851e-14
3713.0   5.93148155249e-14
3716.0   5.91595197422e-14
3721.0   5.88979689503e-14
3722.0   5.88816220258e-14
3723.0   5.87998874033e-14
3725.0   5.87181527808e-14
3728.0   5.85383366114e-14
3735.0   5.81787042726e-14
3742.0   5.78681127072e-14
3747.0   5.75575211418e-14
3749.0   5.74349192081e-14
3751.0   5.73204907366e-14
3755.0   5.72387561142e-14
3759.0   5.71243276427e-14
3761.0   5.70180726335e-14
3763.0   5.6936338011e-14
3766.0   5.66339199079e-14
3769.0   5.63887160405e-14
3770.0   5.62579406446e-14
3772.0   5.61598590976e-14
3773.0   5.61843794843e-14
3774.0   5.62334202578e-14
3776.0   5.62742875691e-14
3777.0   5.63151548803e-14
3778.0   5.63478487293e-14
3781.0   5.63560221915e-14
3784.0   5.62742875691e-14
3786.0   5.61108183241e-14
3789.0   5.584109407e-14
3792.0   5.54814617311e-14
3794.0   5.50400947698e-14
3795.0   5.49174928361e-14
3797.0   5.4549687035e-14
3798.0   5.43862177901e-14
3799.0   5.42799627808e-14
3800.0   5.43698708656e-14
3801.0   5.45088197238e-14
3802.0   5.46722889687e-14
3803.0   5.48357582136e-14
3804.0   5.49828805341e-14
3806.0   5.52607782505e-14
3808.0   5.55059821179e-14
3810.0   5.56612779006e-14
3812.0   5.57838798343e-14
3814.0   5.58002267587e-14
3816.0   5.5775706372e-14
3818.0   5.5677624825e-14
3820.0   5.54569413444e-14
3821.0   5.51626967035e-14
3823.0   5.48112378269e-14
3825.0   5.43290035543e-14
3827.0   5.3789555046e-14
3829.0   5.3160198453e-14
3830.0   5.29313415101e-14
3831.0   5.24572806998e-14
3833.0   5.17134956354e-14
3835.0   5.10841390424e-14
3836.0   5.0806241326e-14
3837.0   5.06836393923e-14
3838.0   5.09370167219e-14
3839.0   5.1239434825e-14
3840.0   5.17134956354e-14
3841.0   5.21957299079e-14
3843.0   5.28250865009e-14
3846.0   5.3953024291e-14
3848.0   5.44434320258e-14
3849.0   5.49011459116e-14
3851.0   5.52689517127e-14
3852.0   5.55958902026e-14
3854.0   5.58574409945e-14
3856.0   5.60454306262e-14
3857.0   5.61598590976e-14
3859.0   5.62007264088e-14
3861.0   5.62088998711e-14
3862.0   5.61598590976e-14
3864.0   5.60209102394e-14
3866.0   5.5775706372e-14
3867.0   5.54487678821e-14
3869.0   5.51300028545e-14
3870.0   5.47213297422e-14
3872.0   5.42064016206e-14
3874.0   5.35688715654e-14
3875.0   5.28250865009e-14
3877.0   5.21385156722e-14
3879.0   5.12966490608e-14
3880.0   5.03648743646e-14
3882.0   4.9416752744e-14
3884.0   4.83542026519e-14
3885.0   4.72916525599e-14
3887.0   4.61391943831e-14
3888.0   4.55588785635e-14
3889.0   4.4978562744e-14
3890.0   4.42592980663e-14
3891.0   4.42429511418e-14
3892.0   4.49376954328e-14
3893.0   4.54934908656e-14
3894.0   4.66132551934e-14
3896.0   4.77084991344e-14
3898.0   4.87710492265e-14
3899.0   4.97436912339e-14
3901.0   5.067546593e-14
3904.0   5.24327603131e-14
3906.0   5.3225586151e-14
3907.0   5.39938916022e-14
3909.0   5.46804624309e-14
3911.0   5.52607782505e-14
3912.0   5.5743012523e-14
3914.0   5.61925529466e-14
3916.0   5.66420933702e-14
3917.0   5.7001725709e-14
3919.0   5.72632765009e-14
3920.0   5.74757865193e-14
3922.0   5.7631082302e-14
3924.0   5.77536842357e-14
3927.0   5.78599392449e-14
3930.0   5.77782046225e-14
3933.0   5.75003069061e-14
3937.0   5.69935522468e-14
3940.0   5.62252467956e-14
3942.0   5.57838798343e-14
3943.0   5.5244431326e-14
3945.0   5.4615074733e-14
3947.0   5.38712896685e-14
3950.0   5.22774645304e-14
3951.0   5.1435597919e-14
3953.0   5.05201701473e-14
3955.0   4.94739669797e-14
3956.0   4.83051618785e-14
3958.0   4.72507852486e-14
3960.0   4.60656332228e-14
3961.0   4.47987465746e-14
3963.0   4.35236864641e-14
3965.0   4.21341978821e-14
3966.0   4.07774031492e-14
3968.0   3.93633941805e-14
3969.0   3.85215275691e-14
3970.0   3.66743251013e-14
3971.0   3.61430500552e-14
3972.0   3.59877542726e-14
3973.0   3.72137736096e-14
3974.0   3.82027625414e-14
3975.0   3.97475469061e-14
3977.0   4.1202423186e-14
3979.0   4.25755648435e-14
3980.0   4.3817931105e-14
3982.0   4.51011646777e-14
3984.0   4.63108370902e-14
3986.0   4.73652137201e-14
3987.0   4.85340188214e-14
3989.0   4.96047423757e-14
3991.0   5.05528639963e-14
3993.0   5.14192509945e-14
3994.0   5.22120768324e-14
3996.0   5.31356780663e-14
3998.0   5.39366773665e-14
3999.0   5.46314216575e-14
4001.0   5.52362578637e-14
4003.0   5.57675329098e-14
4005.0   5.62906344936e-14
4008.0   5.71243276427e-14
4011.0   5.77455107735e-14
4015.0   5.81787042726e-14
4018.0   5.84892958379e-14
4022.0   5.87018058564e-14
4025.0   5.88325812523e-14
4029.0   5.88816220258e-14
4032.0   5.88407547145e-14
4036.0   5.87671935543e-14
4039.0   5.86037243094e-14
4042.0   5.83666939042e-14
4046.0   5.80397554144e-14
4049.0   5.76065619153e-14
4053.0   5.70507664825e-14
4056.0   5.63887160405e-14
4060.0   5.55795432781e-14
4063.0   5.45742074217e-14
4067.0   5.33400146225e-14
4070.0   5.20159137385e-14
4073.0   5.05773843831e-14
4075.0   4.98090789319e-14
4077.0   4.89672123204e-14
4079.0   4.8059958011e-14
4080.0   4.71036629282e-14
4082.0   4.61473678453e-14
4084.0   4.51338585267e-14
4086.0   4.40631349724e-14
4087.0   4.28779829466e-14
4089.0   4.16928309208e-14
4091.0   4.05158523573e-14
4092.0   3.92244453223e-14
4094.0   3.78839975138e-14
4096.0   3.64699885451e-14
4097.0   3.57425504052e-14
4098.0   3.50151122652e-14
4099.0   3.33558994291e-14
4100.0   3.2424124733e-14
4101.0   3.19173700737e-14
4102.0   3.01845960773e-14
4103.0   2.92855152302e-14
4104.0   2.9841310663e-14
4105.0   3.11408911602e-14
4106.0   3.2260655488e-14
4107.0   3.365014407e-14
4108.0   3.45165310681e-14
4109.0   3.52930099816e-14
4110.0   3.60449685083e-14
4112.0   3.74671509392e-14
4114.0   3.88157722099e-14
4115.0   4.00908323204e-14
4117.0   4.12432904972e-14
4119.0   4.24202690608e-14
4121.0   4.35318599263e-14
4123.0   4.45290223204e-14
4125.0   4.54771439411e-14
4127.0   4.6368051326e-14
4129.0   4.72507852486e-14
4130.0   4.80436110866e-14
4132.0   4.87628757643e-14
4134.0   4.9416752744e-14
4138.0   5.07163332413e-14
4142.0   5.1868791418e-14
4145.0   5.28414334254e-14
4149.0   5.35933919521e-14
4153.0   5.41737077716e-14
4157.0   5.4647768582e-14
4160.0   5.49992274586e-14
4164.0   5.52526047882e-14
4168.0   5.54160740331e-14
4175.0   5.55877167403e-14
4183.0   5.56122371271e-14
4190.0   5.55305025046e-14
4198.0   5.53833801842e-14
4205.0   5.5179043628e-14
4213.0   5.49338397606e-14
4220.0   5.46559420442e-14
4228.0   5.43290035543e-14
4235.0   5.39693712155e-14
4243.0   5.35606981031e-14
4250.0   5.30866372928e-14
4258.0   5.25063214733e-14
4265.0   5.17952302578e-14
4269.0   5.13865571455e-14
4273.0   5.09124963352e-14
4277.0   5.03812212891e-14
4280.0   4.97763850829e-14
4284.0   4.90898142541e-14
4288.0   4.83542026519e-14
4292.0   4.75532033517e-14
4295.0   4.67031632781e-14
4299.0   4.57550416575e-14
4303.0   4.46924915654e-14
4307.0   4.35155130018e-14
4310.0   4.22159325046e-14
4314.0   4.08346173849e-14
4318.0   3.92571391713e-14
4322.0   3.7524365175e-14
4325.0   3.56199484715e-14
4327.0   3.45819187661e-14
4329.0   3.35357155985e-14
4331.0   3.2424124733e-14
4333.0   3.12553196317e-14
4335.0   3.00211268324e-14
4336.0   2.93509029282e-14
4337.0   2.86398117127e-14
4338.0   2.7855159337e-14
4339.0   2.70132927256e-14
4340.0   2.56891918416e-14
4341.0   2.45122132781e-14
4342.0   2.20029603683e-14
4343.0   2.39972851565e-14
4344.0   2.55665899079e-14
4345.0   2.68906907919e-14
4346.0   2.75936085451e-14
4347.0   2.88359748066e-14
4348.0   2.93835967772e-14
4349.0   2.99148718232e-14
4350.0   3.04297999448e-14
4351.0   3.13534011786e-14
4353.0   3.22688289503e-14
4354.0   3.31270424862e-14
4356.0   3.39198683241e-14
4358.0   3.47208676243e-14
4359.0   3.54809996133e-14
4361.0   3.61839173665e-14
4362.0   3.6862314733e-14
4364.0   3.74998447882e-14
4366.0   3.81128544567e-14
4369.0   3.92407922468e-14
4372.0   4.02134342541e-14
4375.0   4.10961681768e-14
4378.0   4.1897167477e-14
4382.0   4.26164321547e-14
4385.0   4.32457887477e-14
4388.0   4.3785237256e-14
4391.0   4.42511246041e-14
4394.0   4.46924915654e-14
4401.0   4.54035827808e-14
4407.0   4.59430312891e-14
4414.0   4.62863167035e-14
4420.0   4.64743063352e-14
4426.0   4.65478674954e-14
4433.0   4.65560409576e-14
4439.0   4.64988267219e-14
4446.0   4.6400745175e-14
4452.0   4.6269969779e-14
4458.0   4.61228474586e-14
4465.0   4.59593782136e-14
4471.0   4.57877355064e-14
4478.0   4.55997458748e-14
4484.0   4.54117562431e-14
4490.0   4.52155931492e-14
4497.0   4.50194300552e-14
4503.0   4.48150934991e-14
4510.0   4.46107569429e-14
4516.0   4.44064203867e-14
4522.0   4.42020838306e-14
4529.0   4.39977472744e-14
4535.0   4.37934107182e-14
4542.0   4.35890741621e-14
4548.0   4.33847376059e-14
4554.0   4.31804010497e-14
4561.0   4.29678910313e-14
4567.0   4.27635544751e-14
4574.0   4.2559217919e-14
4580.0   4.23548813628e-14
4586.0   4.21505448066e-14
4593.0   4.19462082505e-14
4599.0   4.17418716943e-14
4606.0   4.15457086004e-14
4612.0   4.13413720442e-14
4618.0   4.1137035488e-14
4625.0   4.09326989319e-14
4631.0   4.07365358379e-14
4638.0   4.05321992818e-14
4644.0   4.03278627256e-14
4650.0   4.01316996317e-14
4657.0   3.99273630755e-14
4663.0   3.97230265193e-14
4670.0   3.95186899632e-14
4676.0   3.9314353407e-14
4682.0   3.91018433886e-14
4689.0   3.88975068324e-14
4695.0   3.86768233517e-14
4702.0   3.84643133333e-14
4708.0   3.82436298527e-14
4714.0   3.80147729098e-14
4721.0   3.77777425046e-14
4727.0   3.75325386372e-14
4734.0   3.72791613076e-14
4740.0   3.70094370534e-14
4746.0   3.67397127993e-14
4753.0   3.64454681584e-14
4759.0   3.6134876593e-14
4766.0   3.57915911786e-14
4772.0   3.54156119153e-14
4778.0   3.50069388029e-14
4785.0   3.45573983794e-14
4791.0   3.40424702578e-14
4798.0   3.34539809761e-14
4804.0   3.27755836096e-14
4810.0   3.19991046961e-14
4817.0   3.11163707735e-14
4820.0   3.06177895764e-14
4823.0   3.00865145304e-14
4826.0   2.95061987109e-14
4830.0   2.88686686556e-14
4833.0   2.81820978269e-14
4836.0   2.74464862247e-14
4839.0   2.66454869245e-14
4842.0   2.57790999263e-14
4846.0   2.48473252302e-14
4849.0   2.38419893738e-14
4850.0   2.33025408656e-14
4852.0   2.27467454328e-14
4854.0   2.2158256151e-14
4855.0   2.1528899558e-14
4857.0   2.0834155267e-14
4858.0   2.04418290792e-14
4859.0   1.97879520994e-14
4860.0   1.92730239779e-14
4861.0   1.82431677348e-14
4862.0   1.71642707182e-14
4863.0   1.50473439963e-14
4864.0   1.66166487477e-14
4865.0   1.81614331123e-14
4866.0   1.92076362799e-14
4867.0   1.97225644015e-14
4868.0   2.05480840884e-14
4869.0   2.09077164273e-14
4870.0   2.12510018416e-14
4872.0   2.18558380479e-14
4873.0   2.24198069429e-14
4875.0   2.2951081989e-14
4877.0   2.3449663186e-14
4880.0   2.43732644199e-14
4883.0   2.52069575691e-14
4886.0   2.5967089558e-14
4890.0   2.66454869245e-14
4893.0   2.7258496593e-14
4896.0   2.78061185635e-14
4900.0   2.82883528361e-14
4903.0   2.87133728729e-14
4906.0   2.90975255985e-14
4910.0   2.94326375506e-14
4913.0   2.97187087293e-14
4920.0   3.02091164641e-14
4926.0   3.05850957274e-14
4933.0   3.08548199816e-14
4939.0   3.10428096133e-14
4946.0   3.1165411547e-14
4953.0   3.12307992449e-14
4959.0   3.12553196317e-14
4966.0   3.12553196317e-14
4973.0   3.12307992449e-14
4979.0   3.11735850092e-14
4986.0   3.11081973112e-14
4992.0   3.10264626888e-14
4998.0   3.09529015285e-14
4999.0   3.09447280663e-14
5000.0   3.09283811418e-14
5010.0   3.07730853591e-14
5020.0   3.06014426519e-14
5040.0   3.02336368508e-14
5060.0   2.98494841252e-14
5080.0   2.94489844751e-14
5100.0   2.90566582873e-14
5120.0   2.86561586372e-14
5140.0   2.82638324494e-14
5160.0   2.78796797238e-14
5180.0   2.74955269982e-14
5200.0   2.71277211971e-14
5220.0   2.67517419337e-14
5240.0   2.63921095948e-14
5260.0   2.6032477256e-14
5280.0   2.56810183794e-14
5300.0   2.5337732965e-14
5320.0   2.49944475506e-14
5340.0   2.46593355985e-14
5360.0   2.43323971087e-14
5380.0   2.40054586188e-14
5400.0   2.36866935912e-14
5420.0   2.33761020258e-14
5440.0   2.30655104604e-14
5460.0   2.27630923573e-14
5480.0   2.24688477164e-14
5500.0   2.21746030755e-14
5520.0   2.18803584346e-14
5540.0   2.16024607182e-14
5560.0   2.13163895396e-14
5580.0   2.10466652855e-14
5600.0   2.07769410313e-14
5620.0   2.05072167772e-14
5640.0   2.02456659853e-14
5660.0   1.99922886556e-14
5680.0   1.9738911326e-14
5700.0   1.94855339963e-14
5720.0   1.92403301289e-14
5740.0   1.90032997238e-14
5760.0   1.87580958564e-14
5780.0   1.85210654512e-14
5800.0   1.82922085083e-14
5820.0   1.80633515654e-14
5840.0   1.78426680847e-14
5860.0   1.76219846041e-14
5880.0   1.74094745856e-14
5900.0   1.71969645672e-14
5920.0   1.69844545488e-14
5940.0   1.67801179926e-14
5960.0   1.65757814365e-14
5980.0   1.63714448803e-14
6000.0   1.61752817864e-14
6020.0   1.59791186924e-14
6040.0   1.57911290608e-14
6060.0   1.56031394291e-14
6080.0   1.54151497974e-14
6100.0   1.52271601657e-14
6120.0   1.50473439963e-14
6140.0   1.48675278269e-14
6160.0   1.46877116575e-14
6180.0   1.45160689503e-14
6200.0   1.43444262431e-14
6220.0   1.41727835359e-14
6240.0   1.4009314291e-14
6260.0   1.38376715838e-14
6280.0   1.36742023389e-14
6300.0   1.35107330939e-14
6320.0   1.3347263849e-14
6340.0   1.31837946041e-14
6360.0   1.30203253591e-14
6380.0   1.28486826519e-14
6400.0   1.26770399448e-14
6420.0   1.24972237753e-14
6440.0   1.22928872192e-14
6460.0   1.20640302762e-14
6470.0   1.1925081418e-14
6480.0   1.17779590976e-14
6490.0   1.15981429282e-14
6500.0   1.13856329098e-14
6505.0   1.12630309761e-14
6510.0   1.11240821179e-14
6515.0   1.09687863352e-14
6520.0   1.0797143628e-14
6525.0   1.06009805341e-14
6530.0   1.03802970534e-14
6535.0   1.01269197238e-14
6540.0   9.84084854512e-15
6542.0   9.67737930018e-15
6545.0   9.51391005525e-15
6548.0   9.33409388582e-15
6550.0   9.1379307919e-15
6552.0   8.92542077348e-15
6555.0   8.68839036832e-15
6556.0   8.55761497238e-15
6558.0   8.41866611418e-15
6559.0   8.25519686924e-15
6560.0   8.061485814e-15
6561.0   7.94869203499e-15
6562.0   7.74517282505e-15
6563.0   7.35529867587e-15
6564.0   6.78560835727e-15
6565.0   6.05735287109e-15
6566.0   6.89840213628e-15
6567.0   7.4223210663e-15
6568.0   7.71493101473e-15
6569.0   7.9225369558e-15
6570.0   8.08764089319e-15
6571.0   8.22250302026e-15
6572.0   8.34510495396e-15
6573.0   8.45135996317e-15
6574.0   8.54944151013e-15
6576.0   8.72925767956e-15
6578.0   8.89272692449e-15
6580.0   9.03984924494e-15
6584.0   9.29322657459e-15
6588.0   9.5220835175e-15
6592.0   9.71824661142e-15
6596.0   9.8898893186e-15
6600.0   1.0037011639e-14
6604.0   1.0167787035e-14
6608.0   1.02740420442e-14
6612.0   1.03721235912e-14
6616.0   1.04456847514e-14
6624.0   1.05682866851e-14
6632.0   1.06581947698e-14
6640.0   1.07154090055e-14
6648.0   1.07481028545e-14
6656.0   1.0764449779e-14
6672.0   1.0764449779e-14
6688.0   1.073175593e-14
6704.0   1.06827151565e-14
6720.0   1.06173274586e-14
6736.0   1.05437662983e-14
6752.0   1.04702051381e-14
6768.0   1.03884705157e-14
6784.0   1.03067358932e-14
6800.0   1.02250012707e-14
6816.0   1.01432666483e-14
6832.0   1.00615320258e-14
6848.0   9.97979740331e-15
6864.0   9.89806278085e-15
6880.0   9.81632815838e-15
6896.0   9.73459353591e-15
6912.0   9.65285891344e-15
6928.0   9.57112429098e-15
6944.0   9.48938966851e-15
6960.0   9.41582850829e-15
6976.0   9.33409388582e-15
6992.0   9.2605327256e-15
7008.0   9.17879810313e-15
7024.0   9.10523694291e-15
7040.0   9.03167578269e-15
7056.0   8.95811462247e-15
7072.0   8.88455346225e-15
7088.0   8.81099230203e-15
7104.0   8.7374311418e-15
7120.0   8.66386998158e-15
7136.0   8.59030882136e-15
7152.0   8.52492112339e-15
7168.0   8.45135996317e-15
7184.0   8.38597226519e-15
7200.0   8.31241110497e-15
7216.0   8.247023407e-15
7232.0   8.18163570902e-15
7248.0   8.11543066483e-15
7264.0   8.05004296685e-15
7280.0   7.9854726151e-15
7296.0   7.92171960958e-15
7312.0   7.85796660405e-15
7328.0   7.79503094475e-15
7344.0   7.73291263168e-15
7360.0   7.67161166483e-15
7376.0   7.6111280442e-15
7392.0   7.55064442357e-15
7408.0   7.49097814917e-15
7424.0   7.43131187477e-15
7440.0   7.37246294659e-15
7456.0   7.31443136464e-15
7472.0   7.25721712891e-15
7488.0   7.20000289319e-15
7504.0   7.14442334991e-15
7520.0   7.08802646041e-15
7536.0   7.03326426335e-15
7552.0   6.9785020663e-15
7568.0   6.92455721547e-15
7584.0   6.87061236464e-15
7600.0   6.81748486004e-15
7616.0   6.76517470166e-15
7632.0   6.71286454328e-15
7648.0   6.66137173112e-15
7664.0   6.60987891897e-15
7680.0   6.55920345304e-15
7696.0   6.50934533333e-15
7712.0   6.45948721363e-15
7728.0   6.41044644015e-15
7744.0   6.36140566667e-15
7760.0   6.31318223941e-15
7776.0   6.26577615838e-15
7792.0   6.21837007735e-15
7808.0   6.17178134254e-15
7824.0   6.12519260773e-15
7840.0   6.07942121915e-15
7856.0   6.03364983057e-15
7872.0   5.98869578821e-15
7888.0   5.94374174586e-15
7904.0   5.89960504972e-15
7920.0   5.85546835359e-15
7936.0   5.81214900368e-15
7952.0   5.76882965378e-15
7968.0   5.72632765009e-15
7984.0   5.68382564641e-15
8000.0   5.64214098895e-15
8016.0   5.60045633149e-15
8032.0   5.55958902026e-15
8048.0   5.51872170902e-15
8064.0   5.47867174401e-15
8080.0   5.43862177901e-15
8096.0   5.39938916022e-15
8112.0   5.36015654144e-15
8128.0   5.32092392265e-15
8144.0   5.28250865009e-15
8160.0   5.24409337753e-15
8176.0   5.2064954512e-15
8177.0   5.20240872007e-15
8192.0   5.16889752486e-15
8206.0   5.13538632965e-15
8221.0   5.10187513444e-15
8235.0   5.06836393923e-15
8250.0   5.03485274401e-15
8264.0   5.0013415488e-15
8279.0   4.96864769982e-15
8293.0   4.93677119705e-15
8308.0   4.90407734807e-15
8322.0   4.8722008453e-15
8337.0   4.84032434254e-15
8351.0   4.809265186e-15
8366.0   4.77820602947e-15
8380.0   4.74714687293e-15
8395.0   4.71690506262e-15
8402.0   4.70055813812e-15
8409.0   4.6866632523e-15
8416.0   4.67276836648e-15
8417.0   4.66949898158e-15
8429.0   4.64579594107e-15
8440.0   4.62209290055e-15
8452.0   4.59920720626e-15
8457.0   4.58858170534e-15
8463.0   4.57550416575e-15
8470.0   4.56242662615e-15
8483.0   4.53627154696e-15
8486.0   4.52891543094e-15
8496.0   4.51011646777e-15
8505.0   4.49213485083e-15
8523.0   4.45535427072e-15
8536.0   4.43083388398e-15
8542.0   4.41939103683e-15
8548.0   4.40794818969e-15
8560.0   4.3850624954e-15
8571.0   4.3621768011e-15
8583.0   4.34010845304e-15
8589.0   4.32866560589e-15
8595.0   4.31722275875e-15
8601.0   4.30659725783e-15
8612.0   4.28452890976e-15
8624.0   4.26327790792e-15
8636.0   4.24202690608e-15
8647.0   4.22077590424e-15
8651.0   4.21423713444e-15
8659.0   4.19870755617e-15
8667.0   4.18399532413e-15
8684.0   4.15538820626e-15
8700.0   4.1267810884e-15
8717.0   4.09735662431e-15
8733.0   4.067114814e-15
8747.0   4.04341177348e-15
8750.0   4.03769034991e-15
8753.0   4.03196892634e-15
8759.0   4.02216077164e-15
8772.0   4.00172711602e-15
8784.0   3.98211080663e-15
8797.0   3.96167715101e-15
8809.0   3.9412434954e-15
8822.0   3.91999249355e-15
8834.0   3.89874149171e-15
8847.0   3.87667314365e-15
8853.0   3.86604764273e-15
8859.0   3.8554221418e-15
8865.0   3.84561398711e-15
8877.0   3.82844971639e-15
8890.0   3.8121027919e-15
8902.0   3.7957558674e-15
8914.0   3.77777425046e-15
8926.0   3.75979263352e-15
8939.0   3.73772428545e-15
8951.0   3.71729062983e-15
8963.0   3.69767432044e-15
8976.0   3.67560597238e-15
8988.0   3.65353762431e-15
9000.0   3.62983458379e-15
9007.0   3.61593969797e-15
9012.0   3.60613154328e-15
9017.0   3.59714073481e-15
9028.0   3.58814992634e-15
9038.0   3.57997646409e-15
9048.0   3.57180300184e-15
9058.0   3.56281219337e-15
9069.0   3.55218669245e-15
9079.0   3.5407438453e-15
9089.0   3.52930099816e-15
9099.0   3.51622345856e-15
9110.0   3.50314591897e-15
9120.0   3.48843368692e-15
9130.0   3.47372145488e-15
9140.0   3.45737453039e-15
9151.0   3.44102760589e-15
9161.0   3.42222864273e-15
9171.0   3.40342967956e-15
9181.0   3.38299602394e-15
9192.0   3.36092767587e-15
9202.0   3.33722463536e-15
9212.0   3.31188690239e-15
9213.0   3.31025220994e-15
9222.0   3.28654916943e-15
9227.0   3.27592366851e-15
9232.0   3.26693286004e-15
9236.0   3.26529816759e-15
9241.0   3.26529816759e-15
9246.0   3.26611551381e-15
9250.0   3.26366347514e-15
9259.0   3.26284612891e-15
9269.0   3.26202878269e-15
9287.0   3.25794205157e-15
9306.0   3.24895124309e-15
9325.0   3.23669104972e-15
9343.0   3.21952677901e-15
9362.0   3.20072781584e-15
9381.0   3.17784212155e-15
9399.0   3.15250438858e-15
9418.0   3.12553196317e-15
9436.0   3.09447280663e-15
9455.0   3.05769222652e-15
9474.0   3.01764226151e-15
9492.0   2.96941883425e-15
9511.0   2.91302194475e-15
9530.0   2.84763424678e-15
9548.0   2.77489043278e-15
9549.0   2.77243839411e-15
9550.0   2.77570777901e-15
9553.0   2.77979451013e-15
9558.0   2.78960266483e-15
9568.0   2.80921897422e-15
9578.0   2.82556589871e-15
9588.0   2.83864343831e-15
9599.0   2.848451593e-15
9609.0   2.85580770902e-15
9619.0   2.85989444015e-15
9629.0   2.86316382505e-15
9639.0   2.86316382505e-15
9649.0   2.86234647882e-15
9659.0   2.85989444015e-15
9669.0   2.85662505525e-15
9680.0   2.8517209779e-15
9690.0   2.8451822081e-15
9700.0   2.83946078453e-15
9710.0   2.83292201473e-15
9720.0   2.82474855249e-15
9730.0   2.81739243646e-15
9740.0   2.80840162799e-15
9750.0   2.79941081952e-15
9761.0   2.79042001105e-15
9771.0   2.78061185635e-15
9781.0   2.77080370166e-15
9791.0   2.76017820074e-15
9801.0   2.74955269982e-15
9811.0   2.7389271989e-15
9821.0   2.72748435175e-15
9831.0   2.71522415838e-15
9842.0   2.70378131123e-15
9852.0   2.69560784899e-15
9862.0   2.68416500184e-15
9872.0   2.67027011602e-15
9882.0   2.65555788398e-15
9892.0   2.64002830571e-15
9902.0   2.62286403499e-15
9912.0   2.60569976427e-15
9923.0   2.58771814733e-15
9933.0   2.56891918416e-15
9943.0   2.54766818232e-15
9953.0   2.52478248803e-15
9963.0   2.49944475506e-15
9973.0   2.47328967587e-15
9983.0   2.44386521179e-15
9987.0   2.43242236464e-15
9993.0   2.4111713628e-15
10000.0   2.38910301473e-15
10010.0   2.33761020258e-15
10030.0   2.27957862063e-15
10040.0   2.2125562302e-15
10050.0   2.1561593407e-15
10060.0   2.15534199448e-15
10070.0   2.2092868453e-15
10080.0   2.23707661694e-15
10090.0   2.26077965746e-15
10100.0   2.29837758379e-15
10110.0   2.31145512339e-15
10120.0   2.32371531676e-15
10130.0   2.34087958748e-15
10150.0   2.3515050884e-15
10170.0   2.3580438582e-15
10180.0   2.35886120442e-15
10200.0   2.35640916575e-15
10230.0   2.34741835727e-15
10260.0   2.33107143278e-15
10290.0   2.31145512339e-15
10360.0   2.26731842726e-15
10420.0   2.21991234622e-15
10490.0   2.1659674954e-15
10550.0   2.11610937569e-15
10610.0   2.06706860221e-15
10680.0   2.01312375138e-15
10710.0   1.98451663352e-15
10740.0   1.95264013076e-15
10770.0   1.91749424309e-15
10790.0   1.8978779337e-15
10810.0   1.87580958564e-15
10820.0   1.85210654512e-15
10840.0   1.82431677348e-15
10850.0   1.79244027072e-15
10870.0   1.75647703683e-15
10890.0   1.71315768692e-15
10900.0   1.66329956722e-15
10910.0   1.63387510313e-15
10920.0   1.60118125414e-15
10930.0   1.56276598158e-15
10940.0   1.50064766851e-15
10950.0   1.49492624494e-15
10960.0   1.54723640331e-15
10970.0   1.58892106077e-15
10980.0   1.61180675506e-15
10990.0   1.6461352965e-15
11000.0   1.65839548987e-15
11010.0   1.66983833702e-15
11020.0   1.68781995396e-15
11040.0   1.70008014733e-15
11060.0   1.70825360958e-15
11070.0   1.7123403407e-15
11090.0   1.71315768692e-15
11120.0   1.70988830203e-15
11150.0   1.70171483978e-15
11180.0   1.68945464641e-15
11250.0   1.66084752855e-15
11310.0   1.62897102578e-15
11380.0   1.5962771768e-15
11440.0   1.56440067403e-15
11500.0   1.53415886372e-15
11570.0   1.50228236096e-15
11630.0   1.4704058582e-15
11700.0   1.44016404788e-15
11760.0   1.41073958379e-15
11820.0   1.38213246593e-15
11890.0   1.35352534807e-15
11950.0   1.32655292265e-15
12020.0   1.29958049724e-15
12080.0   1.2717907256e-15
12140.0   1.24645299263e-15
12210.0   1.22111525967e-15
12270.0   1.1957775267e-15
12340.0   1.17207448619e-15
12400.0   1.14755409945e-15
12460.0   1.12303371271e-15
12530.0   1.09769597974e-15
12560.0   1.08380109392e-15
12590.0   1.0699062081e-15
12620.0   1.05355928361e-15
12660.0   1.03557766667e-15
12670.0   1.02576951197e-15
12690.0   1.01432666483e-15
12700.0   1.00124912523e-15
12720.0   9.87354239411e-16
12740.0   9.71007314917e-16
12750.0   9.5220835175e-16
12760.0   9.40765504604e-16
12770.0   9.29322657459e-16
12780.0   9.16245117864e-16
12790.0   8.85185961326e-16
12800.0   8.76195152855e-16
12810.0   8.38597226519e-16
12820.0   7.96503895948e-16
12830.0   7.83998498711e-16
12840.0   8.34510495396e-16
12850.0   8.64752305709e-16
12860.0   8.84368615101e-16
12870.0   8.94176769797e-16
12880.0   9.02350232044e-16
12890.0   9.15427771639e-16
12910.0   9.25235926335e-16
12920.0   9.31774696133e-16
12940.0   9.36678773481e-16
12960.0   9.39130812155e-16
12970.0   9.40765504604e-16
12990.0   9.40765504604e-16
13020.0   9.39130812155e-16
13050.0   9.34226734807e-16
13080.0   9.29322657459e-16
13150.0   9.15427771639e-16
13210.0   9.00715539595e-16
13280.0   8.86003307551e-16
13340.0   8.70473729282e-16
13400.0   8.54944151013e-16
13470.0   8.39414572744e-16
13530.0   8.247023407e-16
13600.0   8.09990108656e-16
13660.0   7.96013488214e-16
13720.0   7.82036867772e-16
13790.0   7.69368001289e-16
13850.0   7.57026073297e-16
13920.0   7.44847614549e-16
13980.0   7.32914359669e-16
14040.0   7.21226308656e-16
14110.0   7.0978346151e-16
14170.0   6.98585818232e-16
14240.0   6.87633378821e-16
14300.0   6.76844408656e-16
14360.0   6.66300642357e-16
14430.0   6.55920345304e-16
14490.0   6.45703517495e-16
14560.0   6.35731893554e-16
14620.0   6.26005473481e-16
14680.0   6.15625176427e-16
14750.0   6.05326613996e-16
14810.0   5.95273255433e-16
14880.0   5.85465100737e-16
14940.0   5.75820415285e-16
15000.0   5.66339199079e-16
15050.0   5.59963898527e-16
15070.0   5.57021452118e-16
15090.0   5.54242474954e-16
15120.0   5.49992274586e-16
15130.0   5.48521051381e-16
15140.0   5.47049828177e-16
15160.0   5.4418911639e-16
15200.0   5.38958100552e-16
15260.0   5.29558618969e-16
15320.0   5.22120768324e-16
15330.0   5.20486075875e-16
15350.0   5.18769648803e-16
15370.0   5.15500263904e-16
15400.0   5.11822205893e-16
15410.0   5.10105778821e-16
15420.0   5.09043228729e-16
15440.0   5.06264251565e-16
15490.0   5.0078803186e-16
15560.0   4.91552019521e-16
15630.0   4.8256121105e-16
15710.0   4.74224279558e-16
15780.0   4.66050817311e-16
15810.0   4.62536228545e-16
15850.0   4.58122558932e-16
15890.0   4.53708889319e-16
15960.0   4.45045019337e-16
15970.0   4.44227673112e-16
16040.0   4.36626353223e-16
16110.0   4.29106767956e-16
16190.0   4.21832386556e-16
16260.0   4.14639739779e-16
16330.0   4.07365358379e-16
16390.0   4.00908323204e-16
16400.0   3.99355365378e-16
16410.0   3.97965876796e-16
16440.0   3.96167715101e-16
16460.0   3.94287818785e-16
16510.0   3.90119353039e-16
16610.0   3.81046809945e-16
16660.0   3.76551405709e-16
16710.0   3.71729062983e-16
16760.0   3.66416312523e-16
16810.0   3.60122746593e-16
16820.0   3.59141931123e-16
16830.0   3.58896727256e-16
16850.0   3.58161115654e-16
16900.0   3.55545607735e-16
16940.0   3.52194488214e-16
16990.0   3.48598164825e-16
17080.0   3.41242048803e-16
17170.0   3.33804198158e-16
17270.0   3.26202878269e-16
17350.0   3.19255435359e-16
17360.0   3.18601558379e-16
17370.0   3.179476814e-16
17380.0   3.1663992744e-16
17420.0   3.14596561878e-16
17450.0   3.12553196317e-16
17520.0   3.08384730571e-16
17590.0   3.04134530203e-16
17650.0   2.99802595212e-16
17720.0   2.95470660221e-16
17790.0   2.90975255985e-16
17850.0   2.8647985175e-16
17920.0   2.81902712891e-16
17990.0   2.76916900921e-16
18050.0   2.7193108895e-16
18060.0   2.71195477348e-16
18120.0   2.6661833849e-16
18150.0   2.64248034438e-16
18160.0   2.63103749724e-16
18180.0   2.61959465009e-16
18190.0   2.61469057274e-16
18210.0   2.6097864954e-16
18220.0   2.60488241805e-16
18240.0   2.5999783407e-16
18250.0   2.59507426335e-16
18280.0   2.58363141621e-16
18340.0   2.55829368324e-16
18400.0   2.52886921915e-16
18450.0   2.49535802394e-16
18510.0   2.45776009761e-16
18540.0   2.43487440331e-16
18570.0   2.40953667035e-16
18600.0   2.38011220626e-16
18630.0   2.3449663186e-16
18660.0   2.30082962247e-16
18670.0   2.27467454328e-16
18680.0   2.24525007919e-16
18700.0   2.21010419153e-16
18710.0   2.18967053591e-16
18720.0   2.14144710866e-16
18730.0   2.10957060589e-16
18740.0   2.06952064088e-16
18750.0   1.97797786372e-16
18760.0   1.78671884715e-16
18770.0   1.97143909392e-16
18780.0   2.04826963904e-16
18790.0   2.09485837385e-16
18800.0   2.13327364641e-16
18810.0   2.16024607182e-16
18830.0   2.18067972744e-16
18840.0   2.19620930571e-16
18850.0   2.20765215285e-16
18870.0   2.2158256151e-16
18880.0   2.2223643849e-16
18910.0   2.22972050092e-16
18930.0   2.23135519337e-16
18960.0   2.2289031547e-16
19010.0   2.21746030755e-16
19070.0   2.19866134438e-16
19120.0   2.17577565009e-16
19170.0   2.1496205709e-16
19230.0   2.12183079926e-16
19280.0   2.09077164273e-16
19330.0   2.05644310129e-16
19390.0   2.01802782873e-16
19430.0   1.98451663352e-16
19440.0   1.97797786372e-16
19450.0   1.97307378637e-16
19460.0   1.96980440147e-16
19480.0   1.96898705525e-16
19500.0   1.96980440147e-16
19540.0   1.96898705525e-16
19610.0   1.95917890055e-16
19690.0   1.94283197606e-16
19760.0   1.92239832044e-16
19840.0   1.89951262615e-16
19910.0   1.87499223941e-16
19990.0   1.85047185267e-16
20060.0   1.82513411971e-16
20140.0   1.79979638674e-16
20210.0   1.77364130755e-16
20290.0   1.75075561326e-16
20360.0   1.72541788029e-16
20440.0   1.70089749355e-16
20510.0   1.67637710681e-16
20590.0   1.65185672007e-16
20660.0   1.62815367956e-16
20740.0   1.60526798527e-16
20810.0   1.58156494475e-16
20890.0   1.55949659669e-16
20960.0   1.53661090239e-16
21040.0   1.5137252081e-16
21110.0   1.49083951381e-16
21190.0   1.46795381952e-16
21270.0   1.44425077901e-16
21340.0   1.41973039227e-16
21420.0   1.39194062063e-16
21450.0   1.37641104236e-16
21490.0   1.35924677164e-16
21530.0   1.3412651547e-16
21570.0   1.31919680663e-16
21590.0   1.30693661326e-16
21600.0   1.29385907366e-16
21620.0   1.27996418785e-16
21630.0   1.27015603315e-16
21640.0   1.26034787845e-16
21650.0   1.25380910866e-16
21660.0   1.23909687661e-16
21670.0   1.23501014549e-16
21680.0   1.24972237753e-16
21690.0   1.2554438011e-16
21700.0   1.26034787845e-16
21710.0   1.26443460958e-16
21730.0   1.27097337937e-16
21750.0   1.27424276427e-16
21770.0   1.27751214917e-16
21810.0   1.27996418785e-16
21850.0   1.27914684162e-16
21890.0   1.27669480295e-16
21970.0   1.26770399448e-16
22050.0   1.2554438011e-16
22130.0   1.24154891529e-16
22210.0   1.22765402947e-16
22290.0   1.2121244512e-16
22370.0   1.19741221915e-16
22450.0   1.18188264088e-16
22530.0   1.16635306262e-16
22610.0   1.15164083057e-16
22690.0   1.13692859853e-16
22770.0   1.12221636648e-16
22850.0   1.10750413444e-16
22930.0   1.09279190239e-16
23010.0   1.07807967035e-16
23090.0   1.06336743831e-16
23170.0   1.04947255249e-16
23250.0   1.03557766667e-16
23330.0   1.02168278085e-16
23410.0   1.00778789503e-16
23490.0   9.94710355433e-17
23570.0   9.80815469613e-17
23660.0   9.68555276243e-17
23740.0   9.55477736648e-17
23820.0   9.43217543278e-17
23900.0   9.30140003683e-17
23980.0   9.18697156538e-17
24060.0   9.06436963168e-17
24140.0   8.94176769797e-17
24220.0   8.82733922652e-17
24300.0   8.71291075506e-17
24380.0   8.60665574586e-17
24460.0   8.4922272744e-17
24540.0   8.38597226519e-17
24620.0   8.27971725599e-17
24700.0   8.17346224678e-17
24780.0   8.0647551989e-17
24860.0   7.96095222836e-17
24940.0   7.8596012965e-17
25020.0   7.75988505709e-17
25100.0   7.66180351013e-17
25180.0   7.56372196317e-17
25260.0   7.46809245488e-17
25340.0   7.37246294659e-17
25420.0   7.27765078453e-17
25500.0   7.18365596869e-17
25580.0   7.08884380663e-17
25660.0   6.99239695212e-17
25740.0   6.89349805893e-17
25820.0   6.79051243462e-17
25900.0   6.67771865562e-17
25980.0   6.55102999079e-17
26020.0   6.47992086924e-17
26060.0   6.39818624678e-17
26100.0   6.30419143094e-17
26140.0   6.19139765193e-17
26160.0   6.12682730018e-17
26180.0   6.04917940884e-17
26190.0   6.03038044567e-17
26200.0   5.95681928545e-17
26210.0   5.94537643831e-17
26220.0   5.84075612155e-17
26230.0   5.78190719337e-17
26240.0   5.74757865193e-17
26250.0   5.68546033886e-17
26260.0   5.70262460958e-17
26270.0   5.65767056722e-17
26280.0   5.71161541805e-17
26290.0   5.75411742173e-17
26310.0   5.82767858195e-17
26320.0   5.88325812523e-17
26340.0   5.92249074401e-17
26350.0   5.95600193923e-17
26390.0   5.99850394291e-17
26420.0   6.0246590221e-17
26450.0   6.03937125414e-17
26480.0   6.04427533149e-17
26510.0   6.04345798527e-17
26580.0   6.02547636832e-17
26640.0   5.99605190424e-17
26710.0   5.9584539779e-17
26770.0   5.91513462799e-17
26830.0   5.86936323941e-17
26900.0   5.82113981215e-17
26960.0   5.77209903867e-17
27030.0   5.72142357274e-17
27090.0   5.67156545304e-17
27150.0   5.62088998711e-17
27220.0   5.5710318674e-17
27280.0   5.5211737477e-17
27350.0   5.47131562799e-17
27410.0   5.42227485451e-17
27470.0   5.37323408103e-17
27540.0   5.32501065378e-17
27600.0   5.27678722652e-17
27670.0   5.22938114549e-17
27730.0   5.18279241068e-17
27790.0   5.13865571455e-17
27860.0   5.09206697974e-17
27920.0   5.04629559116e-17
27990.0   5.0013415488e-17
28050.0   4.95638750645e-17
28110.0   4.91225081031e-17
28180.0   4.86811411418e-17
28240.0   4.82479476427e-17
28310.0   4.78229276059e-17
28370.0   4.73979075691e-17
28430.0   4.69810609945e-17
28500.0   4.65642144199e-17
28560.0   4.61555413076e-17
28630.0   4.57550416575e-17
28690.0   4.53545420074e-17
28750.0   4.49540423573e-17
28820.0   4.45617161694e-17
28880.0   4.41775634438e-17
28950.0   4.37934107182e-17
29010.0   4.34092579926e-17
29070.0   4.30414521915e-17
29140.0   4.26654729282e-17
29200.0   4.22976671271e-17
29270.0   4.19380347882e-17
29330.0   4.15784024494e-17
29390.0   4.12187701105e-17
29460.0   4.08673112339e-17
29520.0   4.05240258195e-17
29590.0   4.01807404052e-17
29650.0   3.98374549908e-17
29710.0   3.95023430387e-17
29780.0   3.91672310866e-17
29840.0   3.88402925967e-17
29910.0   3.85133541068e-17
29970.0   3.81864156169e-17
