900.0   1.50888709496e-16
900.1   1.50951849452e-16
900.2   1.51030774396e-16
900.3   1.51141269319e-16
900.4   1.51220194264e-16
900.5   1.51330689187e-16
900.6   1.51441184109e-16
900.7   1.51520109054e-16
900.8   1.51630603977e-16
900.9   1.51709528922e-16
901.0   1.51820023845e-16
901.1   1.51898948789e-16
901.2   1.52009443712e-16
901.3   1.52119938635e-16
901.4   1.5219886358e-16
901.5   1.52309358502e-16
901.6   1.52388283447e-16
901.7   1.5249877837e-16
901.8   1.52577703315e-16
901.9   1.52688198237e-16
902.0   1.52767123182e-16
902.1   1.52877618105e-16
902.2   1.52988113028e-16
902.3   1.53067037973e-16
902.4   1.53177532895e-16
902.5   1.5325645784e-16
902.6   1.53366952763e-16
902.7   1.53445877708e-16
902.8   1.53572157619e-16
902.9   1.53635297575e-16
903.0   1.53761577487e-16
903.1   1.5387207241e-16
903.2   1.53950997354e-16
903.3   1.54061492277e-16
903.4   1.54140417222e-16
903.5   1.54250912145e-16
903.6   1.5432983709e-16
903.7   1.54440332012e-16
903.8   1.54519256957e-16
903.9   1.5462975188e-16
904.0   1.54740246803e-16
904.1   1.54819171747e-16
904.2   1.5492966667e-16
904.3   1.55008591615e-16
904.4   1.55119086538e-16
904.5   1.55198011483e-16
904.6   1.55308506405e-16
904.7   1.55434786317e-16
904.8   1.55513711262e-16
904.9   1.55624206185e-16
905.0   1.55703131129e-16
905.1   1.55813626052e-16
905.2   1.55971475942e-16
905.5   1.56271390732e-16
906.2   1.56887005302e-16
907.4   1.58165589408e-16
908.0   1.58796988966e-16
909.0   1.59586238414e-16
909.9   1.60533337752e-16
910.4   1.61164737311e-16
910.9   1.61796136869e-16
911.1   1.62111836648e-16
911.3   1.62427536428e-16
911.5   1.62585386317e-16
911.6   1.62743236207e-16
911.7   1.62901086096e-16
911.8   1.62901086096e-16
911.9   1.63374635765e-16
912.0   1.63532485655e-16
912.3   1.63690335545e-16
912.8   1.64163885213e-16
913.0   1.64479584993e-16
913.2   1.64795284772e-16
913.5   1.6542668433e-16
913.7   1.66215933779e-16
913.9   1.67478732896e-16
914.2   1.69215081682e-16
914.4   1.71582830026e-16
914.6   1.74581977929e-16
914.9   1.7821252539e-16
915.1   1.826323223e-16
915.4   1.87683518768e-16
915.6   1.93523964684e-16
915.8   1.99837960269e-16
916.1   2.06783355413e-16
916.3   2.14360150115e-16
916.5   2.22252644597e-16
916.8   2.30618688747e-16
917.0   2.39458282566e-16
917.5   2.57611019873e-16
917.7   2.66766313472e-16
918.0   2.75605907291e-16
918.1   2.79710004421e-16
918.2   2.83498401772e-16
918.3   2.86655399565e-16
918.4   2.87760348792e-16
918.5   2.8870744813e-16
918.6   2.86655399565e-16
918.7   2.84129801331e-16
918.8   2.76395156739e-16
918.9   2.57453169984e-16
919.0   2.34091386319e-16
919.1   2.0804615453e-16
919.2   1.6574238411e-16
919.3   1.30462933778e-16
919.4   1.04007292276e-16
919.5   1.33904061372e-16
919.6   1.74581977929e-16
919.7   2.11676701992e-16
919.8   2.45298728482e-16
919.9   2.74658807953e-16
920.0   2.96442092722e-16
920.1   3.09385783672e-16
920.2   3.13489880802e-16
920.3   3.0985933334e-16
920.4   2.96599942612e-16
920.5   2.74816657843e-16
920.6   2.46719377489e-16
920.7   2.12623801329e-16
920.8   1.74897677708e-16
920.9   1.33035886979e-16
921.0   9.64304975739e-17
921.1   1.27874195588e-16
921.2   1.70951430467e-16
921.3   2.10256052985e-16
921.4   2.47192927158e-16
921.5   2.81130653428e-16
921.6   3.12700631354e-16
921.7   3.39219412811e-16
921.8   3.59108498904e-16
921.9   3.74262088309e-16
922.0   3.82628132459e-16
922.1   3.85153730693e-16
922.2   3.81996732901e-16
922.3   3.72525739523e-16
922.4   3.55951501112e-16
922.5   3.35115315681e-16
922.6   3.07965134665e-16
922.7   2.76868706408e-16
922.8   2.43088830028e-16
922.9   2.05204856517e-16
923.0   1.64321735103e-16
923.1   1.18482127155e-16
923.2   1.00850294484e-16
923.3   1.4807898146e-16
923.4   1.7000433113e-16
923.5   2.11203152323e-16
923.6   2.68344812368e-16
923.7   3.02913938197e-16
923.8   3.19961726277e-16
923.9   3.5247880354e-16
924.0   3.80891783673e-16
924.1   4.2035425608e-16
924.2   4.41190441511e-16
924.3   4.58396079481e-16
924.4   4.65499324514e-16
924.5   4.76706666678e-16
924.6   4.86335509945e-16
924.7   4.885454084e-16
924.8   4.8822970862e-16
924.9   4.84599161159e-16
925.0   4.76864516567e-16
925.1   4.57448980143e-16
925.2   4.39296242836e-16
925.3   4.16723708619e-16
925.4   3.90994176609e-16
925.5   3.63054746145e-16
925.6   3.32431867557e-16
925.7   2.98809841066e-16
925.8   2.63767165569e-16
925.9   2.2493609272e-16
926.0   1.82158772631e-16
926.1   1.36634864462e-16
926.2   9.88613858742e-17
926.3   9.71408220773e-17
926.4   1.47794851659e-16
926.5   1.93208264905e-16
926.6   2.35512035325e-16
926.7   2.74343108174e-16
926.8   3.1017503312e-16
926.9   3.45217708617e-16
927.0   3.7789263577e-16
927.1   4.09778313475e-16
927.2   4.40716891842e-16
927.3   4.69761271534e-16
927.4   4.9706930244e-16
927.5   5.2216743489e-16
927.6   5.45529218555e-16
927.7   5.66681103766e-16
927.8   5.84991690963e-16
927.9   6.01408079484e-16
928.0   6.15456719661e-16
928.1   6.27453311273e-16
928.2   6.3708215454e-16
928.3   6.44185399573e-16
928.4   6.49078746152e-16
928.5   6.51920044165e-16
928.6   6.52551443723e-16
928.7   6.50972944827e-16
928.8   6.46710997807e-16
928.9   6.38187103767e-16
929.0   6.26664061824e-16
929.1   6.11984022089e-16
929.2   5.94936234009e-16
929.3   5.74573598247e-16
929.4   5.5215891392e-16
929.5   5.27060781469e-16
929.6   5.02436198687e-16
929.7   4.77022366457e-16
929.8   4.5034573511e-16
929.9   4.21617055197e-16
930.0   3.9083632672e-16
930.1   3.59266348794e-16
930.2   3.25328622524e-16
930.3   2.89812397358e-16
930.4   2.51612724068e-16
930.5   2.09151103758e-16
930.6   1.62111836648e-16
930.7   1.07953539517e-16
930.8   9.51045585011e-17
930.9   1.50762429584e-16
931.0   1.99206560711e-16
931.1   2.43246679917e-16
931.2   2.83024852104e-16
931.3   3.19803876387e-16
931.4   3.55320101553e-16
931.5   3.88626428265e-16
931.6   4.21143505528e-16
931.7   4.52713483454e-16
931.8   4.82704962483e-16
931.9   5.12065041954e-16
932.0   5.42530070653e-16
932.1   5.7315294924e-16
932.2   6.04565077276e-16
932.3   6.35503655644e-16
932.4   6.65337284783e-16
932.5   6.94697364254e-16
932.6   7.23583894056e-16
932.7   7.5152332452e-16
932.8   7.76463607082e-16
932.9   7.99825390747e-16
933.0   8.22082225184e-16
933.1   8.43391960284e-16
933.2   8.63281046377e-16
933.3   8.82223033133e-16
933.4   8.99744370881e-16
933.5   9.15055810175e-16
933.6   9.27841651235e-16
933.7   9.39206843289e-16
933.8   9.49309236225e-16
933.9   9.57990980154e-16
934.0   9.65252075077e-16
934.1   9.70934671104e-16
934.2   9.74723068455e-16
934.3   9.76459417241e-16
934.4   9.76459417241e-16
934.5   9.74091668896e-16
934.6   9.69671871987e-16
934.7   9.62726476843e-16
934.8   9.52781933797e-16
934.9   9.40311792516e-16
935.0   9.25473902891e-16
935.1   9.08268264921e-16
935.2   8.90746927173e-16
935.3   8.71331390748e-16
935.4   8.50021655648e-16
935.5   8.26975571763e-16
935.6   8.0266668876e-16
935.7   7.76779306861e-16
935.8   7.49471275955e-16
935.9   7.23741743946e-16
936.0   6.98327911716e-16
936.2   6.46553147918e-16
936.4   5.93673434892e-16
936.5   5.66523253876e-16
936.6   5.38583823412e-16
936.7   5.09855143499e-16
936.8   4.80179364249e-16
936.9   4.49714335551e-16
937.0   4.18302207515e-16
937.1   3.86100830031e-16
937.2   3.52163103761e-16
937.3   3.15857629146e-16
937.4   2.77184406187e-16
937.5   2.34564935988e-16
937.6   1.8689426932e-16
937.7   1.31110118325e-16
937.8   9.48519986777e-17
937.9   9.49151386335e-17
938.0   1.57313200004e-16
938.1   2.09308953647e-16
938.2   2.5492757175e-16
938.3   2.96126392943e-16
938.4   3.34326066233e-16
938.5   3.70315841068e-16
938.6   4.04253567338e-16
938.7   4.36928494491e-16
938.8   4.69129871975e-16
938.9   5.00542000011e-16
939.0   5.31322728489e-16
939.2   5.91305686548e-16
939.4   6.50657245048e-16
939.6   7.10955902886e-16
939.7   7.42210181032e-16
939.8   7.74569408406e-16
939.9   8.09454234014e-16
940.0   8.46233258297e-16
940.1   8.83012282581e-16
940.2   9.20738406202e-16
940.3   9.77880066247e-16
940.4   1.0167111391e-15
940.5   1.05664716117e-15
940.6   1.09958233115e-15
940.7   1.14330675058e-15
940.8   1.18750471967e-15
940.9   1.23138698899e-15
941.0   1.27495355853e-15
941.2   1.35987679915e-15
941.4   1.44385294043e-15
941.6   1.51993658723e-15
941.8   1.58954838856e-15
941.9   1.62427536428e-15
942.0   1.6574238411e-15
942.1   1.68741532013e-15
942.2   1.71424980136e-15
942.3   1.7410842826e-15
942.4   1.76634026494e-15
942.5   1.79159624728e-15
942.7   1.83737271527e-15
942.9   1.87999218547e-15
943.1   1.91629766009e-15
943.3   1.94628913912e-15
943.5   1.96996662256e-15
943.7   1.98733011042e-15
943.8   1.99364410601e-15
943.9   1.9968011038e-15
944.0   1.9968011038e-15
944.1   1.99364410601e-15
944.2   1.98890860932e-15
944.3   1.98101611484e-15
944.4   1.96996662256e-15
944.5   1.95733863139e-15
944.6   1.94155364243e-15
944.7   1.92261165567e-15
944.8   1.90051267112e-15
944.9   1.87525668878e-15
945.0   1.84684370865e-15
945.1   1.81527373073e-15
945.2   1.78054675501e-15
945.3   1.74424128039e-15
945.5   1.66689483448e-15
945.7   1.58639139076e-15
945.9   1.50257309937e-15
946.1   1.41607135986e-15
946.3   1.33051671968e-15
946.5   1.24448852983e-15
946.6   1.20155335985e-15
946.7   1.16114378811e-15
946.8   1.12152346581e-15
946.9   1.08237669318e-15
947.0   1.04417701989e-15
947.1   1.00818724506e-15
947.2   9.74407368676e-16
947.3   9.41101041964e-16
947.4   9.08426114811e-16
947.6   8.45917558518e-16
947.8   7.85145351011e-16
948.0   7.2610949229e-16
948.2   6.68020732907e-16
948.4   6.10247673303e-16
948.6   5.50738264913e-16
948.7   5.19957536436e-16
948.8   4.8838755851e-16
948.9   4.55870481247e-16
949.0   4.39138392946e-16
949.1   4.05358516566e-16
949.2   3.6968444151e-16
949.3   3.3116906844e-16
949.4   2.90128097137e-16
949.5   2.44825178814e-16
949.6   1.92892565126e-16
949.7   1.25695867111e-16
949.8   9.60832278168e-17
949.9   1.68583682123e-16
950.0   2.25567492279e-16
950.1   2.73238158947e-16
950.2   3.16489028705e-16
950.3   3.5658290067e-16
950.4   3.93993324512e-16
950.5   4.29193849899e-16
950.6   4.63289426059e-16
950.7   4.96437902881e-16
950.8   5.28797130255e-16
950.9   5.6052495807e-16
951.0   5.91621386327e-16
951.2   6.52393593834e-16
951.4   7.1332365123e-16
951.6   7.75516507744e-16
951.8   8.40077112602e-16
951.9   8.73541289203e-16
952.0   9.07794715252e-16
952.1   9.4299524064e-16
952.2   9.79774264923e-16
952.3   1.01781608832e-15
952.4   1.05696286095e-15
952.5   1.09958233115e-15
952.6   1.14567449892e-15
952.7   1.19334516559e-15
952.8   1.24306788082e-15
952.9   1.29531619429e-15
953.0   1.35119505522e-15
953.1   1.40991521416e-15
953.2   1.47037172189e-15
953.3   1.5325645784e-15
953.4   1.59744088304e-15
953.5   1.66689483448e-15
953.6   1.7395057837e-15
953.7   1.81527373073e-15
953.8   1.89419867554e-15
953.9   1.97470211925e-15
954.0   2.05836256075e-15
954.1   2.14991549674e-15
954.2   2.24304693162e-15
954.3   2.34091386319e-15
954.5   2.53822622522e-15
954.7   2.74343108174e-15
954.9   2.94547894046e-15
955.1   3.14752679919e-15
955.3   3.34799615902e-15
955.4   3.44902008838e-15
955.5   3.54688701995e-15
955.6   3.63843995593e-15
955.7   3.72683589412e-15
955.8   3.81049633563e-15
955.9   3.89415677713e-15
956.0   3.97623871974e-15
956.1   4.05832066234e-15
956.2   4.13882410605e-15
956.4   4.29667399568e-15
956.6   4.44505289193e-15
956.8   4.5855392937e-15
957.0   4.71971169989e-15
957.2   4.84914860938e-15
957.6   5.09381593831e-15
958.0   5.31796278158e-15
958.2   5.41898671094e-15
958.4   5.51527514361e-15
958.6   5.60367108181e-15
958.8   5.6889100222e-15
959.0   5.76467796923e-15
959.2   5.83413192066e-15
959.4   5.89727187651e-15
959.6   5.95094083899e-15
959.8   5.99829580588e-15
960.0   6.03617977939e-15
960.2   6.06617125842e-15
960.4   6.08827024296e-15
960.6   6.10089823413e-15
960.8   6.10563373082e-15
961.0   6.10089823413e-15
961.2   6.08827024296e-15
961.4   6.06617125842e-15
961.6   6.03460128049e-15
961.8   5.99356030919e-15
962.0   5.9446268434e-15
962.2   5.88622238424e-15
962.4   5.8199254306e-15
962.6   5.74257898468e-15
962.8   5.65891854318e-15
963.0   5.56578710829e-15
963.2   5.46476317893e-15
963.4   5.35584675509e-15
963.6   5.23903783676e-15
963.8   5.11591492285e-15
964.0   4.98647801336e-15
964.4   4.70866220761e-15
964.8   4.41348291401e-15
965.2   4.10251863144e-15
965.6   3.78366185439e-15
966.0   3.46322657845e-15
966.4   3.1443698014e-15
966.6   2.98967690956e-15
966.8   2.83498401772e-15
967.0   2.68502662258e-15
967.2   2.53980472412e-15
967.4   2.39773982345e-15
967.6   2.26198891837e-15
967.8   2.12939501109e-15
968.0   2.00311509938e-15
968.2   1.88314918327e-15
968.4   1.76949726273e-15
968.6   1.66058083889e-15
968.8   1.55671561151e-15
969.0   1.45916437972e-15
969.2   1.36713789407e-15
969.4   1.28016260489e-15
969.6   1.19823851217e-15
969.8   1.12073421636e-15
970.0   1.04749186757e-15
970.2   9.78037916137e-16
970.4   9.11740962493e-16
970.6   8.48127456973e-16
970.8   7.86566000018e-16
971.0   7.2610949229e-16
971.2   6.65810834452e-16
971.4   6.04722927166e-16
971.5   5.7331079913e-16
971.6   5.40793721867e-16
971.7   5.07013845486e-16
971.8   4.71655470209e-16
971.9   4.34245046368e-16
972.0   3.94466874181e-16
972.1   3.51689554092e-16
972.2   3.05123836652e-16
972.3   2.52875523185e-16
972.4   1.86105019872e-16
972.5   1.06264545698e-16
972.6   1.06311900665e-16
972.7   1.90682666671e-16
972.8   2.56821770425e-16
972.9   3.09227933782e-16
973.0   3.56109351001e-16
973.1   3.9920237087e-16
973.2   4.39611942615e-16
973.3   4.77653766015e-16
973.4   5.13643540851e-16
973.5   5.4805481679e-16
973.6   5.81361143501e-16
973.7   6.13720370875e-16
973.9   6.76860326726e-16
974.1   7.39368883019e-16
974.3   8.02193139091e-16
974.5   8.66595894059e-16
974.7   9.33682097152e-16
974.9   1.00360959826e-15
975.1   1.07779904638e-15
975.2   1.11663011923e-15
975.3   1.15656614131e-15
975.4   1.19792281239e-15
975.5   1.24054228259e-15
975.6   1.2845824018e-15
975.7   1.33035886979e-15
975.8   1.37724028701e-15
975.9   1.42648945257e-15
976.0   1.47668571747e-15
976.1   1.5295654305e-15
976.2   1.58323439297e-15
976.3   1.64006035324e-15
976.4   1.6984648124e-15
976.5   1.76002626936e-15
976.6   1.82158772631e-15
976.7   1.88630618106e-15
976.8   1.9541816336e-15
976.9   2.02363558504e-15
977.0   2.09624653426e-15
977.1   2.17201448129e-15
977.2   2.2493609272e-15
977.3   2.32828587202e-15
977.4   2.41194631352e-15
977.5   2.49718525392e-15
977.6   2.58715969101e-15
977.7   2.6771341281e-15
977.8   2.77342256077e-15
977.9   2.86971099344e-15
978.0   2.9723134217e-15
978.1   3.07491584996e-15
978.2   3.1838322738e-15
978.4   3.40797911708e-15
978.6   3.64475395152e-15
978.8   3.89573527603e-15
979.0   4.1609230906e-15
979.2   4.44189589414e-15
979.4   4.73549668885e-15
979.6   5.04488247252e-15
979.8   5.37005324516e-15
980.0   5.70785200896e-15
980.2   6.06301426062e-15
980.4   6.43238300235e-15
980.6   6.81595823415e-15
980.8   7.21689695381e-15
981.0   7.63204216353e-15
981.2   8.06139386332e-15
981.4   8.50653055207e-15
981.6   8.96587373089e-15
981.8   9.43942339977e-15
982.0   9.92717955873e-15
982.2   1.04307207066e-14
982.4   1.09500468435e-14
982.6   1.14788439738e-14
982.8   1.2023426093e-14
983.0   1.25774792056e-14
983.4   1.37250479032e-14
983.8   1.49168145699e-14
984.2   1.6148043709e-14
984.6   1.7410842826e-14
985.0   1.87209969099e-14
985.4   2.00469359828e-14
985.8   2.13886600446e-14
986.6   2.41352481242e-14
987.4   2.68502662258e-14
988.2   2.95652843274e-14
989.0   3.22329474621e-14
989.4   3.35115315681e-14
989.8   3.47743306851e-14
990.2   3.59739898463e-14
990.6   3.71420790295e-14
991.0   3.82628132459e-14
991.4   3.93835474623e-14
991.8   4.04569267117e-14
992.2   4.14829509943e-14
992.6   4.24300503321e-14
993.0   4.3298224725e-14
993.4   4.41032591622e-14
993.8   4.48609386324e-14
994.2   4.56186181026e-14
994.6   4.63131576169e-14
995.0   4.69445571755e-14
995.4   4.74654618112e-14
995.8   4.79547964691e-14
996.2   4.839677616e-14
996.6   4.87756158952e-14
997.0   4.90597456965e-14
997.4   4.9264950553e-14
997.8   4.94385854316e-14
998.2   4.95964353212e-14
998.6   4.9691145255e-14
999.0   4.96595752771e-14
999.4   4.95175103764e-14
999.8   4.94070154537e-14
1000.0   4.9280735542e-14
1001.0   4.91071006634e-14
1002.0   4.78127315684e-14
1003.0   4.68340622527e-14
1004.0   4.48293686544e-14
1005.0   4.23195554094e-14
1006.0   4.04095717448e-14
1007.0   3.83101682128e-14
1008.0   3.49163955858e-14
1009.0   3.12227081685e-14
1010.0   2.86813249455e-14
1011.0   2.60610167776e-14
1012.0   2.08677554089e-14
1013.0   1.96049562918e-14
1014.0   1.59428388525e-14
1015.0   1.36698004418e-14
1016.0   1.10700127596e-14
1017.0   8.77961086113e-15
1018.0   6.81595823415e-15
1019.0   5.19168286988e-15
1020.0   3.88310728486e-15
1021.0   2.86813249455e-15
1022.0   2.10571752764e-15
1023.0   1.54819171747e-15
1024.0   1.13509855632e-15
1025.0   7.81988353219e-16
1026.0   3.26275721862e-16
1027.0   6.60601788095e-16
1028.0   1.01386984108e-15
1029.0   1.42791010158e-15
1030.0   1.89893417223e-15
1031.0   2.44193779255e-15
1032.0   3.38430163363e-15
1033.0   4.58396079481e-15
1034.0   5.94304834451e-15
1035.0   7.36211885226e-15
1036.0   8.55230702006e-15
1037.0   1.10605417663e-14
1038.0   1.54992806626e-14
1039.0   2.01732158945e-14
1040.0   2.47824326716e-14
1041.0   2.84919050779e-14
1042.0   3.27538520979e-14
1043.0   3.50426754975e-14
1044.0   3.83417381907e-14
1045.0   4.05989916124e-14
1046.0   4.4166399118e-14
1047.0   4.65657174404e-14
1048.0   4.90123907296e-14
1049.0   5.05751046369e-14
1050.0   5.33690476833e-14
1051.0   5.45371368666e-14
1052.0   5.5215891392e-14
1053.0   5.54842362044e-14
1054.0   5.55789461381e-14
1055.0   5.57210110388e-14
1056.0   5.58472909505e-14
1057.0   5.54842362044e-14
1058.0   5.42845770432e-14
1059.0   5.3953092275e-14
1060.0   5.48370516569e-14
1061.0   5.61314207518e-14
1062.0   5.90989986768e-14
1063.0   6.17982317895e-14
1064.0   6.59970388536e-14
1065.0   6.81122273746e-14
1066.0   7.06220406197e-14
1067.0   7.16164949244e-14
1068.0   7.22636794718e-14
1069.0   7.22478944829e-14
1070.0   7.05431156749e-14
1071.0   6.9643371304e-14
1072.0   6.89961867565e-14
1073.0   6.84594971318e-14
1074.0   6.67547183238e-14
1075.0   6.55866291406e-14
1076.0   6.45763898469e-14
1077.0   6.40870551891e-14
1078.0   6.47658097145e-14
1079.0   6.61233187653e-14
1080.0   6.90277567345e-14
1081.0   7.11271602665e-14
1082.0   7.46787827832e-14
1083.0   7.59257969112e-14
1084.0   7.68255412821e-14
1085.0   7.74569408406e-14
1086.0   7.81199103771e-14
1087.0   7.82619752777e-14
1089.0   7.84040401784e-14
1090.0   7.83882551894e-14
1092.0   7.82777602667e-14
1093.0   7.80725554102e-14
1097.0   7.75832207523e-14
1100.0   7.69833911717e-14
1103.0   7.63204216353e-14
1106.0   7.56258821209e-14
1109.0   7.48997726286e-14
1113.0   7.41420931584e-14
1116.0   7.33686286992e-14
1119.0   7.25793792511e-14
1122.0   7.1790129803e-14
1125.0   7.10166653438e-14
1129.0   7.02274158956e-14
1132.0   6.94223814585e-14
1135.0   6.85542070656e-14
1138.0   6.76702476837e-14
1141.0   6.67389333349e-14
1145.0   6.57760490081e-14
1148.0   6.47658097145e-14
1151.0   6.3708215454e-14
1154.0   6.25716962487e-14
1157.0   6.13562520985e-14
1161.0   6.00145280367e-14
1164.0   5.85623090521e-14
1167.0   5.69995951448e-14
1169.0   5.61787757187e-14
1170.0   5.52948163368e-14
1172.0   5.43319320101e-14
1173.0   5.32743377496e-14
1175.0   5.21536035332e-14
1177.0   5.0969729361e-14
1178.0   4.97385002219e-14
1180.0   4.8412561149e-14
1181.0   4.69603421644e-14
1183.0   4.53660582792e-14
1185.0   4.36297094933e-14
1186.0   4.17512958067e-14
1188.0   3.97466022084e-14
1189.0   3.86890079479e-14
1190.0   3.64475395152e-14
1191.0   3.5247880354e-14
1192.0   3.40008662259e-14
1193.0   3.2706497131e-14
1194.0   2.99914790294e-14
1195.0   2.86024000007e-14
1196.0   2.7165966005e-14
1197.0   2.56979620315e-14
1198.0   2.26988141286e-14
1199.0   2.11676701992e-14
1201.0   1.81053823404e-14
1202.0   1.51109699341e-14
1203.0   1.36634864462e-14
1204.0   1.22633579252e-14
1205.0   1.09232123623e-14
1206.0   9.05584816798e-15
1207.0   7.91617196486e-15
1208.0   6.37871403988e-15
1209.0   5.48370516569e-15
1210.0   4.51292834447e-15
1211.0   3.69053041951e-15
1212.0   3.00704039742e-15
1213.0   2.44983028703e-15
1214.0   1.90209117002e-15
1215.0   1.48899800886e-15
1216.0   3.39535112591e-16
1217.0   1.07479989848e-15
1218.0   2.06783355413e-15
1219.0   2.42615280359e-15
1220.0   2.94390044157e-15
1221.0   3.57214300229e-15
1222.0   4.51924234006e-15
1223.0   5.20904635773e-15
1224.0   5.93357735113e-15
1225.0   6.98643611495e-15
1226.0   8.1955662695e-15
1227.0   9.5972732894e-15
1228.0   1.04228282122e-14
1229.0   1.16477433557e-14
1230.0   1.26153631791e-14
1231.0   1.41496641063e-14
1232.0   1.60691187642e-14
1233.0   1.87841368658e-14
1234.0   2.07256905082e-14
1235.0   2.35827735105e-14
1236.0   2.53822622522e-14
1237.0   2.78605055194e-14
1238.0   2.93442944819e-14
1239.0   3.20435275945e-14
1240.0   3.32747567336e-14
1241.0   3.44428459169e-14
1242.0   3.55162251664e-14
1243.0   3.74419938198e-14
1244.0   3.82943832238e-14
1245.0   3.9067847683e-14
1246.0   3.98097421643e-14
1247.0   4.11198962482e-14
1249.0   4.22406304645e-14
1250.0   4.31719448133e-14
1252.0   4.38980543056e-14
1254.0   4.45294538641e-14
1255.0   4.51134984558e-14
1257.0   4.56028331136e-14
1258.0   4.59816728487e-14
1260.0   4.62658026501e-14
1262.0   4.65183624735e-14
1265.0   4.69287721865e-14
1268.0   4.71655470209e-14
1271.0   4.72760419437e-14
1274.0   4.73391818995e-14
1278.0   4.73076119216e-14
1281.0   4.72286869768e-14
1284.0   4.71024070651e-14
1287.0   4.69445571755e-14
1291.0   4.67709222969e-14
1294.0   4.65499324514e-14
1297.0   4.63289426059e-14
1300.0   4.61079527604e-14
1305.0   4.57291130253e-14
1310.0   4.53029183233e-14
1315.0   4.48767236213e-14
1320.0   4.44031739524e-14
1330.0   4.34718596036e-14
1340.0   4.26036852107e-14
1350.0   4.17512958067e-14
1360.0   4.08199814579e-14
1370.0   3.97939571753e-14
1380.0   3.87837178817e-14
1385.0   3.82628132459e-14
1390.0   3.77734785881e-14
1395.0   3.73946388529e-14
1400.0   3.71105090516e-14
1405.0   3.68895192061e-14
1410.0   3.66527443717e-14
1420.0   3.60529147911e-14
1430.0   3.53583752767e-14
1440.0   3.46322657845e-14
1460.0   3.32116167778e-14
1480.0   3.1854107727e-14
1500.0   3.0575523621e-14
1520.0   2.93758644598e-14
1540.0   2.82235602655e-14
1560.0   2.71501810161e-14
1580.0   2.61241567335e-14
1600.0   2.51454874178e-14
1620.0   2.4214173069e-14
1640.0   2.33302136871e-14
1660.0   2.2493609272e-14
1680.0   2.17043598239e-14
1700.0   2.09466803537e-14
1720.0   2.02205708614e-14
1740.0   1.9541816336e-14
1760.0   1.88788467995e-14
1780.0   1.8247447241e-14
1800.0   1.76476176604e-14
1820.0   1.70793580578e-14
1840.0   1.65268834441e-14
1860.0   1.60059788083e-14
1880.0   1.55071731571e-14
1900.0   1.50257309937e-14
1920.0   1.4564809316e-14
1940.0   1.4122829625e-14
1960.0   1.36982134219e-14
1980.0   1.32909607067e-14
2000.0   1.29010714793e-14
2020.0   1.2525388742e-14
2040.0   1.21639124948e-14
2060.0   1.18166427376e-14
2080.0   1.14820009716e-14
2100.0   1.11599871967e-14
2120.0   1.08506014131e-14
2140.0   1.05522651217e-14
2160.0   1.02649783225e-14
2180.0   9.98874101568e-15
2200.0   9.72039620331e-15
2220.0   9.46310088322e-15
2240.0   9.21369805761e-15
2260.0   8.97376622537e-15
2280.0   8.74172688762e-15
2300.0   8.51758004434e-15
2320.0   8.30132569555e-15
2340.0   8.09296384124e-15
2360.0   7.89091598252e-15
2380.0   7.69518211938e-15
2400.0   7.50576225183e-15
2420.0   7.32265637986e-15
2440.0   7.14586450347e-15
2460.0   6.97380812378e-15
2480.0   6.80648724077e-15
2500.0   6.64548035335e-15
2520.0   6.48920896262e-15
2540.0   6.33767306858e-15
2560.0   6.19087267122e-15
2580.0   6.04880777056e-15
2600.0   5.91147836658e-15
2620.0   5.7773059604e-15
2640.0   5.6478690509e-15
2660.0   5.5215891392e-15
2680.0   5.39846622529e-15
2700.0   5.28007880807e-15
2720.0   5.16484838864e-15
2740.0   5.05119646811e-15
2760.0   4.94228004426e-15
2780.0   4.83652061821e-15
2800.0   4.73391818995e-15
2820.0   4.63289426059e-15
2840.0   4.53660582792e-15
2860.0   4.44031739524e-15
2880.0   4.34876445926e-15
2900.0   4.25879002217e-15
2920.0   4.17197258288e-15
2940.0   4.08673364248e-15
2960.0   4.00307320097e-15
2980.0   3.92256975726e-15
3000.0   3.84364481245e-15
3020.0   3.76787686543e-15
3040.0   3.6936874173e-15
3060.0   3.62107646807e-15
3080.0   3.55004401774e-15
3100.0   3.4805900663e-15
3120.0   3.41271461376e-15
3140.0   3.34799615902e-15
3160.0   3.28327770427e-15
3180.0   3.22171624731e-15
3200.0   3.16015479036e-15
3220.0   3.1001718323e-15
3240.0   3.04334587203e-15
3260.0   2.98651991177e-15
3280.0   2.9312724504e-15
3300.0   2.87760348792e-15
3320.0   2.82393452545e-15
3340.0   2.77342256077e-15
3360.0   2.72291059609e-15
3380.0   2.6739771303e-15
3400.0   2.62504366452e-15
3420.0   2.57926719653e-15
3440.0   2.53349072853e-15
3460.0   2.48771426054e-15
3480.0   2.44509479034e-15
3500.0   2.40247532014e-15
3520.0   2.35985584994e-15
3540.0   2.31881487864e-15
3560.0   2.27935240623e-15
3580.0   2.23988993383e-15
3600.0   2.20200596032e-15
3620.0   2.1641219868e-15
3633.0   2.14044450336e-15
3640.0   2.12781651219e-15
3644.0   2.11992401771e-15
3647.0   2.11518852102e-15
3650.0   2.11045302433e-15
3660.0   2.09151103758e-15
3670.0   2.07256905082e-15
3676.0   2.06151955855e-15
3680.0   2.05520556296e-15
3683.0   2.04889156738e-15
3684.0   2.04731306848e-15
3687.0   2.04257757179e-15
3688.0   2.04099907289e-15
3693.0   2.03152807952e-15
3698.0   2.02205708614e-15
3703.0   2.01416459166e-15
3704.0   2.01258609276e-15
3705.0   2.01100759386e-15
3707.0   2.00627209718e-15
3710.0   2.00153660049e-15
3712.0   1.99837960269e-15
3713.0   1.9968011038e-15
3716.0   1.99206560711e-15
3721.0   1.98259461373e-15
3722.0   1.98259461373e-15
3723.0   1.97943761594e-15
3725.0   1.97785911704e-15
3728.0   1.97154512146e-15
3735.0   1.95891713029e-15
3739.0   1.95576013249e-15
3742.0   1.95102463581e-15
3746.0   1.94155364243e-15
3747.0   1.93839664464e-15
3749.0   1.93208264905e-15
3751.0   1.92734715236e-15
3753.0   1.92892565126e-15
3755.0   1.92892565126e-15
3759.0   1.92892565126e-15
3761.0   1.92576865347e-15
3763.0   1.92261165567e-15
3764.0   1.91471916119e-15
3766.0   1.90840516561e-15
3769.0   1.89735567333e-15
3770.0   1.88946317885e-15
3771.0   1.88472768216e-15
3772.0   1.88314918327e-15
3773.0   1.88788467995e-15
3774.0   1.89104167775e-15
3775.0   1.89419867554e-15
3776.0   1.90051267112e-15
3779.0   1.90840516561e-15
3783.0   1.9099836645e-15
3784.0   1.9099836645e-15
3786.0   1.90524816781e-15
3787.0   1.90051267112e-15
3789.0   1.89262017664e-15
3790.0   1.88157068437e-15
3792.0   1.8705211921e-15
3793.0   1.85631470203e-15
3795.0   1.84052971307e-15
3797.0   1.81843072852e-15
3798.0   1.80738123624e-15
3799.0   1.80106724066e-15
3800.0   1.80895973514e-15
3801.0   1.81843072852e-15
3803.0   1.84210821196e-15
3805.0   1.86262869761e-15
3807.0   1.88157068437e-15
3809.0   1.89577717444e-15
3811.0   1.90682666671e-15
3813.0   1.9115621634e-15
3815.0   1.9131406623e-15
3817.0   1.9115621634e-15
3819.0   1.90366966892e-15
3821.0   1.88946317885e-15
3822.0   1.88157068437e-15
3823.0   1.87209969099e-15
3824.0   1.86105019872e-15
3825.0   1.84684370865e-15
3826.0   1.83263721858e-15
3827.0   1.81843072852e-15
3829.0   1.7821252539e-15
3831.0   1.74424128039e-15
3833.0   1.70162181019e-15
3834.0   1.68110132454e-15
3835.0   1.65900233999e-15
3836.0   1.64795284772e-15
3837.0   1.64321735103e-15
3838.0   1.65900233999e-15
3839.0   1.6984648124e-15
3842.0   1.74581977929e-15
3844.0   1.79001774839e-15
3846.0   1.82948022079e-15
3848.0   1.86578569541e-15
3849.0   1.88157068437e-15
3850.0   1.89577717444e-15
3851.0   1.90840516561e-15
3852.0   1.91945465788e-15
3854.0   1.92892565126e-15
3855.0   1.93681814574e-15
3857.0   1.94944613691e-15
3859.0   1.95576013249e-15
3861.0   1.95891713029e-15
3863.0   1.95576013249e-15
3865.0   1.94471064022e-15
3868.0   1.92892565126e-15
3869.0   1.91945465788e-15
3870.0   1.90840516561e-15
3871.0   1.89577717444e-15
3872.0   1.87999218547e-15
3873.0   1.86105019872e-15
3874.0   1.84210821196e-15
3876.0   1.80106724066e-15
3878.0   1.75213377487e-15
3881.0   1.6968863135e-15
3883.0   1.63690335545e-15
3884.0   1.60375487862e-15
3885.0   1.57139565125e-15
3886.0   1.53619512586e-15
3887.0   1.49973180136e-15
3888.0   1.4564809316e-15
3889.0   1.44101164242e-15
3890.0   1.41323006184e-15
3891.0   1.41259866228e-15
3892.0   1.43895959385e-15
3894.0   1.52861833116e-15
3896.0   1.58481289187e-15
3898.0   1.63690335545e-15
3900.0   1.68583682123e-15
3901.0   1.73319178812e-15
3902.0   1.75686927156e-15
3903.0   1.77896825611e-15
3904.0   1.79791024287e-15
3905.0   1.81685222962e-15
3907.0   1.85473620313e-15
3909.0   1.88946317885e-15
3911.0   1.91945465788e-15
3912.0   1.94313214132e-15
3914.0   1.96365262698e-15
3916.0   1.98417311263e-15
3918.0   1.99995810159e-15
3920.0   2.01100759386e-15
3921.0   2.02047858724e-15
3923.0   2.02679258283e-15
3925.0   2.03152807952e-15
3929.0   2.03310657841e-15
3932.0   2.02679258283e-15
3934.0   2.02047858724e-15
3936.0   2.01100759386e-15
3938.0   1.99837960269e-15
3940.0   1.98259461373e-15
3941.0   1.96523112587e-15
3943.0   1.94313214132e-15
3945.0   1.91629766009e-15
3947.0   1.88472768216e-15
3949.0   1.85157920534e-15
3950.0   1.81843072852e-15
3952.0   1.78054675501e-15
3954.0   1.73792728481e-15
3956.0   1.69057231792e-15
3958.0   1.64163885213e-15
3959.0   1.58954838856e-15
3961.0   1.53335382785e-15
3963.0   1.4762121678e-15
3965.0   1.41433501107e-15
3966.0   1.38276503314e-15
3967.0   1.34930085654e-15
3968.0   1.31504743049e-15
3969.0   1.25964211923e-15
3970.0   1.21765404859e-15
3971.0   1.16950983226e-15
3972.0   1.16256443711e-15
3973.0   1.21544415014e-15
3974.0   1.26800816338e-15
3975.0   1.29957814131e-15
3977.0   1.38450138193e-15
3979.0   1.43580259606e-15
3980.0   1.48615671085e-15
3982.0   1.53209102873e-15
3983.0   1.58007739518e-15
3985.0   1.62111836648e-15
3987.0   1.66058083889e-15
3988.0   1.7000433113e-15
3990.0   1.73792728481e-15
3991.0   1.77107576163e-15
3993.0   1.80106724066e-15
3996.0   1.85947169982e-15
3998.0   1.88630618106e-15
3999.0   1.9115621634e-15
4001.0   1.93208264905e-15
4003.0   1.95102463581e-15
4006.0   1.98101611484e-15
4009.0   2.00469359828e-15
4012.0   2.02205708614e-15
4015.0   2.03468507731e-15
4019.0   2.04257757179e-15
4022.0   2.04889156738e-15
4025.0   2.05204856517e-15
4031.0   2.05204856517e-15
4038.0   2.04573456958e-15
4044.0   2.03152807952e-15
4047.0   2.02047858724e-15
4051.0   2.00627209718e-15
4054.0   1.99048710821e-15
4057.0   1.96996662256e-15
4060.0   1.94313214132e-15
4063.0   1.9131406623e-15
4067.0   1.87525668878e-15
4070.0   1.83421571748e-15
4073.0   1.79001774839e-15
4076.0   1.73634878591e-15
4079.0   1.67636582785e-15
4081.0   1.64479584993e-15
4083.0   1.613225872e-15
4084.0   1.57755179695e-15
4086.0   1.53950997354e-15
4087.0   1.49862685213e-15
4089.0   1.45774373072e-15
4091.0   1.41591350997e-15
4092.0   1.36997919208e-15
4094.0   1.32230852542e-15
4095.0   1.27274366007e-15
4097.0   1.21986394705e-15
4098.0   1.19224021636e-15
4099.0   1.16288013689e-15
4100.0   1.09974018104e-15
4101.0   1.08174529362e-15
4102.0   1.02870773071e-15
4103.0   9.5988517883e-16
4104.0   9.96032803555e-16
4105.0   1.05648931128e-15
4106.0   1.10384427817e-15
4107.0   1.13131015897e-15
4108.0   1.18024362475e-15
4109.0   1.22428374396e-15
4111.0   1.26737676383e-15
4112.0   1.30762848568e-15
4113.0   1.34582815897e-15
4115.0   1.38308073292e-15
4116.0   1.41701845919e-15
4118.0   1.44858843712e-15
4119.0   1.48126336427e-15
4120.0   1.51235979253e-15
4122.0   1.54124632233e-15
4123.0   1.56792295368e-15
4124.0   1.59270538635e-15
4127.0   1.64006035324e-15
4130.0   1.68425832233e-15
4133.0   1.72056379695e-15
4136.0   1.75371227377e-15
4138.0   1.7837037528e-15
4141.0   1.80895973514e-15
4144.0   1.83263721858e-15
4147.0   1.85157920534e-15
4149.0   1.8673641943e-15
4152.0   1.87999218547e-15
4155.0   1.88946317885e-15
4158.0   1.89735567333e-15
4163.0   1.90682666671e-15
4169.0   1.9115621634e-15
4174.0   1.9115621634e-15
4180.0   1.9099836645e-15
4185.0   1.90682666671e-15
4191.0   1.90366966892e-15
4196.0   1.89735567333e-15
4202.0   1.89262017664e-15
4207.0   1.88630618106e-15
4213.0   1.87841368658e-15
4219.0   1.87209969099e-15
4224.0   1.86262869761e-15
4230.0   1.85473620313e-15
4235.0   1.84684370865e-15
4241.0   1.83737271527e-15
4246.0   1.826323223e-15
4252.0   1.81527373073e-15
4257.0   1.80264573956e-15
4263.0   1.78686075059e-15
4268.0   1.77107576163e-15
4274.0   1.75055527598e-15
4279.0   1.72529929364e-15
4285.0   1.6968863135e-15
4290.0   1.66373783668e-15
4296.0   1.62585386317e-15
4299.0   1.60375487862e-15
4301.0   1.58007739518e-15
4304.0   1.55434786317e-15
4307.0   1.52593488304e-15
4310.0   1.49499630467e-15
4313.0   1.46137427818e-15
4315.0   1.42396385434e-15
4318.0   1.38244933336e-15
4321.0   1.33730426493e-15
4324.0   1.28789724948e-15
4326.0   1.23391258722e-15
4328.0   1.20565745698e-15
4329.0   1.17677092718e-15
4331.0   1.1459901987e-15
4332.0   1.11378882122e-15
4333.0   1.0806403444e-15
4335.0   1.04512411923e-15
4336.0   1.00787154528e-15
4337.0   9.66830573973e-16
4338.0   9.44731589425e-16
4339.0   9.20107006643e-16
4340.0   8.91062626952e-16
4341.0   8.33131717458e-16
4342.0   7.36369735116e-16
4343.0   8.09454234014e-16
4344.0   8.87905629159e-16
4345.0   9.26736702008e-16
4346.0   9.67935523201e-16
4347.0   9.86561810177e-16
4348.0   1.0212887859e-15
4349.0   1.05364801327e-15
4351.0   1.08411304197e-15
4352.0   1.11299957177e-15
4353.0   1.14046545256e-15
4355.0   1.16682638413e-15
4356.0   1.19145096691e-15
4357.0   1.21544415014e-15
4360.0   1.26074706846e-15
4363.0   1.30147233999e-15
4365.0   1.33793566449e-15
4368.0   1.37092629142e-15
4370.0   1.39997067111e-15
4373.0   1.42538450334e-15
4376.0   1.44827273734e-15
4378.0   1.4686353731e-15
4381.0   1.48647241063e-15
4384.0   1.50273094926e-15
4386.0   1.51646388966e-15
4389.0   1.52877618105e-15
4391.0   1.53903642388e-15
4397.0   1.55624206185e-15
4402.0   1.56965930246e-15
4407.0   1.58007739518e-15
4412.0   1.58481289187e-15
4418.0   1.58796988966e-15
4423.0   1.58954838856e-15
4428.0   1.58796988966e-15
4433.0   1.58639139076e-15
4439.0   1.58323439297e-15
4444.0   1.57834104639e-15
4449.0   1.57392124948e-15
4454.0   1.56902790291e-15
4460.0   1.56413455633e-15
4465.0   1.55876766008e-15
4470.0   1.55340076383e-15
4475.0   1.54771816781e-15
4481.0   1.54219342167e-15
4486.0   1.53635297575e-15
4491.0   1.53067037973e-15
4496.0   1.52482993381e-15
4502.0   1.51898948789e-15
4507.0   1.51330689187e-15
4512.0   1.50746644595e-15
4517.0   1.50162600003e-15
4523.0   1.49562770423e-15
4528.0   1.48978725831e-15
4533.0   1.4839468124e-15
4538.0   1.47810636648e-15
4544.0   1.47226592056e-15
4549.0   1.46658332454e-15
4554.0   1.46074287862e-15
4559.0   1.4549024327e-15
4565.0   1.44921983668e-15
4570.0   1.44337939076e-15
4575.0   1.43769679473e-15
4580.0   1.43185634882e-15
4586.0   1.42617375279e-15
4591.0   1.42049115677e-15
4596.0   1.41480856074e-15
4601.0   1.40912596471e-15
4607.0   1.40344336869e-15
4612.0   1.39791862255e-15
4617.0   1.39223602652e-15
4622.0   1.38671128038e-15
4628.0   1.38102868436e-15
4633.0   1.37550393822e-15
4638.0   1.36997919208e-15
4643.0   1.36429659606e-15
4649.0   1.35877184992e-15
4654.0   1.35324710378e-15
4659.0   1.34772235765e-15
4664.0   1.34219761151e-15
4670.0   1.33651501548e-15
4675.0   1.33099026935e-15
4680.0   1.32546552321e-15
4685.0   1.31978292718e-15
4691.0   1.31410033116e-15
4696.0   1.30841773513e-15
4701.0   1.3027351391e-15
4706.0   1.29689469319e-15
4712.0   1.29105424727e-15
4717.0   1.28505595146e-15
4722.0   1.27905765566e-15
4727.0   1.27290150996e-15
4733.0   1.26642966449e-15
4738.0   1.25995781901e-15
4743.0   1.25332812365e-15
4748.0   1.24622487862e-15
4754.0   1.23912163358e-15
4759.0   1.23138698899e-15
4764.0   1.22333664462e-15
4769.0   1.2144970508e-15
4775.0   1.2053417572e-15
4780.0   1.19555506404e-15
4785.0   1.18466342166e-15
4790.0   1.17266683005e-15
4796.0   1.15940743932e-15
4801.0   1.14425384992e-15
4806.0   1.12673251217e-15
4811.0   1.10747482563e-15
4817.0   1.08506014131e-15
4822.0   1.05885705963e-15
4825.0   1.04433486978e-15
4827.0   1.02823418104e-15
4830.0   1.01134424285e-15
4832.0   9.92402256093e-16
4835.0   9.71881770442e-16
4838.0   9.49782785894e-16
4840.0   9.2594745256e-16
4843.0   9.00060070661e-16
4846.0   8.72120640196e-16
4848.0   8.41971311277e-16
4851.0   8.09769933793e-16
4853.0   7.74411558517e-16
4855.0   7.55469571761e-16
4856.0   7.35106935999e-16
4857.0   7.13165801341e-16
4858.0   7.01327059619e-16
4859.0   6.88541218559e-16
4860.0   6.57760490081e-16
4861.0   6.37713554098e-16
4862.0   5.92726335554e-16
4863.0   5.06066746148e-16
4864.0   5.80729743943e-16
4865.0   6.2840041061e-16
4866.0   6.6691578368e-16
4867.0   6.88856918338e-16
4868.0   7.07798905093e-16
4869.0   7.24688843284e-16
4870.0   7.40315982357e-16
4872.0   7.6888681238e-16
4874.0   7.94932044168e-16
4876.0   8.18767377502e-16
4879.0   8.41182061829e-16
4881.0   8.61702547481e-16
4883.0   8.80960234016e-16
4885.0   8.98797271544e-16
4887.0   9.15213660065e-16
4889.0   9.30367249469e-16
4891.0   9.44258039757e-16
4893.0   9.56728181037e-16
4895.0   9.68566922759e-16
4900.0   9.88929558521e-16
4904.0   1.00550379693e-15
4908.0   1.01923673733e-15
4912.0   1.0302862296e-15
4916.0   1.03912582342e-15
4921.0   1.04638691835e-15
4925.0   1.05238521415e-15
4929.0   1.05648931128e-15
4938.0   1.0623297572e-15
4946.0   1.06485535543e-15
4954.0   1.06485535543e-15
4963.0   1.06359255632e-15
4971.0   1.06090910819e-15
4980.0   1.05743641062e-15
4988.0   1.05333231349e-15
4993.0   1.05064886537e-15
4997.0   1.04875466669e-15
5000.0   1.04686046802e-15
5010.0   1.04070432232e-15
5020.0   1.03439032673e-15
5040.0   1.0212887859e-15
5060.0   1.00771369539e-15
5080.0   9.9398075499e-16
5100.0   9.80405664481e-16
5120.0   9.66988423863e-16
5140.0   9.53729033134e-16
5160.0   9.40627492295e-16
5180.0   9.27683801346e-16
5200.0   9.15055810175e-16
5220.0   9.02585668895e-16
5240.0   8.90273377504e-16
5260.0   8.78276785892e-16
5280.0   8.6643804417e-16
5300.0   8.54757152337e-16
5320.0   8.43234110394e-16
5340.0   8.32026768231e-16
5360.0   8.20819426067e-16
5380.0   8.10085633573e-16
5400.0   7.99351841078e-16
5420.0   7.88775898473e-16
5440.0   7.78357805757e-16
5460.0   7.68097562931e-16
5480.0   7.57995169995e-16
5500.0   7.48208476838e-16
5520.0   7.38421783681e-16
5540.0   7.28950790304e-16
5560.0   7.19479796926e-16
5580.0   7.10166653438e-16
5600.0   7.01169209729e-16
5620.0   6.9217176602e-16
5640.0   6.83332172201e-16
5660.0   6.74650428271e-16
5680.0   6.66126534232e-16
5700.0   6.57760490081e-16
5720.0   6.49394445931e-16
5740.0   6.4134410156e-16
5760.0   6.33293757189e-16
5780.0   6.25401262707e-16
5800.0   6.17666618116e-16
5820.0   6.09931973524e-16
5840.0   6.02355178822e-16
5860.0   5.95094083899e-16
5880.0   5.87675139086e-16
5900.0   5.80571894053e-16
5920.0   5.7346864902e-16
5940.0   5.66523253876e-16
5960.0   5.59577858732e-16
5980.0   5.52948163368e-16
6000.0   5.46160618114e-16
6020.0   5.39688772639e-16
6040.0   5.33216927164e-16
6060.0   5.2674508169e-16
6080.0   5.20588935994e-16
6100.0   5.14432790299e-16
6120.0   5.08276644603e-16
6140.0   5.02278348797e-16
6160.0   4.96280052991e-16
6180.0   4.90439607075e-16
6200.0   4.84757011049e-16
6220.0   4.78916565132e-16
6240.0   4.73391818995e-16
6260.0   4.67709222969e-16
6280.0   4.62342326721e-16
6300.0   4.56817580584e-16
6320.0   4.51450684337e-16
6340.0   4.459259382e-16
6360.0   4.40559041953e-16
6380.0   4.35192145705e-16
6400.0   4.29667399568e-16
6420.0   4.23984803542e-16
6440.0   4.17828657846e-16
6460.0   4.10883262703e-16
6470.0   4.06937015462e-16
6480.0   4.02359368663e-16
6490.0   3.97308172194e-16
6500.0   3.91152026499e-16
6505.0   3.87521479038e-16
6510.0   3.83417381907e-16
6515.0   3.78681885218e-16
6520.0   3.73472838861e-16
6525.0   3.67158843275e-16
6530.0   3.60055598242e-16
6535.0   3.51689554092e-16
6538.0   3.46796207513e-16
6540.0   3.41902860935e-16
6542.0   3.36378114798e-16
6545.0   3.30379818992e-16
6548.0   3.23907973517e-16
6550.0   3.16962578374e-16
6552.0   3.09227933782e-16
6555.0   3.00704039742e-16
6556.0   2.95968543053e-16
6558.0   2.90917346585e-16
6559.0   2.85234750558e-16
6560.0   2.78762905084e-16
6561.0   2.74816657843e-16
6562.0   2.65345664465e-16
6563.0   2.5461187197e-16
6564.0   2.3377568654e-16
6565.0   2.05836256075e-16
6566.0   2.38195483449e-16
6567.0   2.56979620315e-16
6568.0   2.66924163361e-16
6569.0   2.73869558505e-16
6570.0   2.79552154532e-16
6571.0   2.84287651221e-16
6572.0   2.88549598241e-16
6574.0   2.95968543053e-16
6576.0   3.02440388528e-16
6578.0   3.08122984554e-16
6580.0   3.13489880802e-16
6582.0   3.1838322738e-16
6584.0   3.2280302429e-16
6588.0   3.30695518771e-16
6592.0   3.37483064025e-16
6596.0   3.43165660052e-16
6600.0   3.4805900663e-16
6604.0   3.52005253871e-16
6608.0   3.55320101553e-16
6612.0   3.58161399567e-16
6616.0   3.60371298021e-16
6620.0   3.61949796918e-16
6628.0   3.64633245041e-16
6636.0   3.66211743938e-16
6644.0   3.67000993386e-16
6652.0   3.67158843275e-16
6660.0   3.67000993386e-16
6676.0   3.65896044158e-16
6692.0   3.64001845483e-16
6708.0   3.61791947028e-16
6724.0   3.59108498904e-16
6740.0   3.56425050781e-16
6756.0   3.53741602657e-16
6772.0   3.50900304644e-16
6788.0   3.4805900663e-16
6804.0   3.45217708617e-16
6820.0   3.42376410604e-16
6836.0   3.39535112591e-16
6852.0   3.36693814577e-16
6868.0   3.33852516564e-16
6884.0   3.3116906844e-16
6900.0   3.28327770427e-16
6916.0   3.25644322303e-16
6932.0   3.2296087418e-16
6948.0   3.20277426056e-16
6964.0   3.17593977932e-16
6980.0   3.14910529808e-16
6996.0   3.12227081685e-16
7012.0   3.09701483451e-16
7028.0   3.07175885217e-16
7044.0   3.04650286983e-16
7060.0   3.02124688749e-16
7076.0   2.99599090515e-16
7092.0   2.9707349228e-16
7108.0   2.94705743936e-16
7124.0   2.92337995592e-16
7140.0   2.89812397358e-16
7156.0   2.87602498903e-16
7172.0   2.85234750558e-16
7188.0   2.82867002214e-16
7204.0   2.8049925387e-16
7220.0   2.78289355415e-16
7236.0   2.7607945696e-16
7252.0   2.73869558505e-16
7268.0   2.7165966005e-16
7284.0   2.69449761596e-16
7300.0   2.67239863141e-16
7316.0   2.65187814576e-16
7332.0   2.62977916121e-16
7348.0   2.60925867556e-16
7364.0   2.5887381899e-16
7380.0   2.56821770425e-16
7396.0   2.5476972186e-16
7412.0   2.52717673295e-16
7428.0   2.50823474619e-16
7444.0   2.48771426054e-16
7460.0   2.46877227379e-16
7476.0   2.44983028703e-16
7492.0   2.42930980138e-16
7508.0   2.41036781462e-16
7524.0   2.39142582787e-16
7540.0   2.37406234001e-16
7556.0   2.35512035325e-16
7572.0   2.3361783665e-16
7588.0   2.31881487864e-16
7604.0   2.30145139078e-16
7620.0   2.28250940403e-16
7636.0   2.26514591617e-16
7652.0   2.24778242831e-16
7668.0   2.23041894045e-16
7684.0   2.21463395149e-16
7700.0   2.19727046363e-16
7716.0   2.17990697577e-16
7732.0   2.1641219868e-16
7748.0   2.14675849895e-16
7764.0   2.13097350998e-16
7780.0   2.11518852102e-16
7796.0   2.09940353206e-16
7812.0   2.08361854309e-16
7828.0   2.06783355413e-16
7844.0   2.05204856517e-16
7860.0   2.03626357621e-16
7876.0   2.02205708614e-16
7892.0   2.00627209718e-16
7908.0   1.99206560711e-16
7924.0   1.97628061815e-16
7940.0   1.96207412808e-16
7956.0   1.94786763801e-16
7972.0   1.93366114795e-16
7988.0   1.91945465788e-16
8004.0   1.90524816781e-16
8020.0   1.89104167775e-16
8036.0   1.87683518768e-16
8052.0   1.86420719651e-16
8068.0   1.85000070644e-16
8084.0   1.83579421638e-16
8100.0   1.82316622521e-16
8116.0   1.81053823404e-16
8132.0   1.79633174397e-16
8148.0   1.7837037528e-16
8164.0   1.77107576163e-16
8180.0   1.75844777046e-16
8185.0   1.75371227377e-16
8196.0   1.74581977929e-16
8206.0   1.73792728481e-16
8217.0   1.72845629143e-16
8227.0   1.72056379695e-16
8238.0   1.71267130247e-16
8248.0   1.70477880799e-16
8259.0   1.6968863135e-16
8269.0   1.68899381902e-16
8280.0   1.68110132454e-16
8290.0   1.67320883006e-16
8301.0   1.66531633558e-16
8311.0   1.6574238411e-16
8322.0   1.64953134662e-16
8332.0   1.64163885213e-16
8343.0   1.63374635765e-16
8353.0   1.62585386317e-16
8364.0   1.61796136869e-16
8374.0   1.61006887421e-16
8375.0   1.61006887421e-16
8385.0   1.60217637973e-16
8395.0   1.59586238414e-16
8413.0   1.58323439297e-16
8414.0   1.58165589408e-16
8416.0   1.58165589408e-16
8419.0   1.57849889628e-16
8425.0   1.57502619871e-16
8433.0   1.56934360268e-16
8436.0   1.56666015456e-16
8440.0   1.56397670644e-16
8448.0   1.55860981019e-16
8457.0   1.5522958146e-16
8463.0   1.54803386758e-16
8470.0   1.54377192056e-16
8482.0   1.53524802653e-16
8484.0   1.53382737752e-16
8495.0   1.52688198237e-16
8505.0   1.51993658723e-16
8515.0   1.51314904198e-16
8525.0   1.50636149672e-16
8536.0   1.49957395147e-16
8544.0   1.49389135544e-16
8546.0   1.49278640622e-16
8548.0   1.49168145699e-16
8551.0   1.48947155853e-16
8558.0   1.48505176162e-16
8572.0   1.47589646802e-16
8585.0   1.4672147241e-16
8597.0   1.4594800795e-16
8599.0   1.45837513028e-16
8601.0   1.45727018105e-16
8604.0   1.45521813248e-16
8611.0   1.45095618546e-16
8625.0   1.44243229142e-16
8639.0   1.43390839738e-16
8652.0   1.42522665345e-16
8665.0   1.41749200886e-16
8666.0   1.41670275941e-16
8667.0   1.41591350997e-16
8670.0   1.41465071085e-16
8675.0   1.41180941284e-16
8684.0   1.40612681681e-16
8704.0   1.39491947465e-16
8724.0   1.38260718325e-16
8733.0   1.37660888745e-16
8743.0   1.37045274175e-16
8753.0   1.36461229584e-16
8773.0   1.3545099029e-16
8792.0   1.34424966007e-16
8812.0   1.33351586758e-16
8832.0   1.32183497575e-16
8838.0   1.3180465784e-16
8851.0   1.30936483447e-16
8865.0   1.30068309054e-16
8879.0   1.29547404418e-16
8893.0   1.29026499782e-16
8907.0   1.28474025168e-16
8920.0   1.27858410599e-16
8934.0   1.2708494614e-16
8948.0   1.26279911703e-16
8962.0   1.25474877266e-16
8976.0   1.24559347906e-16
8989.0   1.23533323623e-16
9003.0   1.22428374396e-16
9017.0   1.21354995146e-16
9018.0   1.2129185519e-16
9020.0   1.21260285212e-16
9023.0   1.21228715235e-16
9029.0   1.21181360268e-16
9041.0   1.21102435323e-16
9053.0   1.20960370422e-16
9065.0   1.20707810599e-16
9078.0   1.20376325831e-16
9090.0   1.19981701106e-16
9102.0   1.19508151438e-16
9114.0   1.18971461813e-16
9126.0   1.18355847243e-16
9139.0   1.17692877707e-16
9151.0   1.16966768215e-16
9163.0   1.16098593822e-16
9175.0   1.15151494484e-16
9187.0   1.14062330245e-16
9199.0   1.12831101106e-16
9212.0   1.11473592056e-16
9216.0   1.10936902431e-16
9224.0   1.09989803093e-16
9228.0   1.09532038413e-16
9232.0   1.09216338634e-16
9235.0   1.09247908612e-16
9239.0   1.09405758501e-16
9243.0   1.09547823402e-16
9247.0   1.09674103314e-16
9255.0   1.09910878148e-16
9270.0   1.10384427817e-16
9286.0   1.10589632674e-16
9301.0   1.10558062696e-16
9317.0   1.10400212806e-16
9332.0   1.10100298016e-16
9348.0   1.09689888303e-16
9363.0   1.09184768656e-16
9378.0   1.08569154086e-16
9394.0   1.07890399561e-16
9409.0   1.07116935102e-16
9425.0   1.06264545698e-16
9440.0   1.05285876382e-16
9456.0   1.04149357177e-16
9471.0   1.02854988082e-16
9487.0   1.01323844152e-16
9502.0   9.94296454769e-17
9510.0   9.84194061833e-17
9518.0   9.72828869779e-17
9525.0   9.60358728499e-17
9533.0   9.4694148788e-17
9541.0   9.31787898476e-17
9545.0   9.23579704215e-17
9547.0   9.19475607085e-17
9548.0   9.1742355852e-17
9549.0   9.15845059624e-17
9550.0   9.16792158961e-17
9551.0   9.18212807968e-17
9552.0   9.20738406202e-17
9553.0   9.22159055209e-17
9554.0   9.23579704215e-17
9555.0   9.25000353222e-17
9556.0   9.26263152339e-17
9557.0   9.27525951456e-17
9558.0   9.28788750573e-17
9559.0   9.3005154969e-17
9560.0   9.31314348807e-17
9561.0   9.32419298034e-17
9562.0   9.33839947041e-17
9563.0   9.34944896269e-17
9564.0   9.36207695386e-17
9565.0   9.37312644613e-17
9567.0   9.39364693178e-17
9571.0   9.43310940419e-17
9578.0   9.50256335562e-17
9586.0   9.56254631368e-17
9594.0   9.61305827836e-17
9602.0   9.65725624746e-17
9609.0   9.68724772649e-17
9625.0   9.72828869779e-17
9640.0   9.74723068455e-17
9656.0   9.74880918345e-17
9671.0   9.73618119227e-17
9687.0   9.71092520993e-17
9702.0   9.67935523201e-17
9717.0   9.64304975739e-17
9733.0   9.60200878609e-17
9748.0   9.5562323181e-17
9764.0   9.50729885231e-17
9779.0   9.45520838874e-17
9795.0   9.40153942626e-17
9810.0   9.34629196489e-17
9826.0   9.28788750573e-17
9841.0   9.22790454767e-17
9856.0   9.17739258299e-17
9872.0   9.11109562935e-17
9887.0   9.03690618122e-17
9903.0   8.95482423861e-17
9918.0   8.86642830042e-17
9934.0   8.76856136885e-17
9949.0   8.65648794722e-17
9964.0   8.52547253883e-17
9980.0   8.37709364257e-17
9991.0   8.25239222977e-17
9995.0   8.19398777061e-17
10000.0   8.13558331144e-17
10010.0   8.03771637987e-17
10020.0   7.82777602667e-17
10030.0   7.70149611497e-17
10040.0   7.41578781474e-17
10050.0   7.24530993394e-17
10060.0   7.14744300237e-17
10070.0   7.4315728037e-17
10080.0   7.55627421651e-17
10090.0   7.66203364256e-17
10100.0   7.81830503329e-17
10110.0   7.87670949245e-17
10120.0   7.92248596045e-17
10130.0   7.99193991188e-17
10150.0   8.02982388539e-17
10170.0   8.04876587215e-17
10180.0   8.05034437104e-17
10200.0   8.03929487877e-17
10230.0   7.99825390747e-17
10260.0   7.93511395162e-17
10290.0   7.86250300239e-17
10360.0   7.70465311276e-17
10420.0   7.53891072865e-17
10490.0   7.35896185447e-17
10550.0   7.19006247257e-17
10610.0   7.02432008846e-17
10680.0   6.84910671097e-17
10710.0   6.75597527609e-17
10740.0   6.65810834452e-17
10770.0   6.54761342178e-17
10790.0   6.48447346593e-17
10810.0   6.41659801339e-17
10820.0   6.34083006637e-17
10840.0   6.25085562928e-17
10850.0   6.14825320102e-17
10870.0   6.02513028711e-17
10880.0   5.95409783678e-17
10890.0   5.87517289197e-17
10900.0   5.6904885211e-17
10910.0   5.58157209726e-17
10920.0   5.45844918335e-17
10930.0   5.31322728489e-17
10940.0   5.06224596038e-17
10950.0   5.04172547473e-17
10960.0   5.29112830034e-17
10970.0   5.40004472418e-17
10980.0   5.5626301105e-17
10990.0   5.62577006635e-17
11000.0   5.67628203103e-17
11010.0   5.71890150123e-17
11020.0   5.78046295819e-17
11040.0   5.82150392949e-17
11050.0   5.84360291404e-17
11070.0   5.85307390742e-17
11090.0   5.85307390742e-17
11120.0   5.83097492287e-17
11150.0   5.79466944826e-17
11180.0   5.74889298026e-17
11250.0   5.64313355421e-17
11310.0   5.53106013258e-17
11370.0   5.41898671094e-17
11440.0   5.31164878599e-17
11500.0   5.20115386325e-17
11570.0   5.09223743941e-17
11630.0   4.98647801336e-17
11690.0   4.8838755851e-17
11760.0   4.78285165574e-17
11820.0   4.68498472417e-17
11890.0   4.59027479039e-17
11950.0   4.49714335551e-17
12010.0   4.40716891842e-17
12080.0   4.31561598244e-17
12140.0   4.22722004425e-17
12210.0   4.14355960274e-17
12270.0   4.05989916124e-17
12330.0   3.97781721863e-17
12400.0   3.89731377492e-17
12460.0   3.81681033121e-17
12530.0   3.73472838861e-17
12590.0   3.64633245041e-17
12620.0   3.59739898463e-17
12650.0   3.54215152326e-17
12670.0   3.51216004423e-17
12690.0   3.47743306851e-17
12700.0   3.4379705961e-17
12720.0   3.39377262701e-17
12730.0   3.34168216343e-17
12750.0   3.28012070648e-17
12760.0   3.24539373076e-17
12770.0   3.20593125835e-17
12780.0   3.11279982347e-17
12790.0   3.0559738632e-17
12800.0   2.99125540846e-17
12810.0   2.90601646806e-17
12820.0   2.74658807953e-17
12830.0   2.66766313472e-17
12840.0   2.86339699786e-17
12850.0   2.9707349228e-17
12860.0   3.01808988969e-17
12870.0   3.08754384113e-17
12880.0   3.11437832237e-17
12890.0   3.13647730691e-17
12900.0   3.15541929367e-17
12920.0   3.19330326718e-17
12940.0   3.20593125835e-17
12950.0   3.21382375283e-17
12970.0   3.21540225173e-17
13000.0   3.20908825614e-17
13030.0   3.19330326718e-17
13060.0   3.17278278153e-17
13130.0   3.12542781464e-17
13190.0   3.07333735106e-17
13260.0   3.02124688749e-17
13320.0   2.96757792501e-17
13380.0   2.91548746144e-17
13450.0   2.86181849896e-17
13510.0   2.81130653428e-17
13580.0   2.7607945696e-17
13640.0   2.71343960271e-17
13700.0   2.66450613693e-17
13770.0   2.62030816783e-17
13830.0   2.57926719653e-17
13900.0   2.53664772633e-17
13960.0   2.49718525392e-17
14020.0   2.45614428262e-17
14090.0   2.41826030911e-17
14150.0   2.3787978367e-17
14220.0   2.34249236208e-17
14280.0   2.30460838857e-17
14340.0   2.26830291396e-17
14410.0   2.23357593824e-17
14470.0   2.19884896252e-17
14540.0   2.1657004857e-17
14600.0   2.13097350998e-17
14660.0   2.09782503316e-17
14730.0   2.06151955855e-17
14790.0   2.02837108172e-17
14860.0   1.99364410601e-17
14920.0   1.96207412808e-17
14980.0   1.92892565126e-17
15010.0   1.91787615898e-17
15040.0   1.90209117002e-17
15050.0   1.89735567333e-17
15090.0   1.87841368658e-17
15140.0   1.85473620313e-17
15180.0   1.83421571748e-17
15190.0   1.83105871969e-17
15200.0   1.826323223e-17
15210.0   1.81843072852e-17
15230.0   1.81369523183e-17
15250.0   1.80422423845e-17
15260.0   1.79633174397e-17
15300.0   1.77738975721e-17
15350.0   1.75844777046e-17
15420.0   1.72687779253e-17
15430.0   1.72214229584e-17
15440.0   1.71582830026e-17
15470.0   1.70477880799e-17
15480.0   1.6984648124e-17
15520.0   1.68267982344e-17
15560.0   1.66689483448e-17
15570.0   1.66215933779e-17
15640.0   1.63532485655e-17
15710.0   1.60691187642e-17
15770.0   1.58007739518e-17
15800.0   1.57139565125e-17
15840.0   1.55434786317e-17
15890.0   1.53745792498e-17
15970.0   1.50462514794e-17
16010.0   1.49105005743e-17
16060.0   1.47226592056e-17
16110.0   1.45379748348e-17
16170.0   1.43611829584e-17
16220.0   1.41875480798e-17
16270.0   1.40107562034e-17
16320.0   1.38292288303e-17
16330.0   1.3788187859e-17
16370.0   1.36303379694e-17
16390.0   1.35356280356e-17
16400.0   1.34851160709e-17
16410.0   1.34361826052e-17
16420.0   1.34219761151e-17
16430.0   1.3407769625e-17
16440.0   1.33919846361e-17
16450.0   1.33730426493e-17
16470.0   1.33256876824e-17
16510.0   1.32167712586e-17
16550.0   1.30968053425e-17
16590.0   1.29705254308e-17
16670.0   1.27163871085e-17
16700.0   1.26421976603e-17
16720.0   1.25364382343e-17
16750.0   1.24133153204e-17
16780.0   1.2266514923e-17
16800.0   1.21733834881e-17
16810.0   1.21023510378e-17
16820.0   1.20849875499e-17
16830.0   1.20928800444e-17
16840.0   1.21023510378e-17
16850.0   1.21039295367e-17
16860.0   1.20976155411e-17
16870.0   1.20913015455e-17
16880.0   1.20707810599e-17
16890.0   1.20455250775e-17
16920.0   1.19823851217e-17
16980.0   1.18371632232e-17
17040.0   1.16808918325e-17
17100.0   1.1521463444e-17
17160.0   1.13588780577e-17
17210.0   1.11915571746e-17
17270.0   1.10179222961e-17
17290.0   1.09563608391e-17
17330.0   1.0836394923e-17
17350.0   1.07764119649e-17
17370.0   1.07211645036e-17
17390.0   1.06817020311e-17
17410.0   1.06453965565e-17
17420.0   1.06138265786e-17
17440.0   1.05822566007e-17
17480.0   1.05112241503e-17
17560.0   1.03628452541e-17
17630.0   1.02034168656e-17
17710.0   1.00376744815e-17
17790.0   9.86719660067e-18
17860.0   9.69198322318e-18
17940.0   9.50729885231e-18
18020.0   9.30840799138e-18
18050.0   9.20422706423e-18
18090.0   9.09373214149e-18
18130.0   8.97218772647e-18
18160.0   8.88379178828e-18
18170.0   8.84590781477e-18
18180.0   8.80960234016e-18
18190.0   8.80328834457e-18
18200.0   8.79855284788e-18
18230.0   8.78750335561e-18
18270.0   8.75435487879e-18
18320.0   8.70384291411e-18
18360.0   8.64228145715e-18
18410.0   8.56809200903e-18
18460.0   8.48601006642e-18
18500.0   8.39603562933e-18
18550.0   8.28869770438e-18
18570.0   8.22713624743e-18
18590.0   8.1561037971e-18
18620.0   8.07560035338e-18
18640.0   7.97615492292e-18
18660.0   7.8561890068e-18
18670.0   7.78673505536e-18
18680.0   7.70938860945e-18
18700.0   7.61625717457e-18
18710.0   7.50734075072e-18
18720.0   7.37948234012e-18
18730.0   7.30213589421e-18
18740.0   7.0906170421e-18
18750.0   6.84279271539e-18
18760.0   6.08669174407e-18
18770.0   6.73861178823e-18
18780.0   7.02432008846e-18
18790.0   7.21216145712e-18
18800.0   7.32423487875e-18
18810.0   7.38263933792e-18
18820.0   7.47103527611e-18
18840.0   7.53259673306e-18
18860.0   7.57521620326e-18
18870.0   7.6020506845e-18
18890.0   7.61941417236e-18
18900.0   7.62730666684e-18
18940.0   7.62414966905e-18
18970.0   7.6036291834e-18
19000.0   7.57363770437e-18
19060.0   7.49155576176e-18
19130.0   7.39211033129e-18
19190.0   7.28003690966e-18
19260.0   7.15375699796e-18
19290.0   7.08272454762e-18
19320.0   7.01011359839e-18
19350.0   6.9232961591e-18
19380.0   6.83332172201e-18
19420.0   6.72598379706e-18
19440.0   6.63285236218e-18
19450.0   6.6249598677e-18
19460.0   6.61391037543e-18
19470.0   6.61864587212e-18
19490.0   6.63285236218e-18
19520.0   6.65337284783e-18
19550.0   6.66126534232e-18
19580.0   6.66126534232e-18
19610.0   6.64863735114e-18
19670.0   6.61075337763e-18
19730.0   6.55708441516e-18
19800.0   6.4971014571e-18
19860.0   6.42922600456e-18
19920.0   6.35977205312e-18
19980.0   6.28873960279e-18
20040.0   6.21770715246e-18
20100.0   6.14667470213e-18
20170.0   6.0740637529e-18
20230.0   6.00303130256e-18
20290.0   5.93673434892e-18
20350.0   5.86728039748e-18
20410.0   5.79782644605e-18
20480.0   5.72995099351e-18
20540.0   5.66207554097e-18
20600.0   5.59577858732e-18
20660.0   5.52948163368e-18
20720.0   5.46476317893e-18
20790.0   5.40004472418e-18
20850.0   5.33690476833e-18
20910.0   5.27376481248e-18
20970.0   5.21220335553e-18
21030.0   5.15064189857e-18
21100.0   5.08750194272e-18
21160.0   5.02594048577e-18
21220.0   4.96280052991e-18
21280.0   4.89808207517e-18
21340.0   4.82862812373e-18
21410.0   4.7544386756e-18
21470.0   4.66762123631e-18
21500.0   4.62026626942e-18
21530.0   4.56501880805e-18
21560.0   4.5018788522e-18
21590.0   4.42611090518e-18
21610.0   4.38191293608e-18
21620.0   4.3314009714e-18
21640.0   4.26983951445e-18
21650.0   4.21617055197e-18
21660.0   4.15618759391e-18
21670.0   4.14987359833e-18
21680.0   4.20669955859e-18
21690.0   4.23353403983e-18
21710.0   4.2887815012e-18
21730.0   4.31561598244e-18
21750.0   4.3314009714e-18
21770.0   4.34402896257e-18
21800.0   4.35665695374e-18
21840.0   4.35981395153e-18
21870.0   4.35349995595e-18
21910.0   4.34245046368e-18
21940.0   4.32824397361e-18
22010.0   4.29351699789e-18
22080.0   4.25247602659e-18
22150.0   4.20827805749e-18
22220.0   4.1625015895e-18
22290.0   4.11672512151e-18
22360.0   4.07094865351e-18
22430.0   4.02517218552e-18
22510.0   3.97939571753e-18
22580.0   3.93361924954e-18
22650.0   3.88784278155e-18
22720.0   3.84364481245e-18
22790.0   3.80102534225e-18
22860.0   3.75682737315e-18
22930.0   3.71262940406e-18
23000.0   3.66843143496e-18
23070.0   3.62423346587e-18
23140.0   3.58161399567e-18
23210.0   3.54057302436e-18
23280.0   3.49795355416e-18
23350.0   3.45691258286e-18
23420.0   3.41587161156e-18
23490.0   3.37640913915e-18
23560.0   3.33694666674e-18
23630.0   3.29748419434e-18
23700.0   3.25960022082e-18
23770.0   3.22171624731e-18
23840.0   3.1854107727e-18
23920.0   3.14752679919e-18
23990.0   3.11279982347e-18
24060.0   3.07649434886e-18
24130.0   3.04176737314e-18
24200.0   3.00704039742e-18
24270.0   2.9723134217e-18
24340.0   2.93916494488e-18
24410.0   2.90601646806e-18
24480.0   2.87286799124e-18
24550.0   2.84129801331e-18
24620.0   2.80972803538e-18
24690.0   2.77815805746e-18
24760.0   2.74658807953e-18
24830.0   2.71501810161e-18
24900.0   2.68502662258e-18
24970.0   2.65503514355e-18
25040.0   2.62504366452e-18
25110.0   2.59663068439e-18
25180.0   2.56821770425e-18
25250.0   2.53980472412e-18
25330.0   2.51139174399e-18
25400.0   2.48297876385e-18
25470.0   2.45614428262e-18
25540.0   2.42773130248e-18
25610.0   2.40089682125e-18
25680.0   2.37248384111e-18
25750.0   2.34407086098e-18
25820.0   2.31407938195e-18
25890.0   2.28250940403e-18
25960.0   2.2493609272e-18
26030.0   2.2083199559e-18
26070.0   2.18464247246e-18
26100.0   2.15780799122e-18
26140.0   2.12623801329e-18
26150.0   2.10729602654e-18
26170.0   2.08519704199e-18
26190.0   2.05994105965e-18
26210.0   2.02994958062e-18
26220.0   2.01100759386e-18
26230.0   1.96523112587e-18
26240.0   1.95102463581e-18
26250.0   1.92103315678e-18
26260.0   1.90840516561e-18
26270.0   1.90051267112e-18
26280.0   1.92419015457e-18
26290.0   1.96680962477e-18
26300.0   1.98259461373e-18
26310.0   1.9968011038e-18
26320.0   2.00785059607e-18
26340.0   2.02363558504e-18
26350.0   2.03626357621e-18
26370.0   2.04573456958e-18
26390.0   2.05204856517e-18
26420.0   2.06151955855e-18
26460.0   2.06467655634e-18
26490.0   2.06467655634e-18
26560.0   2.05836256075e-18
26630.0   2.04573456958e-18
26700.0   2.03152807952e-18
26770.0   2.01416459166e-18
26830.0   1.9968011038e-18
26900.0   1.97785911704e-18
26970.0   1.95891713029e-18
27040.0   1.93997514353e-18
27110.0   1.92103315678e-18
27180.0   1.90366966892e-18
27250.0   1.88472768216e-18
27320.0   1.86578569541e-18
27390.0   1.84842220755e-18
27450.0   1.82948022079e-18
27520.0   1.81211673293e-18
27590.0   1.79475324507e-18
27660.0   1.77738975721e-18
27730.0   1.76002626936e-18
27800.0   1.74424128039e-18
27870.0   1.72687779253e-18
27940.0   1.70951430467e-18
28010.0   1.69372931571e-18
28070.0   1.67794432675e-18
28140.0   1.66058083889e-18
28210.0   1.64479584993e-18
28280.0   1.62901086096e-18
28350.0   1.6148043709e-18
28420.0   1.59901938193e-18
28490.0   1.58323439297e-18
28560.0   1.56855435324e-18
28630.0   1.5538743135e-18
28690.0   1.53919427377e-18
28760.0   1.52467208392e-18
28830.0   1.51046559385e-18
28900.0   1.49625910379e-18
28970.0   1.4823683135e-18
29040.0   1.4686353731e-18
29110.0   1.4549024327e-18
29180.0   1.44148519209e-18
29250.0   1.42822580136e-18
29310.0   1.41496641063e-18
29380.0   1.40202271968e-18
29450.0   1.38907902873e-18
29520.0   1.37645103756e-18
29590.0   1.36382304639e-18
29660.0   1.351510755e-18
29730.0   1.33919846361e-18
29800.0   1.32704402211e-18
29870.0   1.31504743049e-18
29930.0   1.30320868877e-18
