900.0   1.68446269908e-16
900.1   1.68519977436e-16
900.2   1.68593684964e-16
900.3   1.68716530843e-16
900.4   1.68790238371e-16
900.5   1.6891308425e-16
900.6   1.6903593013e-16
900.7   1.69109637657e-16
900.8   1.69232483537e-16
900.9   1.6933076024e-16
901.0   1.69429036944e-16
901.1   1.69527313647e-16
901.2   1.69650159527e-16
901.3   1.6974843623e-16
901.4   1.69846712934e-16
901.5   1.69969558814e-16
901.6   1.70043266341e-16
901.7   1.70166112221e-16
901.8   1.70239819748e-16
901.9   1.70362665628e-16
902.0   1.70436373155e-16
902.1   1.70559219035e-16
902.2   1.70682064914e-16
902.3   1.70755772442e-16
902.4   1.70878618321e-16
902.5   1.70952325849e-16
902.6   1.71075171729e-16
902.7   1.71173448432e-16
902.8   1.71296294312e-16
902.9   1.71370001839e-16
903.0   1.71492847719e-16
903.1   1.71615693598e-16
903.2   1.71689401126e-16
903.3   1.71812247005e-16
903.4   1.71885954533e-16
903.5   1.72008800412e-16
903.6   1.7208250794e-16
903.7   1.7220535382e-16
903.8   1.72303630523e-16
903.9   1.72426476403e-16
904.0   1.72524753106e-16
904.1   1.7262302981e-16
904.2   1.72745875689e-16
904.3   1.72819583217e-16
904.4   1.72942429096e-16
904.5   1.73016136624e-16
904.6   1.73138982503e-16
904.7   1.73261828383e-16
904.8   1.73335535911e-16
904.9   1.7345838179e-16
905.0   1.73556658494e-16
905.1   1.73679504373e-16
905.2   1.73826919428e-16
905.5   1.74146318715e-16
906.2   1.74809686464e-16
907.4   1.76111852786e-16
908.0   1.76750651359e-16
909.0   1.77733418395e-16
909.9   1.78740754607e-16
910.4   1.79354984004e-16
910.9   1.79993782577e-16
911.1   1.80313181864e-16
911.3   1.8063258115e-16
911.5   1.80779996206e-16
911.6   1.80951980437e-16
911.7   1.81099395492e-16
911.8   1.8117310302e-16
911.9   1.81664486538e-16
912.0   1.81861039945e-16
912.3   1.82106731704e-16
912.8   1.82598115221e-16
913.2   1.83138637091e-16
913.5   1.83507174729e-16
913.7   1.83973989071e-16
913.9   1.84661925996e-16
914.2   1.85669262208e-16
914.4   1.87020566882e-16
914.6   1.88789547546e-16
914.9   1.91025342552e-16
915.1   1.93801659428e-16
915.4   1.97118498173e-16
915.6   2.00975858788e-16
915.8   2.05373741272e-16
916.1   2.10336714802e-16
916.3   2.15840210202e-16
916.5   2.21835089119e-16
916.8   2.28272213203e-16
917.0   2.35127013276e-16
917.2   2.42374920164e-16
917.5   2.49868518811e-16
917.7   2.57484963337e-16
918.0   2.64855716104e-16
918.1   2.68541092488e-16
918.2   2.71489393595e-16
918.3   2.74192002943e-16
918.4   2.7492907822e-16
918.5   2.75666153496e-16
918.6   2.74437694702e-16
918.7   2.71243701836e-16
918.8   2.64855716104e-16
918.9   2.48885751775e-16
919.0   2.26085556548e-16
919.1   2.01418103954e-16
919.2   1.71787677829e-16
919.3   1.3967576494e-16
919.4   1.27636868753e-16
919.5   1.50903878322e-16
919.6   1.8380200484e-16
919.7   2.14808304814e-16
919.8   2.43111995441e-16
919.9   2.66329866658e-16
920.0   2.84756748576e-16
920.1   2.9507580245e-16
920.2   2.97778411798e-16
920.3   2.93847343656e-16
920.4   2.8156275571e-16
920.5   2.61170339721e-16
920.6   2.36994270644e-16
920.7   2.07437552047e-16
920.8   1.75104516575e-16
920.9   1.39946025875e-16
921.0   1.14074683662e-16
921.1   1.39700334116e-16
921.2   1.75276500806e-16
921.3   2.08813425897e-16
921.4   2.41244738073e-16
921.5   2.70015243041e-16
921.6   2.99743945869e-16
921.7   3.23821738243e-16
921.8   3.42002928402e-16
921.9   3.5600735866e-16
922.0   3.63623803186e-16
922.1   3.65835029016e-16
922.2   3.6264103615e-16
922.3   3.53550441071e-16
922.4   3.37580476742e-16
922.5   3.18170827788e-16
922.6   2.93110268379e-16
922.7   2.6362725731e-16
922.8   2.34070538713e-16
922.9   2.00975858788e-16
923.0   1.66185905726e-16
923.1   1.28251098151e-16
923.2   1.13976406958e-16
923.3   1.52476305579e-16
923.4   1.70976895025e-16
923.5   2.06233662429e-16
923.6   2.5674788806e-16
923.7   2.88687816719e-16
923.8   3.05149164565e-16
923.9   3.35369250911e-16
924.0   3.6264103615e-16
924.1   4.00723258781e-16
924.2   4.20624291253e-16
924.3   4.37331330859e-16
924.4   4.44210700108e-16
924.5   4.55266829259e-16
924.6   4.64603116098e-16
924.7   4.6632295841e-16
924.8   4.66077266651e-16
924.9   4.62391890267e-16
925.0   4.54529753982e-16
925.1   4.35120105029e-16
925.2   4.17430298387e-16
925.3   3.96300807121e-16
925.4   3.71240247712e-16
925.5   3.43968462473e-16
925.6   3.14976834922e-16
925.7   2.82791214505e-16
925.8   2.50605594088e-16
925.9   2.15864779378e-16
926.0   1.79281276476e-16
926.1   1.41272761373e-16
926.2   1.1031559975e-16
926.3   1.08816880021e-16
926.4   1.50314218101e-16
926.5   1.88961531777e-16
926.6   2.25471327151e-16
926.7   2.60187572685e-16
926.8   2.93847343656e-16
926.9   3.27015731108e-16
927.0   3.5821858449e-16
927.1   3.89421437871e-16
927.2   4.19395832458e-16
927.3   4.46667617697e-16
927.4   4.73448019418e-16
927.5   4.98508578827e-16
927.6   5.21357912406e-16
927.7   5.41750328395e-16
927.8   5.59685826796e-16
927.9   5.75655791125e-16
928.0   5.89168837865e-16
928.1   6.00224967016e-16
928.2   6.09315562095e-16
928.3   6.15949239586e-16
928.4   6.20371691246e-16
928.5   6.22828608835e-16
928.6   6.23074300594e-16
928.7   6.21108766523e-16
928.8   6.16686314863e-16
928.9   6.08824178577e-16
929.0   5.97768049427e-16
929.1   5.84009310928e-16
929.2   5.68285038357e-16
929.3   5.4961246468e-16
929.4   5.28482973414e-16
929.5   5.04405181041e-16
929.6   4.80081696909e-16
929.7   4.54529753982e-16
929.8   4.28486427538e-16
929.9   4.00231875263e-16
930.0   3.70011788918e-16
930.1   3.39546010813e-16
930.2   3.07360390396e-16
930.3   2.73700619425e-16
930.4   2.39008943067e-16
930.5   2.01688364889e-16
930.6   1.61665177362e-16
930.7   1.1665444713e-16
930.8   1.05844009738e-16
930.9   1.52009491237e-16
931.0   1.93285706734e-16
931.1   2.31539913596e-16
931.2   2.67558325452e-16
931.3   3.18907903064e-16
931.4   3.51830598758e-16
931.5   3.83524835658e-16
931.6   4.15219072557e-16
931.7   4.45193467144e-16
931.8   4.74185094695e-16
931.9   5.03422414005e-16
932.0   5.33396808592e-16
932.1   5.6312551142e-16
932.2   5.91871447213e-16
932.3   6.19388924211e-16
932.4   6.46169325932e-16
932.5   6.72704035894e-16
932.6   6.98501670579e-16
932.7   7.22333771194e-16
932.8   7.44446029495e-16
932.9   7.65084137244e-16
933.0   7.84739477957e-16
933.1   8.03166359875e-16
933.2   8.20364782998e-16
933.3   8.36334747328e-16
933.4   8.51076252862e-16
933.5   8.63115149049e-16
933.6   8.73925586441e-16
933.7   8.83261873279e-16
933.8   8.91615393082e-16
933.9   8.98740454091e-16
934.0   9.04637056304e-16
934.1   9.08813816206e-16
934.2   9.11270733795e-16
934.3   9.12007809072e-16
934.4   9.10779350277e-16
934.5   9.07585357411e-16
934.6   9.02671522233e-16
934.7   8.95055077707e-16
934.8   8.85473099109e-16
934.9   8.73679894682e-16
935.0   8.59921156183e-16
935.1   8.4468826713e-16
935.2   8.28472611042e-16
935.3   8.10782804401e-16
935.4   7.91373155447e-16
935.5   7.70980739458e-16
935.6   7.49605556433e-16
935.7   7.26510531095e-16
935.8   7.0292412224e-16
936.0   6.55751304529e-16
936.2   6.06858644506e-16
936.3   5.81552393339e-16
936.4   5.55754758653e-16
936.5   5.28974356932e-16
936.6   5.01211188175e-16
936.7   4.72465252383e-16
936.8   4.43227933073e-16
936.9   4.12762154968e-16
937.0   3.81313609827e-16
937.1   3.49373681169e-16
937.2   3.32912333322e-16
937.3   2.98269795316e-16
937.4   2.62398798515e-16
937.5   2.24070884125e-16
937.6   1.82917514508e-16
937.7   1.3967576494e-16
937.8   9.80801501566e-17
937.9   1.08620326614e-16
938.0   1.73949765308e-16
938.1   2.16405301247e-16
938.2   2.55519429266e-16
938.3   2.92127501343e-16
938.4   3.27752806385e-16
938.5   3.61412577356e-16
938.6   3.94089581291e-16
938.7   4.26275201708e-16
938.8   4.57478055089e-16
938.9   4.87698141435e-16
939.0   5.17918227781e-16
939.2   5.75901482884e-16
939.4   6.32410587433e-16
939.6   6.89165383741e-16
939.7   7.18157011292e-16
939.8   7.47640022361e-16
939.9   7.78842875743e-16
940.0   8.10291420883e-16
940.1   8.41494274265e-16
940.2   8.73434202923e-16
940.3   9.06356898617e-16
940.4   9.3952528607e-16
940.5   9.7318505704e-16
940.6   1.00905605384e-15
940.7   1.04541843416e-15
940.8   1.08153512272e-15
940.9   1.11765181128e-15
941.0   1.1527857328e-15
941.2   1.22182511706e-15
941.3   1.25548488803e-15
941.4   1.28865327548e-15
941.5   1.31985612886e-15
941.6   1.34761929762e-15
941.7   1.37439969934e-15
941.9   1.42550358519e-15
942.1   1.47292209466e-15
942.3   1.51493538544e-15
942.5   1.55375468334e-15
942.7   1.58913429663e-15
942.9   1.62131991704e-15
943.1   1.6490830858e-15
943.3   1.6724238029e-15
943.5   1.69158776009e-15
943.7   1.70583788211e-15
943.8   1.7112431008e-15
943.9   1.71517416895e-15
944.0   1.7166483195e-15
944.1   1.71541986071e-15
944.2   1.7124715596e-15
944.3   1.70755772442e-15
944.4   1.70043266341e-15
944.5   1.69158776009e-15
944.6   1.68053163094e-15
944.7   1.66750996772e-15
944.8   1.65227707867e-15
944.9   1.63385019675e-15
945.0   1.613212089e-15
945.1   1.59060844718e-15
945.2   1.56579357953e-15
945.3   1.53901317781e-15
945.4   1.51026724202e-15
945.5   1.47980146391e-15
945.7   1.41788714067e-15
945.9   1.35179605752e-15
946.1   1.28226528975e-15
946.5   1.14787189762e-15
946.7   1.08079804744e-15
946.9   1.01495265605e-15
947.0   9.8227565212e-16
947.1   9.51318490497e-16
947.2   9.2134409591e-16
947.3   8.921067766e-16
947.4   8.63360840808e-16
947.5   8.35106288533e-16
947.6   8.07588811535e-16
947.7   7.80317026296e-16
947.8   7.53045241057e-16
948.0   6.98747362338e-16
948.2   6.4420379186e-16
948.4   5.88677454347e-16
948.5   5.60177210313e-16
948.6   5.30939891003e-16
948.7   5.00965496416e-16
948.8   4.70008334794e-16
948.9   4.38068406135e-16
949.0   4.053914022e-16
949.1   3.71977322989e-16
949.2   3.36843401465e-16
949.3   2.99989637628e-16
949.4   2.61170339721e-16
949.5   2.1937817153e-16
949.6   1.71910523709e-16
949.7   1.29135588483e-16
949.8   1.02379755938e-16
949.9   1.47636177929e-16
950.0   2.06381077484e-16
950.1   2.43210272144e-16
950.2   2.99743945869e-16
950.3   3.21119128895e-16
950.4   3.62149652632e-16
950.5   4.01214642299e-16
950.6   4.39051173171e-16
950.7   4.75904937007e-16
950.8   5.11775933808e-16
950.9   5.46418471814e-16
951.0   5.80323934544e-16
951.2   6.13246630238e-16
951.4   6.78354946349e-16
951.6   7.43708954219e-16
951.8   8.10045729124e-16
951.9   8.43705500095e-16
952.1   8.78348038101e-16
952.2   9.14219034902e-16
952.3   9.51564182256e-16
952.4   9.90137788405e-16
952.5   1.0314140039e-15
952.6   1.07563852051e-15
952.7   1.12084580414e-15
952.8   1.1677729301e-15
953.0   1.21715697364e-15
953.1   1.26875224301e-15
953.2   1.32157597117e-15
953.3   1.37611954165e-15
953.4   1.43287433796e-15
953.5   1.49577142824e-15
953.6   1.56087974435e-15
953.7   1.62893636157e-15
953.9   1.69846712934e-15
954.0   1.77094619822e-15
954.1   1.84661925996e-15
954.2   1.92548631457e-15
954.3   2.00582751974e-15
954.5   2.17093238172e-15
954.8   2.33726570251e-15
955.0   2.49622827052e-15
955.2   2.65347099622e-15
955.4   2.80825680433e-15
955.7   2.94830110691e-15
955.9   3.07606082155e-15
956.1   3.20136361859e-15
956.3   3.32420949804e-15
956.6   3.43968462473e-15
956.8   3.55024591624e-15
957.0   3.65343645498e-15
957.5   3.84998986211e-15
957.7   3.9433527305e-15
957.9   4.02934484611e-15
958.1   4.11042312655e-15
958.4   4.18904448941e-15
958.6   4.2578381819e-15
958.8   4.32171803922e-15
959.0   4.38068406135e-15
959.3   4.43227933073e-15
959.5   4.47896076492e-15
959.7   4.51827144634e-15
960.0   4.550211375e-15
960.2   4.57478055089e-15
960.4   4.59197897402e-15
960.6   4.60180664437e-15
960.9   4.60426356196e-15
961.1   4.59934972678e-15
961.3   4.58706513884e-15
961.5   4.56495288054e-15
961.8   4.53792678706e-15
962.0   4.50107302322e-15
962.2   4.45439158903e-15
962.4   4.40279631966e-15
962.7   4.34383029752e-15
962.9   4.27503660502e-15
963.1   4.20132907735e-15
963.3   4.12025079691e-15
963.6   4.0318017637e-15
963.8   3.93598197773e-15
964.0   3.83770527416e-15
964.2   3.72960090024e-15
964.5   3.62149652632e-15
964.7   3.50602139964e-15
965.1   3.26524347591e-15
965.6   3.01709479941e-15
966.0   2.76403228773e-15
966.5   2.51342669364e-15
966.7   2.38910666363e-15
966.9   2.26748924297e-15
967.2   2.14857443166e-15
967.4   2.0323622297e-15
967.6   1.92008109588e-15
967.8   1.8117310302e-15
968.1   1.70731203266e-15
968.3   1.60731548679e-15
968.5   1.51125000905e-15
968.7   1.41960698298e-15
969.0   1.33238640857e-15
969.2   1.24934259405e-15
969.4   1.17022984769e-15
969.7   1.09455678594e-15
969.9   1.02232340882e-15
970.1   9.5303833281e-16
970.3   8.85964482627e-16
970.6   8.20856166516e-16
970.8   7.56239233923e-16
971.0   6.92113684848e-16
971.2   6.26513985219e-16
971.3   5.92608522489e-16
971.5   5.57965984483e-16
971.6   5.22340679441e-16
971.7   4.85241223846e-16
971.8   4.46176234179e-16
971.9   4.26029509949e-16
972.0   3.83770527416e-16
972.1   3.39300319054e-16
972.2   3.0416639753e-16
972.3   2.53308203436e-16
972.4   2.08936271777e-16
972.5   1.2753859205e-16
972.6   1.17686352518e-16
972.7   1.91860694532e-16
972.8   2.47657292981e-16
972.9   2.94093035415e-16
973.0   3.36597709706e-16
973.1   3.76891158167e-16
973.2   4.15464764316e-16
973.3   4.70008334794e-16
973.4   5.04405181041e-16
973.5   5.37819260253e-16
973.6   5.7000488067e-16
973.7   6.0145342581e-16
973.8   6.32410587433e-16
973.9   6.62876365538e-16
974.1   7.22579462953e-16
974.3   7.82036868609e-16
974.5   8.41985657782e-16
974.7   9.02917213992e-16
974.9   9.65814304273e-16
975.1   1.03092262038e-15
975.3   1.0989792376e-15
975.5   1.17047553944e-15
975.7   1.24565721767e-15
975.9   1.3250156558e-15
976.1   1.40879654559e-15
976.3   1.49749127055e-15
976.5   1.59183690597e-15
976.7   1.69183345185e-15
976.9   1.79772659994e-15
977.1   1.91025342552e-15
977.3   2.02965962035e-15
977.5   2.15594518443e-15
977.7   2.29009288479e-15
977.9   2.43185702969e-15
978.1   2.58222038614e-15
978.3   2.73946311184e-15
978.5   2.9065335079e-15
978.7   3.08343157431e-15
978.9   3.26770039349e-15
979.1   3.46179688303e-15
979.3   3.66572104293e-15
979.5   3.87947287318e-15
979.7   4.10305237379e-15
979.9   4.33645954475e-15
980.1   4.58215130366e-15
980.3   4.83521381534e-15
980.5   5.10056091496e-15
980.7   5.37573568494e-15
980.9   5.66073812527e-15
981.1   5.95556823596e-15
981.3   6.2626829346e-15
981.5   6.57962530359e-15
981.7   6.90639534294e-15
981.9   7.24544997024e-15
982.1   7.59433226789e-15
982.3   7.9530422359e-15
982.5   8.32157987426e-15
982.9   9.08813816206e-15
983.3   9.89400713128e-15
983.7   1.07342729468e-14
984.1   1.16064786909e-14
984.5   1.25130812813e-14
984.9   1.34491668827e-14
985.3   1.44147354952e-14
985.7   1.54048732836e-14
986.1   1.64146664127e-14
986.9   1.84735633524e-14
987.7   2.05545725504e-14
988.5   2.26576940066e-14
989.3   2.47411601222e-14
990.1   2.67312633693e-14
990.9   2.86476590888e-14
991.7   3.04903472807e-14
992.1   3.13502684368e-14
992.5   3.21856204171e-14
992.9   3.29472648697e-14
993.3   3.36597709706e-14
994.1   3.50110756446e-14
994.5   3.56253050419e-14
994.9   3.61903960874e-14
995.3   3.66817796052e-14
995.7   3.71485939471e-14
996.1   3.75417007614e-14
996.5   3.79102383997e-14
996.9   3.81804993345e-14
997.3   3.84016219175e-14
998.1   3.87210212041e-14
998.5   3.88192979077e-14
998.9   3.88192979077e-14
999.3   3.87210212041e-14
999.7   3.86227445006e-14
1000.0   3.8524467797e-14
1001.0   3.83770527416e-14
1002.0   3.72960090024e-14
1003.0   3.64360878463e-14
1004.0   3.47162455339e-14
1005.0   3.33158025081e-14
1006.0   3.09571616226e-14
1007.0   2.92127501343e-14
1008.0   2.64118640828e-14
1009.0   2.44315885059e-14
1010.0   2.04218990005e-14
1011.0   1.84195111654e-14
1012.0   1.6436778671e-14
1013.0   1.45375813747e-14
1014.0   1.18472566146e-14
1015.0   1.02060356651e-14
1016.0   8.34614905015e-15
1017.0   6.71966960617e-15
1018.0   5.32905425074e-15
1019.0   4.17184606628e-15
1020.0   3.23084662966e-15
1021.0   2.48394368257e-15
1022.0   1.90165421396e-15
1023.0   1.45154691164e-15
1024.0   1.09259125187e-15
1025.0   7.60907377342e-16
1026.0   3.14239759645e-16
1027.0   6.30445053361e-16
1028.0   9.65814304273e-16
1029.0   1.32206735469e-15
1030.0   1.70116973869e-15
1031.0   2.16307024544e-15
1032.0   2.85985207371e-15
1033.0   3.7173163123e-15
1034.0   4.67060033687e-15
1035.0   5.71233339464e-15
1036.0   6.59190989154e-15
1037.0   8.38791664917e-15
1038.0   1.15475126687e-14
1039.0   1.58471184497e-14
1040.0   1.86357199133e-14
1041.0   2.17338929931e-14
1042.0   2.46183142427e-14
1043.0   2.70015243041e-14
1044.0   3.01218096423e-14
1045.0   3.17433752511e-14
1046.0   3.53059057553e-14
1047.0   3.70994555953e-14
1048.0   3.90649896666e-14
1049.0   4.08831086825e-14
1050.0   4.31434728645e-14
1051.0   4.47650384733e-14
1052.0   4.55758212777e-14
1053.0   4.58215130366e-14
1054.0   4.59689280919e-14
1055.0   4.60426356196e-14
1056.0   4.63128965544e-14
1057.0   4.58215130366e-14
1058.0   4.48633151769e-14
1059.0   4.45930542421e-14
1060.0   4.54038370465e-14
1061.0   4.7074541007e-14
1062.0   4.96297352997e-14
1063.0   5.31431274521e-14
1064.0   5.69267805393e-14
1065.0   5.98996508221e-14
1066.0   6.18406157175e-14
1067.0   6.38552881406e-14
1068.0   6.45923634173e-14
1069.0   6.47397784726e-14
1070.0   6.37815806129e-14
1071.0   6.20125999487e-14
1072.0   6.13983705515e-14
1073.0   6.04401726917e-14
1074.0   5.97768049427e-14
1075.0   5.77867016955e-14
1076.0   5.68039346599e-14
1077.0   5.59685826796e-14
1078.0   5.67547963081e-14
1079.0   5.87694687311e-14
1080.0   6.26022601701e-14
1081.0   6.46415017691e-14
1082.0   6.82777398009e-14
1083.0   6.96781828267e-14
1084.0   7.16682860739e-14
1085.0   7.2307084647e-14
1086.0   7.31178674514e-14
1087.0   7.33635592103e-14
1088.0   7.36829584969e-14
1089.0   7.38303735523e-14
1091.0   7.39040810799e-14
1092.0   7.38795119041e-14
1095.0   7.36338201451e-14
1097.0   7.32898516827e-14
1100.0   7.28476065166e-14
1102.0   7.23316538229e-14
1105.0   7.17911319533e-14
1108.0   7.12260409078e-14
1110.0   7.06363806864e-14
1113.0   7.00221512892e-14
1116.0   6.9383352716e-14
1118.0   6.87445541428e-14
1121.0   6.80811863938e-14
1123.0   6.74423878206e-14
1126.0   6.67790200716e-14
1129.0   6.61402214984e-14
1131.0   6.54522845735e-14
1134.0   6.47397784726e-14
1137.0   6.397813402e-14
1139.0   6.31919203915e-14
1142.0   6.23565684112e-14
1144.0   6.15212164309e-14
1147.0   6.06367260988e-14
1150.0   5.9703097415e-14
1152.0   5.87203303793e-14
1155.0   5.76884249919e-14
1158.0   5.65582429009e-14
1160.0   5.53297841064e-14
1163.0   5.40276177842e-14
1165.0   5.26271747584e-14
1168.0   5.11530242049e-14
1171.0   4.9556027772e-14
1173.0   4.76887704043e-14
1176.0   4.56249596295e-14
1177.0   4.45193467144e-14
1179.0   4.34137337993e-14
1180.0   4.22344133565e-14
1181.0   4.09568162102e-14
1182.0   3.96055115362e-14
1184.0   3.81559301586e-14
1185.0   3.66326412534e-14
1186.0   3.50356448205e-14
1188.0   3.33895100358e-14
1189.0   3.16450985475e-14
1190.0   2.98269795316e-14
1192.0   2.7935152988e-14
1193.0   2.59450497408e-14
1194.0   2.39303773178e-14
1196.0   2.18813080485e-14
1197.0   1.98125834385e-14
1198.0   1.77364880757e-14
1200.0   1.5677591136e-14
1201.0   1.36825740537e-14
1202.0   1.27219192763e-14
1203.0   1.08743172493e-14
1204.0   9.15693185455e-15
1205.0   8.35351980292e-15
1206.0   7.2307084647e-15
1207.0   6.20863074764e-15
1208.0   5.29220048691e-15
1209.0   4.48633151769e-15
1210.0   3.79102383997e-15
1211.0   3.18907903064e-15
1212.0   2.67066941935e-15
1213.0   2.2296527121e-15
1214.0   1.84096834951e-15
1215.0   1.37833076748e-15
1216.0   3.61166885597e-16
1217.0   9.59426318541e-16
1218.0   1.82991222036e-15
1219.0   2.23014409562e-15
1220.0   2.67312633693e-15
1221.0   3.05394856324e-15
1222.0   3.65589337257e-15
1223.0   4.48878843527e-15
1224.0   5.01948263452e-15
1225.0   5.85237769722e-15
1226.0   7.02187046963e-15
1227.0   7.46657255326e-15
1228.0   8.26998460489e-15
1229.0   9.05865515099e-15
1230.0   1.00168530107e-14
1231.0   1.12895363219e-14
1232.0   1.29061880955e-14
1233.0   1.4822583815e-14
1234.0   1.69060499306e-14
1235.0   1.90042575516e-14
1236.0   2.10189299747e-14
1237.0   2.29033857655e-14
1238.0   2.3797703768e-14
1239.0   2.63135873792e-14
1240.0   2.78860146362e-14
1241.0   2.93601651897e-14
1242.0   3.07606082155e-14
1243.0   3.20136361859e-14
1244.0   3.31683874528e-14
1245.0   3.4249431192e-14
1246.0   3.52567674035e-14
1247.0   3.61903960874e-14
1248.0   3.70503172435e-14
1250.0   3.77873925203e-14
1251.0   3.84753294452e-14
1252.0   3.90649896666e-14
1253.0   3.95809423603e-14
1255.0   4.05882785718e-14
1256.0   4.10305237379e-14
1257.0   4.14236305521e-14
1258.0   4.17675990146e-14
1259.0   4.20624291253e-14
1261.0   4.25538126431e-14
1263.0   4.3020626985e-14
1265.0   4.34137337993e-14
1267.0   4.36839947341e-14
1269.0   4.38559789653e-14
1271.0   4.40033940207e-14
1276.0   4.42245166037e-14
1280.0   4.42982241314e-14
1284.0   4.42490857796e-14
1288.0   4.4150809076e-14
1292.0   4.40033940207e-14
1293.0   4.39542556689e-14
1297.0   4.37577022618e-14
1300.0   4.35857180305e-14
1305.0   4.32908879198e-14
1310.0   4.28977811056e-14
1315.0   4.25292434672e-14
1320.0   4.20869983012e-14
1330.0   4.12516463209e-14
1340.0   4.04408635165e-14
1350.0   3.96792190639e-14
1360.0   3.87701595559e-14
1370.0   3.77382541685e-14
1380.0   3.67063487811e-14
1385.0   3.61658269115e-14
1390.0   3.56744433936e-14
1395.0   3.53304749312e-14
1400.0   3.51093523482e-14
1405.0   3.49619372928e-14
1410.0   3.47899530616e-14
1420.0   3.42740003679e-14
1430.0   3.36106326188e-14
1440.0   3.29226956939e-14
1460.0   3.1546821844e-14
1480.0   3.02446555217e-14
1500.0   2.89916275513e-14
1520.0   2.78368762844e-14
1540.0   2.67066941935e-14
1560.0   2.5674788806e-14
1580.0   2.46674525945e-14
1600.0   2.37362808282e-14
1620.0   2.28419628258e-14
1640.0   2.199186934e-14
1660.0   2.11860003708e-14
1680.0   2.04218990005e-14
1700.0   1.96946513942e-14
1720.0   1.90018006341e-14
1740.0   1.83408898026e-14
1760.0   1.77094619822e-14
1780.0   1.71099740904e-14
1800.0   1.65350553746e-14
1820.0   1.59871627522e-14
1840.0   1.54613823882e-14
1860.0   1.49601712e-14
1880.0   1.44835291877e-14
1900.0   1.40240855985e-14
1920.0   1.35842973501e-14
1940.0   1.31641644424e-14
1960.0   1.27612299578e-14
1980.0   1.23730369787e-14
2000.0   1.20020424227e-14
2020.0   1.16457893723e-14
2040.0   1.13018209098e-14
2060.0   1.09725939529e-14
2080.0   1.06556515839e-14
2100.0   1.03534507204e-14
2120.0   1.00586206098e-14
2140.0   9.77853200459e-15
2160.0   9.5058141522e-15
2180.0   9.24538088776e-15
2200.0   8.99231837608e-15
2220.0   8.74908353476e-15
2240.0   8.5156763638e-15
2260.0   8.2896399456e-15
2280.0   8.07097428017e-15
2300.0   7.85967936751e-15
2320.0   7.65575520762e-15
2340.0   7.45920180049e-15
2360.0   7.27001914613e-15
2380.0   7.08575032695e-15
2400.0   6.90885226053e-15
2420.0   6.7368680293e-15
2440.0   6.56979763324e-15
2460.0   6.41009798995e-15
2480.0   6.25531218183e-15
2500.0   6.10298329131e-15
2520.0   5.95802515355e-15
2540.0   5.81552393339e-15
2560.0   5.6779365484e-15
2580.0   5.54526299858e-15
2600.0   5.41750328395e-15
2620.0   5.29220048691e-15
2640.0   5.17181152504e-15
2660.0   5.05387948077e-15
2680.0   4.93840435408e-15
2700.0   4.82784306257e-15
2720.0   4.72219560624e-15
2740.0   4.61654814991e-15
2760.0   4.51581452875e-15
2780.0   4.41753782519e-15
2800.0   4.32171803922e-15
2820.0   4.22835517083e-15
2840.0   4.13744922003e-15
2860.0   4.04900018683e-15
2880.0   3.96300807121e-15
2900.0   3.87947287318e-15
2920.0   3.79839459274e-15
2940.0   3.71977322989e-15
2960.0   3.64360878463e-15
2980.0   3.56990125695e-15
3000.0   3.49619372928e-15
3020.0   3.4249431192e-15
3040.0   3.3561494267e-15
3060.0   3.2898126518e-15
3080.0   3.22347587689e-15
3100.0   3.15959601957e-15
3120.0   3.09817307985e-15
3140.0   3.03675014012e-15
3160.0   2.97778411798e-15
3180.0   2.92127501343e-15
3200.0   2.86476590888e-15
3220.0   2.81071372192e-15
3240.0   2.75666153496e-15
3260.0   2.70506626559e-15
3280.0   2.65347099622e-15
3300.0   2.60433264444e-15
3320.0   2.55519429266e-15
3340.0   2.50851285846e-15
3360.0   2.46183142427e-15
3380.0   2.41736121591e-15
3400.0   2.37313669931e-15
3420.0   2.3301406415e-15
3440.0   2.28812735072e-15
3460.0   2.24709682699e-15
3480.0   2.20704907028e-15
3500.0   2.16773838886e-15
3520.0   2.12941047447e-15
3540.0   2.09206532711e-15
3560.0   2.05545725504e-15
3580.0   2.01958625824e-15
3600.0   1.98469802847e-15
3620.0   1.95030118222e-15
3633.0   1.92868030744e-15
3640.0   1.91664141125e-15
3644.0   1.90951635024e-15
3647.0   1.90509389858e-15
3650.0   1.90042575516e-15
3660.0   1.8834730238e-15
3670.0   1.86701167595e-15
3676.0   1.85669262208e-15
3680.0   1.85055032811e-15
3683.0   1.84514510941e-15
3684.0   1.84391665061e-15
3687.0   1.83875712368e-15
3688.0   1.83752866488e-15
3693.0   1.8296665286e-15
3698.0   1.82057593352e-15
3703.0   1.81345087251e-15
3704.0   1.8117310302e-15
3705.0   1.80976549613e-15
3707.0   1.8063258115e-15
3710.0   1.80165766808e-15
3712.0   1.79944644225e-15
3713.0   1.79698952466e-15
3716.0   1.79232138124e-15
3721.0   1.7842135532e-15
3722.0   1.78372216968e-15
3723.0   1.78126525209e-15
3725.0   1.7788083345e-15
3728.0   1.77340311581e-15
3735.0   1.76234698666e-15
3742.0   1.7525193163e-15
3747.0   1.74342872122e-15
3749.0   1.73949765308e-15
3751.0   1.73605796845e-15
3755.0   1.73335535911e-15
3759.0   1.7291785992e-15
3761.0   1.72598460634e-15
3763.0   1.72377338051e-15
3766.0   1.71492847719e-15
3769.0   1.70780341618e-15
3770.0   1.7041180398e-15
3772.0   1.70141543045e-15
3773.0   1.70166112221e-15
3774.0   1.70264388924e-15
3776.0   1.70362665628e-15
3777.0   1.70460942331e-15
3778.0   1.70510080683e-15
3781.0   1.70485511507e-15
3784.0   1.70215250572e-15
3786.0   1.69723867055e-15
3789.0   1.68937653426e-15
3792.0   1.6795488639e-15
3794.0   1.6670185842e-15
3795.0   1.66357889958e-15
3797.0   1.65375122922e-15
3798.0   1.6490830858e-15
3799.0   1.64613478469e-15
3800.0   1.64834601052e-15
3801.0   1.65203138691e-15
3802.0   1.65620814681e-15
3803.0   1.66038490671e-15
3804.0   1.66431597485e-15
3806.0   1.67144103586e-15
3808.0   1.67758332983e-15
3810.0   1.68151439798e-15
3812.0   1.68446269908e-15
3814.0   1.68446269908e-15
3816.0   1.68347993205e-15
3818.0   1.68053163094e-15
3820.0   1.67438933697e-15
3821.0   1.66603581716e-15
3823.0   1.65596245505e-15
3825.0   1.64294079183e-15
3827.0   1.62770790277e-15
3829.0   1.61026378789e-15
3830.0   1.60412149392e-15
3831.0   1.59085413894e-15
3833.0   1.57021603119e-15
3835.0   1.55301760807e-15
3836.0   1.54540116354e-15
3837.0   1.54196147892e-15
3838.0   1.54884084816e-15
3839.0   1.55694867621e-15
3840.0   1.56997033943e-15
3841.0   1.58299200265e-15
3843.0   1.60019042578e-15
3846.0   1.63065620388e-15
3848.0   1.64392355886e-15
3849.0   1.65596245505e-15
3851.0   1.66603581716e-15
3852.0   1.67488072049e-15
3854.0   1.68176008973e-15
3856.0   1.68667392491e-15
3857.0   1.68962222602e-15
3859.0   1.6903593013e-15
3861.0   1.6903593013e-15
3862.0   1.68888515074e-15
3864.0   1.68446269908e-15
3866.0   1.67758332983e-15
3867.0   1.66824704299e-15
3869.0   1.65891075616e-15
3870.0   1.64736324349e-15
3872.0   1.63286742971e-15
3874.0   1.61493193131e-15
3875.0   1.59380244005e-15
3877.0   1.57439279109e-15
3879.0   1.55080638224e-15
3880.0   1.52451736403e-15
3882.0   1.49749127055e-15
3884.0   1.46776256772e-15
3885.0   1.43778817314e-15
3887.0   1.4051111692e-15
3888.0   1.38864982136e-15
3889.0   1.37243416527e-15
3890.0   1.3525331328e-15
3891.0   1.35204174928e-15
3892.0   1.37120570647e-15
3893.0   1.38668428728e-15
3894.0   1.41837852418e-15
3896.0   1.44933568581e-15
3898.0   1.47931008039e-15
3899.0   1.50658186563e-15
3901.0   1.53287088384e-15
3904.0   1.58200923562e-15
3906.0   1.60436718568e-15
3907.0   1.6257423687e-15
3909.0   1.64441494238e-15
3911.0   1.66087629023e-15
3912.0   1.67414364521e-15
3914.0   1.68691961667e-15
3916.0   1.69895851286e-15
3917.0   1.70927756673e-15
3919.0   1.71640262774e-15
3920.0   1.72229922995e-15
3922.0   1.72647598986e-15
3924.0   1.72991567448e-15
3927.0   1.73237259207e-15
3930.0   1.72966998272e-15
3933.0   1.72131646292e-15
3937.0   1.70632926563e-15
3940.0   1.68397131556e-15
3942.0   1.6711953441e-15
3943.0   1.65596245505e-15
3945.0   1.63778126489e-15
3947.0   1.61640608186e-15
3950.0   1.57046172295e-15
3951.0   1.54589254706e-15
3953.0   1.51984922061e-15
3955.0   1.48962913427e-15
3956.0   1.45572367154e-15
3958.0   1.42525789343e-15
3960.0   1.39086104719e-15
3961.0   1.35425297511e-15
3963.0   1.31690782775e-15
3965.0   1.27710576281e-15
3966.0   1.23754938963e-15
3968.0   1.19627317413e-15
3969.0   1.17170399824e-15
3970.0   1.1181431948e-15
3971.0   1.1031559975e-15
3972.0   1.09873354584e-15
3973.0   1.13386746737e-15
3974.0   1.16212201964e-15
3975.0   1.20732930328e-15
3977.0   1.24958828581e-15
3979.0   1.289144659e-15
3980.0   1.32526134756e-15
3982.0   1.36236080315e-15
3984.0   1.39724903292e-15
3986.0   1.42796050278e-15
3987.0   1.46162027375e-15
3989.0   1.49208605186e-15
3991.0   1.5193578371e-15
3993.0   1.54417270475e-15
3994.0   1.56726773008e-15
3996.0   1.59355674829e-15
3998.0   1.61640608186e-15
3999.0   1.63630711434e-15
4001.0   1.65350553746e-15
4005.0   1.68372562381e-15
4008.0   1.70780341618e-15
4011.0   1.72573891458e-15
4015.0   1.73802350253e-15
4018.0   1.74686840585e-15
4022.0   1.75276500806e-15
4025.0   1.75645038444e-15
4029.0   1.75767884324e-15
4036.0   1.75399346685e-15
4039.0   1.74907963168e-15
4042.0   1.74195457067e-15
4046.0   1.73212690031e-15
4049.0   1.71935092885e-15
4053.0   1.702889581e-15
4056.0   1.68323424029e-15
4060.0   1.65964783143e-15
4063.0   1.63016482036e-15
4067.0   1.5940481318e-15
4070.0   1.55498314214e-15
4073.0   1.51296985136e-15
4075.0   1.4906119013e-15
4077.0   1.46628841717e-15
4079.0   1.43975370721e-15
4080.0   1.41199053845e-15
4082.0   1.38373598618e-15
4084.0   1.35425297511e-15
4086.0   1.32305012173e-15
4087.0   1.28840758372e-15
4089.0   1.25376504571e-15
4091.0   1.21912250771e-15
4092.0   1.18128597684e-15
4094.0   1.14197529541e-15
4096.0   1.10045338816e-15
4097.0   1.07883251337e-15
4098.0   1.05696594683e-15
4099.0   1.00782759505e-15
4100.0   9.8006442629e-16
4101.0   9.49107264667e-16
4102.0   9.14464726661e-16
4103.0   8.88175708457e-16
4104.0   8.98494762332e-16
4105.0   9.44439121248e-16
4106.0   9.89155021369e-16
4107.0   1.00856467032e-15
4108.0   1.04468135888e-15
4109.0   1.07662128754e-15
4111.0   1.10757844916e-15
4112.0   1.13583300144e-15
4113.0   1.16408755371e-15
4116.0   1.21592851484e-15
4119.0   1.26383840783e-15
4121.0   1.3100284585e-15
4124.0   1.35007621521e-15
4127.0   1.3871756708e-15
4129.0   1.42280097584e-15
4132.0   1.45351244571e-15
4135.0   1.48053853919e-15
4137.0   1.50781032443e-15
4140.0   1.53213380856e-15
4142.0   1.5552288339e-15
4145.0   1.57488417461e-15
4148.0   1.5910998307e-15
4150.0   1.6048585692e-15
4153.0   1.61640608186e-15
4158.0   1.63507865554e-15
4164.0   1.64662616821e-15
4169.0   1.6532598457e-15
4174.0   1.65694522208e-15
4180.0   1.65841937264e-15
4185.0   1.65768229736e-15
4190.0   1.65571676329e-15
4195.0   1.65276846218e-15
4201.0   1.64883739404e-15
4206.0   1.64441494238e-15
4211.0   1.63925541544e-15
4217.0   1.63360450499e-15
4222.0   1.62746221102e-15
4227.0   1.62058284177e-15
4232.0   1.613212089e-15
4238.0   1.6048585692e-15
4243.0   1.59601366588e-15
4248.0   1.58643168728e-15
4254.0   1.57512986637e-15
4259.0   1.56210820315e-15
4264.0   1.54736669761e-15
4270.0   1.53016827449e-15
4275.0   1.5097758585e-15
4280.0   1.48520668261e-15
4285.0   1.45646074681e-15
4291.0   1.42402943464e-15
4296.0   1.3884041296e-15
4299.0   1.36874878888e-15
4301.0   1.3471279141e-15
4304.0   1.323787197e-15
4307.0   1.29897232935e-15
4309.0   1.27243761939e-15
4312.0   1.24467445063e-15
4315.0   1.21519143957e-15
4317.0   1.18300581915e-15
4320.0   1.14787189762e-15
4323.0   1.11101813379e-15
4325.0   1.07121606884e-15
4328.0   1.02822001104e-15
4330.0   9.83504110914e-16
4332.0   9.59180626782e-16
4333.0   9.3485714265e-16
4334.0   9.09059507965e-16
4336.0   8.81050647449e-16
4337.0   8.50093485826e-16
4338.0   8.33386446221e-16
4339.0   7.94567148313e-16
4340.0   7.7048935594e-16
4341.0   7.33144208586e-16
4342.0   6.63122057296e-16
4343.0   7.19385470087e-16
4344.0   7.73437657047e-16
4345.0   8.07834503294e-16
4346.0   8.35351980292e-16
4347.0   8.71714360611e-16
4348.0   8.92598160118e-16
4350.0   9.12744884348e-16
4351.0   9.31171766267e-16
4352.0   9.49107264667e-16
4354.0   9.83749802673e-16
4356.0   1.01495265605e-15
4358.0   1.04566412592e-15
4360.0   1.07416436995e-15
4362.0   1.10045338816e-15
4364.0   1.12502256405e-15
4366.0   1.14811758938e-15
4369.0   1.16949277241e-15
4371.0   1.18890242136e-15
4373.0   1.20683791976e-15
4375.0   1.22379065113e-15
4379.0   1.25474781275e-15
4383.0   1.28128252271e-15
4387.0   1.30314908926e-15
4392.0   1.32108458766e-15
4396.0   1.3375459355e-15
4400.0   1.35105898224e-15
4404.0   1.36236080315e-15
4409.0   1.37120570647e-15
4413.0   1.37783938396e-15
4417.0   1.38201614387e-15
4421.0   1.38496444497e-15
4430.0   1.38692997904e-15
4438.0   1.38545582849e-15
4447.0   1.38152476035e-15
4455.0   1.37611954165e-15
4463.0   1.36997724768e-15
4472.0   1.36309787843e-15
4480.0   1.35572712566e-15
4489.0   1.34811068114e-15
4497.0   1.34024854485e-15
4506.0   1.33238640857e-15
4514.0   1.32452427228e-15
4522.0   1.31641644424e-15
4531.0   1.30830861619e-15
4539.0   1.30020078815e-15
4548.0   1.2920929601e-15
4556.0   1.28398513206e-15
4565.0   1.27587730402e-15
4573.0   1.26776947597e-15
4582.0   1.25966164793e-15
4590.0   1.25155381988e-15
4598.0   1.2436916836e-15
4607.0   1.23558385556e-15
4615.0   1.22772171927e-15
4624.0   1.21961389123e-15
4632.0   1.21175175494e-15
4641.0   1.2036439269e-15
4649.0   1.19578179061e-15
4657.0   1.18791965433e-15
4666.0   1.17981182628e-15
4674.0   1.17170399824e-15
4683.0   1.16359617019e-15
4691.0   1.15524265039e-15
4700.0   1.14664343883e-15
4708.0   1.13804422727e-15
4717.0   1.12895363219e-15
4725.0   1.11961734535e-15
4733.0   1.10954398323e-15
4742.0   1.0989792376e-15
4750.0   1.08792310845e-15
4759.0   1.07588421226e-15
4767.0   1.06237116552e-15
4776.0   1.04738396823e-15
4784.0   1.02993985335e-15
4792.0   1.00979312912e-15
4801.0   9.85469644986e-16
4805.0   9.71710906487e-16
4809.0   9.56478017434e-16
4814.0   9.39770977828e-16
4818.0   9.22081171187e-16
4822.0   9.01934446956e-16
4826.0   8.79822188655e-16
4830.0   8.55007321005e-16
4835.0   8.27735535766e-16
4839.0   7.97269757661e-16
4841.0   7.80808409814e-16
4843.0   7.6360998669e-16
4845.0   7.45428796531e-16
4847.0   7.26264839336e-16
4849.0   7.06118115106e-16
4852.0   6.8474293208e-16
4854.0   6.61647906743e-16
4855.0   6.49363318798e-16
4856.0   6.36587347334e-16
4857.0   6.22337225317e-16
4858.0   6.06612952747e-16
4859.0   5.88431762588e-16
4860.0   5.65828120768e-16
4861.0   5.52069382269e-16
4862.0   5.11775933808e-16
4863.0   4.53055603429e-16
4864.0   5.0243964697e-16
4865.0   5.41996020154e-16
4866.0   5.74181640571e-16
4867.0   5.96539590632e-16
4868.0   6.06367260988e-16
4869.0   6.23319992353e-16
4870.0   6.38552881406e-16
4871.0   6.52065928146e-16
4873.0   6.64841899609e-16
4875.0   6.88674000223e-16
4878.0   7.10294875007e-16
4880.0   7.30441599238e-16
4883.0   7.48868481156e-16
4885.0   7.66066904279e-16
4888.0   7.82036868609e-16
4890.0   7.96532682384e-16
4893.0   8.10045729124e-16
4895.0   8.22576008829e-16
4898.0   8.33877829738e-16
4900.0   8.44442575372e-16
4905.0   8.62623765531e-16
4910.0   8.77365271065e-16
4915.0   8.89649859011e-16
4920.0   8.99968912885e-16
4925.0   9.08322432688e-16
4930.0   9.14956110179e-16
4935.0   9.20115637116e-16
4940.0   9.23801013499e-16
4945.0   9.26503622847e-16
4955.0   9.29206232195e-16
4965.0   9.29697615713e-16
4975.0   9.2822346516e-16
4985.0   9.25275164053e-16
4990.0   9.2355532174e-16
4995.0   9.21589787669e-16
5000.0   9.19624253598e-16
5010.0   9.15201801937e-16
5020.0   9.10042275e-16
5040.0   8.98986145849e-16
5060.0   8.87438633181e-16
5080.0   8.75645428753e-16
5100.0   8.63852224325e-16
5120.0   8.52059019898e-16
5140.0   8.4026581547e-16
5160.0   8.28718302801e-16
5180.0   8.17416481892e-16
5200.0   8.06114660982e-16
5220.0   7.95058531831e-16
5240.0   7.84248094439e-16
5260.0   7.73683348806e-16
5280.0   7.63118603173e-16
5300.0   7.52799549298e-16
5320.0   7.42726187183e-16
5340.0   7.32652825068e-16
5360.0   7.22825154711e-16
5380.0   7.13243176114e-16
5400.0   7.03661197516e-16
5420.0   6.94324910678e-16
5440.0   6.85234315598e-16
5460.0   6.76143720519e-16
5480.0   6.67298817198e-16
5500.0   6.58453913877e-16
5520.0   6.49854702315e-16
5540.0   6.41501182512e-16
5560.0   6.33147662709e-16
5580.0   6.24794142907e-16
5600.0   6.16932006621e-16
5620.0   6.08824178577e-16
5640.0   6.01207734051e-16
5660.0   5.93345597766e-16
5680.0   5.85974844999e-16
5700.0   5.78358400473e-16
5720.0   5.71233339464e-16
5740.0   5.63862586697e-16
5760.0   5.56737525689e-16
5780.0   5.49858156439e-16
5800.0   5.4297878719e-16
5820.0   5.3609941794e-16
5840.0   5.2946574045e-16
5860.0   5.23077754718e-16
5880.0   5.16444077228e-16
5900.0   5.10056091496e-16
5920.0   5.03913797523e-16
5940.0   4.9777150355e-16
5960.0   4.91629209578e-16
5980.0   4.85732607364e-16
6000.0   4.7983600515e-16
6020.0   4.73939402936e-16
6040.0   4.68288492481e-16
6060.0   4.62637582026e-16
6080.0   4.5723236333e-16
6100.0   4.51581452875e-16
6120.0   4.46176234179e-16
6140.0   4.41016707242e-16
6160.0   4.35611488546e-16
6180.0   4.30451961609e-16
6200.0   4.25292434672e-16
6220.0   4.20378599494e-16
6240.0   4.15219072557e-16
6260.0   4.10305237379e-16
6280.0   4.053914022e-16
6300.0   4.00477567022e-16
6320.0   3.95563731844e-16
6340.0   3.90649896666e-16
6360.0   3.85736061488e-16
6380.0   3.8082222631e-16
6400.0   3.75662699372e-16
6420.0   3.70257480676e-16
6440.0   3.64360878463e-16
6460.0   3.57481509213e-16
6470.0   3.53550441071e-16
6480.0   3.48882297651e-16
6490.0   3.43722770714e-16
6500.0   3.37334784983e-16
6505.0   3.33895100358e-16
6510.0   3.29718340456e-16
6515.0   3.25295888796e-16
6520.0   3.20136361859e-16
6525.0   3.14485451404e-16
6530.0   3.07851773913e-16
6535.0   3.00481021146e-16
6540.0   2.92127501343e-16
6542.0   2.87213666165e-16
6545.0   2.82299830987e-16
6548.0   2.7714030405e-16
6550.0   2.71243701836e-16
6552.0   2.65101407863e-16
6555.0   2.57976346855e-16
6556.0   2.54045278712e-16
6558.0   2.49622827052e-16
6559.0   2.4473356105e-16
6560.0   2.38886097188e-16
6561.0   2.35446412563e-16
6562.0   2.26871770177e-16
6563.0   2.17535483338e-16
6564.0   2.01147843019e-16
6565.0   1.81025687964e-16
6566.0   2.04317266709e-16
6567.0   2.19550155761e-16
6568.0   2.28321351554e-16
6569.0   2.34660198934e-16
6570.0   2.39721449168e-16
6571.0   2.43922778245e-16
6572.0   2.47657292981e-16
6573.0   2.50851285846e-16
6575.0   2.5674788806e-16
6577.0   2.61661723239e-16
6579.0   2.66084174899e-16
6581.0   2.702609348e-16
6583.0   2.74192002943e-16
6587.0   2.81071372192e-16
6591.0   2.86967974406e-16
6595.0   2.92127501343e-16
6599.0   2.96549953004e-16
6603.0   3.00481021146e-16
6607.0   3.03920705771e-16
6611.0   3.06623315119e-16
6615.0   3.09080232708e-16
6623.0   3.12765609092e-16
6631.0   3.1546821844e-16
6639.0   3.17188060752e-16
6647.0   3.18416519547e-16
6655.0   3.18907903064e-16
6671.0   3.18907903064e-16
6687.0   3.18170827788e-16
6703.0   3.16450985475e-16
6719.0   3.14485451404e-16
6735.0   3.12519917333e-16
6751.0   3.10308691503e-16
6767.0   3.07851773913e-16
6783.0   3.05394856324e-16
6799.0   3.02937938735e-16
6815.0   3.00481021146e-16
6831.0   2.98024103557e-16
6847.0   2.95567185968e-16
6863.0   2.93110268379e-16
6879.0   2.9065335079e-16
6895.0   2.8844212496e-16
6911.0   2.85985207371e-16
6927.0   2.83528289781e-16
6943.0   2.81071372192e-16
6959.0   2.78860146362e-16
6975.0   2.76648920532e-16
6991.0   2.74192002943e-16
7007.0   2.71980777113e-16
7023.0   2.69769551283e-16
7039.0   2.67558325452e-16
7055.0   2.65347099622e-16
7071.0   2.63135873792e-16
7087.0   2.60924647962e-16
7103.0   2.58713422132e-16
7119.0   2.56502196301e-16
7135.0   2.5453666223e-16
7151.0   2.523254364e-16
7167.0   2.50359902329e-16
7183.0   2.48394368257e-16
7199.0   2.46183142427e-16
7215.0   2.44242177532e-16
7231.0   2.42276643461e-16
7247.0   2.40311109389e-16
7263.0   2.38370144494e-16
7279.0   2.36429179599e-16
7295.0   2.34537353055e-16
7311.0   2.32645526511e-16
7327.0   2.30778269144e-16
7343.0   2.28935580952e-16
7359.0   2.27117461936e-16
7375.0   2.2529934292e-16
7391.0   2.2350579308e-16
7407.0   2.21736812416e-16
7423.0   2.19967831752e-16
7439.0   2.18223420263e-16
7455.0   2.16503577951e-16
7471.0   2.14808304814e-16
7487.0   2.13113031678e-16
7503.0   2.11442327717e-16
7519.0   2.09796192933e-16
7535.0   2.08150058148e-16
7551.0   2.06528492539e-16
7567.0   2.0490692693e-16
7583.0   2.03309930498e-16
7599.0   2.01737503241e-16
7615.0   2.00189645159e-16
7631.0   1.98641787078e-16
7647.0   1.97093928997e-16
7663.0   1.95595209268e-16
7679.0   1.94096489538e-16
7695.0   1.92597769809e-16
7711.0   1.91123619256e-16
7727.0   1.89674037878e-16
7743.0   1.882244565e-16
7759.0   1.86799444299e-16
7775.0   1.85374432097e-16
7791.0   1.83973989071e-16
7807.0   1.82573546046e-16
7823.0   1.81197672196e-16
7839.0   1.79821798346e-16
7855.0   1.78470493672e-16
7871.0   1.77143758174e-16
7887.0   1.75817022676e-16
7903.0   1.74490287177e-16
7919.0   1.73188120855e-16
7935.0   1.71910523709e-16
7951.0   1.70632926563e-16
7967.0   1.69355329416e-16
7983.0   1.68102301446e-16
7999.0   1.66873842651e-16
8015.0   1.65645383857e-16
8031.0   1.64416925062e-16
8047.0   1.63213035444e-16
8063.0   1.62009145825e-16
8079.0   1.60829825382e-16
8095.0   1.59650504939e-16
8111.0   1.58495753672e-16
8127.0   1.57341002406e-16
8143.0   1.56186251139e-16
8159.0   1.55056069048e-16
8175.0   1.53925886957e-16
8191.0   1.52820274042e-16
8206.0   1.51763799478e-16
8222.0   1.50682755739e-16
8237.0   1.49626281176e-16
8253.0   1.48569806613e-16
8268.0   1.47537901225e-16
8284.0   1.46505995838e-16
8299.0   1.4547409045e-16
8315.0   1.44466754239e-16
8330.0   1.43459418027e-16
8346.0   1.42452081816e-16
8361.0   1.4146931478e-16
8377.0   1.40486547744e-16
8390.0   1.39651195764e-16
8392.0   1.39503780709e-16
8395.0   1.39356365653e-16
8399.0   1.39086104719e-16
8402.0   1.38938689663e-16
8409.0   1.38496444497e-16
8416.0   1.38054199331e-16
8419.0   1.37857645924e-16
8430.0   1.37194278175e-16
8440.0   1.36555479602e-16
8451.0   1.35916681029e-16
8453.0   1.35769265973e-16
8461.0   1.35277882456e-16
8470.0   1.34786498938e-16
8486.0   1.33803731902e-16
8500.0   1.32992949098e-16
8502.0   1.32845534042e-16
8505.0   1.32698118987e-16
8510.0   1.32403288876e-16
8520.0   1.31838197831e-16
8532.0   1.31150260906e-16
8540.0   1.30683446564e-16
8548.0   1.30216632222e-16
8564.0   1.29283003538e-16
8580.0   1.2837394403e-16
8592.0   1.27710576281e-16
8596.0   1.27464884522e-16
8601.0   1.27219192763e-16
8610.0   1.2670324007e-16
8628.0   1.25720473034e-16
8646.0   1.24713136822e-16
8662.0   1.23877784842e-16
8665.0   1.23730369787e-16
8667.0   1.23582954731e-16
8673.0   1.23288124621e-16
8684.0   1.22698464399e-16
8696.0   1.22108804178e-16
8707.0   1.21519143957e-16
8718.0   1.20904914559e-16
8730.0   1.20290685162e-16
8741.0   1.19701024941e-16
8752.0   1.19135933895e-16
8753.0   1.19111364719e-16
8754.0   1.19062226367e-16
8755.0   1.1898851884e-16
8758.0   1.18841103784e-16
8764.0   1.18546273674e-16
8776.0   1.17981182628e-16
8788.0   1.17416091583e-16
8800.0   1.16851000537e-16
8811.0   1.16261340316e-16
8823.0   1.15671680095e-16
8835.0   1.15082019873e-16
8847.0   1.14467790476e-16
8852.0   1.14197529541e-16
8859.0   1.13878130255e-16
8865.0   1.13558730968e-16
8878.0   1.13018209098e-16
8891.0   1.12502256405e-16
8904.0   1.11961734535e-16
8917.0   1.1139664349e-16
8930.0   1.10806983268e-16
8943.0   1.10119046343e-16
8956.0   1.09504816946e-16
8969.0   1.08841449197e-16
8982.0   1.08178081448e-16
8995.0   1.07465575347e-16
8999.0   1.0726902194e-16
9008.0   1.0672850007e-16
9017.0   1.06237116552e-16
9027.0   1.05991424794e-16
9036.0   1.05745733035e-16
9055.0   1.05254349517e-16
9074.0   1.04664689295e-16
9092.0   1.04001321546e-16
9111.0   1.03288815446e-16
9130.0   1.02478032641e-16
9149.0   1.01593542309e-16
9168.0   1.00635344449e-16
9186.0   9.95543007101e-17
9205.0   9.83258419155e-17
9216.0   9.7539628287e-17
9224.0   9.69991064174e-17
9232.0   9.65568612514e-17
9239.0   9.64831537237e-17
9247.0   9.64585845478e-17
9262.0   9.63111694925e-17
9278.0   9.62128927889e-17
9293.0   9.60163393818e-17
9309.0   9.5746078447e-17
9324.0   9.54266791604e-17
9340.0   9.50090031703e-17
9355.0   9.45421888283e-17
9371.0   9.40016669587e-17
9386.0   9.34365759132e-17
9402.0   9.27977773401e-17
9417.0   9.2134409591e-17
9433.0   9.13973343143e-17
9448.0   9.0561982334e-17
9464.0   8.9652922826e-17
9479.0   8.86210174386e-17
9495.0   8.74662661717e-17
9510.0   8.61395306736e-17
9526.0   8.46162417684e-17
9533.0   8.38300281399e-17
9541.0   8.29455378078e-17
9545.0   8.25032926418e-17
9547.0   8.23067392346e-17
9549.0   8.21101858275e-17
9550.0   8.21838933552e-17
9552.0   8.22576008829e-17
9554.0   8.23313084105e-17
9556.0   8.24295851141e-17
9558.0   8.25524309936e-17
9560.0   8.26507076971e-17
9562.0   8.27489844007e-17
9564.0   8.28472611042e-17
9567.0   8.30192453355e-17
9575.0   8.3363213798e-17
9590.0   8.38545973158e-17
9605.0   8.41985657782e-17
9620.0   8.43705500095e-17
9635.0   8.43951191854e-17
9651.0   8.43459808336e-17
9666.0   8.41985657782e-17
9681.0   8.39774431952e-17
9696.0   8.36826130845e-17
9711.0   8.33877829738e-17
9726.0   8.30438145114e-17
9741.0   8.2675276873e-17
9756.0   8.22576008829e-17
9771.0   8.18399248927e-17
9786.0   8.13976797267e-17
9802.0   8.09308653848e-17
9817.0   8.04394818669e-17
9832.0   7.99235291732e-17
9847.0   7.94812840072e-17
9862.0   7.90144696653e-17
9877.0   7.8400240268e-17
9892.0   7.7712303343e-17
9907.0   7.69997972422e-17
9922.0   7.62135836137e-17
9937.0   7.53782316334e-17
9953.0   7.43954645978e-17
9968.0   7.33389900345e-17
9983.0   7.21105312399e-17
9996.0   7.09066416213e-17
9998.0   7.07100882141e-17
10000.0   7.04889656311e-17
10010.0   6.97764595303e-17
10020.0   6.82286014491e-17
10030.0   6.73441111171e-17
10040.0   6.54277153976e-17
10050.0   6.43958100102e-17
10060.0   6.38307189647e-17
10070.0   6.53048695181e-17
10080.0   6.60910831466e-17
10090.0   6.67544508957e-17
10100.0   6.77863562831e-17
10110.0   6.81548939215e-17
10120.0   6.84988623839e-17
10130.0   6.89902459018e-17
10150.0   6.92605068366e-17
10170.0   6.94324910678e-17
10180.0   6.94570602437e-17
10200.0   6.9383352716e-17
10230.0   6.90885226053e-17
10260.0   6.85971390875e-17
10290.0   6.8032048042e-17
10360.0   6.67053125439e-17
10420.0   6.5329438694e-17
10490.0   6.37324422611e-17
10550.0   6.22582917076e-17
10610.0   6.08087103301e-17
10680.0   5.92362830731e-17
10710.0   5.83763619169e-17
10740.0   5.7442733233e-17
10770.0   5.64108278456e-17
10790.0   5.58457368001e-17
10810.0   5.52069382269e-17
10820.0   5.44944321261e-17
10840.0   5.36836493217e-17
10850.0   5.27500206378e-17
10870.0   5.17181152504e-17
10890.0   5.046508728e-17
10900.0   4.90155059024e-17
10910.0   4.81555847462e-17
10920.0   4.71973868865e-17
10930.0   4.60672047955e-17
10940.0   4.42490857796e-17
10950.0   4.40771015483e-17
10960.0   4.56249596295e-17
10970.0   4.71728177106e-17
10980.0   4.7762477932e-17
10990.0   4.82538614498e-17
11000.0   4.86469682641e-17
11020.0   4.9556027772e-17
11040.0   4.99491345863e-17
11050.0   5.01948263452e-17
11070.0   5.03422414005e-17
11080.0   5.03913797523e-17
11100.0   5.03668105764e-17
11120.0   5.03176722246e-17
11150.0   5.00719804657e-17
11180.0   4.97280120033e-17
11240.0   4.8892660023e-17
11310.0   4.79590313391e-17
11370.0   4.70008334794e-17
11440.0   4.60426356196e-17
11500.0   4.51581452875e-17
11560.0   4.42245166037e-17
11630.0   4.32908879198e-17
11690.0   4.24063975878e-17
11760.0   4.15219072557e-17
11820.0   4.06865552754e-17
11880.0   3.98512032951e-17
11950.0   3.90404204907e-17
12010.0   3.82542068622e-17
12080.0   3.74434240578e-17
12140.0   3.66817796052e-17
12200.0   3.59447043284e-17
12270.0   3.52076290517e-17
12330.0   3.4470553775e-17
12400.0   3.37580476742e-17
12460.0   3.30455415733e-17
12520.0   3.23084662966e-17
12590.0   3.14731143163e-17
12620.0   3.10308691503e-17
12650.0   3.05149164565e-17
12670.0   3.02200863459e-17
12680.0   2.98761178834e-17
12700.0   2.95321494209e-17
12720.0   2.91144734308e-17
12730.0   2.86476590888e-17
12750.0   2.81071372192e-17
12760.0   2.7492907822e-17
12770.0   2.71243701836e-17
12780.0   2.67312633693e-17
12790.0   2.62644490274e-17
12800.0   2.57239271578e-17
12810.0   2.46183142427e-17
12820.0   2.33800277778e-17
12830.0   2.30311454802e-17
12840.0   2.44954683633e-17
12850.0   2.54045278712e-17
12860.0   2.59696189167e-17
12870.0   2.62644490274e-17
12880.0   2.65101407863e-17
12890.0   2.69032476006e-17
12910.0   2.71735085354e-17
12920.0   2.73700619425e-17
12940.0   2.75174769979e-17
12960.0   2.75911845255e-17
12970.0   2.76157537014e-17
12990.0   2.76403228773e-17
13020.0   2.75666153496e-17
13050.0   2.74437694702e-17
13080.0   2.72963544148e-17
13150.0   2.69032476006e-17
13210.0   2.64610024345e-17
13280.0   2.60187572685e-17
13340.0   2.55519429266e-17
13400.0   2.51096977605e-17
13470.0   2.46674525945e-17
13530.0   2.42227505109e-17
13600.0   2.37927899328e-17
13660.0   2.33824846954e-17
13720.0   2.29697225404e-17
13790.0   2.25962710669e-17
13850.0   2.22301903461e-17
13920.0   2.18714803781e-17
13980.0   2.15201411629e-17
14040.0   2.11761727004e-17
14110.0   2.08395749907e-17
14170.0   2.05078911162e-17
14240.0   2.01835779944e-17
14300.0   1.98666356254e-17
14360.0   1.95546070916e-17
14430.0   1.92499493106e-17
14490.0   1.89502053647e-17
14560.0   1.8655375254e-17
14620.0   1.83679158961e-17
14680.0   1.8063258115e-17
14750.0   1.77610572516e-17
14810.0   1.74662271409e-17
14880.0   1.71763108654e-17
14940.0   1.68937653426e-17
15000.0   1.6616133655e-17
15050.0   1.64269510007e-17
15070.0   1.63434158027e-17
15090.0   1.62598806046e-17
15120.0   1.61345778076e-17
15130.0   1.60928102086e-17
15140.0   1.6048585692e-17
15160.0   1.59650504939e-17
15200.0   1.58102646858e-17
15260.0   1.55350899158e-17
15320.0   1.53164242504e-17
15330.0   1.52672858986e-17
15350.0   1.52181475468e-17
15370.0   1.51223277609e-17
15400.0   1.5014223387e-17
15410.0   1.49650850352e-17
15420.0   1.49331451065e-17
15440.0   1.48496099085e-17
15490.0   1.46899102652e-17
15560.0   1.44196493304e-17
15630.0   1.41543022308e-17
15710.0   1.39110673894e-17
15780.0   1.36702894657e-17
15810.0   1.3567098927e-17
15850.0   1.34368822948e-17
15890.0   1.33066656625e-17
15960.0   1.30536031509e-17
15970.0   1.3029033975e-17
16040.0   1.28054544744e-17
16110.0   1.25843318913e-17
16190.0   1.23705800611e-17
16260.0   1.21592851484e-17
16330.0   1.19455333182e-17
16390.0   1.17588075814e-17
16400.0   1.17170399824e-17
16410.0   1.16752723834e-17
16440.0   1.16212201964e-17
16460.0   1.15647110919e-17
16510.0   1.14418652124e-17
16610.0   1.11740611952e-17
16660.0   1.10413876454e-17
16710.0   1.09038002604e-17
16760.0   1.07490144523e-17
16810.0   1.05696594683e-17
16820.0   1.05426333748e-17
16830.0   1.05328057044e-17
16850.0   1.05082365286e-17
16900.0   1.04271582481e-17
16940.0   1.03288815446e-17
16990.0   1.02232340882e-17
17080.0   1.00070253404e-17
17170.0   9.78835967495e-18
17270.0   9.56723709193e-18
17350.0   9.36576984963e-18
17360.0   9.34611450891e-18
17370.0   9.3264591682e-18
17380.0   9.29206232195e-18
17420.0   9.22818246464e-18
17450.0   9.16675952491e-18
17520.0   9.04391364545e-18
17590.0   8.91861084841e-18
17650.0   8.79085113378e-18
17720.0   8.66309141915e-18
17790.0   8.53287478692e-18
17850.0   8.40020123711e-18
17920.0   8.26507076971e-18
17990.0   8.12011263196e-18
18050.0   7.9751544942e-18
18060.0   7.95549915349e-18
18120.0   7.82282560367e-18
18150.0   7.75403191118e-18
18160.0   7.71963506493e-18
18180.0   7.69015205386e-18
18190.0   7.67295363074e-18
18210.0   7.65821212521e-18
18220.0   7.64347061967e-18
18240.0   7.62627219655e-18
18250.0   7.61153069101e-18
18280.0   7.57713384477e-18
18340.0   7.5009693995e-18
18400.0   7.4125203663e-18
18450.0   7.31424366273e-18
18510.0   7.20368237122e-18
18540.0   7.13734559632e-18
18570.0   7.06118115106e-18
18600.0   6.97518903544e-18
18630.0   6.8719984967e-18
18660.0   6.74178186447e-18
18670.0   6.66561741921e-18
18680.0   6.577168386e-18
18700.0   6.47397784726e-18
18710.0   6.41255490754e-18
18720.0   6.26513985219e-18
18730.0   6.1717769838e-18
18740.0   6.04893110435e-18
18750.0   5.77867016955e-18
18760.0   5.2479759703e-18
18770.0   5.73444565295e-18
18780.0   6.00224967016e-18
18790.0   6.16932006621e-18
18800.0   6.22582917076e-18
18820.0   6.34867505022e-18
18830.0   6.40518415477e-18
18840.0   6.44695175378e-18
18860.0   6.47643476485e-18
18880.0   6.51820236387e-18
18910.0   6.53540078699e-18
18940.0   6.54031462217e-18
18960.0   6.53048695181e-18
19020.0   6.49363318798e-18
19070.0   6.43712408343e-18
19120.0   6.37078730852e-18
19180.0   6.29462286326e-18
19230.0   6.21354458282e-18
19290.0   6.12263863202e-18
19340.0   6.02190501087e-18
19390.0   5.91380063695e-18
19440.0   5.81061009821e-18
19450.0   5.80078242785e-18
19460.0   5.78358400473e-18
19480.0   5.77867016955e-18
19500.0   5.77867016955e-18
19550.0   5.77129941678e-18
19590.0   5.75655791125e-18
19630.0   5.73444565295e-18
19710.0   5.67547963081e-18
19800.0   5.60422902072e-18
19880.0   5.52560765787e-18
19960.0   5.44452937743e-18
20050.0   5.3609941794e-18
20130.0   5.27991589896e-18
20210.0   5.19392378334e-18
20300.0   5.11775933808e-18
20380.0   5.03668105764e-18
20460.0   4.9556027772e-18
20550.0   4.87698141435e-18
20630.0   4.80081696909e-18
20710.0   4.72219560624e-18
20800.0   4.64848807857e-18
20880.0   4.57478055089e-18
20970.0   4.49861610563e-18
21050.0   4.42736549555e-18
21130.0   4.35120105029e-18
21220.0   4.27749352261e-18
21300.0   4.19887215976e-18
21380.0   4.11288004414e-18
21420.0   4.06619860995e-18
21470.0   4.01706025817e-18
21510.0   3.95809423603e-18
21550.0   3.89421437871e-18
21570.0   3.85736061488e-18
21590.0   3.81804993345e-18
21610.0   3.78856692238e-18
21620.0   3.75662699372e-18
21630.0   3.71977322989e-18
21640.0   3.69766097159e-18
21650.0   3.6730917957e-18
21660.0   3.60921193838e-18
21670.0   3.63869494945e-18
21680.0   3.66080720775e-18
21700.0   3.69766097159e-18
21720.0   3.71485939471e-18
21730.0   3.72714398266e-18
21760.0   3.74188548819e-18
21800.0   3.74925624096e-18
21830.0   3.74925624096e-18
21860.0   3.74679932337e-18
21920.0   3.72960090024e-18
21990.0   3.70503172435e-18
22050.0   3.67554871328e-18
22120.0   3.64360878463e-18
22180.0   3.60921193838e-18
22240.0   3.57481509213e-18
22310.0   3.54041824588e-18
22370.0   3.50356448205e-18
22440.0   3.4691676358e-18
22500.0   3.43231387196e-18
22560.0   3.39791702572e-18
22630.0   3.36106326188e-18
22690.0   3.32666641563e-18
22760.0   3.29226956939e-18
22820.0   3.26032964073e-18
22880.0   3.22593279448e-18
22950.0   3.18907903064e-18
23010.0   3.1546821844e-18
23080.0   3.12028533815e-18
23140.0   3.08834540949e-18
23200.0   3.05640548083e-18
23270.0   3.02200863459e-18
23330.0   2.99006870593e-18
23400.0   2.95812877727e-18
23460.0   2.92618884861e-18
23520.0   2.89670583754e-18
23590.0   2.86476590888e-18
23650.0   2.83528289781e-18
23720.0   2.80579988675e-18
23780.0   2.77631687568e-18
23840.0   2.74683386461e-18
23910.0   2.71735085354e-18
23970.0   2.68786784247e-18
24040.0   2.66084174899e-18
24100.0   2.63381565551e-18
24160.0   2.60678956203e-18
24230.0   2.57976346855e-18
24290.0   2.55273737507e-18
24360.0   2.52571128159e-18
24420.0   2.5011421057e-18
24480.0   2.47411601222e-18
24550.0   2.44954683633e-18
24610.0   2.42448627692e-18
24680.0   2.39991710103e-18
24740.0   2.37534792514e-18
24800.0   2.34955029045e-18
24870.0   2.32571818984e-18
24930.0   2.30213178098e-18
25000.0   2.27879106388e-18
25060.0   2.25569603855e-18
25120.0   2.23284670497e-18
25190.0   2.20999737139e-18
25250.0   2.18763942133e-18
25320.0   2.16528147127e-18
25380.0   2.14316921297e-18
25440.0   2.12105695466e-18
25510.0   2.09894469636e-18
25570.0   2.07683243806e-18
25640.0   2.054474488e-18
25700.0   2.03162515442e-18
25760.0   2.00828443733e-18
25830.0   1.98371526143e-18
25890.0   1.95742624323e-18
25960.0   1.9289259992e-18
26020.0   1.89624899526e-18
26050.0   1.87757642159e-18
26080.0   1.85669262208e-18
26120.0   1.83310621322e-18
26150.0   1.80485166095e-18
26160.0   1.78912738838e-18
26180.0   1.77070050646e-18
26200.0   1.75006239871e-18
26210.0   1.72549322282e-18
26230.0   1.69625590351e-18
26240.0   1.67807471335e-18
26250.0   1.66087629023e-18
26260.0   1.6711953441e-18
26270.0   1.65792798912e-18
26280.0   1.66431597485e-18
26290.0   1.68176008973e-18
26310.0   1.702889581e-18
26320.0   1.71935092885e-18
26340.0   1.73138982503e-18
26350.0   1.74121749539e-18
26370.0   1.74809686464e-18
26390.0   1.75399346685e-18
26420.0   1.76185560314e-18
26450.0   1.7662780548e-18
26480.0   1.76799789711e-18
26510.0   1.76750651359e-18
26580.0   1.76259267842e-18
26640.0   1.7537477751e-18
26710.0   1.74269164594e-18
26770.0   1.73016136624e-18
26830.0   1.7166483195e-18
26900.0   1.70264388924e-18
26960.0   1.68839376723e-18
27030.0   1.67365226169e-18
27090.0   1.65891075616e-18
27150.0   1.64416925062e-18
27220.0   1.62967343685e-18
27280.0   1.61493193131e-18
27350.0   1.60043611754e-18
27410.0   1.58594030376e-18
27470.0   1.57169018174e-18
27540.0   1.55744005973e-18
27600.0   1.54343562947e-18
27670.0   1.52967689097e-18
27730.0   1.51591815247e-18
27790.0   1.50289648925e-18
27860.0   1.48938344251e-18
27920.0   1.47611608753e-18
27990.0   1.46284873255e-18
28050.0   1.44958137757e-18
28110.0   1.43655971434e-18
28180.0   1.42378374288e-18
28240.0   1.41125346318e-18
28310.0   1.39872318347e-18
28370.0   1.38619290377e-18
28430.0   1.37390831582e-18
28500.0   1.36186941963e-18
28560.0   1.34983052345e-18
28630.0   1.33803731902e-18
28690.0   1.32624411459e-18
28750.0   1.31469660192e-18
28820.0   1.30314908926e-18
28880.0   1.29184726835e-18
28950.0   1.28054544744e-18
29010.0   1.26948931828e-18
29070.0   1.25867888089e-18
29140.0   1.24762275174e-18
29200.0   1.23705800611e-18
29270.0   1.22624756872e-18
29330.0   1.21592851484e-18
29390.0   1.20536376921e-18
29460.0   1.19504471534e-18
29520.0   1.18497135322e-18
29590.0   1.1748979911e-18
29650.0   1.16482462899e-18
29710.0   1.15499695863e-18
29780.0   1.14516928828e-18
29840.0   1.13558730968e-18
29910.0   1.12600533108e-18
29970.0   1.11666904424e-18
