900.0   2.34504052041e-16
900.1   2.34608753035e-16
900.2   2.34713454029e-16
900.3   2.34870505521e-16
900.4   2.34975206515e-16
900.5   2.35132258007e-16
900.6   2.35289309498e-16
900.7   2.35394010493e-16
900.8   2.35551061984e-16
900.9   2.35655762978e-16
901.0   2.3581281447e-16
901.1   2.35917515464e-16
901.2   2.36074566956e-16
901.3   2.36231618447e-16
901.4   2.36336319442e-16
901.5   2.36493370933e-16
901.6   2.36598071927e-16
901.7   2.36755123419e-16
901.8   2.36859824413e-16
901.9   2.37016875905e-16
902.0   2.37121576899e-16
902.1   2.37304803639e-16
902.2   2.37461855131e-16
902.3   2.37566556125e-16
902.4   2.37723607616e-16
902.5   2.37828308611e-16
902.6   2.37985360102e-16
902.7   2.38090061096e-16
902.8   2.38247112588e-16
902.9   2.38351813582e-16
903.0   2.38508865074e-16
903.1   2.38665916565e-16
903.2   2.3877061756e-16
903.3   2.38927669051e-16
903.4   2.39032370045e-16
903.5   2.39189421537e-16
903.6   2.39294122531e-16
903.7   2.39451174023e-16
903.8   2.39555875017e-16
903.9   2.39712926509e-16
904.0   2.39869978e-16
904.1   2.40000854243e-16
904.2   2.40157905734e-16
904.3   2.40262606729e-16
904.4   2.4041965822e-16
904.5   2.40524359215e-16
904.6   2.40681410706e-16
904.7   2.40838462198e-16
904.8   2.40943163192e-16
904.9   2.41100214683e-16
905.0   2.41204915678e-16
905.1   2.41361967169e-16
905.2   2.41571369158e-16
905.5   2.42016348384e-16
906.2   2.42853956338e-16
907.4   2.44555347496e-16
908.0   2.45392955451e-16
909.0   2.4670171788e-16
909.9   2.48010480309e-16
910.4   2.48926614009e-16
910.9   2.4984274771e-16
911.1   2.50287726935e-16
911.3   2.5075888141e-16
911.5   2.50994458647e-16
911.6   2.51230035884e-16
911.7   2.51439437873e-16
911.8   2.51570314116e-16
911.9   2.5185824185e-16
912.0   2.52093819088e-16
912.3   2.5240792207e-16
912.8   2.53062303285e-16
913.2   2.53769034997e-16
913.5   2.54240189471e-16
913.7   2.54737519194e-16
913.9   2.55522776652e-16
914.2   2.56622137092e-16
914.4   2.58114126261e-16
914.6   2.60103445153e-16
914.9   2.62537743271e-16
915.1   2.65678773101e-16
915.4   2.69605060388e-16
915.6   2.74054852647e-16
915.8   2.79028149878e-16
916.1   2.84786704566e-16
916.3   2.91330516711e-16
916.5   2.98659586314e-16
916.8   3.06250408402e-16
917.0   3.14626487948e-16
917.2   3.23526072466e-16
917.5   3.3268740947e-16
917.7   3.42110498959e-16
918.0   3.51271835962e-16
918.1   3.55721628221e-16
918.2   3.59386163023e-16
918.3   3.62527192852e-16
918.4   3.63835955282e-16
918.5   3.64359460253e-16
918.6   3.62527192852e-16
918.7   3.58862658051e-16
918.8   3.50748330991e-16
918.9   3.31116894555e-16
919.0   3.03632883544e-16
919.1   2.73531347676e-16
919.2   2.37304803639e-16
919.3   1.97780178281e-16
919.4   1.83174389573e-16
919.5   2.11783936272e-16
919.6   2.5240792207e-16
919.7   2.90545259254e-16
919.8   3.25620092353e-16
919.9   3.53889360821e-16
920.0   3.76661827086e-16
920.1   3.89225946405e-16
920.2   3.92366976235e-16
920.3   3.87393679005e-16
920.4   3.71950282342e-16
920.5   3.4577503376e-16
920.6   3.15673497892e-16
920.7   2.78766397392e-16
920.8   2.38273287837e-16
920.9   1.94534447457e-16
921.0   1.62129489713e-16
921.1   1.94246519723e-16
921.2   2.38718267062e-16
921.3   2.80860417278e-16
921.4   3.21955557551e-16
921.5   3.58077400594e-16
921.6   3.96555016008e-16
921.7   4.26918304363e-16
921.8   4.50476028086e-16
921.9   4.68275197121e-16
922.0   4.77960039096e-16
922.1   4.80577563955e-16
922.2   4.76651276667e-16
922.3   4.64872414806e-16
922.4   4.43932215941e-16
922.5   4.18542224817e-16
922.6   3.86346669062e-16
922.7   3.48130806133e-16
922.8   3.10700200661e-16
922.9   2.68819802931e-16
923.0   2.25002436806e-16
923.1   1.77363484388e-16
923.2   1.59433439109e-16
923.3   2.07700597493e-16
923.4   2.31022743979e-16
923.5   2.75363615076e-16
923.6   3.39492974101e-16
923.7   3.81111619345e-16
923.8   4.02313570696e-16
923.9   4.41576443568e-16
924.0   4.77436534125e-16
924.1   5.27431258915e-16
924.2   5.53344755011e-16
924.3   5.75855468791e-16
924.4   5.8527855828e-16
924.5   5.99674945e-16
924.6   6.12239064319e-16
924.7   6.14594836691e-16
924.8   6.1407133172e-16
924.9   6.09098034489e-16
925.0   5.98366182571e-16
925.1   5.71929181504e-16
925.2   5.4837145778e-16
925.3   5.20363941798e-16
925.4   4.87383128586e-16
925.5   4.51523038029e-16
925.6   4.13568927586e-16
925.7   3.72212034828e-16
925.8   3.30593389583e-16
925.9   2.86095466995e-16
926.0   2.40105555237e-16
926.1   1.92309551328e-16
926.2   1.53256080444e-16
926.3   1.51371462546e-16
926.4   2.03669609212e-16
926.5   2.52303221076e-16
926.6   2.98136081342e-16
926.7   3.42895756416e-16
926.8   3.86346669062e-16
926.9   4.29535829221e-16
927.0   4.70369217008e-16
927.1   5.11726109766e-16
927.2   5.51250735124e-16
927.3   5.87372578167e-16
927.4   6.23232668723e-16
927.5   6.57260491879e-16
927.6   6.88409037691e-16
927.7   7.16154801187e-16
927.8   7.40759534854e-16
927.9   7.62484991176e-16
928.0   7.80807665183e-16
928.1   7.95989309361e-16
928.2   8.08291676194e-16
928.3   8.17191260711e-16
928.4   8.23211567885e-16
928.5   8.26352597715e-16
928.6   8.26614350201e-16
928.7   8.23735072857e-16
928.8   8.17453013197e-16
928.9   8.06459408793e-16
929.0   7.91277764616e-16
929.1   7.72693338123e-16
929.2   7.51229634286e-16
929.3   7.25839643162e-16
929.4   6.97308622209e-16
929.5   6.65113066453e-16
929.6   6.32132253241e-16
929.7   5.97319172628e-16
929.8   5.62506092014e-16
929.9   5.24813734057e-16
930.0   4.84765603728e-16
930.1   4.44455720912e-16
930.2   4.03098828154e-16
930.3   3.59386163023e-16
930.4   3.14626487948e-16
930.5   2.67511040502e-16
930.6   2.17149862231e-16
930.7   1.60506624301e-16
930.8   1.46633742553e-16
930.9   2.04978371641e-16
931.0   2.56857714329e-16
931.1   3.05203398459e-16
931.2   3.51533588448e-16
931.3   4.17756967359e-16
931.4   4.60422622547e-16
931.5   5.02564772763e-16
931.6   5.44183418007e-16
931.7   5.84231548337e-16
931.8   6.23494421209e-16
931.9   6.63280799053e-16
932.0   7.03328929382e-16
932.1   7.43377059712e-16
932.2   7.82116427612e-16
932.3   8.19547033084e-16
932.4   8.55930628612e-16
932.5   8.92052471654e-16
932.6   9.27389057239e-16
932.7   9.60108117966e-16
932.8   9.90733158806e-16
932.9   1.01952593225e-15
933.0   1.0462246858e-15
933.1   1.07213818189e-15
933.2   1.0959576581e-15
933.3   1.11794486691e-15
933.4   1.13809980832e-15
933.5   1.1551137199e-15
933.6   1.17003361159e-15
933.7   1.18338298837e-15
933.8   1.19516185023e-15
933.9   1.20510844469e-15
934.0   1.21322277175e-15
934.1   1.21924307892e-15
934.2   1.22264586124e-15
934.3   1.22343111869e-15
934.4   1.22186060378e-15
934.5   1.21714905904e-15
934.6   1.21008174192e-15
934.7   1.19961164249e-15
934.8   1.18626226571e-15
934.9   1.1697718591e-15
935.0   1.15066392764e-15
935.1   1.12946197629e-15
935.2   1.10668951002e-15
935.3   1.08182302387e-15
935.4   1.05486251783e-15
935.5   1.02685500185e-15
935.6   9.97800475923e-16
935.7   9.66390177625e-16
935.8   9.34456374356e-16
936.0   8.69541757874e-16
936.2   8.0227136902e-16
936.3   7.67981793378e-16
936.4   7.32645207794e-16
936.5   6.96523364751e-16
936.6   6.58831006794e-16
936.7   6.20353391379e-16
936.8   5.80828766021e-16
936.9   5.4025713072e-16
937.0   4.98900237962e-16
937.1   4.56758087746e-16
937.2   4.35294383909e-16
937.3   3.90534708835e-16
937.4   3.44204518845e-16
937.5   2.95256803998e-16
937.6   2.43220409818e-16
937.7   1.88932944261e-16
937.8   1.36294519363e-16
937.9   1.49251267411e-16
938.0   2.32043578674e-16
938.1   2.85571962023e-16
938.2   3.35566686814e-16
938.3   3.82420381774e-16
938.4   4.28227066792e-16
938.5   4.72201484409e-16
938.6   5.15390644568e-16
938.7   5.5779454727e-16
938.8   5.99413192514e-16
938.9   6.40246580301e-16
939.0   6.80556463117e-16
939.2   7.59082208861e-16
939.4   8.3603743969e-16
939.6   9.13777927977e-16
939.7   9.53564305821e-16
939.8   9.94135941122e-16
939.9   1.03627809134e-15
940.0   1.07868199404e-15
940.1   1.12134764923e-15
940.2   1.16532206684e-15
940.3   1.21086699938e-15
940.4   1.25719718936e-15
940.5   1.3045743893e-15
940.6   1.35404560912e-15
940.7   1.40430208639e-15
940.8   1.45429681118e-15
940.9   1.50402978349e-15
941.0   1.55297749833e-15
941.2   1.64877890814e-15
941.3   1.6956326031e-15
941.4   1.74143928812e-15
941.5   1.78436669579e-15
941.6   1.82258255872e-15
941.7   1.85922790674e-15
941.9   1.92911582045e-15
942.1   1.99403043693e-15
942.3   2.05240124127e-15
942.5   2.10606050086e-15
942.7   2.15526996819e-15
942.9   2.19976789078e-15
943.1   2.2382455062e-15
943.3   2.27096456692e-15
943.5   2.29740156799e-15
943.7   2.3175565094e-15
943.8   2.32567083646e-15
943.9   2.33116763866e-15
944.0   2.33352341103e-15
944.1   2.33195289612e-15
944.2   2.32802660883e-15
944.3   2.32148279668e-15
944.4   2.31232145968e-15
944.5   2.30054259782e-15
944.6   2.28562270613e-15
944.7   2.26808528958e-15
944.8   2.24714509071e-15
944.9   2.22175509959e-15
945.0   2.19348583112e-15
945.1   2.16207553282e-15
945.2   2.12778595718e-15
945.3   2.09035535171e-15
945.4   2.05056897387e-15
945.5   2.00868857614e-15
945.7   1.92152499836e-15
945.9   1.8286028659e-15
946.1   1.73280145609e-15
946.5   1.54512492376e-15
946.7   1.45246454378e-15
946.9   1.36111292623e-15
947.0   1.31609149867e-15
947.1   1.27290233851e-15
947.2   1.23102194078e-15
947.3   1.19045030548e-15
947.4   1.15040217515e-15
947.5   1.11166280725e-15
947.6   1.07344694432e-15
947.7   1.03601633885e-15
947.8   9.98585733381e-16
948.0   9.23986274924e-16
948.2   8.49386816467e-16
948.4   7.74002100552e-16
948.5   7.35524485137e-16
948.6   6.9599985978e-16
948.7   6.5595172945e-16
948.8   6.14594836691e-16
948.9   5.7219093399e-16
949.0   5.2900177383e-16
949.1   4.85027356213e-16
949.2   4.39482423682e-16
949.3   3.91843471264e-16
949.4   3.42110498959e-16
949.5   2.88974744339e-16
949.6   2.29295177573e-16
949.7   1.76290299196e-16
949.8   1.40456383888e-16
949.9   1.98774837727e-16
950.0   2.7326959519e-16
950.1   3.19599785179e-16
950.2   3.91581718778e-16
950.3   4.19327482274e-16
950.4   4.71939731923e-16
950.5   5.22981466656e-16
950.6   5.72976191447e-16
950.7   6.21923906294e-16
950.8   6.69824611198e-16
950.9   7.16416553673e-16
951.0   7.61699733719e-16
951.2   8.06459408793e-16
951.4   8.94931748998e-16
951.6   9.83927594175e-16
951.8   1.07475570675e-15
951.9   1.12082414426e-15
952.1   1.16872484916e-15
952.2   1.21819606898e-15
952.3   1.26976130868e-15
952.4   1.32368232076e-15
952.5   1.38074436267e-15
952.6   1.44173269186e-15
952.7   1.50429153597e-15
952.8   1.56894439997e-15
953.0   1.63700004628e-15
953.1   1.70767321745e-15
953.2   1.78070216099e-15
953.3   1.85661038188e-15
953.4   1.93565963259e-15
953.5   2.02282321037e-15
953.6   2.11312781798e-15
953.7   2.20840572281e-15
953.9   2.30577764754e-15
954.0   2.4060288496e-15
954.1   2.51177685387e-15
954.2   2.620142383e-15
954.3   2.73007842704e-15
954.5   2.9578030897e-15
954.8   3.18552775236e-15
955.0   3.40016479072e-15
955.2   3.60956677938e-15
955.4   3.81635124317e-15
955.7   4.00481303295e-15
955.9   4.17756967359e-15
956.1   4.34509126451e-15
956.3   4.50476028086e-15
956.6   4.66181177235e-15
956.8   4.8083931644e-15
957.0   4.94973950674e-15
957.5   5.21149199256e-15
957.7   5.33451566089e-15
957.9   5.45230427951e-15
958.1   5.55962279869e-15
958.4   5.66170626816e-15
958.6   5.75331963819e-15
958.8   5.83969795851e-15
959.0   5.91822370426e-15
959.3   5.98627935057e-15
959.5   6.04909994716e-15
959.7   6.09883291947e-15
960.0   6.1407133172e-15
960.2   6.17474114035e-15
960.4   6.19829886408e-15
960.6   6.21138648837e-15
960.9   6.21400401323e-15
961.1   6.20615143865e-15
961.3   6.1904462895e-15
961.5   6.16165351606e-15
961.8   6.12239064319e-15
962.0   6.07527519574e-15
962.2   6.01245459915e-15
962.4   5.94439895284e-15
962.7   5.86587320709e-15
962.9   5.77425983706e-15
963.1   5.67741141731e-15
963.3   5.56747537326e-15
963.6   5.44968675465e-15
963.8   5.32404556146e-15
964.0   5.18793426883e-15
964.2   5.04658792649e-15
964.5   4.90000653444e-15
964.7   4.74557256781e-15
965.1   4.42361701026e-15
965.6   4.08857382842e-15
966.0   3.74306054714e-15
966.5   3.40278231558e-15
966.7   3.23526072466e-15
966.9   3.06773913374e-15
967.2   2.90545259254e-15
967.4   2.74578357619e-15
967.6   2.59292012447e-15
967.8   2.44398296005e-15
968.1   2.30028084533e-15
968.3   2.16233728531e-15
968.5   2.03015227997e-15
968.7   1.90398758181e-15
969.0   1.78436669579e-15
969.2   1.66945735452e-15
969.4   1.56056832042e-15
969.7   1.45665258356e-15
969.9   1.35718663895e-15
970.1   1.26243223908e-15
970.3   1.17055711656e-15
970.6   1.08182302387e-15
970.8   9.93874188636e-16
971.0   9.06972363346e-16
971.2   8.18500023141e-16
971.3   7.73216843095e-16
971.5   7.26886653106e-16
971.6   6.79771205659e-16
971.7   6.3029998584e-16
971.8   5.79258251106e-16
971.9   5.53083002525e-16
972.0   4.9837673299e-16
972.1   4.41314691082e-16
972.2   3.96555016008e-16
972.3   3.32163904498e-16
972.4   2.7641062502e-16
972.5   1.7270429014e-16
972.6   1.59904593584e-16
972.7   2.54868395437e-16
972.8   3.24834834895e-16
972.9   3.83729144203e-16
973.0   4.37650156281e-16
973.1   4.89215395986e-16
973.2   5.38948368291e-16
973.3   6.10145044433e-16
973.4   6.55428224478e-16
973.5   6.99402642095e-16
973.6   7.42330049769e-16
973.7   7.84472199985e-16
973.8   8.25567340257e-16
973.9   8.66400728044e-16
974.1   9.47020493675e-16
974.3   1.02737850682e-15
974.5   1.10878352991e-15
974.7   1.19175906791e-15
974.9   1.27761388326e-15
975.1   1.36660972844e-15
975.3   1.45979361338e-15
975.5   1.55768904308e-15
975.7   1.66081952249e-15
975.9   1.7694468041e-15
976.1   1.88461789786e-15
976.3   2.00659455625e-15
976.5   2.13590028424e-15
976.7   2.27305858681e-15
976.9   2.41833121644e-15
977.1   2.57224167809e-15
977.3   2.73531347676e-15
977.5   2.90807011739e-15
977.7   3.09129685746e-15
977.9   3.28237617211e-15
978.1   3.48654311104e-15
978.3   3.70118014941e-15
978.5   3.92628728721e-15
978.7   4.1644820493e-15
978.9   4.41314691082e-15
979.1   4.67489939664e-15
979.3   4.94712198189e-15
979.5   5.23243219142e-15
979.7   5.53083002525e-15
979.9   5.83969795851e-15
980.1   6.16427104092e-15
980.3   6.49931422276e-15
980.5   6.8474450289e-15
980.7   7.20866345932e-15
980.9   7.58296951403e-15
981.1   7.97036319304e-15
981.3   8.37084449633e-15
981.5   8.78179589906e-15
981.7   9.20845245094e-15
981.9   9.64557910225e-15
982.1   1.00984109027e-14
982.3   1.05590952777e-14
982.5   1.10354848019e-14
982.9   1.20170566237e-14
983.3   1.3045743893e-14
983.7   1.41110765102e-14
984.1   1.52156720004e-14
984.5   1.63569128385e-14
984.9   1.7529563975e-14
985.3   1.87362429346e-14
985.7   1.99664796179e-14
986.1   2.12176565001e-14
986.9   2.37435679882e-14
987.7   2.62799495757e-14
988.5   2.88451239367e-14
989.3   3.13317725519e-14
990.1   3.37137201728e-14
990.9   3.59909667994e-14
991.7   3.81635124317e-14
992.1   3.91843471264e-14
992.5   4.01528313239e-14
992.9   4.10427897756e-14
993.3   4.18542224817e-14
994.1   4.34247373966e-14
994.5   4.41576443568e-14
994.9   4.48120255714e-14
995.3   4.53878810402e-14
995.7   4.59113860118e-14
996.1   4.63563652377e-14
996.5   4.6775169215e-14
996.9   4.70892721979e-14
997.3   4.73248494352e-14
998.1   4.76913029153e-14
998.5   4.78221791582e-14
998.9   4.78221791582e-14
999.3   4.77174781639e-14
999.7   4.7586601921e-14
1000.0   4.74557256781e-14
1001.0   4.7272498938e-14
1002.0   4.60160870061e-14
1003.0   4.502142756e-14
1004.0   4.30321086678e-14
1005.0   4.14092432558e-14
1006.0   3.86346669062e-14
1007.0   3.65668222682e-14
1008.0   3.3268740947e-14
1009.0   3.08867933261e-14
1010.0   2.60469898634e-14
1011.0   2.35943690713e-14
1012.0   2.11705410526e-14
1013.0   1.88121511555e-14
1014.0   1.54591018122e-14
1015.0   1.33807870748e-14
1016.0   1.10093095533e-14
1017.0   8.91528966683e-15
1018.0   7.10134494014e-15
1019.0   5.5779454727e-15
1020.0   4.32153354079e-15
1021.0   3.31378647041e-15
1022.0   2.5240792207e-15
1023.0   1.91105489893e-15
1024.0   1.42419527531e-15
1025.0   9.80524811859e-16
1026.0   4.0833387787e-16
1027.0   8.0855342868e-16
1028.0   1.25196213965e-15
1029.0   1.73123094117e-15
1030.0   2.24478931834e-15
1031.0   2.87142476938e-15
1032.0   3.81111619345e-15
1033.0   4.95497455646e-15
1034.0   6.21400401323e-15
1035.0   7.57511693946e-15
1036.0   8.71635777761e-15
1037.0   1.10145446031e-14
1038.0   1.49879473377e-14
1039.0   2.03198454737e-14
1040.0   2.37147752148e-14
1041.0   2.74578357619e-14
1042.0   3.08606180775e-14
1043.0   3.36875449243e-14
1044.0   3.73520797257e-14
1045.0   3.92366976235e-14
1046.0   4.33200364022e-14
1047.0   4.5335530543e-14
1048.0   4.75604266724e-14
1049.0   4.96282713103e-14
1050.0   5.21672704227e-14
1051.0   5.39471873263e-14
1052.0   5.4837145778e-14
1053.0   5.51250735124e-14
1054.0   5.52821250039e-14
1055.0   5.53606507497e-14
1056.0   5.56485784841e-14
1057.0   5.50727230153e-14
1058.0   5.39995378234e-14
1059.0   5.36854348405e-14
1060.0   5.45753932922e-14
1061.0   5.64076606929e-14
1062.0   5.92345875397e-14
1063.0   6.30823490812e-14
1064.0   6.71656878599e-14
1065.0   7.03590681868e-14
1066.0   7.24269128247e-14
1067.0   7.45732832084e-14
1068.0   7.53323654173e-14
1069.0   7.54894169088e-14
1070.0   7.44162317169e-14
1071.0   7.25316138191e-14
1072.0   7.1851057356e-14
1073.0   7.08040474127e-14
1074.0   7.00711404524e-14
1075.0   6.79247700687e-14
1076.0   6.68515848769e-14
1077.0   6.59354511766e-14
1078.0   6.67730591312e-14
1079.0   6.88932542663e-14
1080.0   7.2976593045e-14
1081.0   7.51491386772e-14
1082.0   7.89445497215e-14
1083.0   8.04103636421e-14
1084.0   8.24520330314e-14
1085.0   8.3106414246e-14
1086.0   8.39440222006e-14
1087.0   8.41795994378e-14
1088.0   8.44675271722e-14
1089.0   8.46245786637e-14
1091.0   8.46507539123e-14
1092.0   8.45984034151e-14
1095.0   8.42843004321e-14
1097.0   8.38393212062e-14
1100.0   8.33419914832e-14
1102.0   8.27661360144e-14
1105.0   8.21379300484e-14
1108.0   8.14835488339e-14
1110.0   8.08029923708e-14
1113.0   8.01224359077e-14
1116.0   7.93895289474e-14
1118.0   7.86566219871e-14
1121.0   7.79237150268e-14
1123.0   7.71908080666e-14
1126.0   7.64579011063e-14
1129.0   7.5724994146e-14
1131.0   7.49920871857e-14
1134.0   7.41806544797e-14
1137.0   7.33430465251e-14
1139.0   7.24530880733e-14
1142.0   7.1536954373e-14
1144.0   7.06208206726e-14
1147.0   6.96523364751e-14
1150.0   6.86315017804e-14
1152.0   6.75583165886e-14
1155.0   6.6406605651e-14
1158.0   6.51763689677e-14
1160.0   6.384143129e-14
1163.0   6.24279678666e-14
1165.0   6.09359786975e-14
1168.0   5.9339288534e-14
1171.0   5.75855468791e-14
1173.0   5.55438774897e-14
1176.0   5.33189813603e-14
1177.0   5.21410951742e-14
1179.0   5.09108584908e-14
1180.0   4.96282713103e-14
1181.0   4.82409831355e-14
1182.0   4.67489939664e-14
1184.0   4.51784790515e-14
1185.0   4.34770878937e-14
1186.0   4.17233462388e-14
1188.0   3.98910788381e-14
1189.0   3.7954110443e-14
1190.0   3.59124410537e-14
1192.0   3.376607067e-14
1193.0   3.1514999292e-14
1194.0   2.92115774168e-14
1196.0   2.68296297959e-14
1197.0   2.44319770259e-14
1198.0   2.19976789078e-14
1200.0   1.95607632649e-14
1201.0   1.71761981191e-14
1202.0   1.60140170821e-14
1203.0   1.37707982787e-14
1204.0   1.16532206684e-14
1205.0   1.06585612223e-14
1206.0   9.25295037353e-15
1207.0   7.96512814332e-15
1208.0   6.79509453173e-15
1209.0   5.76378973763e-15
1210.0   4.86074366157e-15
1211.0   4.07548620412e-15
1212.0   3.39754726587e-15
1213.0   2.81907427222e-15
1214.0   2.31258321217e-15
1215.0   1.73227795112e-15
1216.0   4.56234582774e-16
1217.0   1.21531679163e-15
1218.0   2.29583105307e-15
1219.0   2.81645674736e-15
1220.0   3.38969469129e-15
1221.0   3.8896419392e-15
1222.0   4.67228187178e-15
1223.0   5.7402320139e-15
1224.0   6.42602352673e-15
1225.0   7.48873861914e-15
1226.0   8.94931748998e-15
1227.0   9.49899771019e-15
1228.0   1.04936571563e-14
1229.0   1.14752289781e-14
1230.0   1.26609677388e-14
1231.0   1.42210125543e-14
1232.0   1.61710685736e-14
1233.0   1.84483152002e-14
1234.0   2.08904658928e-14
1235.0   2.33247640109e-14
1236.0   2.56412735103e-14
1237.0   2.77981139935e-14
1238.0   2.87927734395e-14
1239.0   3.16458755349e-14
1240.0   3.33734419413e-14
1241.0   3.50224826019e-14
1242.0   3.65144717711e-14
1243.0   3.79017599459e-14
1244.0   3.91581718778e-14
1245.0   4.03360580639e-14
1246.0   4.14092432558e-14
1247.0   4.24039027019e-14
1248.0   4.32938611536e-14
1250.0   4.41052938597e-14
1251.0   4.48120255714e-14
1252.0   4.54140562887e-14
1253.0   4.59637365089e-14
1255.0   4.69845712036e-14
1256.0   4.74557256781e-14
1257.0   4.78745296554e-14
1258.0   4.82148078869e-14
1259.0   4.85289108699e-14
1261.0   4.9026240593e-14
1263.0   4.94712198189e-14
1265.0   4.9837673299e-14
1267.0   5.00994257848e-14
1269.0   5.02826525249e-14
1271.0   5.03873535192e-14
1276.0   5.05705802593e-14
1280.0   5.05967555079e-14
1284.0   5.04920545135e-14
1288.0   5.0335003022e-14
1292.0   5.01256010334e-14
1293.0   5.00732505362e-14
1297.0   4.9837673299e-14
1300.0   4.96020960618e-14
1305.0   4.92356425816e-14
1310.0   4.87644881072e-14
1315.0   4.83195088813e-14
1320.0   4.78221791582e-14
1330.0   4.68275197121e-14
1340.0   4.58852107632e-14
1350.0   4.49952523114e-14
1360.0   4.39482423682e-14
1370.0   4.2770356182e-14
1380.0   4.16186452444e-14
1385.0   4.10166145271e-14
1390.0   4.04669343069e-14
1395.0   4.00743055781e-14
1400.0   3.97863778437e-14
1405.0   3.95769758551e-14
1410.0   3.93675738664e-14
1420.0   3.87655431491e-14
1430.0   3.80064609402e-14
1440.0   3.71950282342e-14
1460.0   3.56245133193e-14
1480.0   3.41325241502e-14
1500.0   3.27190607268e-14
1520.0   3.13841230491e-14
1540.0   3.01015358686e-14
1560.0   2.89236496825e-14
1580.0   2.77719387449e-14
1600.0   2.6698753553e-14
1620.0   2.56936240075e-14
1640.0   2.472513981e-14
1660.0   2.38090061096e-14
1680.0   2.29373703319e-14
1700.0   2.21102324767e-14
1720.0   2.13223574944e-14
1740.0   2.05711278601e-14
1760.0   1.98565435739e-14
1780.0   1.91733695859e-14
1800.0   1.85216058962e-14
1820.0   1.789863498e-14
1840.0   1.73044568372e-14
1860.0   1.6736453943e-14
1880.0   1.61946262973e-14
1900.0   1.56737388505e-14
1920.0   1.51764091275e-14
1940.0   1.47000196033e-14
1960.0   1.4244570278e-14
1980.0   1.38074436267e-14
2000.0   1.33860221245e-14
2020.0   1.29829232964e-14
2040.0   1.25955296174e-14
2060.0   1.22238410875e-14
2080.0   1.18678577068e-14
2100.0   1.15249619504e-14
2120.0   1.11951538183e-14
2140.0   1.08758157856e-14
2160.0   1.05695653772e-14
2180.0   1.02764025931e-14
2200.0   9.99109238352e-15
2220.0   9.71886979828e-15
2240.0   9.4544997876e-15
2260.0   9.20059987636e-15
2280.0   8.9545525397e-15
2300.0   8.71897530247e-15
2320.0   8.48863311495e-15
2340.0   8.26876102687e-15
2360.0   8.0541239885e-15
2380.0   7.84995704956e-15
2400.0   7.65102516034e-15
2420.0   7.45732832084e-15
2440.0   7.27148405591e-15
2460.0   7.0908748407e-15
2480.0   6.91550067521e-15
2500.0   6.74797908429e-15
2520.0   6.58307501822e-15
2540.0   6.42602352673e-15
2560.0   6.2715895601e-15
2580.0   6.12500816805e-15
2600.0   5.98104430085e-15
2620.0   5.83969795851e-15
2640.0   5.70620419075e-15
2660.0   5.57271042298e-15
2680.0   5.44706922979e-15
2700.0   5.3214280366e-15
2720.0   5.20363941798e-15
2740.0   5.08585079937e-15
2760.0   4.97329723047e-15
2780.0   4.86336118642e-15
2800.0   4.75604266724e-15
2820.0   4.65134167292e-15
2840.0   4.55187572831e-15
2860.0   4.4524097837e-15
2880.0   4.3581788888e-15
2900.0   4.26656551877e-15
2920.0   4.17495214873e-15
2940.0   4.08857382842e-15
2960.0   4.0021955081e-15
2980.0   3.91843471264e-15
3000.0   3.83990896689e-15
3020.0   3.76138322115e-15
3040.0   3.6828574754e-15
3060.0   3.60956677938e-15
3080.0   3.53627608335e-15
3100.0   3.46560291218e-15
3120.0   3.39754726587e-15
3140.0   3.32949161955e-15
3160.0   3.2640534981e-15
3180.0   3.20123290151e-15
3200.0   3.13841230491e-15
3220.0   3.07820923317e-15
3240.0   3.01800616144e-15
3260.0   2.96042061456e-15
3280.0   2.90283506768e-15
3300.0   2.84786704566e-15
3320.0   2.79551654849e-15
3340.0   2.74316605133e-15
3360.0   2.69081555417e-15
3380.0   2.64108258186e-15
3400.0   2.59344362945e-15
3420.0   2.54606642951e-15
3440.0   2.49947448704e-15
3460.0   2.45419130699e-15
3480.0   2.40995513689e-15
3500.0   2.36676597673e-15
3520.0   2.32436207403e-15
3540.0   2.28300518127e-15
3560.0   2.24269529845e-15
3580.0   2.2031706731e-15
3600.0   2.1644313052e-15
3620.0   2.12673894724e-15
3633.0   2.10291947103e-15
3640.0   2.08957009425e-15
3644.0   2.08171751968e-15
3647.0   2.07674422245e-15
3650.0   2.07150917273e-15
3660.0   2.05318649873e-15
3670.0   2.03486382472e-15
3676.0   2.02360846783e-15
3680.0   2.0168029032e-15
3683.0   2.01078259602e-15
3684.0   2.00947383359e-15
3687.0   2.00397703139e-15
3688.0   2.00240651648e-15
3693.0   1.99376868445e-15
3698.0   1.98382208998e-15
3703.0   1.97596951541e-15
3704.0   1.97387549552e-15
3705.0   1.97204322812e-15
3707.0   1.96811694084e-15
3710.0   1.96314364361e-15
3712.0   1.96026436626e-15
3713.0   1.9576468414e-15
3716.0   1.95267354417e-15
3721.0   1.94377395966e-15
3722.0   1.9429887022e-15
3723.0   1.94063292983e-15
3725.0   1.9374919e-15
3728.0   1.93173334531e-15
3735.0   1.91943097847e-15
3742.0   1.90843737407e-15
3747.0   1.8987525321e-15
3749.0   1.89456449232e-15
3751.0   1.89089995752e-15
3755.0   1.88749717521e-15
3759.0   1.88252387797e-15
3761.0   1.87912109566e-15
3763.0   1.87676532329e-15
3766.0   1.8673422338e-15
3769.0   1.86001316419e-15
3770.0   1.85634862939e-15
3772.0   1.85320759956e-15
3773.0   1.85346935205e-15
3774.0   1.85399285702e-15
3776.0   1.85477811448e-15
3777.0   1.85530161945e-15
3778.0   1.85556337194e-15
3781.0   1.85477811448e-15
3784.0   1.85163708465e-15
3786.0   1.84640203493e-15
3789.0   1.83828770787e-15
3792.0   1.82807936093e-15
3794.0   1.81577699409e-15
3795.0   1.81211245929e-15
3797.0   1.80216586483e-15
3798.0   1.79771607257e-15
3799.0   1.79457504274e-15
3800.0   1.79640731014e-15
3801.0   1.79981009246e-15
3802.0   1.80373637974e-15
3803.0   1.80766266703e-15
3804.0   1.81132720183e-15
3806.0   1.81813276646e-15
3808.0   1.82336781618e-15
3810.0   1.82755585595e-15
3812.0   1.82938812335e-15
3814.0   1.82964987584e-15
3816.0   1.82807936093e-15
3818.0   1.8249383311e-15
3820.0   1.81865627144e-15
3821.0   1.8100184394e-15
3823.0   1.79954833997e-15
3825.0   1.78646071568e-15
3827.0   1.7712790715e-15
3829.0   1.75400340744e-15
3830.0   1.74745959529e-15
3831.0   1.734371971e-15
3833.0   1.71369352462e-15
3835.0   1.69641786056e-15
3836.0   1.68882703847e-15
3837.0   1.68542425616e-15
3838.0   1.6919680683e-15
3839.0   1.70008239536e-15
3840.0   1.71290826717e-15
3841.0   1.72573413897e-15
3843.0   1.74274805055e-15
3846.0   1.77232608145e-15
3848.0   1.78567545822e-15
3849.0   1.7971925676e-15
3851.0   1.80713916206e-15
3852.0   1.81577699409e-15
3854.0   1.82232080624e-15
3856.0   1.82703235098e-15
3857.0   1.82938812335e-15
3859.0   1.83017338081e-15
3861.0   1.82991162833e-15
3862.0   1.82781760844e-15
3864.0   1.82336781618e-15
3866.0   1.81603874658e-15
3867.0   1.80661565709e-15
3869.0   1.79693081511e-15
3870.0   1.78489020077e-15
3872.0   1.76997030907e-15
3874.0   1.75164763507e-15
3875.0   1.73018393123e-15
3877.0   1.71055249479e-15
3879.0   1.68620951361e-15
3880.0   1.65951076006e-15
3882.0   1.63176499656e-15
3884.0   1.6016634607e-15
3885.0   1.57103841986e-15
3887.0   1.53727234919e-15
3888.0   1.52078194258e-15
3889.0   1.50429153597e-15
3890.0   1.48439834705e-15
3891.0   1.48387484208e-15
3892.0   1.50298277354e-15
3893.0   1.51868792269e-15
3894.0   1.55088347845e-15
3896.0   1.58229377675e-15
3898.0   1.61318057007e-15
3899.0   1.64066458108e-15
3901.0   1.66762508712e-15
3904.0   1.71735805943e-15
3906.0   1.73960702072e-15
3907.0   1.76159422953e-15
3909.0   1.78017865602e-15
3911.0   1.79666906263e-15
3912.0   1.8100184394e-15
3914.0   1.82284431121e-15
3916.0   1.83488492556e-15
3917.0   1.8450932725e-15
3919.0   1.85216058962e-15
3920.0   1.85791914431e-15
3922.0   1.86210718408e-15
3924.0   1.86524821391e-15
3927.0   1.86760398628e-15
3930.0   1.86446295645e-15
3933.0   1.85530161945e-15
3937.0   1.83933471782e-15
3940.0   1.81603874658e-15
3942.0   1.8026893698e-15
3943.0   1.78672246817e-15
3945.0   1.76813804167e-15
3947.0   1.74588908038e-15
3950.0   1.69798837548e-15
3951.0   1.67259838435e-15
3953.0   1.64537612583e-15
3955.0   1.61422758002e-15
3956.0   1.57862924194e-15
3958.0   1.54695719116e-15
3960.0   1.51083534812e-15
3961.0   1.47288123768e-15
3963.0   1.4336183648e-15
3965.0   1.39226147204e-15
3966.0   1.3506428268e-15
3968.0   1.30719191416e-15
3969.0   1.28101666557e-15
3970.0   1.22552513858e-15
3971.0   1.21008174192e-15
3972.0   1.20563194966e-15
3973.0   1.2417537927e-15
3974.0   1.27107007111e-15
3975.0   1.31844727105e-15
3977.0   1.36294519363e-15
3979.0   1.40430208639e-15
3980.0   1.44173269186e-15
3982.0   1.48073381225e-15
3984.0   1.51659390281e-15
3986.0   1.54878945856e-15
3987.0   1.58386429166e-15
3989.0   1.61553634244e-15
3991.0   1.64354385843e-15
3993.0   1.66919560204e-15
3994.0   1.69353858322e-15
3996.0   1.72049908926e-15
3998.0   1.74379506049e-15
3999.0   1.76421175439e-15
4001.0   1.78174917094e-15
4005.0   1.81315946923e-15
4008.0   1.83802595539e-15
4011.0   1.85634862939e-15
4015.0   1.86891274871e-15
4018.0   1.87807408572e-15
4022.0   1.88409439289e-15
4025.0   1.88749717521e-15
4029.0   1.88880593763e-15
4036.0   1.88435614538e-15
4039.0   1.87912109566e-15
4042.0   1.87126852108e-15
4046.0   1.86079842165e-15
4049.0   1.84718729239e-15
4053.0   1.82991162833e-15
4056.0   1.80897142946e-15
4060.0   1.78410494331e-15
4063.0   1.7529563975e-15
4067.0   1.71500228705e-15
4070.0   1.6736453943e-15
4073.0   1.62940922419e-15
4075.0   1.60611325295e-15
4077.0   1.58072326183e-15
4079.0   1.55271574585e-15
4080.0   1.52366121992e-15
4082.0   1.49408318903e-15
4084.0   1.46293464321e-15
4086.0   1.43021558249e-15
4087.0   1.39357023447e-15
4089.0   1.35692488646e-15
4091.0   1.32027953845e-15
4092.0   1.28023140812e-15
4094.0   1.23835101039e-15
4096.0   1.19463834526e-15
4097.0   1.17134237402e-15
4098.0   1.14804640278e-15
4099.0   1.09517240065e-15
4100.0   1.06559436975e-15
4101.0   1.03235180405e-15
4102.0   9.96229961008e-16
4103.0   9.70839969884e-16
4104.0   9.80001306888e-16
4105.0   1.02764025931e-15
4106.0   1.07527921172e-15
4107.0   1.09569590562e-15
4108.0   1.134697026e-15
4109.0   1.16872484916e-15
4111.0   1.2011821574e-15
4112.0   1.23180719824e-15
4113.0   1.26138522914e-15
4116.0   1.31609149867e-15
4119.0   1.36660972844e-15
4121.0   1.41503393831e-15
4124.0   1.45691433604e-15
4127.0   1.49591545643e-15
4129.0   1.53308430941e-15
4132.0   1.5647563602e-15
4135.0   1.59328738115e-15
4137.0   1.62129489713e-15
4140.0   1.64747014571e-15
4142.0   1.67155137441e-15
4145.0   1.6919680683e-15
4148.0   1.70898197988e-15
4150.0   1.72311661411e-15
4153.0   1.73541898095e-15
4158.0   1.7547886649e-15
4164.0   1.76682927924e-15
4169.0   1.77389659636e-15
4174.0   1.77756113116e-15
4180.0   1.77886989359e-15
4185.0   1.77808463613e-15
4190.0   1.77572886376e-15
4195.0   1.77258783393e-15
4201.0   1.76839979416e-15
4206.0   1.76342649693e-15
4211.0   1.75792969473e-15
4217.0   1.75190938755e-15
4222.0   1.74510382292e-15
4227.0   1.73777475332e-15
4232.0   1.72966042626e-15
4238.0   1.72102259423e-15
4243.0   1.71133775225e-15
4248.0   1.70086765282e-15
4254.0   1.68882703847e-15
4259.0   1.67495415672e-15
4264.0   1.65924900758e-15
4270.0   1.64066458108e-15
4275.0   1.61893912476e-15
4280.0   1.59302562866e-15
4285.0   1.56240058782e-15
4291.0   1.52837276467e-15
4296.0   1.49041865423e-15
4299.0   1.46974020785e-15
4301.0   1.44696774158e-15
4304.0   1.42236300791e-15
4307.0   1.39592600685e-15
4309.0   1.36791849086e-15
4312.0   1.33860221245e-15
4315.0   1.30745366664e-15
4317.0   1.273164091e-15
4320.0   1.2362569905e-15
4323.0   1.19725587011e-15
4325.0   1.1551137199e-15
4328.0   1.10956878737e-15
4330.0   1.06219158743e-15
4332.0   1.03627809134e-15
4333.0   1.01010284276e-15
4334.0   9.82618831746e-16
4336.0   9.52779048363e-16
4337.0   9.19012977693e-16
4338.0   9.00952056172e-16
4339.0   8.5854815347e-16
4340.0   8.32634657374e-16
4341.0   7.92848279531e-16
4342.0   7.20866345932e-16
4343.0   7.78451892811e-16
4344.0   8.35775687204e-16
4345.0   8.73206292676e-16
4346.0   9.03307828544e-16
4347.0   9.42308948931e-16
4348.0   9.65081415196e-16
4350.0   9.86545119033e-16
4351.0   1.00591480298e-15
4352.0   1.02502273445e-15
4354.0   1.06192983495e-15
4356.0   1.09517240065e-15
4358.0   1.12762970889e-15
4360.0   1.15773124476e-15
4362.0   1.18521525577e-15
4364.0   1.21112875186e-15
4366.0   1.23520998056e-15
4369.0   1.25798244682e-15
4371.0   1.27813738823e-15
4373.0   1.29698356721e-15
4375.0   1.31504448873e-15
4379.0   1.34750179697e-15
4383.0   1.37524756047e-15
4387.0   1.39828177922e-15
4392.0   1.4171279582e-15
4396.0   1.43440362226e-15
4400.0   1.44853825649e-15
4404.0   1.46005536587e-15
4409.0   1.46974020785e-15
4413.0   1.47628401999e-15
4417.0   1.48073381225e-15
4421.0   1.48387484208e-15
4430.0   1.48596886197e-15
4438.0   1.48413659457e-15
4447.0   1.47994855479e-15
4455.0   1.4741900001e-15
4463.0   1.46738443547e-15
4472.0   1.46005536587e-15
4480.0   1.45194103881e-15
4489.0   1.44382671175e-15
4497.0   1.4354506322e-15
4506.0   1.42681280017e-15
4514.0   1.41817496814e-15
4522.0   1.40953713611e-15
4531.0   1.40089930408e-15
4539.0   1.39226147204e-15
4548.0   1.38336188753e-15
4556.0   1.3747240555e-15
4565.0   1.36608622346e-15
4573.0   1.35718663895e-15
4582.0   1.34854880691e-15
4590.0   1.33991097488e-15
4598.0   1.33127314285e-15
4607.0   1.32263531082e-15
4615.0   1.31425923127e-15
4624.0   1.30562139924e-15
4632.0   1.29698356721e-15
4641.0   1.28860748766e-15
4649.0   1.27996965563e-15
4657.0   1.2713318236e-15
4666.0   1.26269399157e-15
4674.0   1.25405615954e-15
4683.0   1.24515657502e-15
4691.0   1.2362569905e-15
4700.0   1.22735740598e-15
4708.0   1.21793431649e-15
4717.0   1.20824947452e-15
4725.0   1.19804112757e-15
4733.0   1.18757102814e-15
4742.0   1.17631567125e-15
4750.0   1.1642750569e-15
4759.0   1.1514491851e-15
4767.0   1.13705279838e-15
4776.0   1.12082414426e-15
4784.0   1.10250147025e-15
4792.0   1.08103776641e-15
4801.0   1.0553860228e-15
4805.0   1.0407278836e-15
4809.0   1.02449922948e-15
4814.0   1.00696181293e-15
4818.0   9.88115633948e-16
4822.0   9.66913682597e-16
4826.0   9.4361771136e-16
4830.0   9.17442462778e-16
4835.0   8.88387936853e-16
4839.0   8.56192381098e-16
4841.0   8.38654964548e-16
4843.0   8.20594043027e-16
4845.0   8.01486111563e-16
4847.0   7.80807665183e-16
4849.0   7.59605713832e-16
4852.0   7.36833247567e-16
4854.0   7.11966761414e-16
4855.0   6.98879137124e-16
4856.0   6.8474450289e-16
4857.0   6.69301106227e-16
4858.0   6.52025442163e-16
4859.0   6.32394005727e-16
4860.0   6.07527519574e-16
4861.0   5.92345875397e-16
4862.0   5.49418467724e-16
4863.0   4.91047663387e-16
4864.0   5.39733625749e-16
4865.0   5.81614023479e-16
4866.0   6.16688856578e-16
4867.0   6.41293590244e-16
4868.0   6.52025442163e-16
4869.0   6.70609868656e-16
4870.0   6.86838522776e-16
4871.0   7.01496661982e-16
4873.0   7.1536954373e-16
4875.0   7.40759534854e-16
4878.0   7.6353200112e-16
4880.0   7.84995704956e-16
4883.0   8.04627141392e-16
4885.0   8.22688062914e-16
4888.0   8.39440222006e-16
4890.0   8.54883618669e-16
4893.0   8.69018252903e-16
4895.0   8.82105877193e-16
4898.0   8.94146491541e-16
4900.0   9.05140095945e-16
4905.0   9.23986274924e-16
4910.0   9.39691424072e-16
4915.0   9.52779048363e-16
4920.0   9.63510900281e-16
4925.0   9.72148732313e-16
4930.0   9.7921604943e-16
4935.0   9.84451099147e-16
4940.0   9.88377386434e-16
4945.0   9.90994911292e-16
4955.0   9.94135941122e-16
4965.0   9.94397693608e-16
4975.0   9.92565426207e-16
4985.0   9.89424396377e-16
4990.0   9.87592128976e-16
4995.0   9.8549810909e-16
5000.0   9.83404089203e-16
5010.0   9.78430791973e-16
5020.0   9.72933989771e-16
5040.0   9.61155127909e-16
5060.0   9.4859100859e-16
5080.0   9.36026889271e-16
5100.0   9.23201017466e-16
5120.0   9.10636898147e-16
5140.0   8.98072778828e-16
5160.0   8.85508659509e-16
5180.0   8.73468045161e-16
5200.0   8.61427430814e-16
5220.0   8.49648568952e-16
5240.0   8.37869707091e-16
5260.0   8.26352597715e-16
5280.0   8.15097240825e-16
5300.0   8.04103636421e-16
5320.0   7.93371784502e-16
5340.0   7.82639932584e-16
5360.0   7.71908080666e-16
5380.0   7.61699733719e-16
5400.0   7.51491386772e-16
5420.0   7.41544792311e-16
5440.0   7.3159819785e-16
5460.0   7.21913355875e-16
5480.0   7.12490266386e-16
5500.0   7.03067176897e-16
5520.0   6.93905839893e-16
5540.0   6.8474450289e-16
5560.0   6.75844918372e-16
5580.0   6.66945333854e-16
5600.0   6.58307501822e-16
5620.0   6.49931422276e-16
5640.0   6.4155534273e-16
5660.0   6.3344101567e-16
5680.0   6.2532668861e-16
5700.0   6.1721236155e-16
5720.0   6.09359786975e-16
5740.0   6.01768964886e-16
5760.0   5.94178142798e-16
5780.0   5.86587320709e-16
5800.0   5.79258251106e-16
5820.0   5.71929181504e-16
5840.0   5.64861864387e-16
5860.0   5.5779454727e-16
5880.0   5.50988982639e-16
5900.0   5.44183418007e-16
5920.0   5.37377853376e-16
5940.0   5.30834041231e-16
5960.0   5.24290229086e-16
5980.0   5.18008169426e-16
6000.0   5.11726109766e-16
6020.0   5.05444050107e-16
6040.0   4.99423742933e-16
6060.0   4.93403435759e-16
6080.0   4.87383128586e-16
6100.0   4.81624573898e-16
6120.0   4.7586601921e-16
6140.0   4.70107464522e-16
6160.0   4.64348909834e-16
6180.0   4.58852107632e-16
6200.0   4.5335530543e-16
6220.0   4.47858503228e-16
6240.0   4.42623453512e-16
6260.0   4.37388403795e-16
6280.0   4.32153354079e-16
6300.0   4.26918304363e-16
6320.0   4.21683254646e-16
6340.0   4.1644820493e-16
6360.0   4.11213155214e-16
6380.0   4.05978105498e-16
6400.0   4.00481303295e-16
6420.0   3.94722748608e-16
6440.0   3.88440688948e-16
6460.0   3.81111619345e-16
6470.0   3.76661827086e-16
6480.0   3.71950282342e-16
6490.0   3.6645348014e-16
6500.0   3.59647915508e-16
6505.0   3.55983380707e-16
6510.0   3.51533588448e-16
6515.0   3.46822043704e-16
6520.0   3.41586993987e-16
6525.0   3.35304934328e-16
6530.0   3.28499369697e-16
6535.0   3.20646795122e-16
6540.0   3.11747210605e-16
6542.0   3.06773913374e-16
6545.0   3.01538863658e-16
6548.0   2.9578030897e-16
6550.0   2.89760001796e-16
6552.0   2.82954437165e-16
6555.0   2.75363615076e-16
6556.0   2.71175575303e-16
6558.0   2.66464030559e-16
6559.0   2.60941053108e-16
6560.0   2.54528117206e-16
6561.0   2.50785056658e-16
6562.0   2.41466668163e-16
6563.0   2.31546248951e-16
6564.0   2.14741739362e-16
6565.0   1.946653237e-16
6566.0   2.1790894444e-16
6567.0   2.33666444086e-16
6568.0   2.43037183078e-16
6569.0   2.49921273455e-16
6570.0   2.55470426155e-16
6571.0   2.60103445153e-16
6572.0   2.64108258186e-16
6573.0   2.67772792988e-16
6575.0   2.74054852647e-16
6577.0   2.79289902364e-16
6579.0   2.84263199594e-16
6581.0   2.88712991853e-16
6583.0   2.9263927914e-16
6587.0   2.99968348743e-16
6591.0   3.06250408402e-16
6595.0   3.11747210605e-16
6599.0   3.16458755349e-16
6603.0   3.20385042636e-16
6607.0   3.24049577438e-16
6611.0   3.26928854782e-16
6615.0   3.2954637964e-16
6623.0   3.33472666927e-16
6631.0   3.36090191785e-16
6639.0   3.37922459186e-16
6647.0   3.39231221615e-16
6655.0   3.39754726587e-16
6671.0   3.39754726587e-16
6687.0   3.38707716643e-16
6703.0   3.37137201728e-16
6719.0   3.35043181842e-16
6735.0   3.3268740947e-16
6751.0   3.30331637097e-16
6767.0   3.27714112239e-16
6783.0   3.25096587381e-16
6799.0   3.22479062523e-16
6815.0   3.19861537665e-16
6831.0   3.17244012807e-16
6847.0   3.14626487948e-16
6863.0   3.1200896309e-16
6879.0   3.09391438232e-16
6895.0   3.0703566586e-16
6911.0   3.04418141002e-16
6927.0   3.01800616144e-16
6943.0   2.99183091285e-16
6959.0   2.96827318913e-16
6975.0   2.94209794055e-16
6991.0   2.91854021683e-16
7007.0   2.8949824931e-16
7023.0   2.87142476938e-16
7039.0   2.8452495208e-16
7055.0   2.82169179708e-16
7071.0   2.79813407335e-16
7087.0   2.77719387449e-16
7103.0   2.75363615076e-16
7119.0   2.73007842704e-16
7135.0   2.70652070332e-16
7151.0   2.68558050445e-16
7167.0   2.66464030559e-16
7183.0   2.64108258186e-16
7199.0   2.620142383e-16
7215.0   2.59867867916e-16
7231.0   2.57747672781e-16
7247.0   2.55653652895e-16
7263.0   2.53585808257e-16
7279.0   2.51517963619e-16
7295.0   2.49502469478e-16
7311.0   2.47486975337e-16
7327.0   2.45497656445e-16
7343.0   2.43508337553e-16
7359.0   2.41571369158e-16
7375.0   2.39634400763e-16
7391.0   2.37723607616e-16
7407.0   2.35838989718e-16
7423.0   2.33954371821e-16
7439.0   2.32095929171e-16
7455.0   2.30263661771e-16
7471.0   2.2843139437e-16
7487.0   2.26625302218e-16
7503.0   2.24845385314e-16
7519.0   2.23091643659e-16
7535.0   2.21337902004e-16
7551.0   2.19610335598e-16
7567.0   2.17882769192e-16
7583.0   2.16181378034e-16
7599.0   2.14506162125e-16
7615.0   2.12830946215e-16
7631.0   2.11181905555e-16
7647.0   2.09559040143e-16
7663.0   2.07936174731e-16
7679.0   2.06339484567e-16
7695.0   2.04742794404e-16
7711.0   2.03172279489e-16
7727.0   2.01627939823e-16
7743.0   2.00083600156e-16
7759.0   1.98565435739e-16
7775.0   1.97047271321e-16
7791.0   1.95555282152e-16
7807.0   1.94063292983e-16
7823.0   1.92597479062e-16
7839.0   1.91131665141e-16
7855.0   1.89692026469e-16
7871.0   1.88278563046e-16
7887.0   1.86865099623e-16
7903.0   1.85451636199e-16
7919.0   1.84064348024e-16
7935.0   1.82703235098e-16
7951.0   1.81315946923e-16
7967.0   1.79981009246e-16
7983.0   1.78646071568e-16
7999.0   1.7731113389e-16
8015.0   1.76002371461e-16
8031.0   1.74719784281e-16
8047.0   1.73411021852e-16
8063.0   1.7215460992e-16
8079.0   1.70872022739e-16
8095.0   1.69615610808e-16
8111.0   1.68385374124e-16
8127.0   1.67155137441e-16
8143.0   1.65924900758e-16
8159.0   1.64720839323e-16
8175.0   1.63542953137e-16
8191.0   1.62338891702e-16
8206.0   1.61213356013e-16
8222.0   1.60087820324e-16
8237.0   1.58936109386e-16
8253.0   1.57836748946e-16
8268.0   1.56711213257e-16
8284.0   1.55611852816e-16
8299.0   1.54512492376e-16
8315.0   1.53439307184e-16
8330.0   1.52366121992e-16
8346.0   1.51292936801e-16
8361.0   1.50245926857e-16
8377.0   1.49198916914e-16
8390.0   1.48308958462e-16
8392.0   1.48178082219e-16
8395.0   1.48021030728e-16
8399.0   1.47706927745e-16
8402.0   1.47549876253e-16
8409.0   1.47104897027e-16
8416.0   1.46633742553e-16
8419.0   1.46398165316e-16
8430.0   1.45717608853e-16
8440.0   1.4503705239e-16
8451.0   1.44330320678e-16
8453.0   1.44199444435e-16
8461.0   1.43649764215e-16
8470.0   1.43126259243e-16
8486.0   1.42105424548e-16
8500.0   1.41215466097e-16
8502.0   1.41084589854e-16
8505.0   1.40927538362e-16
8510.0   1.40613435379e-16
8520.0   1.39985229413e-16
8532.0   1.39252322453e-16
8540.0   1.3875499273e-16
8548.0   1.38283838256e-16
8564.0   1.37289178809e-16
8580.0   1.36294519363e-16
8592.0   1.356139629e-16
8596.0   1.35352210414e-16
8601.0   1.3506428268e-16
8610.0   1.34540777708e-16
8628.0   1.33467592517e-16
8646.0   1.32420582573e-16
8662.0   1.31530624122e-16
8665.0   1.3137357263e-16
8667.0   1.31216521139e-16
8673.0   1.30902418156e-16
8684.0   1.3027421219e-16
8696.0   1.29646006224e-16
8707.0   1.29017800258e-16
8718.0   1.28363419043e-16
8730.0   1.27709037829e-16
8741.0   1.27080831863e-16
8752.0   1.26452625897e-16
8753.0   1.26452625897e-16
8754.0   1.26374100151e-16
8755.0   1.26295574405e-16
8758.0   1.26164698162e-16
8764.0   1.25850595179e-16
8776.0   1.25248564462e-16
8788.0   1.24646533745e-16
8800.0   1.24018327779e-16
8811.0   1.23416297061e-16
8823.0   1.22788091095e-16
8835.0   1.22133709881e-16
8847.0   1.21505503915e-16
8852.0   1.2121757618e-16
8859.0   1.20877297949e-16
8865.0   1.20537019717e-16
8878.0   1.19961164249e-16
8891.0   1.1938530878e-16
8904.0   1.18809453311e-16
8917.0   1.18233597842e-16
8930.0   1.17579216628e-16
8943.0   1.16846309667e-16
8956.0   1.16191928453e-16
8969.0   1.1551137199e-16
8982.0   1.14804640278e-16
8995.0   1.14045558069e-16
8999.0   1.13836156081e-16
9008.0   1.13312651109e-16
9017.0   1.12789146137e-16
9027.0   1.12501218403e-16
9036.0   1.12213290668e-16
9055.0   1.11663610448e-16
9074.0   1.11009229234e-16
9092.0   1.10302497522e-16
9111.0   1.09543415313e-16
9130.0   1.0867963211e-16
9149.0   1.0776349841e-16
9168.0   1.06742663715e-16
9186.0   1.05617128026e-16
9205.0   1.04360716094e-16
9216.0   1.03575458637e-16
9224.0   1.03025778416e-16
9232.0   1.02554623942e-16
9239.0   1.02476098196e-16
9247.0   1.02371397202e-16
9262.0   1.02188170462e-16
9278.0   1.02057294219e-16
9293.0   1.01821716982e-16
9309.0   1.01507613999e-16
9324.0   1.01141160519e-16
9340.0   1.00696181293e-16
9355.0   1.00172676321e-16
9371.0   9.96229961008e-17
9386.0   9.89947901349e-17
9402.0   9.83404089203e-17
9417.0   9.76336772086e-17
9433.0   9.68484197512e-17
9448.0   9.5984636548e-17
9464.0   9.50423275991e-17
9479.0   9.39953176558e-17
9495.0   9.27912562211e-17
9510.0   9.14301432948e-17
9526.0   8.98858036285e-17
9533.0   8.90743709225e-17
9541.0   8.81844124708e-17
9545.0   8.77394332449e-17
9547.0   8.75300312562e-17
9549.0   8.73468045161e-17
9550.0   8.74253302619e-17
9552.0   8.74776807591e-17
9554.0   8.75562065048e-17
9556.0   8.76609074991e-17
9558.0   8.77394332449e-17
9560.0   8.78441342392e-17
9562.0   8.79488352335e-17
9564.0   8.80273609793e-17
9567.0   8.82105877193e-17
9575.0   8.85246907023e-17
9590.0   8.89958451768e-17
9605.0   8.93099481598e-17
9620.0   8.94408244027e-17
9635.0   8.94408244027e-17
9651.0   8.93622986569e-17
9666.0   8.91790719168e-17
9681.0   8.89434946796e-17
9696.0   8.86293916966e-17
9711.0   8.82891134651e-17
9726.0   8.79226599849e-17
9741.0   8.75300312562e-17
9756.0   8.70850520303e-17
9771.0   8.66400728044e-17
9786.0   8.616891833e-17
9802.0   8.56715886069e-17
9817.0   8.51480836353e-17
9832.0   8.45984034151e-17
9847.0   8.41010736921e-17
9862.0   8.36299192176e-17
9877.0   8.29755380031e-17
9892.0   8.22688062914e-17
9907.0   8.15097240825e-17
9922.0   8.06982913765e-17
9937.0   7.98083329247e-17
9953.0   7.88136734786e-17
9968.0   7.76881377896e-17
9983.0   7.64317258577e-17
9996.0   7.51753139258e-17
9998.0   7.49659119371e-17
10000.0   7.47565099485e-17
10010.0   7.39974277396e-17
10020.0   7.24007375762e-17
10030.0   7.15107791244e-17
10040.0   6.95214602322e-17
10050.0   6.8474450289e-17
10060.0   6.78985948202e-17
10070.0   6.93644087407e-17
10080.0   7.01496661982e-17
10090.0   7.08563979099e-17
10100.0   7.19034078531e-17
10110.0   7.22698613333e-17
10120.0   7.26101395648e-17
10130.0   7.30812940393e-17
10150.0   7.33430465251e-17
10170.0   7.35000980166e-17
10180.0   7.35262732652e-17
10200.0   7.34215722708e-17
10230.0   7.31074692879e-17
10260.0   7.25839643162e-17
10290.0   7.19557583503e-17
10360.0   7.05684701755e-17
10420.0   6.91026562549e-17
10490.0   6.74274403457e-17
10550.0   6.58569254308e-17
10610.0   6.43125857645e-17
10680.0   6.26373698553e-17
10710.0   6.17474114035e-17
10740.0   6.07527519574e-17
10770.0   5.96795667656e-17
10790.0   5.90513607996e-17
10810.0   5.83969795851e-17
10820.0   5.76378973763e-17
10840.0   5.68002894216e-17
10850.0   5.58318052241e-17
10870.0   5.47324447837e-17
10890.0   5.34236823546e-17
10900.0   5.19055179369e-17
10910.0   5.10155594852e-17
10920.0   4.99947247905e-17
10930.0   4.88168386043e-17
10940.0   4.69322207065e-17
10950.0   4.67489939664e-17
10960.0   4.83456841299e-17
10970.0   4.99685495419e-17
10980.0   5.05705802593e-17
10990.0   5.10940852309e-17
11000.0   5.15128892082e-17
11020.0   5.24551981571e-17
11040.0   5.28478268859e-17
11050.0   5.31095793717e-17
11070.0   5.32404556146e-17
11080.0   5.32928061117e-17
11100.0   5.32666308632e-17
11120.0   5.31881051174e-17
11150.0   5.29525278802e-17
11180.0   5.25860744e-17
11240.0   5.16961159483e-17
11310.0   5.07014565022e-17
11370.0   4.96806218075e-17
11440.0   4.86859623614e-17
11500.0   4.77436534125e-17
11560.0   4.67489939664e-17
11630.0   4.57543345203e-17
11690.0   4.48120255714e-17
11760.0   4.3895891871e-17
11820.0   4.29797581707e-17
11880.0   4.21159749675e-17
11950.0   4.12521917643e-17
12010.0   4.04145838097e-17
12080.0   3.95508006065e-17
12140.0   3.87655431491e-17
12200.0   3.7954110443e-17
12270.0   3.71950282342e-17
12330.0   3.64359460253e-17
12400.0   3.56768638165e-17
12460.0   3.49177816076e-17
12520.0   3.41063489016e-17
12590.0   3.3268740947e-17
12620.0   3.27714112239e-17
12650.0   3.22217310037e-17
12670.0   3.19076280207e-17
12680.0   3.15673497892e-17
12700.0   3.1200896309e-17
12720.0   3.07559170832e-17
12730.0   3.02847626087e-17
12750.0   2.97089071399e-17
12760.0   2.90545259254e-17
12770.0   2.86618971966e-17
12780.0   2.82430932193e-17
12790.0   2.77457634963e-17
12800.0   2.71699080275e-17
12810.0   2.59763166922e-17
12820.0   2.46806418874e-17
12830.0   2.4337746131e-17
12840.0   2.58402053996e-17
12850.0   2.68034545474e-17
12860.0   2.74316605133e-17
12870.0   2.77719387449e-17
12880.0   2.80075159821e-17
12890.0   2.84263199594e-17
12910.0   2.87142476938e-17
12920.0   2.89236496825e-17
12940.0   2.90545259254e-17
12960.0   2.91330516711e-17
12970.0   2.91854021683e-17
12990.0   2.91854021683e-17
13020.0   2.91330516711e-17
13050.0   2.90021754282e-17
13080.0   2.88189486881e-17
13150.0   2.84001447108e-17
13210.0   2.79551654849e-17
13280.0   2.74840110105e-17
13340.0   2.69866812874e-17
13400.0   2.6515526813e-17
13470.0   2.60417548136e-17
13530.0   2.55758353889e-17
13600.0   2.51203860636e-17
13660.0   2.46858769371e-17
13720.0   2.42539853355e-17
13790.0   2.38535040322e-17
13850.0   2.34661103532e-17
13920.0   2.30865692488e-17
13980.0   2.27148807189e-17
14040.0   2.23484272388e-17
14110.0   2.19924438581e-17
14170.0   2.16416955271e-17
14240.0   2.12961822458e-17
14300.0   2.0961139064e-17
14360.0   2.06313309319e-17
14430.0   2.03067578495e-17
14490.0   1.99900373416e-17
14560.0   1.96785518835e-17
14620.0   1.93723014751e-17
14680.0   1.90503459175e-17
14750.0   1.87310078849e-17
14810.0   1.84195224267e-17
14880.0   1.81132720183e-17
14940.0   1.78148741845e-17
15000.0   1.75217114004e-17
15050.0   1.73227795112e-17
15070.0   1.7233783666e-17
15090.0   1.71447878208e-17
15120.0   1.70139115779e-17
15130.0   1.69694136553e-17
15140.0   1.69222982079e-17
15160.0   1.68333023627e-17
15200.0   1.66710158215e-17
15260.0   1.63804705622e-17
15320.0   1.61501283747e-17
15330.0   1.60977778776e-17
15350.0   1.60454273804e-17
15370.0   1.59459614358e-17
15400.0   1.5830790342e-17
15410.0   1.57784398449e-17
15420.0   1.57444120217e-17
15440.0   1.56580337014e-17
15490.0   1.54878945856e-17
15560.0   1.52025843761e-17
15630.0   1.49225092163e-17
15710.0   1.46659917802e-17
15780.0   1.44120918689e-17
15810.0   1.43021558249e-17
15850.0   1.41634270074e-17
15890.0   1.40273157148e-17
15960.0   1.37603281792e-17
15970.0   1.37367704555e-17
16040.0   1.34985756934e-17
16110.0   1.32656159811e-17
16190.0   1.30405088433e-17
16260.0   1.28180192303e-17
16330.0   1.25929120925e-17
16390.0   1.23965977282e-17
16400.0   1.23520998056e-17
16410.0   1.2307601883e-17
16440.0   1.22500163361e-17
16460.0   1.21898132644e-17
16510.0   1.20589370215e-17
16610.0   1.17788618616e-17
16660.0   1.16375155193e-17
16710.0   1.14909341272e-17
16760.0   1.1328647586e-17
16810.0   1.11480383708e-17
16820.0   1.11192455974e-17
16830.0   1.11061579731e-17
16850.0   1.10773651997e-17
16900.0   1.09909868793e-17
16940.0   1.0886285885e-17
16990.0   1.07737323161e-17
17080.0   1.05460076534e-17
17170.0   1.03182829908e-17
17270.0   1.00853232784e-17
17350.0   9.87330376491e-18
17360.0   9.85236356604e-18
17370.0   9.83404089203e-18
17380.0   9.79477801916e-18
17420.0   9.72933989771e-18
17450.0   9.66390177625e-18
17520.0   9.53302553335e-18
17590.0   9.39953176558e-18
17650.0   9.26342047296e-18
17720.0   9.12730918034e-18
17790.0   8.99119788771e-18
17850.0   8.85246907023e-18
17920.0   8.70850520303e-18
17990.0   8.55930628612e-18
18050.0   8.40748984435e-18
18060.0   8.38393212062e-18
18120.0   8.247820828e-18
18150.0   8.17714765683e-18
18160.0   8.14311983367e-18
18180.0   8.10909201052e-18
18190.0   8.09076933651e-18
18210.0   8.07506418736e-18
18220.0   8.05935903821e-18
18240.0   8.04103636421e-18
18250.0   8.0227136902e-18
18280.0   7.98606834219e-18
18340.0   7.90230754673e-18
18400.0   7.81069417669e-18
18450.0   7.70861070722e-18
18510.0   7.58820456375e-18
18540.0   7.51753139258e-18
18570.0   7.43900564684e-18
18600.0   7.3473922768e-18
18630.0   7.24007375762e-18
18660.0   7.10134494014e-18
18670.0   7.02020166953e-18
18680.0   6.9285882995e-18
18700.0   6.8160347306e-18
18710.0   6.74797908429e-18
18720.0   6.5909275928e-18
18730.0   6.48884412333e-18
18740.0   6.35796788042e-18
18750.0   6.07265767089e-18
18760.0   5.54391764954e-18
18770.0   6.0281597483e-18
18780.0   6.30823490812e-18
18790.0   6.48884412333e-18
18800.0   6.55166471993e-18
18820.0   6.68515848769e-18
18830.0   6.74536155943e-18
18840.0   6.78985948202e-18
18860.0   6.82126978031e-18
18880.0   6.8657677029e-18
18910.0   6.88409037691e-18
18940.0   6.88670790177e-18
18960.0   6.87885532719e-18
19020.0   6.84220997918e-18
19070.0   6.77938938258e-18
19120.0   6.71133373627e-18
19180.0   6.63019046567e-18
19230.0   6.54642967021e-18
19290.0   6.44958125046e-18
19340.0   6.34749778099e-18
19390.0   6.23232668723e-18
19440.0   6.12762569291e-18
19450.0   6.11977311833e-18
19460.0   6.10145044433e-18
19480.0   6.09621539461e-18
19500.0   6.09359786975e-18
19550.0   6.08312777032e-18
19590.0   6.06742262117e-18
19630.0   6.04124737259e-18
19710.0   5.97842677599e-18
19800.0   5.90251855511e-18
19880.0   5.81875775965e-18
19960.0   5.73237943933e-18
20050.0   5.64600111901e-18
20130.0   5.55700527383e-18
20210.0   5.47062695351e-18
20300.0   5.38948368291e-18
20380.0   5.30310536259e-18
20460.0   5.21934456713e-18
20550.0   5.13558377167e-18
20630.0   5.05444050107e-18
20710.0   4.97329723047e-18
20800.0   4.89215395986e-18
20880.0   4.81362821412e-18
20970.0   4.73771999323e-18
21050.0   4.65919424749e-18
21130.0   4.58066850175e-18
21220.0   4.502142756e-18
21300.0   4.41838196054e-18
21380.0   4.32938611536e-18
21420.0   4.28227066792e-18
21470.0   4.2273026459e-18
21510.0   4.16971709902e-18
21550.0   4.10166145271e-18
21570.0   4.06239857983e-18
21590.0   4.0205181821e-18
21610.0   3.99172540866e-18
21620.0   3.95769758551e-18
21630.0   3.91843471264e-18
21640.0   3.89749451377e-18
21650.0   3.87131926519e-18
21660.0   3.80849866859e-18
21670.0   3.83467391718e-18
21680.0   3.8582316409e-18
21700.0   3.89487698891e-18
21720.0   3.91058213806e-18
21730.0   3.92366976235e-18
21760.0   3.9393749115e-18
21800.0   3.94722748608e-18
21830.0   3.94722748608e-18
21860.0   3.94460996122e-18
21920.0   3.92628728721e-18
21990.0   3.90011203863e-18
22050.0   3.86870174033e-18
22120.0   3.83467391718e-18
22180.0   3.79802856916e-18
22240.0   3.76138322115e-18
22310.0   3.72473787313e-18
22370.0   3.68809252512e-18
22440.0   3.64882965225e-18
22500.0   3.61218430423e-18
22560.0   3.57553895622e-18
22630.0   3.53889360821e-18
22690.0   3.50224826019e-18
22760.0   3.46560291218e-18
22820.0   3.42895756416e-18
22880.0   3.39231221615e-18
22950.0   3.35566686814e-18
23010.0   3.31902152012e-18
23080.0   3.28499369697e-18
23140.0   3.24834834895e-18
23200.0   3.2143205258e-18
23270.0   3.18029270264e-18
23330.0   3.14626487948e-18
23400.0   3.11223705633e-18
23460.0   3.07820923317e-18
23520.0   3.04679893488e-18
23590.0   3.01277111172e-18
23650.0   2.98136081342e-18
23720.0   2.94995051512e-18
23780.0   2.91854021683e-18
23840.0   2.88974744339e-18
23910.0   2.85833714509e-18
23970.0   2.82954437165e-18
24040.0   2.79813407335e-18
24100.0   2.76934129991e-18
24160.0   2.74054852647e-18
24230.0   2.71175575303e-18
24290.0   2.68558050445e-18
24360.0   2.65678773101e-18
24420.0   2.63061248243e-18
24480.0   2.60286671893e-18
24550.0   2.57616796538e-18
24610.0   2.5499927168e-18
24680.0   2.5240792207e-18
24740.0   2.49816572461e-18
24800.0   2.47094346608e-18
24870.0   2.44581522745e-18
24930.0   2.42094874129e-18
25000.0   2.39634400763e-18
25060.0   2.37200102645e-18
25120.0   2.34791979775e-18
25190.0   2.32410032154e-18
25250.0   2.30054259782e-18
25320.0   2.2769848741e-18
25380.0   2.25368890286e-18
25440.0   2.23039293162e-18
25510.0   2.20709696038e-18
25570.0   2.18380098915e-18
25640.0   2.16024326542e-18
25700.0   2.13642378921e-18
25760.0   2.11181905555e-18
25830.0   2.08590555945e-18
25890.0   2.05815979596e-18
25960.0   2.02832001257e-18
26020.0   1.99376868445e-18
26050.0   1.97413724801e-18
26080.0   1.95188828672e-18
26120.0   1.92676004808e-18
26150.0   1.89665851221e-18
26160.0   1.87990635312e-18
26180.0   1.86027491668e-18
26200.0   1.83854946036e-18
26210.0   1.81237421178e-18
26230.0   1.78227267591e-18
26240.0   1.76447350687e-18
26250.0   1.74850660524e-18
26260.0   1.76080897207e-18
26270.0   1.74667433784e-18
26280.0   1.75007712015e-18
26290.0   1.76709103173e-18
26310.0   1.78881648805e-18
26320.0   1.80609215212e-18
26340.0   1.81891802392e-18
26350.0   1.82938812335e-18
26370.0   1.83697894544e-18
26390.0   1.8432610051e-18
26420.0   1.85189883713e-18
26450.0   1.85634862939e-18
26480.0   1.85844264928e-18
26510.0   1.85818089679e-18
26580.0   1.85294584708e-18
26640.0   1.84352275759e-18
26710.0   1.83200564821e-18
26770.0   1.81891802392e-18
26830.0   1.80478338969e-18
26900.0   1.79012525048e-18
26960.0   1.77494360631e-18
27030.0   1.75950020964e-18
27090.0   1.74405681298e-18
27150.0   1.72861341632e-18
27220.0   1.71317001965e-18
27280.0   1.69772662299e-18
27350.0   1.68254497881e-18
27410.0   1.66736333464e-18
27470.0   1.65218169046e-18
27540.0   1.63726179877e-18
27600.0   1.62260365956e-18
27670.0   1.60794552036e-18
27730.0   1.59354913364e-18
27790.0   1.57967625189e-18
27860.0   1.56554161765e-18
27920.0   1.55140698342e-18
27990.0   1.53753410167e-18
28050.0   1.52366121992e-18
28110.0   1.51005009066e-18
28180.0   1.49670071388e-18
28240.0   1.48335133711e-18
28310.0   1.47000196033e-18
28370.0   1.45717608853e-18
28430.0   1.44408846424e-18
28500.0   1.43152434492e-18
28560.0   1.41869847311e-18
28630.0   1.40639610628e-18
28690.0   1.39383198696e-18
28750.0   1.38179137261e-18
28820.0   1.36975075826e-18
28880.0   1.35771014392e-18
28950.0   1.34593128206e-18
29010.0   1.33415242019e-18
29070.0   1.32263531082e-18
29140.0   1.31137995393e-18
29200.0   1.29986284455e-18
29270.0   1.28886924015e-18
29330.0   1.27761388326e-18
29390.0   1.26688203134e-18
29460.0   1.25588842694e-18
29520.0   1.24515657502e-18
29590.0   1.23468647558e-18
29650.0   1.22421637615e-18
29710.0   1.21374627672e-18
29780.0   1.20353792977e-18
29840.0   1.19332958283e-18
29910.0   1.18338298837e-18
29970.0   1.1734363939e-18
