900.0   2.72061505328e-15
900.1   2.72133213685e-15
900.2   2.72204922042e-15
900.3   2.72348338755e-15
900.4   2.72420047112e-15
900.5   2.72563463825e-15
900.6   2.72706880538e-15
900.7   2.72778588895e-15
900.8   2.72922005609e-15
900.9   2.72993713965e-15
901.0   2.73137130679e-15
901.1   2.73208839035e-15
901.2   2.73352255749e-15
901.3   2.73423964105e-15
901.4   2.73567380819e-15
901.5   2.73639089176e-15
901.6   2.73782505889e-15
901.7   2.73854214246e-15
901.8   2.73997630959e-15
901.9   2.74069339316e-15
902.0   2.74212756029e-15
902.1   2.74284464386e-15
902.2   2.74427881099e-15
902.3   2.74499589456e-15
902.4   2.74643006169e-15
902.5   2.74714714526e-15
902.6   2.74858131239e-15
902.7   2.74929839596e-15
902.8   2.7507325631e-15
902.9   2.75144964666e-15
903.0   2.7528838138e-15
903.1   2.75431798093e-15
903.2   2.7550350645e-15
903.3   2.75646923163e-15
903.4   2.7571863152e-15
903.5   2.75862048233e-15
903.6   2.7593375659e-15
903.7   2.76077173303e-15
903.8   2.7614888166e-15
903.9   2.76292298374e-15
904.0   2.76435715087e-15
904.1   2.76507423444e-15
904.2   2.76650840157e-15
904.3   2.76722548514e-15
904.4   2.76865965227e-15
904.5   2.76937673584e-15
904.6   2.77081090297e-15
904.7   2.77224507011e-15
904.8   2.77296215367e-15
904.9   2.77439632081e-15
905.0   2.77511340437e-15
905.1   2.77654757151e-15
905.2   2.77798173864e-15
905.5   2.78156715648e-15
906.2   2.78873799215e-15
907.4   2.80236257992e-15
908.0   2.80881633202e-15
909.9   2.83032883904e-15
911.8   2.85901218172e-15
912.8   2.86905135165e-15
913.2   2.87407093662e-15
913.7   2.87980760516e-15
914.2   2.88841260796e-15
914.4   2.89486636007e-15
914.6   2.90203719574e-15
914.9   2.91279344924e-15
915.1   2.92426678632e-15
915.4   2.94147679192e-15
915.6   2.9594038811e-15
915.8   2.98235055524e-15
916.1   3.01031681436e-15
916.3   3.04258557487e-15
916.5   3.07915683679e-15
916.8   3.12074768368e-15
917.0   3.16664103197e-15
917.2   3.21683688166e-15
917.5   3.27061814919e-15
917.7   3.32655066741e-15
918.0   3.38248318564e-15
918.1   3.40829819405e-15
918.2   3.42981070107e-15
918.3   3.44630362311e-15
918.4   3.45204029164e-15
918.5   3.45275737521e-15
918.6   3.43841570387e-15
918.7   3.41116652832e-15
918.8   3.36455609647e-15
918.9   3.24767147504e-15
919.0   3.10425476164e-15
919.1   2.93574012339e-15
919.2   2.74284464386e-15
919.3   2.53632457656e-15
919.4   2.46605038699e-15
919.5   2.61663793606e-15
919.6   2.84969009534e-15
919.7   3.06481516545e-15
919.8   3.27276939989e-15
919.9   3.42550819966e-15
920.0   3.5617540774e-15
920.1   3.63274535053e-15
920.2   3.64708702187e-15
920.3   3.60764742569e-15
920.4   3.51084114414e-15
920.5   3.33945817162e-15
920.6   3.14584560852e-15
920.7   2.89988594504e-15
920.8   2.64173586091e-15
920.9   2.36780993831e-15
921.0   2.15627028603e-15
921.1   2.34199492989e-15
921.2   2.63384794167e-15
921.3   2.92068136848e-15
921.4   3.21540271453e-15
921.5   3.47498696579e-15
921.6   3.74891288839e-15
921.7   3.95758420639e-15
921.8   4.12968426248e-15
921.9   4.25087138531e-15
922.0   4.31254057207e-15
922.1   4.32042849131e-15
922.2   4.28744264722e-15
922.3   4.19422178351e-15
922.4   4.03287798093e-15
922.5   3.82564083006e-15
922.6   3.58828616938e-15
922.7   3.30001857543e-15
922.8   3.00959973079e-15
922.9   2.70412213124e-15
923.0   2.39649328099e-15
923.1   2.07523984296e-15
923.2   1.9590723051e-15
923.3   2.2200907235e-15
923.4   2.64030169377e-15
923.5   2.91853011778e-15
923.7   3.48789446999e-15
923.8   3.78476706674e-15
923.9   4.05008798654e-15
924.0   4.45524020191e-15
924.1   4.69331194616e-15
924.2   4.89624659563e-15
924.3   5.15654793045e-15
924.4   5.29924756029e-15
924.5   5.40465884464e-15
924.6   5.49572845766e-15
924.7   5.51508971397e-15
924.8   5.49931387549e-15
924.9   5.44983510937e-15
925.0   5.29924756029e-15
925.1   5.14650876052e-15
925.2   4.95863286596e-15
925.3   4.76573738643e-15
925.4   4.41436643859e-15
925.5   4.00921422322e-15
925.6   3.87296834549e-15
925.7   3.45777696018e-15
925.8   3.1659239484e-15
925.9   2.87335385306e-15
926.0   2.58006667414e-15
926.1   2.1634411217e-15
926.2   1.90457395401e-15
926.3   1.82354351094e-15
926.4   2.16487528884e-15
926.5   2.50620706674e-15
926.6   2.84682176108e-15
926.7   3.18671937185e-15
926.8   3.53450490185e-15
926.9   3.87081709478e-15
927.0   4.40002476725e-15
927.1   4.58072982614e-15
927.2   4.92564702187e-15
927.3   5.24976879417e-15
927.4   5.59540307347e-15
927.5   5.92597859787e-15
927.6   6.22428536175e-15
927.7   6.48673794728e-15
927.8   6.7341317779e-15
927.9   6.95284226584e-15
928.0   7.13713274257e-15
928.1   7.28556904094e-15
928.2   7.40747324734e-15
928.3   7.49352327538e-15
928.4   7.55088996074e-15
928.5   7.57957330342e-15
928.6   7.57240246775e-15
928.7   7.5365482894e-15
928.8   7.45766909703e-15
928.9   7.3429357263e-15
929.0   7.18517734156e-15
929.1   6.99013061133e-15
929.2   6.77213720695e-15
929.3   6.51972379136e-15
929.4   6.253685788e-15
929.5   5.95537902412e-15
929.6   5.63771100393e-15
929.7   5.30570131239e-15
929.8   4.9729745373e-15
929.9   4.63522817723e-15
930.0   4.28959389792e-15
930.1   3.94324253505e-15
930.2   3.60047659002e-15
930.3   3.25771064498e-15
930.4   2.90992511497e-15
930.5   2.55855416713e-15
930.6   2.20072946719e-15
930.7   1.82928017947e-15
930.8   1.7460984857e-15
930.9   2.12400152552e-15
931.0   2.48612872686e-15
931.1   3.02107306786e-15
931.2   3.370292765e-15
931.3   3.72238079641e-15
931.4   4.06801507572e-15
931.5   4.43516186203e-15
931.6   4.80445989905e-15
931.7   5.16802126753e-15
931.8   5.53301680314e-15
931.9   5.91952484577e-15
932.0   6.30173038699e-15
932.1   6.67389675827e-15
932.3   7.42181491868e-15
932.5   8.17475266405e-15
932.6   8.54046528323e-15
932.7   8.89183623107e-15
932.8   9.2216946719e-15
932.9   9.53721144139e-15
933.0   9.83121570387e-15
933.1   1.0110878295e-14
933.2   1.03690283791e-14
933.3   1.06056659563e-14
933.4   1.0827961862e-14
933.5   1.10144035895e-14
933.6   1.11865036455e-14
933.7   1.13370911946e-14
933.8   1.14661662367e-14
933.9   1.15808996074e-14
934.0   1.16812913068e-14
934.1   1.17529996635e-14
934.2   1.17888538418e-14
934.3   1.17960246775e-14
934.4   1.17745121705e-14
934.5   1.17171454851e-14
934.6   1.16382662928e-14
934.7   1.15163620864e-14
934.8   1.1372945373e-14
934.9   1.11936744812e-14
935.0   1.09785494111e-14
935.1   1.0741911834e-14
935.2   1.04765909142e-14
935.3   1.01969283231e-14
935.4   9.88858238923e-15
935.5   9.58023645541e-15
935.7   8.9563737521e-15
935.9   8.2823151991e-15
936.1   7.57957330342e-15
936.3   6.88328515984e-15
936.5   6.17408951206e-15
936.7   5.45198636007e-15
936.9   4.72701487381e-15
937.1   4.00491172182e-15
937.2   3.64493577117e-15
937.3   3.28424273696e-15
937.4   3.10353767807e-15
937.5   2.73997630959e-15
937.6   2.36279035334e-15
937.7   1.96696022434e-15
937.8   1.72100056085e-15
937.9   1.72171764442e-15
938.0   2.15125070107e-15
938.1   2.53775874369e-15
938.2   2.91279344924e-15
938.3   3.27922315199e-15
938.4   3.64135035334e-15
938.5   4.00276047112e-15
938.6   4.3684730903e-15
938.7   4.74207362872e-15
938.9   5.49286012339e-15
939.1   6.25225162086e-15
939.3   7.0080577005e-15
939.4   7.393131576e-15
939.5   7.79469837353e-15
939.6   8.19626517106e-15
939.7   8.61217363993e-15
939.8   9.02808210881e-15
939.9   9.45833224902e-15
940.0   9.8957532249e-15
940.1   1.03331742008e-14
940.2   1.07992785193e-14
940.3   1.13084078519e-14
940.4   1.18247080202e-14
940.6   1.28788208637e-14
940.8   1.39616170499e-14
941.0   1.50157298934e-14
941.2   1.60411593943e-14
941.3   1.65359470555e-14
941.4   1.70307347168e-14
941.5   1.7504009871e-14
941.6   1.79055766685e-14
941.7   1.82928017947e-14
941.8   1.86728560852e-14
941.9   1.90385687044e-14
942.1   1.97341397644e-14
942.3   2.03723441391e-14
942.5   2.0960352664e-14
942.7   2.1505336175e-14
942.9   2.19929530006e-14
943.1   2.24088614694e-14
943.3   2.27674032529e-14
943.5   2.30685783511e-14
943.7   2.32980450925e-14
943.8   2.33912659563e-14
943.9   2.34558034773e-14
944.0   2.35131701626e-14
944.1   2.35131701626e-14
944.2   2.34988284913e-14
944.3   2.34558034773e-14
944.4   2.33840951206e-14
944.5   2.32908742569e-14
944.6   2.31689700505e-14
944.7   2.30183825014e-14
944.8   2.28391116096e-14
944.9   2.25953031969e-14
945.0   2.23012989344e-14
945.1   2.19929530006e-14
945.2   2.1634411217e-14
945.3   2.12471860909e-14
945.4   2.0831277622e-14
945.5   2.03866858104e-14
945.6   1.99205814919e-14
945.8   1.89310061694e-14
946.0   1.78625516545e-14
946.2   1.6786926304e-14
946.4   1.57471551318e-14
946.6   1.47145547953e-14
946.8   1.37178086371e-14
947.0   1.2742574986e-14
947.1   1.22621289961e-14
947.2   1.17960246775e-14
947.3   1.13370911946e-14
947.4   1.08853285474e-14
947.5   1.04550784072e-14
947.6   1.0046340774e-14
947.7   9.64477397644e-15
947.8   9.25037801458e-15
948.0   8.46875692653e-15
948.2   7.70147750981e-15
948.4   6.94352017947e-15
948.6   6.19345076837e-15
949.0   4.69402902973e-15
949.2   3.93392044868e-15
949.3   3.5703590802e-15
949.4   3.20894896242e-15
949.5   2.8310459226e-15
949.6   2.2265444756e-15
949.7   1.72745431296e-15
949.8   1.73032264722e-15
949.9   2.22582739204e-15
950.0   2.64173586091e-15
950.1   3.0332634885e-15
950.2   3.39825902412e-15
950.3   3.95113045429e-15
950.5   4.68614111049e-15
950.7   5.43405927089e-15
951.1   6.93061267527e-15
951.3   7.68713583847e-15
951.5   8.46875692653e-15
951.7   9.26471968592e-15
951.9   1.0089365788e-14
952.0   1.05196159282e-14
952.1   1.09642077398e-14
952.2   1.1437482894e-14
952.3   1.19322705552e-14
952.4   1.24413998878e-14
952.5   1.29648708918e-14
952.6   1.35170252384e-14
952.7   1.40835212563e-14
952.8   1.46500172743e-14
952.9   1.52380257992e-14
953.0   1.58762301739e-14
953.1   1.65359470555e-14
953.2   1.72243472799e-14
953.3   1.79342600112e-14
953.4   1.86585144139e-14
953.5   1.94544771733e-14
953.6   2.03006357824e-14
953.8   2.29538449804e-14
954.0   2.4811091419e-14
954.2   2.67400462142e-14
954.4   2.86905135165e-14
954.6   3.06624933259e-14
954.8   3.24767147504e-14
955.0   3.41260069546e-14
955.2   3.5746615816e-14
955.4   3.73170288278e-14
955.6   3.88013918116e-14
955.8   4.01710214246e-14
956.0   4.14904551879e-14
956.4   4.40145893438e-14
956.8   4.63307692653e-14
957.2   4.84605074593e-14
957.6   5.03966330903e-14
957.9   5.21534878295e-14
958.3   5.37095591699e-14
958.7   5.50576762759e-14
959.1   5.61906683118e-14
959.5   5.71085352776e-14
959.9   5.77825938306e-14
960.3   5.82200148065e-14
960.7   5.84136273696e-14
961.1   5.83419190129e-14
961.5   5.80192314077e-14
961.9   5.74383937185e-14
962.2   5.65922351094e-14
962.4   5.60902766125e-14
962.6   5.54879264162e-14
962.8   5.48568928772e-14
963.0   5.41254676388e-14
963.4   5.25048587773e-14
963.8   5.06476123388e-14
964.2   4.85680699944e-14
964.6   4.62877442513e-14
965.0   4.38424892877e-14
965.4   4.12394759394e-14
965.8   3.85360708918e-14
966.1   3.57609574874e-14
966.5   3.29571607403e-14
966.9   3.01605348289e-14
967.3   2.73997630959e-14
967.5   2.60444751542e-14
967.7   2.47178705552e-14
967.9   2.34199492989e-14
968.1   2.2157882221e-14
968.3   2.09244984857e-14
968.5   1.97341397644e-14
968.7   1.85796352215e-14
968.9   1.7460984857e-14
969.1   1.63925303421e-14
969.3   1.53671008413e-14
969.5   1.43775255188e-14
969.7   1.34309752103e-14
969.9   1.25202790802e-14
970.1   1.16526079641e-14
970.3   1.08136201907e-14
970.4   1.00104865956e-14
970.6   9.23603634324e-15
970.8   8.4759277622e-15
971.0   7.73733168817e-15
971.2   7.0080577005e-15
971.4   6.27591537858e-15
971.6   5.54377305665e-15
971.7   5.17232376893e-15
971.8   4.80230864835e-15
971.9   4.42583977566e-15
972.0   4.2358126304e-15
972.1   3.86006084128e-15
972.2   3.47857238362e-15
972.3   3.07772266966e-15
972.4   2.64030169377e-15
972.5   2.02074149187e-15
972.6   1.8221093438e-15
972.7   2.46103080202e-15
972.8   2.93574012339e-15
972.9   3.3616877622e-15
973.0   3.75608372406e-15
973.1   4.14832843522e-15
973.2   4.53913897925e-15
973.3   4.92923243971e-15
973.4   5.31358923163e-15
973.6   6.08015156478e-15
973.8   6.84384556366e-15
974.0   7.6082566461e-15
974.2   8.38270689849e-15
974.4   9.17866965788e-15
974.6   9.99614492428e-15
974.8   1.0849474369e-14
975.0   1.17386579921e-14
975.2   1.26708666293e-14
975.4   1.36532711161e-14
975.6   1.46858714526e-14
975.8   1.57758384745e-14
976.0   1.69231721817e-14
976.2   1.813504341e-14
976.4   1.94114521593e-14
976.6   2.07595692653e-14
976.8   2.21722238923e-14
977.0   2.36637577117e-14
977.2   2.52198290522e-14
977.4   2.6854779585e-14
977.6   2.85686093102e-14
977.8   3.0354147392e-14
978.0   3.22185646663e-14
978.2   3.41618611329e-14
978.4   3.61768659563e-14
978.6   3.8270749972e-14
978.8   4.044351318e-14
979.0   4.26879847448e-14
979.2   4.50041646663e-14
979.4   4.73920529445e-14
979.6   4.9858820415e-14
979.8   5.23972962423e-14
980.0   5.50003095906e-14
980.2   5.76893729669e-14
980.4   6.04286321929e-14
980.6   6.323242894e-14
981.0   6.90336349972e-14
981.4   7.50786494672e-14
981.8   8.13172765003e-14
982.2   8.76993202468e-14
982.6   9.42964890634e-14
983.0   1.00965366237e-13
983.4   1.0784936848e-13
984.2   1.21689081324e-13
985.0   1.35600502524e-13
985.8   1.49440215367e-13
986.6   1.62921386427e-13
987.4   1.7590059899e-13
988.2   1.883061447e-13
989.0   1.99922898486e-13
989.8   2.10607443634e-13
990.6   2.20359780146e-13
991.4   2.2917990802e-13
992.2   2.36924410544e-13
993.0   2.43593287717e-13
993.8   2.4918653954e-13
994.6   2.53775874369e-13
995.4   2.57289583847e-13
996.2   2.59727667975e-13
997.0   2.61161835109e-13
997.8   2.6159208525e-13
998.6   2.61018418396e-13
999.4   2.59512542905e-13
1000.0   2.57074458777e-13
1001.0   2.53632457656e-13
1002.0   2.4940166461e-13
1003.0   2.44166954571e-13
1004.0   2.31331158721e-13
1005.0   2.23658364554e-13
1006.0   2.1526848682e-13
1007.0   2.06161525519e-13
1008.0   1.86011477285e-13
1009.0   1.75111807067e-13
1010.0   1.63781886708e-13
1011.0   1.52093424565e-13
1012.0   1.28142833427e-13
1013.0   1.16167537858e-13
1014.0   1.04335659002e-13
1015.0   9.27906135726e-14
1016.0   7.62976915311e-14
1017.0   6.60433965227e-14
1018.0   5.19885586091e-14
1019.0   4.3641705889e-14
1020.0   3.44415237241e-14
1021.0   2.66539961862e-14
1022.0   2.02504399327e-14
1023.0   1.50802674145e-14
1024.0   1.08566452047e-14
1025.0   7.08621980931e-15
1026.0   3.17309478407e-15
1027.0   6.02923863152e-15
1028.0   1.02471241727e-14
1029.0   1.44205505328e-14
1030.0   1.94903313517e-14
1031.0   2.57576417274e-14
1032.0   3.33874108805e-14
1033.0   4.2444176332e-14
1034.0   5.28634005609e-14
1035.0   6.70258010095e-14
1036.0   7.73733168817e-14
1037.0   9.38662389232e-14
1038.0   1.11363077958e-13
1039.0   1.23338373528e-13
1040.0   1.35385377454e-13
1041.0   1.59407676949e-13
1042.0   1.71167847448e-13
1043.0   1.8264118452e-13
1044.0   1.93827688166e-13
1045.0   2.14909945036e-13
1046.0   2.24733989905e-13
1047.0   2.34127784633e-13
1048.0   2.43019620864e-13
1049.0   2.59297417835e-13
1050.0   2.66755086932e-13
1051.0   2.73710797532e-13
1052.0   2.80236257992e-13
1053.0   2.92068136848e-13
1054.0   2.97302846887e-13
1055.0   3.022507235e-13
1056.0   3.06768349972e-13
1057.0   3.14871394279e-13
1059.0   3.21898813236e-13
1060.0   3.27922315199e-13
1062.0   3.33013608525e-13
1064.0   3.3724440157e-13
1065.0   3.40901527762e-13
1067.0   3.43841570387e-13
1068.0   3.46351362872e-13
1070.0   3.48287488503e-13
1072.0   3.4986507235e-13
1075.0   3.52016323051e-13
1078.0   3.53091948402e-13
1081.0   3.53307073472e-13
1084.0   3.52876823331e-13
1088.0   3.51944614694e-13
1091.0   3.50582155917e-13
1094.0   3.48861155356e-13
1097.0   3.46853321368e-13
1100.0   3.44630362311e-13
1104.0   3.42192278183e-13
1107.0   3.39682485698e-13
1110.0   3.36957568144e-13
1113.0   3.34232650589e-13
1116.0   3.31292607964e-13
1120.0   3.28352565339e-13
1123.0   3.25269106001e-13
1126.0   3.22113938306e-13
1129.0   3.18958770611e-13
1132.0   3.15660186203e-13
1136.0   3.12218185081e-13
1139.0   3.0877618396e-13
1142.0   3.05190766125e-13
1145.0   3.01461931576e-13
1148.0   2.97589680314e-13
1152.0   2.93502303982e-13
1155.0   2.8919980258e-13
1158.0   2.84682176108e-13
1161.0   2.79806007852e-13
1164.0   2.74499589456e-13
1168.0   2.68619504206e-13
1171.0   2.62094043746e-13
1174.0   2.54708083006e-13
1176.0   2.50692415031e-13
1177.0   2.46246496915e-13
1179.0   2.41513745373e-13
1180.0   2.3635074369e-13
1182.0   2.30757491868e-13
1184.0   2.24590573191e-13
1185.0   2.17849987661e-13
1187.0   2.10464026921e-13
1188.0   2.02289274257e-13
1190.0   1.93397438026e-13
1191.0   1.88664686483e-13
1192.0   1.83645101514e-13
1193.0   1.72888848009e-13
1194.0   1.67152179473e-13
1195.0   1.6112867751e-13
1196.0   1.5481834212e-13
1197.0   1.41624004487e-13
1198.0   1.34668293887e-13
1199.0   1.27569166573e-13
1200.0   1.2025491419e-13
1201.0   1.05267867639e-13
1203.0   9.00656960179e-14
1204.0   8.25363185642e-14
1205.0   6.78145929333e-14
1206.0   6.42578584408e-14
1207.0   5.40179051038e-14
1208.0   4.76286905216e-14
1209.0   3.88372459899e-14
1210.0   3.35308275939e-14
1211.0   2.75790339877e-14
1212.0   2.23945197981e-14
1213.0   1.78482099832e-14
1214.0   1.29361875491e-14
1215.0   1.00104865956e-14
1216.0   4.51762647224e-15
1217.0   8.89900706674e-15
1218.0   1.32015084689e-14
1219.0   1.8178068424e-14
1220.0   2.18065112731e-14
1221.0   2.6919317106e-14
1222.0   3.39969319125e-14
1223.0   3.93033503085e-14
1224.0   4.80230864835e-14
1225.0   5.43119093662e-14
1226.0   6.77142012339e-14
1227.0   7.4648399327e-14
1228.0   8.17475266405e-14
1229.0   9.59457812675e-14
1230.0   1.02901491868e-13
1231.0   1.09785494111e-13
1232.0   1.16454371284e-13
1233.0   1.22908123388e-13
1234.0   1.3502683567e-13
1235.0   1.4069179585e-13
1236.0   1.46069922602e-13
1237.0   1.51232924285e-13
1238.0   1.60483302299e-13
1239.0   1.64714095345e-13
1240.0   1.6872976332e-13
1241.0   1.72386889512e-13
1242.0   1.78984058329e-13
1243.0   1.8199580931e-13
1244.0   1.84649018508e-13
1245.0   1.89668603477e-13
1247.0   1.93899396523e-13
1249.0   1.97484814358e-13
1250.0   2.00568273696e-13
1252.0   2.03149774537e-13
1253.0   2.05301025238e-13
1255.0   2.07093734156e-13
1257.0   2.08599609647e-13
1258.0   2.09818651711e-13
1260.0   2.10822568704e-13
1263.0   2.12185027482e-13
1266.0   2.12973819405e-13
1269.0   2.13260652832e-13
1273.0   2.13188944476e-13
1276.0   2.12830402692e-13
1279.0   2.12256735838e-13
1282.0   2.11467943915e-13
1285.0   2.10535735278e-13
1289.0   2.09531818284e-13
1292.0   2.08384484577e-13
1295.0   2.07237150869e-13
1296.0   2.06663484016e-13
1298.0   2.05946400449e-13
1300.0   2.05229316882e-13
1305.0   2.03149774537e-13
1310.0   2.00998523836e-13
1315.0   1.98847273135e-13
1320.0   1.96696022434e-13
1330.0   1.92321812675e-13
1350.0   1.83645101514e-13
1370.0   1.75326932137e-13
1390.0   1.67295596186e-13
1410.0   1.59766218732e-13
1430.0   1.52595383062e-13
1450.0   1.45854797532e-13
1470.0   1.39544462142e-13
1490.0   1.33520960179e-13
1510.0   1.27856e-13
1530.0   1.22477873247e-13
1550.0   1.17386579921e-13
1570.0   1.12582120022e-13
1590.0   1.07992785193e-13
1610.0   1.03690283791e-13
1630.0   9.96029074593e-14
1650.0   9.57306561974e-14
1670.0   9.20735300056e-14
1690.0   8.85598205272e-14
1710.0   8.52612361189e-14
1730.0   8.2106068424e-14
1750.0   7.90943174425e-14
1770.0   7.62259831744e-14
1790.0   7.35010656197e-14
1810.0   7.08765397644e-14
1830.0   6.83882597869e-14
1850.0   6.60218840157e-14
1870.0   6.37558999439e-14
1890.0   6.15974784072e-14
1910.0   5.95251068985e-14
1930.0   5.75531270892e-14
1950.0   5.56600264722e-14
1970.0   5.38529758833e-14
1990.0   5.21176336511e-14
2010.0   5.04611706113e-14
2030.0   4.88620742569e-14
2050.0   4.73346862591e-14
2070.0   4.58718357824e-14
2090.0   4.4466351991e-14
2110.0   4.3118234885e-14
2130.0   4.18203136287e-14
2150.0   4.05725882221e-14
2170.0   3.93750586652e-14
2190.0   3.82205541223e-14
2210.0   3.71090745934e-14
2230.0   3.60406200785e-14
2250.0   3.50151905777e-14
2270.0   3.40256152552e-14
2290.0   3.3071894111e-14
2310.0   3.21540271453e-14
2330.0   3.12648435222e-14
2350.0   3.04115140774e-14
2370.0   2.95868679753e-14
2390.0   2.87909052159e-14
2410.0   2.80236257992e-14
2430.0   2.72778588895e-14
2450.0   2.65607753225e-14
2470.0   2.58723750981e-14
2490.0   2.51983165451e-14
2510.0   2.45529413348e-14
2530.0   2.39290786315e-14
2550.0   2.33267284352e-14
2570.0   2.27387199103e-14
2590.0   2.21722238923e-14
2610.0   2.16200695457e-14
2630.0   2.10894277061e-14
2650.0   2.05802983735e-14
2670.0   2.00783398766e-14
2690.0   1.95978938867e-14
2710.0   1.91317895681e-14
2730.0   1.86728560852e-14
2750.0   1.82354351094e-14
2770.0   1.78051849692e-14
2790.0   1.7396447336e-14
2810.0   1.69948805384e-14
2830.0   1.66004845766e-14
2850.0   1.62276011217e-14
2870.0   1.58547176669e-14
2890.0   1.5503346719e-14
2910.0   1.51519757712e-14
2930.0   1.48149464947e-14
2950.0   1.44922588895e-14
2970.0   1.41695712844e-14
2990.0   1.38612253505e-14
3010.0   1.35600502524e-14
3030.0   1.32732168256e-14
3050.0   1.29863833988e-14
3070.0   1.27138916433e-14
3090.0   1.24413998878e-14
3110.0   1.21832498037e-14
3130.0   1.19250997196e-14
3150.0   1.16812913068e-14
3170.0   1.1437482894e-14
3190.0   1.12008453169e-14
3210.0   1.09713785754e-14
3230.0   1.07490826697e-14
3250.0   1.05339575996e-14
3270.0   1.03188325294e-14
3290.0   1.01180491307e-14
3310.0   9.91726573191e-15
3330.0   9.71648233315e-15
3350.0   9.53004060572e-15
3370.0   9.3435988783e-15
3390.0   9.15715715087e-15
3410.0   8.98505709478e-15
3430.0   8.8129570387e-15
3450.0   8.64085698261e-15
3470.0   8.4759277622e-15
3490.0   8.31816937745e-15
3510.0   8.16041099271e-15
3530.0   8.00982344363e-15
3550.0   7.85923589456e-15
3570.0   7.71581918116e-15
3590.0   7.57240246775e-15
3610.0   7.42898575435e-15
3613.0   7.41464408301e-15
3630.0   7.29273987661e-15
3644.0   7.1995190129e-15
3647.0   7.17800650589e-15
3650.0   7.16151358385e-15
3660.0   7.09482481211e-15
3670.0   7.02813604038e-15
3676.0   6.98726227706e-15
3680.0   6.96288143578e-15
3683.0   6.94136892877e-15
3684.0   6.93706642737e-15
3687.0   6.91627100393e-15
3688.0   6.91053433539e-15
3693.0   6.88041682557e-15
3698.0   6.84384556366e-15
3703.0   6.81516222098e-15
3704.0   6.80870846887e-15
3705.0   6.8015376332e-15
3707.0   6.78719596186e-15
3710.0   6.76926887269e-15
3712.0   6.75922970275e-15
3713.0   6.74990761638e-15
3716.0   6.73126344363e-15
3721.0   6.69899468312e-15
3722.0   6.69684343242e-15
3723.0   6.68752134605e-15
3725.0   6.67676509254e-15
3728.0   6.65453550196e-15
3735.0   6.61151048794e-15
3742.0   6.57063672462e-15
3747.0   6.53693379697e-15
3749.0   6.5233092092e-15
3751.0   6.51111878856e-15
3755.0   6.49462586652e-15
3759.0   6.47383044307e-15
3761.0   6.46092293887e-15
3766.0   6.42291750981e-15
3769.0   6.40212208637e-15
3772.0   6.38204374649e-15
3774.0   6.37702416153e-15
3777.0   6.37343874369e-15
3782.0   6.35551165451e-15
3785.0   6.34045289961e-15
3788.0   6.3189403926e-15
3790.0   6.29599371845e-15
3793.0   6.26372495794e-15
3798.0   6.20205577117e-15
3799.0   6.19129951767e-15
3800.0   6.19416785193e-15
3801.0   6.20205577117e-15
3804.0   6.21998286035e-15
3806.0   6.23432453169e-15
3809.0   6.24077828379e-15
3811.0   6.24508078519e-15
3814.0   6.24006120022e-15
3816.0   6.22930494672e-15
3819.0   6.20922660684e-15
3821.0   6.17982618059e-15
3824.0   6.14253783511e-15
3826.0   6.09664448682e-15
3829.0   6.04286321929e-15
3831.0   5.98334528323e-15
3834.0   5.91378817723e-15
3835.0   5.88080233315e-15
3836.0   5.86789482894e-15
3837.0   5.86574357824e-15
3838.0   5.87649983174e-15
3839.0   5.90518317443e-15
3840.0   5.93673485137e-15
3843.0   5.99768695457e-15
3846.0   6.05075113853e-15
3848.0   6.09592740325e-15
3851.0   6.13321574874e-15
3854.0   6.15759659002e-15
3856.0   6.16906992709e-15
3859.0   6.17050409422e-15
3862.0   6.16333325855e-15
3864.0   6.13823533371e-15
3867.0   6.10238115536e-15
3870.0   6.05648780707e-15
3872.0   5.99410153674e-15
3875.0   5.91091984296e-15
3876.0   5.86646066181e-15
3877.0   5.81841606282e-15
3879.0   5.76463479529e-15
3880.0   5.70870227706e-15
3883.0   5.58536390353e-15
3885.0   5.45198636007e-15
3886.0   5.42186885025e-15
3887.0   5.36521924846e-15
3888.0   5.31072089736e-15
3889.0   5.28634005609e-15
3890.0   5.2447492092e-15
3891.0   5.24331504206e-15
3892.0   5.27988630398e-15
3893.0   5.35518007852e-15
3895.0   5.46202553001e-15
3897.0   5.55883181155e-15
3899.0   5.6534868424e-15
3902.0   5.74025395401e-15
3904.0   5.82271856422e-15
3906.0   5.89299275379e-15
3908.0   5.96111569265e-15
3910.0   6.01561404375e-15
3912.0   6.0600732249e-15
3914.0   6.09807865395e-15
3916.0   6.13321574874e-15
3918.0   6.15759659002e-15
3920.0   6.17337242849e-15
3924.0   6.18986535053e-15
3929.0   6.18484576556e-15
3931.0   6.17122117779e-15
3933.0   6.15544533932e-15
3935.0   6.13034741447e-15
3937.0   6.09664448682e-15
3939.0   6.05505363993e-15
3941.0   6.00772612451e-15
3943.0   5.95394485698e-15
3945.0   5.88725608525e-15
3947.0   5.80694272574e-15
3949.0   5.71945853057e-15
3951.0   5.63054016826e-15
3953.0   5.53086555244e-15
3956.0   5.41398093102e-15
3958.0   5.28920839035e-15
3960.0   5.16300168256e-15
3962.0   5.02101913629e-15
3964.0   4.87186575435e-15
3966.0   4.71123903533e-15
3968.0   4.54057314638e-15
3969.0   4.45667436904e-15
3970.0   4.35556558609e-15
3971.0   4.3032184857e-15
3972.0   4.28744264722e-15
3973.0   4.37349267527e-15
3974.0   4.46814770611e-15
3975.0   4.60080816601e-15
3977.0   4.68685819405e-15
3978.0   4.76645446999e-15
3980.0   4.91489076837e-15
3982.0   5.06117581604e-15
3984.0   5.19311919237e-15
3987.0   5.3121550645e-15
3989.0   5.43190802019e-15
3991.0   5.53229971957e-15
3993.0   5.62193516545e-15
3996.0   5.71372186203e-15
3998.0   5.79618647224e-15
4000.0   5.86287524397e-15
4002.0   5.91809067863e-15
4005.0   5.97043777902e-15
4007.0   6.01417987661e-15
4009.0   6.05290238923e-15
4011.0   6.08015156478e-15
4016.0   6.1210253281e-15
4020.0   6.14468908581e-15
4025.0   6.15616242288e-15
4029.0   6.15544533932e-15
4034.0   6.14397200224e-15
4038.0   6.1231765788e-15
4043.0   6.09234198542e-15
4047.0   6.04788280426e-15
4052.0   5.9862136175e-15
4056.0   5.90805150869e-15
4058.0   5.86287524397e-15
4061.0   5.80909397644e-15
4063.0   5.75172729108e-15
4065.0   5.68073601795e-15
4067.0   5.60687641054e-15
4070.0   5.52656305104e-15
4072.0   5.44409844083e-15
4074.0   5.36019966349e-15
4076.0   5.26841296691e-15
4078.0   5.16515293326e-15
4081.0   5.0532878968e-15
4083.0   4.93712035895e-15
4085.0   4.81306490185e-15
4087.0   4.67179943915e-15
4090.0   4.52694855861e-15
4092.0   4.37134142457e-15
4094.0   4.20067553561e-15
4095.0   4.11319134044e-15
4096.0   4.01566797532e-15
4097.0   3.96690629277e-15
4098.0   3.91671044307e-15
4099.0   3.80699665732e-15
4100.0   3.6922632866e-15
4101.0   3.5639053281e-15
4102.0   3.48287488503e-15
4103.0   3.40327860909e-15
4104.0   3.41403486259e-15
4105.0   3.52518281548e-15
4106.0   3.71234162647e-15
4107.0   3.79337206955e-15
4108.0   3.87440251262e-15
4109.0   3.94754503646e-15
4110.0   4.01710214246e-15
4111.0   4.08522508132e-15
4112.0   4.14617718452e-15
4113.0   4.26736430735e-15
4114.0   4.32616515984e-15
4116.0   4.43301061133e-15
4118.0   4.52981689288e-15
4119.0   4.63092567583e-15
4121.0   4.7205611217e-15
4123.0   4.80159156478e-15
4125.0   4.87831950645e-15
4128.0   5.02388747056e-15
4131.0   5.14435750981e-15
4135.0   5.2469004599e-15
4138.0   5.35087757712e-15
4142.0   5.44194719013e-15
4145.0   5.51580679753e-15
4149.0   5.57173931576e-15
4152.0   5.61763266405e-15
4156.0   5.65492100953e-15
4159.0   5.68288726865e-15
4163.0   5.70296560852e-15
4166.0   5.71587311273e-15
4173.0   5.7273464498e-15
4180.0   5.72878061694e-15
4187.0   5.72017561413e-15
4194.0   5.70439977566e-15
4201.0   5.68432143578e-15
4208.0   5.66137476164e-15
4215.0   5.63484266966e-15
4221.0   5.60615932698e-15
4228.0   5.57389056646e-15
4235.0   5.53875347168e-15
4242.0   5.50003095906e-15
4249.0   5.45628886147e-15
4256.0   5.40681009534e-15
4263.0   5.34585799215e-15
4270.0   5.27630088615e-15
4277.0   5.18953377454e-15
4284.0   5.08125415592e-15
4291.0   4.95146203029e-15
4294.0   4.87975367358e-15
4298.0   4.80302573191e-15
4301.0   4.718409871e-15
4304.0   4.62447192372e-15
4308.0   4.5183435558e-15
4311.0   4.40647851935e-15
4315.0   4.28672556366e-15
4318.0   4.15047968592e-15
4322.0   3.99917505328e-15
4324.0   3.91957877734e-15
4325.0   3.8335287493e-15
4327.0   3.74245913629e-15
4329.0   3.64780410544e-15
4330.0   3.54741240606e-15
4332.0   3.43698153674e-15
4333.0   3.38176610208e-15
4334.0   3.32583358385e-15
4335.0   3.26201314638e-15
4336.0   3.19604145822e-15
4337.0   3.12505018508e-15
4338.0   3.00744848009e-15
4339.0   2.91709595064e-15
4340.0   2.8181384184e-15
4341.0   2.66755086932e-15
4342.0   2.49043122827e-15
4343.0   2.64890669658e-15
4344.0   2.78443549075e-15
4345.0   2.92139845205e-15
4346.0   2.99812639372e-15
4347.0   3.13437227145e-15
4348.0   3.19317312395e-15
4349.0   3.24982272574e-15
4350.0   3.34949734156e-15
4352.0   3.44415237241e-15
4354.0   3.53235365115e-15
4355.0   3.61266701066e-15
4357.0   3.68939495233e-15
4358.0   3.76253747616e-15
4360.0   3.82994333146e-15
4362.0   3.89161251823e-15
4363.0   3.95256462142e-15
4366.0   4.06227840718e-15
4370.0   4.15765052159e-15
4373.0   4.24083221537e-15
4376.0   4.31756015704e-15
4379.0   4.38640017947e-15
4382.0   4.4466351991e-15
4386.0   4.49826521593e-15
4389.0   4.54272439708e-15
4392.0   4.5814469097e-15
4395.0   4.61730108805e-15
4402.0   4.67395068985e-15
4408.0   4.71267320247e-15
4414.0   4.73633696018e-15
4421.0   4.74637613012e-15
4427.0   4.74852738082e-15
4434.0   4.74350779585e-15
4440.0   4.73418570948e-15
4446.0   4.72127820527e-15
4453.0   4.70621945036e-15
4459.0   4.68900944476e-15
4466.0   4.67036527201e-15
4472.0   4.6510040157e-15
4478.0   4.63092567583e-15
4485.0   4.61013025238e-15
4491.0   4.58933482894e-15
4498.0   4.56782232193e-15
4504.0   4.54630981492e-15
4510.0   4.52479730791e-15
4517.0   4.5032848009e-15
4523.0   4.48177229389e-15
4530.0   4.45954270331e-15
4536.0   4.4380301963e-15
4542.0   4.41651768929e-15
4549.0   4.39500518228e-15
4555.0   4.3727755917e-15
4562.0   4.35126308469e-15
4568.0   4.32975057768e-15
4574.0   4.30823807067e-15
4581.0   4.28672556366e-15
4587.0   4.26521305665e-15
4594.0   4.2444176332e-15
4600.0   4.22290512619e-15
4606.0   4.20210970275e-15
4613.0   4.18059719574e-15
4619.0   4.15980177229e-15
4626.0   4.13828926528e-15
4632.0   4.11749384184e-15
4638.0   4.0966984184e-15
4645.0   4.07590299495e-15
4651.0   4.05510757151e-15
4658.0   4.03431214807e-15
4664.0   4.01279964105e-15
4670.0   3.99200421761e-15
4677.0   3.9704917106e-15
4683.0   3.94969628716e-15
4690.0   3.92818378015e-15
4696.0   3.90595418957e-15
4702.0   3.88372459899e-15
4709.0   3.86149500841e-15
4715.0   3.83854833427e-15
4722.0   3.81488457656e-15
4728.0   3.79050373528e-15
4734.0   3.76540581043e-15
4741.0   3.73959080202e-15
4747.0   3.71234162647e-15
4754.0   3.68365828379e-15
4760.0   3.65354077398e-15
4766.0   3.62127201346e-15
4773.0   3.58613491868e-15
4779.0   3.54669532249e-15
4786.0   3.50367030847e-15
4792.0   3.45562570948e-15
4798.0   3.39969319125e-15
4805.0   3.33658983735e-15
4811.0   3.26488148065e-15
4818.0   3.18169978688e-15
4821.0   3.13580643859e-15
4824.0   3.0856105889e-15
4827.0   3.03039515423e-15
4830.0   2.9701601346e-15
4834.0   2.90562261357e-15
4837.0   2.83463134044e-15
4840.0   2.7571863152e-15
4843.0   2.67400462142e-15
4846.0   2.58150084128e-15
4848.0   2.53130499159e-15
4850.0   2.47895789119e-15
4851.0   2.4223082894e-15
4853.0   2.3613561862e-15
4854.0   2.29681866517e-15
4855.0   2.26168157039e-15
4856.0   2.22367614133e-15
4857.0   2.18280237801e-15
4858.0   2.13834319686e-15
4859.0   2.06161525519e-15
4860.0   2.00281440269e-15
4861.0   1.89238353337e-15
4862.0   1.79486016826e-15
4863.0   1.6829951318e-15
4864.0   1.78768933259e-15
4865.0   1.90600812114e-15
4866.0   2.01213648906e-15
4867.0   2.08025942793e-15
4868.0   2.13906028043e-15
4869.0   2.18997321368e-15
4870.0   2.23586656197e-15
4871.0   2.27674032529e-15
4872.0   2.31546283791e-15
4873.0   2.35203409983e-15
4875.0   2.418005788e-15
4877.0   2.47752372406e-15
4879.0   2.53345624229e-15
4881.0   2.58436917555e-15
4883.0   2.63169669097e-15
4885.0   2.67543878856e-15
4887.0   2.71631255188e-15
4891.0   2.78945507572e-15
4895.0   2.85112426248e-15
4899.0   2.90418844644e-15
4903.0   2.95008179473e-15
4907.0   2.98880430735e-15
4911.0   3.02107306786e-15
4916.0   3.04832224341e-15
4920.0   3.07198600112e-15
4924.0   3.09134725743e-15
4932.0   3.12003060011e-15
4940.0   3.13652352215e-15
4948.0   3.14441144139e-15
4956.0   3.14656269209e-15
4964.0   3.14369435782e-15
4972.0   3.13724060572e-15
4980.0   3.12863560292e-15
4988.0   3.11787934941e-15
4993.0   3.11142559731e-15
4996.0   3.10568892877e-15
5000.0   3.09995226024e-15
5010.0   3.08345933819e-15
5020.0   3.06481516545e-15
5040.0   3.02609265283e-15
5060.0   2.98521888951e-15
5080.0   2.94434512619e-15
5100.0   2.90347136287e-15
5120.0   2.86259759955e-15
5140.0   2.8224409198e-15
5160.0   2.78300132361e-15
5180.0   2.74427881099e-15
5200.0   2.70555629837e-15
5220.0   2.66826795289e-15
5240.0   2.6309796074e-15
5260.0   2.59440834549e-15
5280.0   2.55855416713e-15
5300.0   2.52341707235e-15
5320.0   2.48827997757e-15
5340.0   2.45385996635e-15
5360.0   2.42087412227e-15
5380.0   2.38788827818e-15
5400.0   2.35561951767e-15
5420.0   2.32335075715e-15
5440.0   2.2917990802e-15
5460.0   2.26096448682e-15
5480.0   2.23084697701e-15
5500.0   2.20072946719e-15
5520.0   2.17204612451e-15
5540.0   2.14264569826e-15
5560.0   2.11467943915e-15
5580.0   2.08671318003e-15
5600.0   2.05946400449e-15
5620.0   2.03221482894e-15
5640.0   2.00568273696e-15
5660.0   1.97915064498e-15
5680.0   1.95405272013e-15
5700.0   1.92823771172e-15
5720.0   1.90385687044e-15
5740.0   1.8787589456e-15
5760.0   1.85509518789e-15
5780.0   1.83143143017e-15
5800.0   1.80776767246e-15
5820.0   1.78482099832e-15
5840.0   1.76187432417e-15
5860.0   1.7396447336e-15
5880.0   1.71813222658e-15
5900.0   1.69661971957e-15
5920.0   1.67510721256e-15
5940.0   1.65431178912e-15
5960.0   1.63423344924e-15
5980.0   1.6134380258e-15
6000.0   1.59335968592e-15
6020.0   1.57399842961e-15
6040.0   1.5546371733e-15
6060.0   1.53599300056e-15
6080.0   1.51663174425e-15
6100.0   1.49870465508e-15
6120.0   1.48006048233e-15
6140.0   1.46213339316e-15
6160.0   1.44420630398e-15
6180.0   1.42699629837e-15
6200.0   1.40978629277e-15
6220.0   1.39257628716e-15
6240.0   1.37536628155e-15
6260.0   1.35887335951e-15
6280.0   1.34238043746e-15
6300.0   1.32588751542e-15
6320.0   1.31011167695e-15
6340.0   1.29361875491e-15
6360.0   1.27712583287e-15
6380.0   1.26063291082e-15
6400.0   1.24413998878e-15
6420.0   1.22621289961e-15
6440.0   1.20756872686e-15
6460.0   1.18605621985e-15
6470.0   1.17314871565e-15
6480.0   1.15952412787e-15
6490.0   1.14303120583e-15
6500.0   1.12438703309e-15
6505.0   1.11291369602e-15
6510.0   1.10072327538e-15
6515.0   1.08638160404e-15
6520.0   1.07132284913e-15
6525.0   1.05339575996e-15
6530.0   1.03260033651e-15
6535.0   1.0089365788e-15
6540.0   9.8240448682e-16
6542.0   9.66628648345e-16
6545.0   9.50135726304e-16
6548.0   9.32208637128e-16
6550.0   9.12130297252e-16
6552.0   8.89900706674e-16
6554.0   8.77710286035e-16
6555.0   8.64802781828e-16
6556.0   8.50461110488e-16
6558.0   8.33968188446e-16
6559.0   8.15324015704e-16
6560.0   7.93811508693e-16
6561.0   7.82338171621e-16
6562.0   7.5365482894e-16
6563.0   7.26405653393e-16
6564.0   6.87539724061e-16
6565.0   6.47454752664e-16
6566.0   6.93993476164e-16
6567.0   7.32142321929e-16
6568.0   7.57957330342e-16
6569.0   7.79469837353e-16
6570.0   8.05284845766e-16
6571.0   8.19626517106e-16
6572.0   8.33251104879e-16
6573.0   8.44724441952e-16
6575.0   8.64802781828e-16
6577.0   8.82729871004e-16
6579.0   8.98505709478e-16
6581.0   9.12130297252e-16
6583.0   9.25037801458e-16
6585.0   9.36511138531e-16
6589.0   9.57306561974e-16
6593.0   9.74516567583e-16
6597.0   9.88858238923e-16
6601.0   1.00176574313e-15
6605.0   1.01252199663e-15
6609.0   1.02112699944e-15
6613.0   1.02829783511e-15
6617.0   1.03475158721e-15
6625.0   1.04407367358e-15
6633.0   1.04981034212e-15
6641.0   1.05411284352e-15
6649.0   1.05554701066e-15
6665.0   1.05554701066e-15
6681.0   1.05267867639e-15
6697.0   1.04694200785e-15
6713.0   1.04048825575e-15
6729.0   1.03331742008e-15
6745.0   1.02542950084e-15
6761.0   1.0175415816e-15
6777.0   1.0089365788e-15
6793.0   1.000331576e-15
6809.0   9.92443656758e-16
6825.0   9.83838653954e-16
6841.0   9.75950734717e-16
6857.0   9.67345731913e-16
6873.0   9.59457812675e-16
6889.0   9.50852809871e-16
6905.0   9.42964890634e-16
6921.0   9.35076971397e-16
6937.0   9.27189052159e-16
6953.0   9.19301132922e-16
6969.0   9.11413213685e-16
6985.0   9.03525294448e-16
7001.0   8.9563737521e-16
7017.0   8.8846653954e-16
7033.0   8.80578620303e-16
7049.0   8.73407784633e-16
7065.0   8.66236948962e-16
7081.0   8.59066113292e-16
7097.0   8.51178194055e-16
7113.0   8.44007358385e-16
7129.0   8.37553606282e-16
7145.0   8.30382770611e-16
7161.0   8.23211934941e-16
7177.0   8.16758182838e-16
7193.0   8.09587347168e-16
7209.0   8.03133595064e-16
7225.0   7.95962759394e-16
7241.0   7.89509007291e-16
7257.0   7.83055255188e-16
7273.0   7.76601503085e-16
7289.0   7.70147750981e-16
7305.0   7.64411082445e-16
7321.0   7.57957330342e-16
7337.0   7.51503578239e-16
7353.0   7.45766909703e-16
7369.0   7.393131576e-16
7385.0   7.33576489063e-16
7401.0   7.27839820527e-16
7417.0   7.21386068424e-16
7433.0   7.15864524958e-16
7449.0   7.10056148065e-16
7465.0   7.04391187886e-16
7481.0   6.98726227706e-16
7497.0   6.93132975883e-16
7513.0   6.87611432417e-16
7529.0   6.82089888951e-16
7545.0   6.76711762199e-16
7561.0   6.71333635446e-16
7577.0   6.6602721705e-16
7593.0   6.60720798654e-16
7609.0   6.55557796971e-16
7625.0   6.50394795289e-16
7641.0   6.45231793606e-16
7657.0   6.40212208637e-16
7673.0   6.35192623668e-16
7689.0   6.30244747056e-16
7705.0   6.25296870443e-16
7721.0   6.20420702187e-16
7737.0   6.15616242288e-16
7753.0   6.10883490746e-16
7769.0   6.06150739204e-16
7785.0   6.01489696018e-16
7801.0   5.96828652832e-16
7817.0   5.92239318003e-16
7833.0   5.87721691531e-16
7849.0   5.83204065059e-16
7865.0   5.78758146943e-16
7881.0   5.74312228828e-16
7897.0   5.69938019069e-16
7913.0   5.65635517667e-16
7929.0   5.61333016265e-16
7945.0   5.57102223219e-16
7961.0   5.52871430174e-16
7977.0   5.48712345485e-16
7993.0   5.44553260796e-16
8009.0   5.40465884464e-16
8025.0   5.36450216489e-16
8041.0   5.32434548514e-16
8057.0   5.28418880538e-16
8073.0   5.2447492092e-16
8089.0   5.20602669658e-16
8105.0   5.16730418396e-16
8121.0   5.12858167134e-16
8137.0   5.09057624229e-16
8153.0   5.0532878968e-16
8169.0   5.01599955132e-16
8185.0   4.9794282894e-16
8196.0   4.95361328099e-16
8201.0   4.94285702748e-16
8206.0   4.93138369041e-16
8216.0   4.90843701626e-16
8226.0   4.88549034212e-16
8236.0   4.86326075154e-16
8246.0   4.8403140774e-16
8256.0   4.81808448682e-16
8266.0   4.79585489624e-16
8276.0   4.77362530566e-16
8286.0   4.75139571509e-16
8296.0   4.72988320808e-16
8307.0   4.7076536175e-16
8317.0   4.68614111049e-16
8327.0   4.66462860348e-16
8337.0   4.64311609647e-16
8347.0   4.62232067302e-16
8357.0   4.60080816601e-16
8367.0   4.58001274257e-16
8377.0   4.55921731913e-16
8379.0   4.55419773416e-16
8387.0   4.53842189568e-16
8395.0   4.52192897364e-16
8405.0   4.50041646663e-16
8410.0   4.48966021312e-16
8416.0   4.47962104319e-16
8426.0   4.45810853617e-16
8433.0   4.44376686483e-16
8437.0   4.43659602916e-16
8440.0   4.42942519349e-16
8447.0   4.41508352215e-16
8454.0   4.40217601795e-16
8462.0   4.38640017947e-16
8470.0   4.37134142457e-16
8485.0   4.34050683118e-16
8497.0   4.31756015704e-16
8501.0   4.31038932137e-16
8505.0   4.30250140213e-16
8513.0   4.28744264722e-16
8529.0   4.25660805384e-16
8541.0   4.23294429613e-16
8545.0   4.22649054403e-16
8548.0   4.22075387549e-16
8554.0   4.20856345485e-16
8567.0   4.18418261357e-16
8580.0   4.16051885586e-16
8584.0   4.15263093662e-16
8592.0   4.13757218172e-16
8601.0   4.12179634324e-16
8618.0   4.09167883343e-16
8634.0   4.06084424004e-16
8635.0   4.06012715648e-16
8651.0   4.03072673023e-16
8667.0   4.00204338755e-16
8684.0   3.97407712844e-16
8700.0   3.94682795289e-16
8716.0   3.91886169377e-16
8732.0   3.89017835109e-16
8744.0   3.87010001122e-16
8748.0   3.86221209198e-16
8753.0   3.85432417274e-16
8762.0   3.8399825014e-16
8780.0   3.81058207515e-16
8798.0   3.78189873247e-16
8816.0   3.75249830623e-16
8835.0   3.72238079641e-16
8840.0   3.71377579361e-16
8853.0   3.69298037016e-16
8865.0   3.67290203029e-16
8878.0   3.65497494111e-16
8890.0   3.63704785193e-16
8903.0   3.61912076276e-16
8916.0   3.60119367358e-16
8928.0   3.58183241727e-16
8941.0   3.56103699383e-16
8953.0   3.54095865395e-16
8966.0   3.52159739764e-16
8978.0   3.5008019742e-16
8991.0   3.48000655076e-16
9003.0   3.45849404375e-16
9015.0   3.439849871e-16
9016.0   3.4376986203e-16
9017.0   3.43626445317e-16
9020.0   3.43267903533e-16
9025.0   3.4269423668e-16
9036.0   3.41618611329e-16
9047.0   3.40471277622e-16
9057.0   3.39323943915e-16
9068.0   3.38176610208e-16
9078.0   3.36885859787e-16
9089.0   3.35595109366e-16
9099.0   3.34232650589e-16
9110.0   3.32870191812e-16
9121.0   3.31436024678e-16
9131.0   3.29930149187e-16
9142.0   3.28352565339e-16
9152.0   3.26774981492e-16
9163.0   3.25053980931e-16
9174.0   3.2333298037e-16
9184.0   3.21540271453e-16
9195.0   3.19604145822e-16
9205.0   3.17596311834e-16
9216.0   3.1551676949e-16
9222.0   3.14441144139e-16
9227.0   3.13580643859e-16
9232.0   3.12720143578e-16
9236.0   3.12433310151e-16
9241.0   3.12146476725e-16
9251.0   3.11357684801e-16
9271.0   3.10353767807e-16
9291.0   3.09134725743e-16
9310.0   3.07628850252e-16
9330.0   3.05907849692e-16
9350.0   3.03900015704e-16
9370.0   3.01677056646e-16
9389.0   2.99238972518e-16
9409.0   2.96657471677e-16
9429.0   2.93860845766e-16
9449.0   2.90705678071e-16
9468.0   2.87335385306e-16
9488.0   2.83391425687e-16
9508.0   2.78873799215e-16
9528.0   2.73710797532e-16
9546.0   2.68404379136e-16
9547.0   2.68117545709e-16
9549.0   2.67759003926e-16
9551.0   2.67830712283e-16
9554.0   2.67902420639e-16
9559.0   2.68476087493e-16
9570.0   2.6940829613e-16
9581.0   2.70125379697e-16
9592.0   2.70699046551e-16
9603.0   2.70985879978e-16
9614.0   2.71057588334e-16
9624.0   2.70985879978e-16
9635.0   2.70699046551e-16
9646.0   2.70340504767e-16
9657.0   2.6983854627e-16
9668.0   2.69264879417e-16
9679.0   2.68619504206e-16
9689.0   2.67830712283e-16
9700.0   2.67113628716e-16
9711.0   2.66253128435e-16
9722.0   2.65392628155e-16
9733.0   2.64532127874e-16
9744.0   2.63528210881e-16
9754.0   2.62596002243e-16
9765.0   2.6159208525e-16
9776.0   2.60516459899e-16
9787.0   2.59512542905e-16
9798.0   2.58436917555e-16
9809.0   2.57289583847e-16
9819.0   2.5614225014e-16
9830.0   2.54994916433e-16
9841.0   2.53847582726e-16
9852.0   2.52987082445e-16
9863.0   2.51768040381e-16
9874.0   2.50405581604e-16
9885.0   2.4897141447e-16
9895.0   2.47465538979e-16
9906.0   2.45887955132e-16
9917.0   2.44238662928e-16
9928.0   2.42589370723e-16
9939.0   2.40724953449e-16
9950.0   2.38717119462e-16
9960.0   2.36494160404e-16
9971.0   2.34271201346e-16
9982.0   2.31761408861e-16
9986.0   2.30757491868e-16
9993.0   2.28821366237e-16
10000.0   2.26885240606e-16
10010.0   2.2265444756e-16
10030.0   2.17921696018e-16
10040.0   2.12543569265e-16
10050.0   2.09890360067e-16
10060.0   2.08456192933e-16
10070.0   2.12256735838e-16
10080.0   2.14192861469e-16
10090.0   2.15770445317e-16
10100.0   2.17132904094e-16
10110.0   2.19212446439e-16
10120.0   2.19929530006e-16
10140.0   2.20933446999e-16
10150.0   2.21435405496e-16
10170.0   2.2157882221e-16
10180.0   2.2136369714e-16
10200.0   2.20933446999e-16
10230.0   2.19642696579e-16
10260.0   2.17921696018e-16
10300.0   2.1591386203e-16
10360.0   2.11611360628e-16
10420.0   2.07022025799e-16
10490.0   2.0200244083e-16
10550.0   1.97269689288e-16
10620.0   1.92608646102e-16
10680.0   1.87589061133e-16
10710.0   1.84935851935e-16
10740.0   1.82067517667e-16
10780.0   1.78840641615e-16
10790.0   1.77047932698e-16
10810.0   1.75111807067e-16
10820.0   1.72960556366e-16
10840.0   1.70522472238e-16
10860.0   1.67725846326e-16
10870.0   1.64498970275e-16
10880.0   1.62706261357e-16
10890.0   1.6069842737e-16
10900.0   1.58547176669e-16
10910.0   1.53384174986e-16
10920.0   1.50229007291e-16
10930.0   1.46643589456e-16
10940.0   1.4219767134e-16
10950.0   1.417674212e-16
10960.0   1.46141630959e-16
10970.0   1.49870465508e-16
10980.0   1.51806591139e-16
10990.0   1.54746633763e-16
11000.0   1.55822259114e-16
11010.0   1.56754467751e-16
11020.0   1.58188634885e-16
11040.0   1.59049135165e-16
11060.0   1.59622802019e-16
11070.0   1.59837927089e-16
11090.0   1.59837927089e-16
11120.0   1.59335968592e-16
11150.0   1.58403759955e-16
11180.0   1.57184717891e-16
11250.0   1.5438809198e-16
11310.0   1.51376340998e-16
11380.0   1.4829288166e-16
11440.0   1.45209422322e-16
11500.0   1.42341088054e-16
11570.0   1.39329337072e-16
11630.0   1.36389294448e-16
11700.0   1.33520960179e-16
11760.0   1.30796042625e-16
11820.0   1.2807112507e-16
11890.0   1.25417915872e-16
11950.0   1.22836415031e-16
12020.0   1.20326622546e-16
12080.0   1.17745121705e-16
12140.0   1.15378745934e-16
12210.0   1.13012370163e-16
12270.0   1.10645994391e-16
12340.0   1.08423035334e-16
12400.0   1.06128367919e-16
12460.0   1.03833700505e-16
12530.0   1.0153903309e-16
12590.0   9.8957532249e-17
12620.0   9.7523365115e-17
12660.0   9.58740729108e-17
12670.0   9.49418642737e-17
12690.0   9.39379472799e-17
12700.0   9.28623219293e-17
12720.0   9.1499863152e-17
12740.0   8.99939876612e-17
12750.0   8.82729871004e-17
12760.0   8.72690701066e-17
12770.0   8.61217363993e-17
12780.0   8.49026943354e-17
12790.0   8.17475266405e-17
12800.0   8.07436096467e-17
12810.0   7.71581918116e-17
12820.0   7.393131576e-17
12830.0   7.32142321929e-17
12840.0   7.70864834549e-17
12850.0   7.99548177229e-17
12860.0   8.18909433539e-17
12870.0   8.28948603477e-17
12880.0   8.36836522715e-17
12890.0   8.49026943354e-17
12900.0   8.53329444756e-17
12920.0   8.60500280426e-17
12930.0   8.65519865395e-17
12950.0   8.68388199663e-17
12960.0   8.69822366798e-17
13000.0   8.69105283231e-17
13030.0   8.66236948962e-17
13060.0   8.61217363993e-17
13120.0   8.49744026921e-17
13190.0   8.3540235558e-17
13250.0   8.21777767807e-17
13320.0   8.07436096467e-17
13380.0   7.92377341559e-17
13440.0   7.78752753786e-17
13510.0   7.64411082445e-17
13570.0   7.50786494672e-17
13640.0   7.37161906898e-17
13700.0   7.24254402692e-17
13760.0   7.11920565339e-17
13830.0   7.00088686483e-17
13890.0   6.88471932698e-17
13960.0   6.77070303982e-17
14020.0   6.65955508693e-17
14080.0   6.55055838474e-17
14150.0   6.44371293326e-17
14210.0   6.33901873247e-17
14280.0   6.23647578239e-17
14340.0   6.13608408301e-17
14400.0   6.03784363432e-17
14470.0   5.94103735278e-17
14530.0   5.84638232193e-17
14600.0   5.75387854178e-17
14660.0   5.65922351094e-17
14720.0   5.56385139652e-17
14790.0   5.47063053281e-17
14850.0   5.37884383623e-17
14920.0   5.28920839035e-17
14980.0   5.20100711161e-17
15000.0   5.1730408525e-17
15040.0   5.12499625351e-17
15090.0   5.05830748177e-17
15140.0   4.99305287717e-17
15180.0   4.93855452608e-17
15190.0   4.92779827257e-17
15200.0   4.91775910264e-17
15210.0   4.89696367919e-17
15230.0   4.88047075715e-17
15250.0   4.85608991587e-17
15260.0   4.83529449243e-17
15300.0   4.78294739204e-17
15350.0   4.73203445878e-17
15420.0   4.64813568144e-17
15430.0   4.63235984296e-17
15440.0   4.61658400449e-17
15470.0   4.5857494111e-17
15480.0   4.5685394055e-17
15520.0   4.52479730791e-17
15560.0   4.48177229389e-17
15570.0   4.47173312395e-17
15640.0   4.39643934941e-17
15710.0   4.32186265844e-17
15770.0   4.24943721817e-17
15800.0   4.22505637689e-17
15840.0   4.1791630286e-17
15890.0   4.13326968031e-17
15970.0   4.044351318e-17
16010.0   4.00706297252e-17
16060.0   3.95686712283e-17
16110.0   3.9073883567e-17
16170.0   3.85862667414e-17
16220.0   3.81129915872e-17
16270.0   3.76325455973e-17
16320.0   3.71592704431e-17
16330.0   3.7051707908e-17
16370.0   3.66716536175e-17
16410.0   3.627008682e-17
16450.0   3.59689117218e-17
16490.0   3.56533949523e-17
16570.0   3.49793363993e-17
16650.0   3.4312448682e-17
16660.0   3.4290936175e-17
16690.0   3.39539068985e-17
16730.0   3.3616877622e-17
16770.0   3.32368233315e-17
16790.0   3.3028869097e-17
16800.0   3.2921306562e-17
16810.0   3.28209148626e-17
16820.0   3.27707190129e-17
16830.0   3.27276939989e-17
16840.0   3.26846689849e-17
16850.0   3.26344731352e-17
16860.0   3.25842772855e-17
16870.0   3.25269106001e-17
16880.0   3.24695439148e-17
16890.0   3.24050063937e-17
16900.0   3.23404688727e-17
16920.0   3.22113938306e-17
16960.0   3.19317312395e-17
17040.0   3.13652352215e-17
17110.0   3.07987392036e-17
17190.0   3.022507235e-17
17270.0   2.9658576332e-17
17330.0   2.92283261918e-17
17350.0   2.90920803141e-17
17370.0   2.89558344363e-17
17410.0   2.87048551879e-17
17480.0   2.82387508693e-17
17560.0   2.77798173864e-17
17640.0   2.73137130679e-17
17720.0   2.68404379136e-17
17800.0   2.63743335951e-17
17870.0   2.59010584408e-17
17950.0   2.54206124509e-17
18030.0   2.49043122827e-17
18110.0   2.43880121144e-17
18140.0   2.41442037016e-17
18160.0   2.40222994952e-17
18180.0   2.39075661245e-17
18200.0   2.38358577678e-17
18220.0   2.37641494111e-17
18230.0   2.36924410544e-17
18250.0   2.36207326977e-17
18290.0   2.3462974313e-17
18360.0   2.31402867078e-17
18430.0   2.27674032529e-17
18510.0   2.23443239484e-17
18540.0   2.20933446999e-17
18580.0   2.17921696018e-17
18600.0   2.16200695457e-17
18620.0   2.14336278183e-17
18630.0   2.12113319125e-17
18650.0   2.09460109927e-17
18670.0   2.06376650589e-17
18680.0   2.04727358385e-17
18690.0   2.02791232754e-17
18700.0   2.00496565339e-17
18710.0   1.97915064498e-17
18720.0   1.9483160516e-17
18730.0   1.89238353337e-17
18740.0   1.84290476725e-17
18750.0   1.77836724621e-17
18760.0   1.67008762759e-17
18770.0   1.78051849692e-17
18780.0   1.84075351655e-17
18790.0   1.89094936624e-17
18800.0   1.91533020752e-17
18810.0   1.952618553e-17
18820.0   1.96696022434e-17
18830.0   1.97843356141e-17
18840.0   1.99492648345e-17
18860.0   2.00639982053e-17
18880.0   2.01500482333e-17
18890.0   2.02074149187e-17
18910.0   2.02360982614e-17
18940.0   2.02360982614e-17
18970.0   2.0200244083e-17
19000.0   2.01285357263e-17
19070.0   1.99205814919e-17
19130.0   1.96696022434e-17
19200.0   1.93899396523e-17
19260.0   1.90815937185e-17
19320.0   1.8744564442e-17
19330.0   1.87302227706e-17
19390.0   1.83716809871e-17
19420.0   1.8178068424e-17
19440.0   1.80991892316e-17
19450.0   1.80274808749e-17
19470.0   1.79844558609e-17
19480.0   1.79557725182e-17
19500.0   1.79414308469e-17
19510.0   1.79199183399e-17
19530.0   1.79055766685e-17
19560.0   1.78697224902e-17
19620.0   1.77478182838e-17
19680.0   1.76044015704e-17
19750.0   1.743947235e-17
19810.0   1.72602014582e-17
19870.0   1.70737597308e-17
19930.0   1.68801471677e-17
20000.0   1.66865346046e-17
20060.0   1.64929220415e-17
20120.0   1.62993094784e-17
20180.0   1.61056969153e-17
20250.0   1.59192551879e-17
20310.0   1.57399842961e-17
20370.0   1.55535425687e-17
20430.0   1.53671008413e-17
20500.0   1.51806591139e-17
20560.0   1.49942173864e-17
20620.0   1.48149464947e-17
20680.0   1.46356756029e-17
20750.0   1.44635755468e-17
20810.0   1.42914754907e-17
20870.0   1.41193754347e-17
20930.0   1.39472753786e-17
20990.0   1.37751753225e-17
21060.0   1.36102461021e-17
21120.0   1.3438146046e-17
21180.0   1.32660459899e-17
21240.0   1.30867750981e-17
21310.0   1.29075042064e-17
21370.0   1.27138916433e-17
21430.0   1.25059374089e-17
21490.0   1.22692998317e-17
21520.0   1.2133053954e-17
21560.0   1.19824664049e-17
21590.0   1.18103663489e-17
21600.0   1.17171454851e-17
21620.0   1.16167537858e-17
21630.0   1.1502020415e-17
21640.0   1.14733370723e-17
21650.0   1.13657745373e-17
21660.0   1.13012370163e-17
21670.0   1.12940661806e-17
21680.0   1.13442620303e-17
21700.0   1.14303120583e-17
21720.0   1.14733370723e-17
21730.0   1.1502020415e-17
21760.0   1.15378745934e-17
21800.0   1.15522162647e-17
21830.0   1.15522162647e-17
21860.0   1.15378745934e-17
21920.0   1.14733370723e-17
21990.0   1.139445788e-17
22050.0   1.13012370163e-17
22120.0   1.12008453169e-17
22180.0   1.10932827818e-17
22240.0   1.09857202468e-17
22310.0   1.08781577117e-17
22370.0   1.0763424341e-17
22440.0   1.06558618059e-17
22500.0   1.05411284352e-17
22560.0   1.04335659002e-17
22630.0   1.03188325294e-17
22690.0   1.02112699944e-17
22760.0   1.01037074593e-17
22820.0   1.000331576e-17
22880.0   9.8957532249e-18
22950.0   9.78819068985e-18
23010.0   9.6806281548e-18
23080.0   9.57306561974e-18
23140.0   9.47267392036e-18
23200.0   9.37228222098e-18
23270.0   9.27189052159e-18
23330.0   9.17149882221e-18
23400.0   9.07110712283e-18
23460.0   8.97071542344e-18
23520.0   8.87749455973e-18
23590.0   8.78427369602e-18
23650.0   8.69105283231e-18
23720.0   8.59783196859e-18
23780.0   8.50461110488e-18
23840.0   8.41856107684e-18
23910.0   8.32534021312e-18
23970.0   8.23929018508e-18
24040.0   8.15324015704e-18
24100.0   8.067190129e-18
24160.0   7.98114010095e-18
24230.0   7.90226090858e-18
24290.0   7.81621088054e-18
24360.0   7.73733168817e-18
24420.0   7.65845249579e-18
24480.0   7.57957330342e-18
24550.0   7.50069411105e-18
24610.0   7.42181491868e-18
24680.0   7.35010656197e-18
24740.0   7.2712273696e-18
24800.0   7.19234817723e-18
24870.0   7.11920565339e-18
24930.0   7.04606312956e-18
25000.0   6.97435477285e-18
25060.0   6.90336349972e-18
25120.0   6.83237222658e-18
25190.0   6.76281512058e-18
25250.0   6.69397509815e-18
25320.0   6.62513507572e-18
25380.0   6.55701213685e-18
25440.0   6.48888919798e-18
25510.0   6.42148334268e-18
25570.0   6.35336040381e-18
25640.0   6.28452038138e-18
25700.0   6.21496327538e-18
25760.0   6.14325491868e-18
25830.0   6.06796114414e-18
25890.0   5.98764778463e-18
25960.0   5.90088067302e-18
26020.0   5.79905480651e-18
26050.0   5.74097103758e-18
26080.0   5.67356518228e-18
26120.0   5.59755432417e-18
26150.0   5.50863596186e-18
26160.0   5.45700594504e-18
26180.0   5.40107342681e-18
26200.0   5.33868715648e-18
26210.0   5.26769588334e-18
26230.0   5.19311919237e-18
26240.0   5.15439667975e-18
26250.0   5.13503542344e-18
26260.0   5.18451418957e-18
26270.0   5.14292334268e-18
26280.0   5.11925958497e-18
26290.0   5.14937709478e-18
26310.0   5.19885586091e-18
26320.0   5.24188087493e-18
26340.0   5.27916922042e-18
26350.0   5.3100038138e-18
26370.0   5.33366757151e-18
26400.0   5.36880466629e-18
26430.0   5.38960008974e-18
26470.0   5.40107342681e-18
26500.0   5.40322467751e-18
26530.0   5.40035634324e-18
26590.0   5.38099508693e-18
26660.0   5.35159466068e-18
26720.0   5.3164575659e-18
26790.0   5.27701796971e-18
26850.0   5.23471003926e-18
26910.0   5.19096794167e-18
26980.0   5.14579167695e-18
27040.0   5.10061541223e-18
27110.0   5.0554391475e-18
27170.0   5.00954579921e-18
27230.0   4.96436953449e-18
27300.0   4.91991035334e-18
27360.0   4.87473408861e-18
27430.0   4.83099199103e-18
27490.0   4.78724989344e-18
27550.0   4.74350779585e-18
27620.0   4.70048278183e-18
27680.0   4.65745776781e-18
27750.0   4.61658400449e-18
27810.0   4.57571024117e-18
27870.0   4.53411939428e-18
27940.0   4.49324563096e-18
28000.0   4.45237186764e-18
28070.0   4.41221518789e-18
28130.0   4.3727755917e-18
28190.0   4.33333599551e-18
28260.0   4.29461348289e-18
28320.0   4.25660805384e-18
28390.0   4.21860262479e-18
28450.0   4.18059719574e-18
28510.0   4.14402593382e-18
28580.0   4.10673758833e-18
28640.0   4.07088340998e-18
28710.0   4.03502923163e-18
28770.0   3.99917505328e-18
28830.0   3.9640379585e-18
28900.0   3.92961794728e-18
28960.0   3.89519793606e-18
29030.0   3.86149500841e-18
29090.0   3.82779208076e-18
29150.0   3.79408915311e-18
29220.0   3.7618203926e-18
29280.0   3.72883454851e-18
29350.0   3.696565788e-18
29410.0   3.66501411105e-18
29470.0   3.6334624341e-18
29540.0   3.60262784072e-18
29600.0   3.57179324734e-18
29670.0   3.54095865395e-18
29730.0   3.51084114414e-18
29790.0   3.48072363432e-18
29860.0   3.45132320808e-18
29920.0   3.42192278183e-18
29990.0   3.39323943915e-18
