900.0   4.72793614827e-15
905.0   4.77746875788e-15
908.2   4.80854804234e-15
910.0   4.82603013985e-15
911.8   4.85516696903e-15
912.7   4.86293679014e-15
913.6   4.87167783889e-15
914.1   4.87944766001e-15
914.5   4.89110239168e-15
915.0   4.91052694447e-15
915.4   4.94257745657e-15
915.7   4.96297323699e-15
915.9   4.99016761089e-15
916.1   5.02124689535e-15
916.3   5.05912477329e-15
916.6   5.09991633414e-15
916.8   5.14944894374e-15
917.0   5.20189523627e-15
917.3   5.26308257755e-15
917.7   5.39322708122e-15
917.9   5.46024178833e-15
918.0   5.49034984515e-15
918.2   5.51851544669e-15
918.3   5.53988245476e-15
918.4   5.55250841407e-15
918.5   5.54959473115e-15
918.6   5.53891122712e-15
918.7   5.49423475571e-15
918.8   5.43596109735e-15
918.9   5.2990180002e-15
919.0   5.17664331765e-15
919.1   4.95034727768e-15
919.2   4.65315162004e-15
919.3   4.47347450677e-15
919.4   4.33458895434e-15
919.5   4.57933831946e-15
919.6   4.90469957863e-15
919.7   5.21452119558e-15
919.8   5.35729165856e-15
919.9   5.57678910505e-15
920.0   5.7137322022e-15
920.1   5.8001714621e-15
920.2   5.80114268974e-15
920.3   5.7137322022e-15
920.4   5.58747260908e-15
920.5   5.38157234954e-15
920.6   5.07854932607e-15
920.7   4.69879931909e-15
920.8   4.29962475933e-15
920.9   4.04516311782e-15
921.0   3.8198383055e-15
921.1   4.08595467867e-15
921.2   4.47347450677e-15
921.3   4.85225328611e-15
921.4   5.25822643935e-15
921.5   5.60592593423e-15
921.6   5.98276225829e-15
921.7   6.26733195662e-15
921.8   6.50528272825e-15
921.9   6.67330510986e-15
922.0   6.75391700392e-15
922.1   6.75294577628e-15
922.2   6.70341316668e-15
922.3   6.56744129717e-15
922.4   6.33240420845e-15
922.5   6.02646750206e-15
922.6   5.69916378761e-15
922.7   5.28542081325e-15
922.8   4.89013116404e-15
922.9   4.40840225493e-15
923.0   3.97329227251e-15
923.1   3.53623983481e-15
923.2   3.42066374573e-15
923.3   3.68289520835e-15
923.4   4.12771746717e-15
923.5   4.74056210758e-15
923.6   5.05912477329e-15
923.7   5.52919895072e-15
923.8   6.02840995734e-15
923.9   6.65290932943e-15
924.0   6.96467340166e-15
924.1   7.38327251421e-15
924.2   7.73000078145e-15
924.3   8.13694516233e-15
924.4   8.22532687751e-15
924.5   8.42637099885e-15
924.6   8.57205514475e-15
924.7   8.59730706338e-15
924.8   8.54680322613e-15
924.9   8.47104747026e-15
925.0   8.28360053587e-15
925.1   8.00582943102e-15
925.2   7.53769770886e-15
925.3   7.28226483972e-15
925.4   6.69370089028e-15
925.5   6.36736840347e-15
925.6   6.04589205485e-15
925.7   5.57484664977e-15
925.8   5.08340546427e-15
925.9   4.42588435244e-15
926.0   4.12091887369e-15
926.1   3.63142014347e-15
926.2   3.20796489272e-15
926.3   3.07879161669e-15
926.4   3.77127692353e-15
926.5   4.05099048366e-15
926.6   4.46667591329e-15
926.7   5.20189523627e-15
926.8   5.51074562558e-15
926.9   6.09445343682e-15
927.0   6.41787224071e-15
927.1   7.08899053949e-15
927.2   7.73485691965e-15
927.3   8.0446785366e-15
927.4   8.7138543801e-15
927.5   9.36166321553e-15
927.6   9.66080132845e-15
927.7   1.01881779366e-14
927.8   1.07029285855e-14
927.9   1.09263109425e-14
928.0   1.13245142746e-14
928.1   1.16255948428e-14
928.2   1.17518544359e-14
928.3   1.19363876874e-14
928.4   1.20529350041e-14
928.5   1.20820718333e-14
928.6   1.20626472805e-14
928.7   1.19655245166e-14
928.8   1.1878114029e-14
928.9   1.16353071192e-14
929.0   1.12759528927e-14
929.1   1.10719950884e-14
929.2   1.06058058215e-14
929.3   1.00716306199e-14
929.4   9.79968688087e-15
929.5   9.20918047616e-15
929.6   8.57205514475e-15
929.7   8.24183774738e-15
929.8   7.60956855417e-15
929.9   6.97244322277e-15
930.0   6.64125459776e-15
930.1   6.01189908747e-15
930.2   5.41945022748e-15
930.3   5.1212833422e-15
930.4   4.52980570985e-15
930.5   3.94027053277e-15
930.6   3.65084469625e-15
930.7   3.20213752688e-15
930.8   2.97972639747e-15
930.9   3.50613177799e-15
931.0   4.23843741805e-15
931.1   4.73182105883e-15
931.2   5.22908961017e-15
931.3   5.73315675498e-15
931.4   5.97693489246e-15
931.5   6.51402377701e-15
931.6   7.08024949074e-15
931.7   7.64647520447e-15
931.8   8.22047073932e-15
931.9   8.84108520085e-15
932.0   9.47044071114e-15
932.1   1.04115602937e-14
932.3   1.17227176068e-14
932.5   1.30727240254e-14
932.6   1.37428710966e-14
932.7   1.43741690621e-14
932.8   1.49860424749e-14
932.9   1.55687790585e-14
933.0   1.61126665365e-14
933.1   1.66274171854e-14
933.2   1.70936064523e-14
933.3   1.75403711664e-14
933.4   1.79385744985e-14
933.5   1.82882164486e-14
933.6   1.85990092932e-14
933.7   1.88709530322e-14
933.8   1.91137599421e-14
933.9   1.93274300227e-14
934.0   1.95022509978e-14
934.1   1.96285105909e-14
934.2   1.96964965257e-14
934.3   1.97062088021e-14
934.4   1.96576474201e-14
934.5   1.95605246562e-14
934.6   1.93954159575e-14
934.7   1.91914581532e-14
934.8   1.89098021378e-14
934.9   1.85795847404e-14
935.0   1.81813814083e-14
935.1   1.77346166942e-14
935.2   1.72490028746e-14
935.3   1.67148276729e-14
935.4   1.61320910893e-14
935.5   1.55687790585e-14
935.6   1.49957547513e-14
935.7   1.44033058913e-14
935.8   1.37914324785e-14
935.9   1.31795590658e-14
936.0   1.25482611002e-14
936.1   1.19169631346e-14
936.2   1.12856651691e-14
936.4   1.00716306199e-14
936.6   8.88090553406e-15
936.7   8.29137035699e-15
936.8   7.71446113922e-15
936.9   7.15503401897e-15
937.0   6.60143426455e-15
937.1   6.06628783527e-15
937.2   5.55250841407e-15
937.3   5.04067144814e-15
937.4   4.54534535208e-15
937.5   4.28991248293e-15
937.6   3.77224815117e-15
937.7   3.24390031537e-15
937.8   2.87871872298e-15
937.9   2.87968995062e-15
938.0   3.4915633634e-15
938.1   4.01019892281e-15
938.2   4.77649753024e-15
938.3   5.28153590269e-15
938.4   5.79920023446e-15
938.5   6.05657555888e-15
938.6   6.59949180927e-15
938.7   7.16183261244e-15
938.8   7.73194323673e-15
938.9   8.31953595853e-15
939.0   8.93043814367e-15
939.1   9.55493751576e-15
939.2   1.01881779366e-14
939.3   1.08194759022e-14
939.4   1.14993352497e-14
939.5   1.219861915e-14
939.6   1.29173276031e-14
939.7   1.36651728854e-14
939.8   1.44227304441e-14
939.9   1.5209424832e-14
940.0   1.60058314962e-14
940.1   1.68022381605e-14
940.2   1.76666307595e-14
940.3   1.8618433846e-14
940.4   2.00364261994e-14
940.6   2.19788814781e-14
940.8   2.38921999276e-14
941.0   2.57472447187e-14
941.2   2.75148790223e-14
941.3   2.83695593449e-14
941.4   2.9185390562e-14
941.5   2.99429481206e-14
941.6   3.06033829154e-14
941.7   3.12443931573e-14
941.8   3.18756911229e-14
941.9   3.24681399829e-14
942.1   3.35947640445e-14
942.3   3.46145530658e-14
942.5   3.5556643876e-14
942.7   3.64016119222e-14
942.9   3.71397449281e-14
943.1   3.77710428937e-14
943.3   3.83052180953e-14
943.5   3.87325582566e-14
943.7   3.9062775654e-14
943.9   3.92667334582e-14
944.1   3.92958702874e-14
944.3   3.91696106943e-14
944.5   3.88685301261e-14
944.6   3.86742845982e-14
944.7   3.84120531356e-14
944.8   3.80915480146e-14
944.9   3.76544955769e-14
945.0   3.71785940337e-14
945.1   3.6644418832e-14
945.2   3.60422576957e-14
945.3   3.54012474537e-14
945.4   3.4692251277e-14
945.5   3.39444059947e-14
945.6   3.31674238832e-14
945.7   3.23418803898e-14
945.8   3.14677755144e-14
945.9   3.05548215334e-14
946.1   2.86803521895e-14
946.3   2.68350196748e-14
946.5   2.49702626073e-14
946.7   2.31734914745e-14
946.9   2.14252817237e-14
947.1   1.96867842493e-14
947.2   1.88418162031e-14
947.3   1.80065604332e-14
947.4   1.71810169398e-14
947.5   1.64137471047e-14
947.6   1.56756140988e-14
947.7   1.49471933693e-14
947.8   1.42284849162e-14
947.9   1.35292010159e-14
948.0   1.2839629392e-14
948.1   1.21597700445e-14
948.2   1.14993352497e-14
948.3   1.08486127314e-14
948.4   1.02173147658e-14
948.5   9.59767153189e-15
948.6   8.98871180203e-15
948.7   8.39237803148e-15
948.8   7.8125551308e-15
948.9   7.24341573415e-15
949.0   6.68981597973e-15
949.1   6.15175586754e-15
949.2   5.62437925938e-15
949.3   5.10671492761e-15
949.4   4.60167655516e-15
949.5   4.33167527143e-15
949.6   3.78098919992e-15
949.7   3.16231719367e-15
949.8   2.81850260934e-15
949.9   3.55760684288e-15
950.0   4.11217782494e-15
950.1   4.65606530296e-15
950.2   5.16595981361e-15
950.3   5.68848028357e-15
950.4   6.21974180229e-15
950.5   6.76362928032e-15
950.6   7.32499885585e-15
950.7   7.89996561834e-15
950.8   8.48852956777e-15
950.9   9.0916619318e-15
951.0   9.71033393805e-15
951.1   1.03435743589e-14
951.2   1.09845846009e-14
951.3   1.16450193956e-14
951.4   1.23248787431e-14
951.5   1.30241626435e-14
951.6   1.37428710966e-14
951.7   1.44712918261e-14
951.8   1.52191371083e-14
951.9   1.5976694667e-14
952.0   1.67633890549e-14
952.1   1.75986448247e-14
952.2   1.84921742529e-14
952.3   1.94051282339e-14
952.4   2.03375067676e-14
952.5   2.1308734407e-14
952.6   2.23090988755e-14
952.7   2.33288878968e-14
952.8   2.43486769181e-14
952.9   2.53878904922e-14
953.0   2.65533636594e-14
953.1   2.77479736557e-14
953.2   2.89717204813e-14
953.3   3.0224604136e-14
953.4   3.14969123436e-14
953.5   3.28760555914e-14
953.6   3.42940479449e-14
953.8   3.71785940337e-14
954.2   4.29962475933e-14
954.4   4.58905059585e-14
954.6   4.87264906653e-14
954.7   5.00862093604e-14
954.8   5.13293807388e-14
954.9   5.24657170768e-14
955.0   5.3582628862e-14
955.1   5.46704038181e-14
955.2   5.57387542213e-14
955.3   5.67779677954e-14
955.4   5.77880445403e-14
955.5   5.87786967324e-14
955.7   6.05851801416e-14
955.9   6.22654039576e-14
956.1   6.38776418389e-14
956.3   6.54024692327e-14
956.5   6.68593106917e-14
956.7   6.82190293868e-14
956.9   6.95010498707e-14
957.3   7.18514207579e-14
957.7   7.39395601824e-14
958.1   7.57654681444e-14
958.5   7.73485691965e-14
958.9   7.86500142332e-14
959.3   7.97183646365e-14
959.7   8.05244835771e-14
960.1   8.10780833315e-14
960.5   8.13597393469e-14
960.9   8.13888761761e-14
961.3   8.11266447135e-14
961.7   8.06021817883e-14
962.1   7.97863505712e-14
962.5   7.86985756152e-14
962.9   7.73000078145e-14
963.3   7.56197839985e-14
963.7   7.36093427851e-14
964.1   7.13172455562e-14
964.5   6.87240677592e-14
964.9   6.58589462232e-14
965.3   6.27218809481e-14
965.7   5.93322964869e-14
966.1   5.57387542213e-14
966.5   5.19606787043e-14
966.9   4.80369190414e-14
967.3   4.40354611674e-14
967.7   3.99951541877e-14
968.1   3.59645594845e-14
968.5   3.20116629924e-14
968.7   3.00789199901e-14
968.9   2.81753138171e-14
969.1   2.63299813023e-14
969.3   2.45234978932e-14
969.5   2.2765575866e-14
969.7   2.10659274971e-14
969.9   1.94342650631e-14
970.1   1.78705885637e-14
970.3   1.63651857228e-14
970.5   1.49277688165e-14
970.6   1.42381971926e-14
970.7   1.35583378451e-14
970.8   1.28979030503e-14
970.9   1.22568928084e-14
971.0   1.16255948428e-14
971.1   1.10040091536e-14
971.2   1.04018480173e-14
971.3   9.80939915726e-15
971.4   9.22374889075e-15
971.5   8.65266703882e-15
971.6   8.09129746328e-15
971.8   6.99478145848e-15
971.9   6.45672134629e-15
972.0   5.92545982757e-15
972.1   5.40293935761e-15
972.2   4.88527502585e-15
972.3   4.32002053975e-15
972.4   3.70231976114e-15
972.5   2.7631426339e-15
972.6   2.76508508918e-15
972.7   3.74796746019e-15
972.8   4.36081210061e-15
972.9   4.92412413142e-15
973.0   5.70596238108e-15
973.2   6.77722646727e-15
973.4   7.87665615499e-15
973.5   8.44093941344e-15
973.6   9.00910758245e-15
973.7   9.59572907661e-15
973.8   1.01881779366e-14
973.9   1.08000513494e-14
974.0   1.14119247622e-14
974.1   1.20432227277e-14
974.2   1.26939452461e-14
974.3   1.33640923172e-14
974.4   1.40439516648e-14
974.5   1.47432355651e-14
974.6   1.54619440182e-14
974.7   1.62000770241e-14
974.8   1.69576345828e-14
974.9   1.77249044178e-14
975.0   1.85213110821e-14
975.1   1.93274300227e-14
975.3   2.10076538388e-14
975.5   2.2765575866e-14
975.7   2.46011961043e-14
975.9   2.65145145538e-14
976.1   2.84861066616e-14
976.3   3.0545109257e-14
976.5   3.26623855108e-14
976.7   3.48476476993e-14
976.9   3.70814712697e-14
977.1   3.9383280775e-14
977.3   4.17336516621e-14
977.5   4.41325839313e-14
977.9   4.90761326155e-14
978.3   5.41556531692e-14
978.7   5.9361433316e-14
979.5   6.99866636903e-14
980.3   8.06410308938e-14
980.7   8.59439338046e-14
981.1   9.1140001675e-14
981.5   9.62875081635e-14
981.9   1.01299042782e-13
982.3   1.06155180979e-13
982.7   1.10914196412e-13
983.1   1.15478966317e-13
983.5   1.19946613458e-13
983.9   1.24122892307e-13
984.3   1.28202048392e-13
984.7   1.32086958949e-13
985.1   1.35777623979e-13
985.5   1.3927404348e-13
985.9   1.42576217454e-13
986.3   1.456841459e-13
986.7   1.48597828818e-13
987.5   1.54036703598e-13
988.3   1.58795719031e-13
989.1   1.6297199788e-13
989.9   1.66565540146e-13
990.7   1.69673468591e-13
991.5   1.72295783218e-13
992.3   1.74432484024e-13
993.1   1.76180693775e-13
993.9   1.7754041247e-13
994.7   1.78608762873e-13
995.5   1.79288622221e-13
996.3   1.79677113277e-13
997.1   1.79774236041e-13
997.9   1.79579990513e-13
998.7   1.79094376693e-13
999.5   1.78414517345e-13
1000.0   1.77346166942e-13
1001.0   1.76083571011e-13
1002.0   1.74626729552e-13
1003.0   1.72781397037e-13
1004.0   1.70741818995e-13
1005.0   1.65594312506e-13
1006.0   1.62583506824e-13
1007.0   1.59184210087e-13
1008.0   1.55493545057e-13
1009.0   1.46752496303e-13
1010.0   1.41799235343e-13
1011.0   1.36360360562e-13
1012.0   1.30435871962e-13
1013.0   1.17130053304e-13
1014.0   1.09845846009e-13
1015.0   1.02076024894e-13
1016.0   9.38982881707e-14
1017.0   7.6668709849e-14
1018.0   6.7830538331e-14
1019.0   5.90117913659e-14
1020.0   5.03678653758e-14
1021.0   3.81206848438e-14
1022.0   3.06810811265e-14
1023.0   2.24159339158e-14
1024.0   1.54619440182e-14
1025.0   9.71227639333e-15
1026.0   4.4200569866e-15
1027.0   7.99417469935e-15
1028.0   1.36263237798e-14
1029.0   2.03569313204e-14
1030.0   2.84375452797e-14
1031.0   3.93541439458e-14
1032.0   4.61527374211e-14
1033.0   6.04589205485e-14
1034.0   6.77431278435e-14
1035.0   8.2127009182e-14
1036.0   8.90518622505e-14
1037.0   1.02076024894e-13
1038.0   1.08097636258e-13
1039.0   1.19169631346e-13
1040.0   1.24122892307e-13
1041.0   1.32961063825e-13
1042.0   1.36845974382e-13
1043.0   1.43741690621e-13
1044.0   1.46849619067e-13
1045.0   1.5209424832e-13
1046.0   1.54425194654e-13
1047.0   1.5656189546e-13
1048.0   1.60155437726e-13
1049.0   1.63166243408e-13
1051.0   1.65594312506e-13
1052.0   1.67633890549e-13
1053.0   1.69284977536e-13
1055.0   1.70644696231e-13
1056.0   1.7161592387e-13
1057.0   1.72490028746e-13
1060.0   1.73558379149e-13
1063.0   1.74043992968e-13
1066.0   1.74141115732e-13
1068.0   1.73946870205e-13
1071.0   1.73461256385e-13
1074.0   1.72878519801e-13
1077.0   1.7210153769e-13
1079.0   1.71227432814e-13
1082.0   1.70353327939e-13
1085.0   1.693821003e-13
1087.0   1.68313749896e-13
1090.0   1.67245399493e-13
1093.0   1.66079926326e-13
1096.0   1.65011575923e-13
1098.0   1.63846102755e-13
1101.0   1.62680629588e-13
1104.0   1.61515156421e-13
1106.0   1.60349683254e-13
1109.0   1.59087087323e-13
1112.0   1.57921614156e-13
1115.0   1.56756140988e-13
1117.0   1.55590667821e-13
1120.0   1.54425194654e-13
1123.0   1.53162598723e-13
1126.0   1.51997125556e-13
1128.0   1.50831652388e-13
1131.0   1.49666179221e-13
1134.0   1.4840358329e-13
1136.0   1.47238110123e-13
1139.0   1.46072636956e-13
1142.0   1.44810041025e-13
1145.0   1.43644567857e-13
1147.0   1.4247909469e-13
1150.0   1.41216498759e-13
1153.0   1.39953902828e-13
1156.0   1.38691306897e-13
1158.0   1.37428710966e-13
1161.0   1.36166115034e-13
1164.0   1.34806396339e-13
1166.0   1.3334955488e-13
1169.0   1.31892713421e-13
1172.0   1.30338749199e-13
1175.0   1.28687662212e-13
1177.0   1.26939452461e-13
1180.0   1.24899874418e-13
1183.0   1.22666050848e-13
1186.0   1.20043736222e-13
1187.0   1.18489771999e-13
1188.0   1.16935807776e-13
1190.0   1.15090475261e-13
1191.0   1.13148019982e-13
1192.0   1.10914196412e-13
1194.0   1.0838900455e-13
1195.0   1.05572444396e-13
1196.0   1.02270270422e-13
1197.0   1.00522060671e-13
1198.0   9.86767281562e-14
1199.0   9.65885887317e-14
1200.0   9.20626679324e-14
1201.0   8.95569006229e-14
1202.0   8.40014785259e-14
1203.0   8.09323991856e-14
1204.0   7.42115039214e-14
1205.0   7.05499757212e-14
1206.0   6.26538950134e-14
1207.0   5.84387670587e-14
1208.0   4.96297323699e-14
1209.0   4.5113523847e-14
1210.0   3.6051969972e-14
1211.0   3.16231719367e-14
1212.0   2.52616308991e-14
1213.0   1.94148405103e-14
1214.0   1.58407227975e-14
1215.0   1.08194759022e-14
1216.0   5.01930444007e-15
1217.0   9.92594647398e-15
1218.0   1.48112214998e-14
1219.0   2.00170016467e-14
1220.0   2.57472447187e-14
1221.0   3.31577116068e-14
1222.0   4.08498345103e-14
1223.0   4.5977916446e-14
1224.0   5.10088756178e-14
1225.0   5.82153847016e-14
1226.0   6.27315932245e-14
1227.0   6.89280255635e-14
1228.0   7.26866765277e-14
1229.0   7.92813121988e-14
1230.0   8.21367214584e-14
1231.0   8.47298992554e-14
1232.0   8.70608455898e-14
1233.0   9.10137420819e-14
1234.0   9.2693965898e-14
1235.0   9.41896564625e-14
1236.0   9.5510526052e-14
1237.0   9.78026232808e-14
1238.0   9.86767281562e-14
1240.0   1.00327815143e-13
1241.0   1.0149328831e-13
1243.0   1.0246451595e-13
1244.0   1.03144375297e-13
1246.0   1.03727111881e-13
1248.0   1.04115602937e-13
1251.0   1.04601216756e-13
1254.0   1.0469833952e-13
1257.0   1.04504093992e-13
1260.0   1.042127257e-13
1264.0   1.03824234645e-13
1267.0   1.03338620825e-13
1270.0   1.02755884241e-13
1273.0   1.02173147658e-13
1276.0   1.0149328831e-13
1280.0   1.00813428963e-13
1283.0   1.00133569615e-13
1286.0   9.94537102677e-14
1289.0   9.86767281562e-14
1292.0   9.79968688087e-14
1296.0   9.73170094612e-14
1298.0   9.68313956415e-14
1299.0   9.65691641789e-14
1300.0   9.63069327163e-14
1302.0   9.57436206855e-14
1305.0   9.51803086546e-14
1308.0   9.46267089002e-14
1310.0   9.40633968694e-14
1312.0   9.3509797115e-14
1315.0   9.29561973606e-14
1318.0   9.24123098825e-14
1320.0   9.18587101281e-14
1325.0   9.07806474485e-14
1335.0   8.86439466419e-14
1355.0   8.45356537276e-14
1375.0   8.06507431702e-14
1395.0   7.69697904171e-14
1415.0   7.35025077447e-14
1435.0   7.02294706002e-14
1455.0   6.71409667071e-14
1475.0   6.42175715127e-14
1495.0   6.1459285017e-14
1515.0   5.88563949436e-14
1535.0   5.63894767397e-14
1555.0   5.40585304053e-14
1575.0   5.1853843664e-14
1595.0   4.9755991963e-14
1615.0   4.77649753024e-14
1635.0   4.58807936821e-14
1655.0   4.40937348257e-14
1675.0   4.23843741805e-14
1695.0   4.07721362992e-14
1715.0   3.92375966291e-14
1735.0   3.77710428937e-14
1755.0   3.6372475093e-14
1775.0   3.50418932271e-14
1795.0   3.3779297296e-14
1815.0   3.25652627468e-14
1835.0   3.14192141324e-14
1855.0   3.03120146236e-14
1875.0   2.92630887731e-14
1895.0   2.82530120282e-14
1915.0   2.72914966653e-14
1935.0   2.63785426843e-14
1955.0   2.54947255325e-14
1975.0   2.46497574863e-14
1995.0   2.38436385456e-14
2015.0   2.30763687106e-14
2035.0   2.23285234283e-14
2055.0   2.16195272516e-14
2075.0   2.0939667904e-14
2095.0   2.02889453857e-14
2115.0   1.96576474201e-14
2135.0   1.90554862837e-14
2155.0   1.84727497001e-14
2175.0   1.79191499457e-14
2195.0   1.73752624677e-14
2215.0   1.68605118188e-14
2235.0   1.63651857228e-14
2255.0   1.58892841795e-14
2275.0   1.54230949126e-14
2295.0   1.49860424749e-14
2315.0   1.45587023136e-14
2335.0   1.41507867051e-14
2355.0   1.3752583373e-14
2375.0   1.33640923172e-14
2395.0   1.29950258143e-14
2415.0   1.26453838641e-14
2435.0   1.2295741914e-14
2455.0   1.19655245166e-14
2475.0   1.16450193956e-14
2495.0   1.1334226551e-14
2515.0   1.10331459828e-14
2535.0   1.07514899674e-14
2555.0   1.0469833952e-14
2575.0   1.0197890213e-14
2595.0   9.93565875038e-15
2615.0   9.68313956415e-15
2635.0   9.43839019904e-15
2655.0   9.20141065504e-15
2675.0   8.97220093216e-15
2695.0   8.74978980275e-15
2715.0   8.53514849446e-15
2735.0   8.326334552e-15
2755.0   8.12431920302e-15
2775.0   7.92813121988e-15
2795.0   7.73777060257e-15
2815.0   7.55420857873e-15
2835.0   7.3755026931e-15
2855.0   7.20165294565e-15
2875.0   7.03363056405e-15
2895.0   6.87046432064e-15
2915.0   6.71215421543e-15
2935.0   6.55870024842e-15
2955.0   6.40913119196e-15
2975.0   6.2644182737e-15
2995.0   6.12261903836e-15
3015.0   5.98664716885e-15
3035.0   5.85358898226e-15
3055.0   5.72441570623e-15
3075.0   5.59815611312e-15
3095.0   5.47578143056e-15
3115.0   5.35729165856e-15
3135.0   5.24171556948e-15
3155.0   5.12905316332e-15
3175.0   5.01930444007e-15
3195.0   4.91344062739e-15
3215.0   4.80951926998e-15
3235.0   4.70851159549e-15
3255.0   4.61041760391e-15
3275.0   4.51523729526e-15
3295.0   4.42199944188e-15
3315.0   4.33070404379e-15
3335.0   4.24232232861e-15
3355.0   4.15685429635e-15
3375.0   4.07235749172e-15
3395.0   3.99077437002e-15
3415.0   3.91113370359e-15
3435.0   3.83343549245e-15
3455.0   3.75767973658e-15
3475.0   3.68386643599e-15
3495.0   3.61199559068e-15
3515.0   3.54206720065e-15
3535.0   3.47311003826e-15
3555.0   3.40609533114e-15
3575.0   3.34102307931e-15
3595.0   3.27692205511e-15
3615.0   3.21476348619e-15
3623.0   3.19048279521e-15
3635.0   3.15357614491e-15
3644.0   3.12638177101e-15
3647.0   3.11764072226e-15
3650.0   3.10889967351e-15
3660.0   3.07879161669e-15
3670.0   3.04965478751e-15
3676.0   3.03120146236e-15
3680.0   3.02051795833e-15
3683.0   3.01080568193e-15
3684.0   3.00886322665e-15
3687.0   2.99915095026e-15
3688.0   2.99720849498e-15
3693.0   2.98264008039e-15
3698.0   2.96710043816e-15
3703.0   2.95447447885e-15
3704.0   2.95058956829e-15
3705.0   2.94767588538e-15
3707.0   2.94184851954e-15
3710.0   2.93310747079e-15
3712.0   2.92922256023e-15
3713.0   2.92533764967e-15
3716.0   2.91659660092e-15
3721.0   2.90299941397e-15
3722.0   2.90105695869e-15
3723.0   2.89717204813e-15
3725.0   2.89231590993e-15
3728.0   2.88357486118e-15
3735.0   2.86415030839e-15
3742.0   2.84666821089e-15
3747.0   2.83015734102e-15
3749.0   2.82335874754e-15
3751.0   2.81753138171e-15
3755.0   2.81267524351e-15
3759.0   2.80490542239e-15
3761.0   2.8000492842e-15
3763.0   2.79616437364e-15
3766.0   2.78062473141e-15
3769.0   2.7679987721e-15
3770.0   2.76217140626e-15
3772.0   2.75731526807e-15
3773.0   2.75731526807e-15
3774.0   2.75925772335e-15
3776.0   2.76022895098e-15
3777.0   2.76120017862e-15
3778.0   2.76217140626e-15
3781.0   2.76120017862e-15
3784.0   2.75634404043e-15
3786.0   2.74857421931e-15
3789.0   2.73497703236e-15
3792.0   2.71749493485e-15
3794.0   2.69709915443e-15
3795.0   2.69127178859e-15
3797.0   2.67476091872e-15
3798.0   2.66699109761e-15
3799.0   2.66213495941e-15
3800.0   2.66504864233e-15
3801.0   2.66990478053e-15
3802.0   2.676703374e-15
3804.0   2.68932933331e-15
3806.0   2.70001283735e-15
3808.0   2.70972511374e-15
3810.0   2.71555247958e-15
3812.0   2.71943739013e-15
3814.0   2.71943739013e-15
3816.0   2.71749493485e-15
3818.0   2.71263879666e-15
3820.0   2.70292652026e-15
3821.0   2.69030056095e-15
3823.0   2.67378969108e-15
3825.0   2.65339391066e-15
3827.0   2.62911321967e-15
3829.0   2.60094761813e-15
3831.0   2.56889710604e-15
3834.0   2.52422063463e-15
3835.0   2.50188239892e-15
3836.0   2.49314135017e-15
3837.0   2.48828521197e-15
3838.0   2.49993994364e-15
3839.0   2.51450835823e-15
3840.0   2.53684659394e-15
3843.0   2.57860938243e-15
3845.0   2.61454480508e-15
3848.0   2.64562408954e-15
3851.0   2.67087600817e-15
3853.0   2.68835810567e-15
3856.0   2.70001283735e-15
3859.0   2.70292652026e-15
3861.0   2.70195529262e-15
3864.0   2.69418547151e-15
3867.0   2.67767460164e-15
3869.0   2.65630759358e-15
3872.0   2.62619953676e-15
3875.0   2.58443674827e-15
3876.0   2.56112728492e-15
3877.0   2.53781782158e-15
3878.0   2.5086809924e-15
3880.0   2.47760170794e-15
3881.0   2.44555119584e-15
3882.0   2.41155822846e-15
3884.0   2.37368035053e-15
3885.0   2.33483124496e-15
3886.0   2.29306845647e-15
3887.0   2.28918354591e-15
3888.0   2.2493632127e-15
3889.0   2.21342779004e-15
3890.0   2.19983060309e-15
3891.0   2.19788814781e-15
3892.0   2.22605374935e-15
3893.0   2.26198917201e-15
3896.0   2.33386001732e-15
3898.0   2.39893226915e-15
3900.0   2.45526347223e-15
3902.0   2.48245784614e-15
3903.0   2.5086809924e-15
3904.0   2.53004800046e-15
3905.0   2.55044378089e-15
3908.0   2.5902641141e-15
3910.0   2.62134339856e-15
3913.0   2.6446528619e-15
3915.0   2.66407741469e-15
3917.0   2.67961705692e-15
3920.0   2.68932933331e-15
3922.0   2.69418547151e-15
3925.0   2.69709915443e-15
3927.0   2.69709915443e-15
3930.0   2.69321424387e-15
3932.0   2.6864156504e-15
3934.0   2.676703374e-15
3937.0   2.66213495941e-15
3939.0   2.6446528619e-15
3942.0   2.62134339856e-15
3944.0   2.59317779702e-15
3946.0   2.55724237436e-15
3949.0   2.51547958587e-15
3951.0   2.47274556974e-15
3954.0   2.42127050486e-15
3956.0   2.3581407083e-15
3957.0   2.32706142384e-15
3959.0   2.29501091174e-15
3960.0   2.25810426145e-15
3961.0   2.21828392824e-15
3962.0   2.17749236738e-15
3963.0   2.13475835125e-15
3965.0   2.08716819693e-15
3966.0   2.04249172552e-15
3967.0   1.99004543299e-15
3968.0   1.93565668519e-15
3969.0   1.87932548211e-15
3970.0   1.84630374237e-15
3971.0   1.82008059611e-15
3972.0   1.81133954736e-15
3973.0   1.86087215696e-15
3974.0   1.93080054699e-15
3975.0   1.97353456312e-15
3976.0   2.01626857926e-15
3977.0   2.05414645719e-15
3978.0   2.09105310748e-15
3980.0   2.1580678146e-15
3983.0   2.22119761115e-15
3985.0   2.27558635896e-15
3987.0   2.32511896856e-15
3989.0   2.37173789525e-15
3991.0   2.41058700082e-15
3993.0   2.44263751292e-15
3995.0   2.47468802502e-15
3997.0   2.50479608184e-15
3999.0   2.52907677282e-15
4001.0   2.54947255325e-15
4004.0   2.56598342312e-15
4006.0   2.57958061007e-15
4010.0   2.59900516286e-15
4014.0   2.60968866689e-15
4018.0   2.61454480508e-15
4022.0   2.61551603272e-15
4031.0   2.60968866689e-15
4039.0   2.59317779702e-15
4043.0   2.58152306535e-15
4048.0   2.56695465076e-15
4052.0   2.54850132561e-15
4056.0   2.52519186227e-15
4060.0   2.49605503309e-15
4064.0   2.45817715515e-15
4068.0   2.41350068374e-15
4073.0   2.36105439122e-15
4075.0   2.33191756204e-15
4077.0   2.2988958223e-15
4079.0   2.26101794437e-15
4081.0   2.22119761115e-15
4083.0   2.17846359502e-15
4085.0   2.1308734407e-15
4087.0   2.07551346525e-15
4089.0   2.01918226217e-15
4090.0   1.98907420535e-15
4092.0   1.95605246562e-15
4093.0   1.9210882706e-15
4094.0   1.88515284795e-15
4095.0   1.84727497001e-15
4096.0   1.80648340916e-15
4097.0   1.76277816539e-15
4098.0   1.71810169398e-15
4099.0   1.6666266291e-15
4100.0   1.61418033657e-15
4101.0   1.55396422293e-15
4102.0   1.49277688165e-15
4103.0   1.47043864595e-15
4104.0   1.48306460526e-15
4105.0   1.5704750928e-15
4106.0   1.61029542601e-15
4107.0   1.64817330395e-15
4108.0   1.6841087266e-15
4109.0   1.7482097508e-15
4110.0   1.77734657998e-15
4111.0   1.83367778306e-15
4113.0   1.88223916503e-15
4114.0   1.92885809172e-15
4116.0   1.96964965257e-15
4118.0   2.00558507522e-15
4119.0   2.04249172552e-15
4121.0   2.07648469289e-15
4122.0   2.10562152207e-15
4124.0   2.13281589598e-15
4125.0   2.15709658696e-15
4127.0   2.1804060503e-15
4130.0   2.22119761115e-15
4133.0   2.25421935089e-15
4136.0   2.28238495243e-15
4139.0   2.30569441578e-15
4142.0   2.3260901962e-15
4145.0   2.34162983843e-15
4148.0   2.3532845701e-15
4151.0   2.36105439122e-15
4155.0   2.36688175705e-15
4161.0   2.37270912289e-15
4167.0   2.37173789525e-15
4173.0   2.36688175705e-15
4179.0   2.36008316358e-15
4185.0   2.35231334246e-15
4192.0   2.34260106607e-15
4198.0   2.33288878968e-15
4204.0   2.32220528565e-15
4210.0   2.31152178161e-15
4216.0   2.29986704994e-15
4222.0   2.28821231827e-15
4229.0   2.2765575866e-15
4235.0   2.26393162729e-15
4241.0   2.25130566797e-15
4247.0   2.23770848102e-15
4253.0   2.22314006643e-15
4260.0   2.2076004242e-15
4266.0   2.1901183267e-15
4272.0   2.16972254627e-15
4278.0   2.14738431057e-15
4284.0   2.11921870902e-15
4290.0   2.08813942457e-15
4297.0   2.05026154663e-15
4300.0   2.02889453857e-15
4303.0   2.00364261994e-15
4306.0   1.97644824604e-15
4309.0   1.94634018922e-15
4312.0   1.91234722185e-15
4315.0   1.87349811627e-15
4318.0   1.8297928725e-15
4321.0   1.77928903526e-15
4323.0   1.75112343372e-15
4324.0   1.72198660454e-15
4326.0   1.6889648648e-15
4327.0   1.65400066978e-15
4329.0   1.61806524713e-15
4330.0   1.57921614156e-15
4332.0   1.53551089779e-15
4334.0   1.48986319874e-15
4335.0   1.43838813385e-15
4336.0   1.41022253231e-15
4337.0   1.38011447549e-15
4338.0   1.33058186589e-15
4339.0   1.29464644323e-15
4340.0   1.23443032959e-15
4341.0   1.1878114029e-15
4342.0   1.11496932995e-15
4343.0   1.16935807776e-15
4344.0   1.22568928084e-15
4345.0   1.29853135379e-15
4346.0   1.32475450005e-15
4347.0   1.39371166244e-15
4348.0   1.43256076802e-15
4350.0   1.46946741831e-15
4351.0   1.50054670277e-15
4352.0   1.53162598723e-15
4353.0   1.56076281641e-15
4354.0   1.58795719031e-15
4356.0   1.61126665365e-15
4357.0   1.634576117e-15
4359.0   1.67828136077e-15
4361.0   1.71518801106e-15
4364.0   1.74723852316e-15
4366.0   1.7754041247e-15
4368.0   1.79968481568e-15
4371.0   1.82202305139e-15
4373.0   1.8395051489e-15
4375.0   1.85601601877e-15
4378.0   1.87058443336e-15
4383.0   1.89292266906e-15
4387.0   1.90943353893e-15
4392.0   1.9210882706e-15
4397.0   1.92885809172e-15
4401.0   1.93468545755e-15
4406.0   1.93662791283e-15
4415.0   1.93662791283e-15
4425.0   1.93080054699e-15
4434.0   1.9210882706e-15
4443.0   1.90943353893e-15
4453.0   1.89680757962e-15
4462.0   1.88321039267e-15
4472.0   1.87058443336e-15
4481.0   1.8569872464e-15
4490.0   1.84339005945e-15
4500.0   1.8297928725e-15
4509.0   1.81619568555e-15
4519.0   1.8025984986e-15
4528.0   1.78900131165e-15
4537.0   1.7754041247e-15
4547.0   1.76277816539e-15
4556.0   1.74918097844e-15
4565.0   1.73655501913e-15
4575.0   1.72295783218e-15
4584.0   1.71033187287e-15
4594.0   1.69770591355e-15
4603.0   1.68507995424e-15
4612.0   1.67245399493e-15
4622.0   1.65982803562e-15
4631.0   1.64720207631e-15
4641.0   1.634576117e-15
4650.0   1.62292138533e-15
4659.0   1.61029542601e-15
4669.0   1.5976694667e-15
4678.0   1.58601473503e-15
4687.0   1.57338877572e-15
4697.0   1.56173404405e-15
4706.0   1.54910808474e-15
4716.0   1.53745335306e-15
4725.0   1.52482739375e-15
4734.0   1.51220143444e-15
4744.0   1.49957547513e-15
4753.0   1.48597828818e-15
4763.0   1.47140987359e-15
4772.0   1.456841459e-15
4781.0   1.44033058913e-15
4791.0   1.42090603634e-15
4800.0   1.39856780064e-15
4805.0   1.38497061369e-15
4809.0   1.37137342674e-15
4814.0   1.35486255687e-15
4819.0   1.33640923172e-15
4824.0   1.31407099602e-15
4828.0   1.2888190774e-15
4831.0   1.27425066281e-15
4833.0   1.25871102058e-15
4835.0   1.24025769543e-15
4838.0   1.22083314264e-15
4840.0   1.20043736222e-15
4842.0   1.17615667123e-15
4845.0   1.15090475261e-15
4847.0   1.12273915107e-15
4849.0   1.09068863897e-15
4850.0   1.07320654146e-15
4852.0   1.05475321632e-15
4853.0   1.03532866353e-15
4854.0   1.01396165546e-15
4855.0   9.91623419759e-16
4856.0   9.66080132845e-16
4858.0   9.3830302236e-16
4859.0   9.06738124081e-16
4860.0   8.7089982419e-16
4861.0   8.27874439768e-16
4862.0   8.01651293506e-16
4863.0   7.56780576568e-16
4864.0   7.95046945558e-16
4865.0   8.45162291748e-16
4866.0   8.84205642849e-16
4867.0   9.06349633026e-16
4868.0   9.26551167924e-16
4869.0   9.62680836107e-16
4870.0   9.78026232808e-16
4872.0   1.00716306199e-15
4873.0   1.03241498061e-15
4875.0   1.05572444396e-15
4876.0   1.07612022438e-15
4878.0   1.09457354953e-15
4880.0   1.11205564704e-15
4881.0   1.12759528927e-15
4883.0   1.14216370386e-15
4884.0   1.15576089081e-15
4888.0   1.17907035415e-15
4891.0   1.1975236793e-15
4894.0   1.21403454917e-15
4897.0   1.22763173612e-15
4900.0   1.23831524015e-15
4904.0   1.2470562889e-15
4907.0   1.25482611002e-15
4913.0   1.26453838641e-15
4920.0   1.27133697989e-15
4926.0   1.27522189044e-15
4932.0   1.27619311808e-15
4939.0   1.27619311808e-15
4945.0   1.27425066281e-15
4952.0   1.27133697989e-15
4958.0   1.26842329697e-15
4964.0   1.26453838641e-15
4971.0   1.25968224822e-15
4977.0   1.25482611002e-15
4984.0   1.24996997182e-15
4990.0   1.24511383363e-15
4993.0   1.24317137835e-15
4996.0   1.24025769543e-15
5000.0   1.23734401251e-15
5010.0   1.2295741914e-15
5020.0   1.22083314264e-15
5040.0   1.20335104513e-15
5060.0   1.18684017527e-15
5080.0   1.16935807776e-15
5100.0   1.15284720789e-15
5120.0   1.13633633802e-15
5140.0   1.11982546815e-15
5160.0   1.10428582592e-15
5180.0   1.08777495605e-15
5200.0   1.07223531382e-15
5220.0   1.05766689923e-15
5240.0   1.042127257e-15
5260.0   1.02755884241e-15
5280.0   1.01299042782e-15
5300.0   9.99393240874e-16
5320.0   9.84824826284e-16
5340.0   9.71227639333e-16
5360.0   9.58018943438e-16
5380.0   9.44810247543e-16
5400.0   9.31795797176e-16
5420.0   9.18975592337e-16
5440.0   9.0644675579e-16
5460.0   8.9411216477e-16
5480.0   8.81971819278e-16
5500.0   8.70025719315e-16
5520.0   8.58273864879e-16
5540.0   8.46716255971e-16
5560.0   8.3535289259e-16
5580.0   8.24183774738e-16
5600.0   8.13208902414e-16
5620.0   8.02428275617e-16
5640.0   7.91841894348e-16
5660.0   7.81352635843e-16
5680.0   7.7115474563e-16
5700.0   7.61053978181e-16
5720.0   7.51050333496e-16
5740.0   7.41338057103e-16
5760.0   7.31722903474e-16
5780.0   7.22204872608e-16
5800.0   7.1288108727e-16
5820.0   7.03751547461e-16
5840.0   6.94719130415e-16
5860.0   6.85880958897e-16
5880.0   6.77139910143e-16
5900.0   6.68593106917e-16
5920.0   6.60143426455e-16
5940.0   6.51790868756e-16
5960.0   6.43632556586e-16
5980.0   6.3557136718e-16
6000.0   6.27607300537e-16
6020.0   6.19837479422e-16
6040.0   6.12164781072e-16
6060.0   6.04589205485e-16
6080.0   5.97110752662e-16
6100.0   5.89729422603e-16
6120.0   5.82542338072e-16
6140.0   5.75355253541e-16
6160.0   5.68362414538e-16
6180.0   5.61466698298e-16
6200.0   5.54570982059e-16
6220.0   5.47869511348e-16
6240.0   5.412651634e-16
6260.0   5.34660815453e-16
6280.0   5.28250713033e-16
6300.0   5.21840610614e-16
6320.0   5.15527630958e-16
6340.0   5.09311774066e-16
6360.0   5.03095917175e-16
6380.0   4.96977183047e-16
6400.0   4.90761326155e-16
6420.0   4.84448346499e-16
6440.0   4.7803824408e-16
6460.0   4.71045405077e-16
6480.0   4.63178461198e-16
6490.0   4.58613691293e-16
6500.0   4.53271939277e-16
6510.0   4.46764714093e-16
6515.0   4.42782680772e-16
6520.0   4.38217910867e-16
6525.0   4.32779036087e-16
6530.0   4.26368933667e-16
6535.0   4.18501989789e-16
6538.0   4.14034342648e-16
6540.0   4.08983958923e-16
6542.0   4.03350838615e-16
6545.0   3.97037858959e-16
6548.0   3.89947897192e-16
6550.0   3.81886707786e-16
6552.0   3.72660045212e-16
6554.0   3.67512538724e-16
6555.0   3.61879418416e-16
6556.0   3.55760684288e-16
6558.0   3.49059213576e-16
6559.0   3.41580760753e-16
6560.0   3.33228203055e-16
6561.0   3.28566310386e-16
6562.0   3.18271297409e-16
6563.0   3.08947512072e-16
6564.0   2.96127307233e-16
6565.0   2.77188368266e-16
6566.0   2.98166885275e-16
6567.0   3.10598599059e-16
6568.0   3.19631016105e-16
6569.0   3.27400837219e-16
6570.0   3.34199430695e-16
6571.0   3.40415287586e-16
6572.0   3.4595128513e-16
6573.0   3.51001668855e-16
6574.0   3.55663561524e-16
6576.0   3.63918996458e-16
6578.0   3.71008958225e-16
6580.0   3.77127692353e-16
6582.0   3.82663689897e-16
6584.0   3.8742270533e-16
6586.0   3.91696106943e-16
6588.0   3.95386771973e-16
6592.0   4.01796874392e-16
6596.0   4.06847258117e-16
6600.0   4.10829291438e-16
6604.0   4.1384009712e-16
6608.0   4.16268166218e-16
6612.0   4.18016375969e-16
6616.0   4.192789719e-16
6624.0   4.20930058887e-16
6632.0   4.21512795471e-16
6640.0   4.21512795471e-16
6656.0   4.20055954012e-16
6672.0   4.17725007677e-16
6688.0   4.14811324759e-16
6704.0   4.11606273549e-16
6720.0   4.08304099576e-16
6736.0   4.04904802838e-16
6752.0   4.015055061e-16
6768.0   3.98009086599e-16
6784.0   3.94609789861e-16
6800.0   3.91210493123e-16
6816.0   3.87811196386e-16
6832.0   3.84411899648e-16
6848.0   3.81109725674e-16
6864.0   3.77710428937e-16
6880.0   3.74505377727e-16
6896.0   3.71203203753e-16
6912.0   3.67998152543e-16
6928.0   3.64793101334e-16
6944.0   3.61588050124e-16
6960.0   3.58480121678e-16
6976.0   3.55372193232e-16
6992.0   3.5236138755e-16
7008.0   3.49350581868e-16
7024.0   3.46339776186e-16
7040.0   3.43328970504e-16
7056.0   3.40415287586e-16
7072.0   3.37501604668e-16
7088.0   3.3458792175e-16
7104.0   3.31771361596e-16
7120.0   3.28954801442e-16
7136.0   3.26138241288e-16
7152.0   3.23418803898e-16
7168.0   3.20699366508e-16
7184.0   3.17979929118e-16
7200.0   3.15357614491e-16
7216.0   3.12638177101e-16
7232.0   3.10015862475e-16
7248.0   3.07490670613e-16
7264.0   3.04868355987e-16
7280.0   3.02343164124e-16
7296.0   2.99817972262e-16
7312.0   2.97389903164e-16
7328.0   2.94961834065e-16
7344.0   2.92533764967e-16
7360.0   2.90105695869e-16
7376.0   2.8767762677e-16
7392.0   2.85346680436e-16
7408.0   2.83015734102e-16
7424.0   2.80684787767e-16
7440.0   2.78450964197e-16
7456.0   2.76120017862e-16
7472.0   2.73886194292e-16
7488.0   2.71652370721e-16
7504.0   2.69515669915e-16
7520.0   2.67281846344e-16
7536.0   2.65145145538e-16
7552.0   2.63008444731e-16
7568.0   2.60968866689e-16
7584.0   2.58832165882e-16
7600.0   2.5679258784e-16
7616.0   2.54753009797e-16
7632.0   2.52713431754e-16
7648.0   2.50673853712e-16
7664.0   2.48731398433e-16
7680.0   2.46788943155e-16
7696.0   2.44846487876e-16
7712.0   2.42904032597e-16
7728.0   2.40961577319e-16
7744.0   2.39116244804e-16
7760.0   2.37173789525e-16
7776.0   2.3532845701e-16
7792.0   2.33483124496e-16
7808.0   2.31734914745e-16
7824.0   2.2988958223e-16
7840.0   2.28141372479e-16
7856.0   2.26393162729e-16
7872.0   2.24644952978e-16
7888.0   2.22896743227e-16
7904.0   2.21148533476e-16
7920.0   2.19497446489e-16
7936.0   2.17846359502e-16
7952.0   2.16098149752e-16
7968.0   2.14447062765e-16
7984.0   2.12893098542e-16
8000.0   2.11242011555e-16
8016.0   2.09590924568e-16
8032.0   2.08036960345e-16
8048.0   2.06482996122e-16
8064.0   2.04929031899e-16
8080.0   2.03375067676e-16
8096.0   2.01821103453e-16
8112.0   2.00364261994e-16
8128.0   1.98810297771e-16
8144.0   1.97353456312e-16
8160.0   1.95896614853e-16
8176.0   1.94439773394e-16
8177.0   1.94245527867e-16
8192.0   1.92982931935e-16
8206.0   1.9162321324e-16
8221.0   1.90360617309e-16
8235.0   1.89098021378e-16
8250.0   1.87835425447e-16
8264.0   1.86572829516e-16
8279.0   1.85310233585e-16
8293.0   1.84047637654e-16
8308.0   1.82785041722e-16
8322.0   1.81619568555e-16
8337.0   1.80356972624e-16
8351.0   1.79191499457e-16
8366.0   1.77928903526e-16
8380.0   1.76763430359e-16
8395.0   1.75597957191e-16
8402.0   1.75015220608e-16
8409.0   1.74432484024e-16
8416.0   1.73946870205e-16
8417.0   1.73849747441e-16
8429.0   1.72878519801e-16
8440.0   1.72004414926e-16
8452.0   1.7113031005e-16
8457.0   1.70741818995e-16
8463.0   1.70256205175e-16
8470.0   1.69673468591e-16
8483.0   1.68702240952e-16
8486.0   1.6841087266e-16
8496.0   1.67731013313e-16
8505.0   1.67051153965e-16
8523.0   1.65594312506e-16
8536.0   1.64720207631e-16
8542.0   1.64234593811e-16
8548.0   1.63846102755e-16
8560.0   1.6297199788e-16
8571.0   1.62097893005e-16
8583.0   1.61223788129e-16
8589.0   1.6073817431e-16
8595.0   1.60349683254e-16
8601.0   1.59961192198e-16
8612.0   1.59087087323e-16
8624.0   1.58310105211e-16
8636.0   1.57436000336e-16
8647.0   1.56659018224e-16
8651.0   1.56464772697e-16
8659.0   1.55882036113e-16
8667.0   1.55299299529e-16
8684.0   1.54133826362e-16
8700.0   1.53065475959e-16
8717.0   1.51997125556e-16
8733.0   1.50831652388e-16
8747.0   1.49860424749e-16
8750.0   1.49666179221e-16
8753.0   1.49471933693e-16
8759.0   1.49083442638e-16
8772.0   1.48306460526e-16
8784.0   1.47626601179e-16
8797.0   1.46849619067e-16
8809.0   1.45975514192e-16
8822.0   1.4519853208e-16
8834.0   1.44421549969e-16
8847.0   1.43547445093e-16
8853.0   1.43158954038e-16
8859.0   1.42673340218e-16
8865.0   1.42284849162e-16
8877.0   1.41702112579e-16
8890.0   1.41119375995e-16
8902.0   1.40439516648e-16
8914.0   1.397596573e-16
8926.0   1.39079797952e-16
8939.0   1.38302815841e-16
8951.0   1.3752583373e-16
8963.0   1.36748851618e-16
8976.0   1.35971869507e-16
8988.0   1.35000641867e-16
9000.0   1.34126536992e-16
9007.0   1.33543800408e-16
9012.0   1.33155309353e-16
9017.0   1.32863941061e-16
9028.0   1.32475450005e-16
9038.0   1.32184081713e-16
9048.0   1.31892713421e-16
9058.0   1.3160134513e-16
9069.0   1.31212854074e-16
9079.0   1.30727240254e-16
9089.0   1.30338749199e-16
9099.0   1.29853135379e-16
9110.0   1.29270398795e-16
9120.0   1.28784784976e-16
9130.0   1.28202048392e-16
9140.0   1.27619311808e-16
9151.0   1.26939452461e-16
9161.0   1.26259593113e-16
9171.0   1.25482611002e-16
9181.0   1.2470562889e-16
9192.0   1.23831524015e-16
9202.0   1.2295741914e-16
9212.0   1.21889068736e-16
9213.0   1.21791945972e-16
9222.0   1.20917841097e-16
9227.0   1.20432227277e-16
9232.0   1.20140858986e-16
9236.0   1.20043736222e-16
9241.0   1.20043736222e-16
9246.0   1.20140858986e-16
9250.0   1.20043736222e-16
9259.0   1.20043736222e-16
9278.0   1.20043736222e-16
9297.0   1.19655245166e-16
9315.0   1.1926675411e-16
9334.0   1.18586894763e-16
9353.0   1.17907035415e-16
9371.0   1.17130053304e-16
9390.0   1.16255948428e-16
9409.0   1.15284720789e-16
9427.0   1.14216370386e-16
9446.0   1.13050897218e-16
9464.0   1.11788301287e-16
9483.0   1.10234337064e-16
9492.0   1.09360232189e-16
9502.0   1.0838900455e-16
9511.0   1.07320654146e-16
9520.0   1.06058058215e-16
9529.0   1.04795462284e-16
9530.0   1.04795462284e-16
9539.0   1.03338620825e-16
9544.0   1.02561638714e-16
9546.0   1.02173147658e-16
9547.0   1.0197890213e-16
9549.0   1.01881779366e-16
9550.0   1.01881779366e-16
9551.0   1.0197890213e-16
9552.0   1.02076024894e-16
9553.0   1.02173147658e-16
9555.0   1.02270270422e-16
9556.0   1.02367393186e-16
9557.0   1.0246451595e-16
9558.0   1.02561638714e-16
9559.0   1.02658761478e-16
9561.0   1.02755884241e-16
9562.0   1.02853007005e-16
9563.0   1.02950129769e-16
9564.0   1.03047252533e-16
9565.0   1.03144375297e-16
9567.0   1.03144375297e-16
9568.0   1.03241498061e-16
9570.0   1.03435743589e-16
9575.0   1.03727111881e-16
9585.0   1.042127257e-16
9594.0   1.04504093992e-16
9604.0   1.0469833952e-16
9623.0   1.04892585048e-16
9643.0   1.0469833952e-16
9662.0   1.04406971228e-16
9681.0   1.03921357409e-16
9700.0   1.03338620825e-16
9720.0   1.02755884241e-16
9739.0   1.02076024894e-16
9758.0   1.01396165546e-16
9777.0   1.00619183435e-16
9797.0   9.99393240874e-17
9816.0   9.91623419759e-17
9835.0   9.83853598644e-17
9854.0   9.77055005169e-17
9874.0   9.68119710887e-17
9893.0   9.58893048314e-17
9912.0   9.48986526392e-17
9931.0   9.38205899596e-17
9951.0   9.25774185812e-17
9970.0   9.1140001675e-17
9978.0   9.04212932219e-17
9989.0   8.9362655095e-17
10000.0   8.81680450987e-17
10010.0   8.74590489219e-17
10020.0   8.60701933977e-17
10030.0   8.43705450289e-17
10040.0   8.24766511322e-17
10050.0   8.02622521145e-17
10060.0   7.94367086211e-17
10070.0   8.17967917846e-17
10080.0   8.28068685295e-17
10090.0   8.36518365758e-17
10100.0   8.42442854358e-17
10110.0   8.51572394167e-17
10120.0   8.54291831557e-17
10140.0   8.57594005531e-17
10150.0   8.58273864879e-17
10170.0   8.57594005531e-17
10180.0   8.55651550252e-17
10200.0   8.52932112862e-17
10230.0   8.46036396623e-17
10260.0   8.37878084453e-17
10300.0   8.29137035699e-17
10360.0   8.10975078843e-17
10420.0   7.9261887646e-17
10490.0   7.73582814729e-17
10550.0   7.55517980637e-17
10620.0   7.37841637601e-17
10680.0   7.19679680746e-17
10740.0   7.00643619015e-17
10780.0   6.9015436051e-17
10810.0   6.78208260546e-17
10820.0   6.71215421543e-17
10840.0   6.63251354901e-17
10860.0   6.53927569563e-17
10870.0   6.42661328947e-17
10880.0   6.35959858235e-17
10890.0   6.28481405412e-17
10900.0   6.19740356658e-17
10910.0   5.98373348593e-17
10920.0   5.9186612341e-17
10930.0   5.69333642177e-17
10940.0   5.5088031703e-17
10950.0   5.48937861751e-17
10960.0   5.70790483636e-17
10970.0   5.81571110433e-17
10980.0   5.9779061201e-17
10990.0   6.03617977846e-17
11000.0   6.07891379459e-17
11010.0   6.11290676196e-17
11020.0   6.15758323337e-17
11040.0   6.1779790138e-17
11050.0   6.18477760727e-17
11070.0   6.17992146908e-17
11090.0   6.16729550977e-17
11100.0   6.14981341226e-17
11130.0   6.10416571321e-17
11170.0   6.04977696541e-17
11200.0   5.99150330705e-17
11260.0   5.87009985213e-17
11330.0   5.74675394193e-17
11390.0   5.62437925938e-17
11450.0   5.50783194266e-17
11520.0   5.3903133983e-17
11580.0   5.27570853686e-17
11650.0   5.16304613069e-17
11710.0   5.05426863509e-17
11770.0   4.9484048224e-17
11840.0   4.84545469263e-17
11900.0   4.74444701814e-17
11970.0   4.64635302657e-17
12030.0   4.54923026264e-17
12090.0   4.45599240926e-17
12160.0   4.36469701116e-17
12220.0   4.27534406834e-17
12290.0   4.18890480844e-17
12350.0   4.10343677618e-17
12410.0   4.01893997156e-17
12480.0   3.93638562222e-17
12540.0   3.8518888176e-17
12610.0   3.76447833006e-17
12640.0   3.71591694809e-17
12670.0   3.66152820029e-17
12690.0   3.63044891583e-17
12700.0   3.59645594845e-17
12720.0   3.5556643876e-17
12730.0   3.50807423327e-17
12750.0   3.44882934727e-17
12760.0   3.41386515226e-17
12770.0   3.37501604668e-17
12780.0   3.27595082747e-17
12790.0   3.21282103091e-17
12800.0   3.13997895796e-17
12810.0   3.04965478751e-17
12820.0   2.90979800744e-17
12830.0   2.8767762677e-17
12840.0   3.03023023472e-17
12850.0   3.14677755144e-17
12860.0   3.18951156757e-17
12870.0   3.22447576259e-17
12880.0   3.27497959983e-17
12890.0   3.29343292498e-17
12900.0   3.32062729888e-17
12910.0   3.33713816875e-17
12930.0   3.3458792175e-17
12940.0   3.34879290042e-17
12970.0   3.34490798986e-17
13000.0   3.33131080291e-17
13030.0   3.31285747777e-17
13080.0   3.26818100636e-17
13140.0   3.21961962439e-17
13190.0   3.17008701478e-17
13250.0   3.11958317754e-17
13310.0   3.07005056793e-17
13360.0   3.02148918597e-17
13420.0   2.972927804e-17
13470.0   2.92533764967e-17
13530.0   2.87871872298e-17
13580.0   2.8320997963e-17
13640.0   2.78839455253e-17
13700.0   2.74468930876e-17
13750.0   2.70195529262e-17
13810.0   2.66213495941e-17
13860.0   2.6223146262e-17
13920.0   2.58346552063e-17
13980.0   2.54558764269e-17
14030.0   2.50770976476e-17
14090.0   2.4717743421e-17
14140.0   2.43486769181e-17
14200.0   2.39990349679e-17
14260.0   2.36493930178e-17
14310.0   2.3309463344e-17
14370.0   2.29792459466e-17
14420.0   2.26490285492e-17
14480.0   2.23285234283e-17
14530.0   2.20080183073e-17
14590.0   2.16972254627e-17
14650.0   2.13864326181e-17
14700.0   2.10659274971e-17
14760.0   2.07551346525e-17
14810.0   2.0444341808e-17
14870.0   2.01529735162e-17
14930.0   1.9851892948e-17
14980.0   1.95605246562e-17
14990.0   1.9531387827e-17
15040.0   1.92788686408e-17
15090.0   1.90360617309e-17
15140.0   1.87835425447e-17
15180.0   1.85795847404e-17
15190.0   1.85407356349e-17
15200.0   1.85018865293e-17
15210.0   1.84241883181e-17
15230.0   1.83562023834e-17
15250.0   1.82687918959e-17
15260.0   1.81910936847e-17
15300.0   1.79871358804e-17
15350.0   1.7802602629e-17
15420.0   1.7482097508e-17
15430.0   1.74238238496e-17
15440.0   1.73655501913e-17
15470.0   1.72490028746e-17
15480.0   1.71810169398e-17
15520.0   1.70159082411e-17
15560.0   1.68507995424e-17
15570.0   1.68119504369e-17
15640.0   1.65302944214e-17
15710.0   1.6248638406e-17
15770.0   1.5976694667e-17
15800.0   1.58795719031e-17
15840.0   1.5704750928e-17
15890.0   1.55299299529e-17
15970.0   1.51997125556e-17
16010.0   1.50540284097e-17
16060.0   1.48694951582e-17
16110.0   1.46752496303e-17
16170.0   1.45004286552e-17
16220.0   1.43158954038e-17
16270.0   1.41410744287e-17
16320.0   1.39565411772e-17
16330.0   1.39176920716e-17
16370.0   1.37622956493e-17
16390.0   1.36845974382e-17
16410.0   1.35971869507e-17
16430.0   1.35486255687e-17
16450.0   1.35000641867e-17
16470.0   1.34417905284e-17
16490.0   1.338351687e-17
16530.0   1.32669695533e-17
16610.0   1.30144503671e-17
16690.0   1.27522189044e-17
16740.0   1.26065347585e-17
16770.0   1.24511383363e-17
16790.0   1.23637278487e-17
16800.0   1.23054541904e-17
16810.0   1.22666050848e-17
16820.0   1.22568928084e-17
16830.0   1.2247180532e-17
16840.0   1.2247180532e-17
16850.0   1.22277559792e-17
16870.0   1.219861915e-17
16890.0   1.21597700445e-17
16920.0   1.20723595569e-17
17000.0   1.18684017527e-17
17080.0   1.16644439484e-17
17150.0   1.14507738677e-17
17230.0   1.12371037871e-17
17240.0   1.11982546815e-17
17300.0   1.101372143e-17
17340.0   1.09263109425e-17
17370.0   1.08291881786e-17
17400.0   1.07612022438e-17
17430.0   1.06932163091e-17
17460.0   1.06252303743e-17
17530.0   1.04989707812e-17
17590.0   1.03532866353e-17
17660.0   1.02173147658e-17
17720.0   1.00716306199e-17
17780.0   9.92594647398e-18
17850.0   9.78026232808e-18
17910.0   9.63166449927e-18
17980.0   9.47723930461e-18
18040.0   9.31698674412e-18
18100.0   9.14507945196e-18
18150.0   8.99842407842e-18
18170.0   8.96443111104e-18
18180.0   8.93140937131e-18
18190.0   8.91684095672e-18
18200.0   8.90421499741e-18
18230.0   8.87799185114e-18
18280.0   8.82068942042e-18
18330.0   8.75173225803e-18
18370.0   8.67597650216e-18
18470.0   8.50212675472e-18
18520.0   8.40403276315e-18
18570.0   8.29039912935e-18
18590.0   8.22435564987e-18
18620.0   8.14471498345e-18
18640.0   8.0446785366e-18
18660.0   7.9854336506e-18
18670.0   7.91939017112e-18
18680.0   7.84266318761e-18
18690.0   7.74748287896e-18
18700.0   7.6299643346e-18
18710.0   7.56100717221e-18
18720.0   7.48622264398e-18
18730.0   7.30751675834e-18
18740.0   7.19971049038e-18
18750.0   6.93747902776e-18
18760.0   6.61891636206e-18
18770.0   6.95398989762e-18
18780.0   7.165717523e-18
18790.0   7.27546624624e-18
18800.0   7.43280512382e-18
18810.0   7.49205000982e-18
18820.0   7.54158261942e-18
18830.0   7.58140295263e-18
18840.0   7.6348204728e-18
18860.0   7.66589975726e-18
18870.0   7.68338185476e-18
18890.0   7.69018044824e-18
18910.0   7.69018044824e-18
18940.0   7.67172712309e-18
18970.0   7.63870538335e-18
19030.0   7.55712226165e-18
19100.0   7.45999949772e-18
19160.0   7.35413568503e-18
19230.0   7.24050205123e-18
19290.0   7.11230000284e-18
19320.0   7.0423716128e-18
19350.0   6.96661585694e-18
19390.0   6.88503273523e-18
19420.0   6.79859347533e-18
19430.0   6.7558594592e-18
19450.0   6.7238089471e-18
19470.0   6.70826930487e-18
19480.0   6.70826930487e-18
19500.0   6.70924053251e-18
19530.0   6.70729807723e-18
19560.0   6.69855702848e-18
19600.0   6.68204615861e-18
19660.0   6.63251354901e-18
19730.0   6.56744129717e-18
19790.0   6.49751290714e-18
19860.0   6.42272837891e-18
19920.0   6.3460013954e-18
19990.0   6.2692744119e-18
20050.0   6.19157620075e-18
20110.0   6.11484921724e-18
20180.0   6.03812223373e-18
20240.0   5.96333770551e-18
20310.0   5.89146686019e-18
20370.0   5.81765355961e-18
20440.0   5.74481148666e-18
20500.0   5.67294064134e-18
20570.0   5.60301225131e-18
20630.0   5.53308386128e-18
20700.0   5.46412669889e-18
20760.0   5.39711199177e-18
20830.0   5.33009728466e-18
20890.0   5.26405380519e-18
20960.0   5.19898155335e-18
21020.0   5.13390930151e-18
21090.0   5.06980827732e-18
21150.0   5.00570725312e-18
21220.0   4.94160622893e-18
21280.0   4.87556274945e-18
21340.0   4.8075768147e-18
21410.0   4.73376351411e-18
21470.0   4.64926670949e-18
21510.0   4.60070532752e-18
21540.0   4.54631657972e-18
21550.0   4.53271939277e-18
21570.0   4.48124432788e-18
21600.0   4.40354611674e-18
21620.0   4.36469701116e-18
21630.0   4.32099176739e-18
21640.0   4.29865353169e-18
21650.0   4.27145915779e-18
21660.0   4.21707040998e-18
21670.0   4.21221427179e-18
21680.0   4.25009214972e-18
21690.0   4.27145915779e-18
21700.0   4.29282616585e-18
21720.0   4.30933703572e-18
21730.0   4.32390545031e-18
21760.0   4.34138754782e-18
21790.0   4.35012859657e-18
21820.0   4.35012859657e-18
21850.0   4.34527245838e-18
21900.0   4.32390545031e-18
21960.0   4.29476862113e-18
22020.0   4.26077565375e-18
22080.0   4.22386900346e-18
22130.0   4.18501989789e-18
22190.0   4.14617079231e-18
22250.0   4.1063504591e-18
22310.0   4.06750135353e-18
22370.0   4.02865224795e-18
22420.0   3.98883191474e-18
22480.0   3.95095403681e-18
22540.0   3.91210493123e-18
22600.0   3.8742270533e-18
22650.0   3.83732040301e-18
22710.0   3.79944252507e-18
22770.0   3.76350710242e-18
22830.0   3.72660045212e-18
22890.0   3.69066502947e-18
22940.0   3.65375837917e-18
23000.0   3.61782295652e-18
23060.0   3.58188753386e-18
23120.0   3.54595211121e-18
23180.0   3.51195914383e-18
23230.0   3.47699494881e-18
23290.0   3.44300198144e-18
23350.0   3.4099802417e-18
23410.0   3.37598727432e-18
23460.0   3.34296553458e-18
23520.0   3.31091502249e-18
23580.0   3.27886451039e-18
23640.0   3.24681399829e-18
23700.0   3.21573471383e-18
23750.0   3.18465542937e-18
23810.0   3.15454737255e-18
23870.0   3.12443931573e-18
23930.0   3.09433125892e-18
23980.0   3.06519442974e-18
24040.0   3.03605760056e-18
24100.0   3.00692077138e-18
24160.0   2.97875516983e-18
24220.0   2.95058956829e-18
24270.0   2.92242396675e-18
24330.0   2.89522959285e-18
24390.0   2.86803521895e-18
24450.0   2.84084084505e-18
24500.0   2.81461769879e-18
24560.0   2.78839455253e-18
24620.0   2.76217140626e-18
24680.0   2.73691948764e-18
24740.0   2.71166756902e-18
24790.0   2.68544442276e-18
24850.0   2.66116373177e-18
24910.0   2.63591181315e-18
24970.0   2.61163112217e-18
25020.0   2.58832165882e-18
25080.0   2.56404096784e-18
25140.0   2.5407315045e-18
25200.0   2.51742204115e-18
25260.0   2.49411257781e-18
25310.0   2.4717743421e-18
25370.0   2.4494361064e-18
25430.0   2.42612664305e-18
25490.0   2.40475963499e-18
25540.0   2.38242139928e-18
25600.0   2.36008316358e-18
25660.0   2.33774492787e-18
25720.0   2.31540669217e-18
25780.0   2.29306845647e-18
25830.0   2.26975899312e-18
25890.0   2.24547830214e-18
25950.0   2.21925515588e-18
26010.0   2.1901183267e-18
26060.0   2.15612535932e-18
26090.0   2.13475835125e-18
26120.0   2.11047766027e-18
26150.0   2.08231205873e-18
26180.0   2.04734786371e-18
26190.0   2.02695208329e-18
26210.0   2.00364261994e-18
26220.0   1.99004543299e-18
26230.0   1.97159210785e-18
26240.0   1.95216755506e-18
26250.0   1.93759914047e-18
26260.0   1.94925387214e-18
26270.0   1.93371422991e-18
26280.0   1.93954159575e-18
26290.0   1.95216755506e-18
26310.0   1.9754770184e-18
26330.0   1.99490157119e-18
26350.0   2.00946998578e-18
26370.0   2.01918226217e-18
26390.0   2.02695208329e-18
26410.0   2.03083699385e-18
26430.0   2.03277944912e-18
26480.0   2.03375067676e-18
26520.0   2.03083699385e-18
26560.0   2.02403840037e-18
26640.0   2.00655630286e-18
26720.0   1.98616052244e-18
26810.0   1.96479351437e-18
26890.0   1.94245527867e-18
26970.0   1.91914581532e-18
27060.0   1.89680757962e-18
27140.0   1.87446934391e-18
27220.0   1.85213110821e-18
27310.0   1.8297928725e-18
27390.0   1.8074546368e-18
27470.0   1.78608762873e-18
27550.0   1.76472062067e-18
27640.0   1.74432484024e-18
27720.0   1.72392905982e-18
27800.0   1.70353327939e-18
27890.0   1.68313749896e-18
27970.0   1.66371294618e-18
28050.0   1.64428839339e-18
28140.0   1.6248638406e-18
28220.0   1.60641051546e-18
28300.0   1.58795719031e-18
28380.0   1.56950386516e-18
28470.0   1.55105054001e-18
28550.0   1.53356844251e-18
28630.0   1.51511511736e-18
28720.0   1.49860424749e-18
28800.0   1.48112214998e-18
28880.0   1.46461128011e-18
28960.0   1.44712918261e-18
29050.0   1.43158954038e-18
29130.0   1.41507867051e-18
29210.0   1.39953902828e-18
29300.0   1.38302815841e-18
29380.0   1.36748851618e-18
29460.0   1.35292010159e-18
29550.0   1.33738045936e-18
29630.0   1.32281204477e-18
29710.0   1.30824363018e-18
29790.0   1.29367521559e-18
29880.0   1.279106801e-18
29960.0   1.26550961405e-18
