900.0   1.11978592758e-14
900.1   1.11978592758e-14
900.2   1.11990587038e-14
900.3   1.11990587038e-14
900.4   1.12002581317e-14
900.5   1.12002581317e-14
900.6   1.12014575597e-14
900.7   1.12026569876e-14
900.8   1.12026569876e-14
900.9   1.12038564156e-14
901.0   1.12038564156e-14
901.1   1.12050558435e-14
901.2   1.12050558435e-14
901.3   1.12062552715e-14
901.4   1.12062552715e-14
901.5   1.12074546994e-14
901.6   1.12074546994e-14
901.7   1.12086541273e-14
901.8   1.12086541273e-14
901.9   1.12098535553e-14
902.0   1.12098535553e-14
902.1   1.12110529832e-14
902.2   1.12122524112e-14
902.3   1.12122524112e-14
902.4   1.12134518391e-14
902.5   1.12134518391e-14
902.6   1.12146512671e-14
902.7   1.12146512671e-14
902.8   1.1215850695e-14
902.9   1.1215850695e-14
903.0   1.12170501229e-14
903.1   1.12182495509e-14
903.2   1.12182495509e-14
903.3   1.12194489788e-14
903.4   1.12194489788e-14
903.5   1.12206484068e-14
903.6   1.12206484068e-14
903.7   1.12218478347e-14
903.8   1.12218478347e-14
903.9   1.12230472627e-14
904.0   1.12230472627e-14
904.1   1.12242466906e-14
904.2   1.12242466906e-14
904.3   1.12254461185e-14
904.4   1.12254461185e-14
904.5   1.12266455465e-14
904.6   1.12266455465e-14
904.7   1.12278449744e-14
904.8   1.12278449744e-14
904.9   1.12290444024e-14
905.0   1.12290444024e-14
905.1   1.12302438303e-14
905.2   1.12314432583e-14
905.5   1.12338421141e-14
906.2   1.1237440398e-14
907.4   1.12446369656e-14
908.0   1.12482352495e-14
909.9   1.12602295289e-14
911.8   1.12938135113e-14
912.8   1.12974117951e-14
913.7   1.13022095069e-14
914.2   1.13058077907e-14
914.6   1.13106055025e-14
915.1   1.13237992099e-14
915.6   1.1341790629e-14
916.1   1.13765740394e-14
916.5   1.14221523012e-14
917.0   1.14881208381e-14
917.5   1.1573280222e-14
918.0   1.16656361736e-14
918.2   1.16980207281e-14
918.3   1.17040178678e-14
918.4   1.17064167237e-14
918.5   1.16980207281e-14
918.6   1.16740321692e-14
918.7   1.16560407501e-14
918.8   1.15972687809e-14
918.9   1.1509710541e-14
919.0   1.13909671747e-14
919.1   1.13237992099e-14
919.2   1.11750701449e-14
919.3   1.10515290668e-14
919.4   1.09807628182e-14
919.5   1.11091016081e-14
919.6   1.12926140833e-14
919.7   1.14653317071e-14
919.8   1.16212573397e-14
919.9   1.17352029943e-14
920.0   1.1826359518e-14
920.1   1.18731372078e-14
920.2   1.18731372078e-14
920.3   1.18155646665e-14
920.4   1.17112144355e-14
920.5   1.15432945234e-14
920.6   1.13501866246e-14
920.7   1.11043038963e-14
920.8   1.08524240283e-14
920.9   1.05333761954e-14
921.0   1.03762511349e-14
921.1   1.0584951597e-14
921.2   1.11138993198e-14
921.3   1.13190014981e-14
921.4   1.16332516192e-14
921.5   1.19175160416e-14
921.6   1.21861879009e-14
921.7   1.24620563278e-14
921.8   1.26299762398e-14
921.9   1.27379247547e-14
922.0   1.27859018724e-14
922.1   1.27499190341e-14
922.2   1.26659590781e-14
922.3   1.25340220044e-14
922.4   1.23181249746e-14
922.5   1.20302622683e-14
922.6   1.17256075708e-14
922.7   1.10911101889e-14
922.8   1.0836831465e-14
922.9   1.04110345452e-14
923.0   9.99723190491e-15
923.1   9.57503326897e-15
923.2   9.40471450106e-15
923.3   9.86769368706e-15
923.4   1.01159752713e-14
923.5   1.06245327191e-14
923.6   1.14161551615e-14
923.7   1.19403051726e-14
923.8   1.21861879009e-14
923.9   1.26779533575e-14
924.0   1.31817130936e-14
924.1   1.37814270651e-14
924.2   1.41172668891e-14
924.3   1.44051295954e-14
924.4   1.45250723897e-14
924.5   1.47049865812e-14
924.6   1.48249293755e-14
924.7   1.48129350961e-14
924.8   1.47769522578e-14
924.9   1.46690037429e-14
925.0   1.44890895514e-14
925.1   1.40333069331e-14
925.2   1.36255014325e-14
925.3   1.31697188141e-14
925.4   1.27019419164e-14
925.5   1.24140792101e-14
925.6   1.15384968117e-14
925.7   1.09699679667e-14
925.8   1.03462654363e-14
925.9   9.74535203688e-15
926.0   9.30636140974e-15
926.1   8.76062169567e-15
926.2   8.20768541395e-15
926.3   8.0697512005e-15
926.4   8.58790407188e-15
926.5   9.34114482008e-15
926.6   9.93606107981e-15
926.7   1.05345756234e-14
926.8   1.13873688908e-14
926.9   1.17915761076e-14
927.0   1.24500620483e-14
927.1   1.33496330056e-14
927.2   1.39613412565e-14
927.3   1.46090323457e-14
927.4   1.5256723435e-14
927.5   1.60363515979e-14
927.6   1.63841857014e-14
927.7   1.70078882317e-14
927.8   1.76195964827e-14
927.9   1.78954649096e-14
928.0   1.8327258969e-14
928.1   1.85071731605e-14
928.2   1.87830415874e-14
928.3   1.88909901023e-14
928.4   1.9022927176e-14
928.5   1.90469157348e-14
928.6   1.9022927176e-14
928.7   1.88670015434e-14
928.8   1.87590530285e-14
928.9   1.84352074839e-14
929.0   1.82193104542e-14
929.1   1.76915621593e-14
929.2   1.704387107e-14
929.3   1.66720484077e-14
929.4   1.59763802008e-14
929.5   1.56165518179e-14
929.6   1.48009408166e-14
929.8   1.34815700793e-14
929.9   1.26179819604e-14
930.0   1.17388012781e-14
930.2   1.08716148754e-14
930.3   1.00224198917e-14
930.4   9.19481461104e-15
930.6   8.10453461085e-15
930.7   7.5396040497e-15
930.8   7.25414019926e-15
930.9   7.83346389573e-15
931.0   8.67786116761e-15
931.2   9.81611828551e-15
931.3   1.0436222532e-14
931.4   1.10203439403e-14
931.5   1.19594960197e-14
931.6   1.29178389461e-14
931.7   1.35655300353e-14
931.8   1.42492039628e-14
931.9   1.49568664492e-14
932.0   1.56525346562e-14
932.1   1.63362085837e-14
932.3   1.84711903222e-14
932.5   1.99464866921e-14
932.6   2.0642154899e-14
932.7   2.13018402677e-14
932.8   2.19375370775e-14
932.9   2.31489592999e-14
933.0   2.37006961537e-14
933.1   2.42164501692e-14
933.2   2.46962213464e-14
933.3   2.51400096853e-14
933.4   2.55478151859e-14
933.5   2.59076435688e-14
933.6   2.65433403786e-14
933.7   2.68072145261e-14
933.8   2.70471001147e-14
933.9   2.7251002865e-14
934.0   2.74429113358e-14
934.1   2.7586842689e-14
934.2   2.7754762601e-14
934.3   2.77667568805e-14
934.4   2.77427683216e-14
934.5   2.7670802645e-14
934.6   2.75388655713e-14
934.7   2.73709456593e-14
934.8   2.7167042909e-14
934.9   2.66033117757e-14
935.0   2.62434833928e-14
935.1   2.58356778922e-14
935.2   2.53798952739e-14
935.3   2.48761355378e-14
935.4   2.4324398684e-14
935.5   2.37246847125e-14
935.6   2.25492453284e-14
935.8   2.13138345471e-14
936.0   2.0054435207e-14
936.2   1.86990816314e-14
936.3   1.72957509381e-14
936.4   1.66120770106e-14
936.5   1.59523916419e-14
936.6   1.52687177144e-14
936.7   1.45850437869e-14
936.8   1.32296902113e-14
936.9   1.25939934015e-14
937.0   1.19798862947e-14
937.1   1.13405912011e-14
937.2   1.07288829501e-14
937.3   1.01303684066e-14
937.4   9.52705615125e-15
937.5   8.9537295945e-15
937.6   8.06375406079e-15
937.7   7.45684352163e-15
937.8   6.72399304846e-15
937.9   7.01425461066e-15
938.0   7.79268334567e-15
938.1   8.4823544129e-15
938.2   9.16003120069e-15
938.3   9.84010684437e-15
938.4   1.05333761954e-14
938.5   1.12422381097e-14
938.6   1.19630943035e-14
938.7   1.30497760198e-14
938.8   1.38294041828e-14
938.9   1.4645015184e-14
939.0   1.54606261853e-14
939.1   1.62762371865e-14
939.2   1.70918481878e-14
939.3   1.79434420273e-14
939.4   1.88430129845e-14
939.5   1.97425839418e-14
939.6   2.06301606196e-14
939.7   2.1505743018e-14
939.9   2.33648563296e-14
940.0   2.43124044046e-14
940.1   2.47801813024e-14
940.2   2.58116893334e-14
940.3   2.68791802026e-14
940.4   2.79346767925e-14
940.5   2.89661848235e-14
940.7   3.09932180471e-14
940.9   3.29123027559e-14
941.1   3.47354332293e-14
941.3   3.64746037466e-14
941.4   3.72902147479e-14
941.5   3.8045854352e-14
941.6   3.87415225589e-14
941.7   3.93892136481e-14
941.8   4.00129161785e-14
941.9   4.061263015e-14
942.0   4.11883555626e-14
942.2   4.22678407113e-14
942.4   4.32513716246e-14
942.6   4.41389483024e-14
942.8   4.49305707448e-14
943.0   4.55902561134e-14
943.2   4.61539872466e-14
943.4   4.66217641444e-14
943.6   4.69815925273e-14
943.8   4.72454666748e-14
944.0   4.73893980279e-14
944.2   4.73654094691e-14
944.4   4.72214781159e-14
944.6   4.69216211302e-14
944.7   4.67177183799e-14
944.8   4.64538442324e-14
944.9   4.60700272906e-14
945.0   4.56262389517e-14
945.1   4.51344734951e-14
945.2   4.45947309207e-14
945.3   4.39830226698e-14
945.4   4.33233373012e-14
945.5   4.26156748148e-14
945.6   4.18720294901e-14
945.7   4.10804070478e-14
945.8   4.02408074877e-14
945.9   3.93412365304e-14
946.0   3.84176770143e-14
946.2   3.64865980261e-14
946.4   3.45075419201e-14
946.5   3.34880281686e-14
946.6   3.2468514417e-14
946.7   3.15449549009e-14
946.8   3.06453839437e-14
946.9   2.9733818707e-14
947.0   2.88102591909e-14
947.1   2.78866996748e-14
947.2   2.69631401586e-14
947.3   2.60275863631e-14
947.4   2.5104026847e-14
947.5   2.41924616103e-14
947.6   2.33168792119e-14
947.7   2.2453291093e-14
947.9   2.07501034139e-14
948.1   1.90828985731e-14
948.2   1.8243299013e-14
948.3   1.74156937324e-14
948.4   1.66000827311e-14
948.5   1.57844717299e-14
948.6   1.49808550081e-14
948.7   1.41892325657e-14
948.8   1.34096044027e-14
948.9   1.26659590781e-14
949.0   1.1931909177e-14
949.1   1.12026569876e-14
949.2   1.0499792213e-14
949.3   9.8101211458e-15
949.4   8.88176391792e-15
949.5   8.41638587603e-15
949.6   7.6763388352e-15
949.7   6.72159419257e-15
949.8   6.38935265236e-15
949.9   7.41486354363e-15
950.0   8.42478187163e-15
950.1   8.89375819735e-15
950.2   9.8185171414e-15
950.3   1.07564697928e-14
950.5   1.17232087149e-14
950.6   1.27019419164e-14
950.7   1.37214556679e-14
950.9   1.47889465372e-14
951.0   1.58684316859e-14
951.1   1.69719053935e-14
951.3   1.80993676599e-14
951.4   1.92268299263e-14
951.5   2.03782807516e-14
951.7   2.15297315769e-14
951.8   2.27171652404e-14
952.0   2.39405817423e-14
952.1   2.5187986803e-14
952.2   2.58596664511e-14
952.4   2.78747053953e-14
952.5   2.92420532503e-14
952.6   3.06213953848e-14
952.8   3.20127317987e-14
952.9   3.3416062492e-14
953.0   3.42556620521e-14
953.1   3.59468554517e-14
953.2   3.68104435707e-14
953.3   3.85256255292e-14
953.4   3.94012079276e-14
953.5   4.12123441215e-14
953.6   4.21359036376e-14
953.7   4.39710283904e-14
954.0   4.75693122194e-14
954.2   5.11436074895e-14
954.5   5.45739714065e-14
954.6   5.62411762473e-14
954.8   5.77644497349e-14
954.9   5.90838204722e-14
955.0   6.03552140918e-14
955.2   6.15786305936e-14
955.3   6.27780585366e-14
955.4   6.39295093619e-14
955.6   6.50449773489e-14
955.7   6.60884796593e-14
955.8   6.7084004852e-14
956.1   6.90030895608e-14
956.4   7.07782429164e-14
956.6   7.24334534778e-14
956.9   7.39207441271e-14
957.2   7.5312080541e-14
957.4   7.66074627194e-14
957.7   7.77589135447e-14
958.0   7.8826404414e-14
958.2   7.98219296067e-14
958.5   8.06735234462e-14
958.8   8.14411573297e-14
959.0   8.21248312572e-14
959.3   8.26885623904e-14
959.6   8.31563392882e-14
959.8   8.35521505094e-14
960.1   8.38280189363e-14
960.4   8.39959388483e-14
960.6   8.40798988043e-14
960.9   8.40559102454e-14
961.2   8.39239731717e-14
961.5   8.36960818625e-14
961.7   8.33602420385e-14
962.0   8.29164536996e-14
962.3   8.23647168458e-14
962.5   8.16930371977e-14
962.8   8.09254033142e-14
963.1   8.00378266364e-14
963.3   7.90183128848e-14
963.6   7.79028448979e-14
963.9   7.6679428396e-14
964.1   7.5312080541e-14
964.4   7.38367841711e-14
964.7   7.22775278452e-14
964.9   7.05623458867e-14
965.2   6.87512096928e-14
965.5   6.68681078223e-14
965.7   6.48410745986e-14
966.0   6.27420756983e-14
966.3   6.05591168421e-14
966.5   5.82921980298e-14
966.8   5.5953313541e-14
967.3   5.11076246512e-14
967.9   4.60820215701e-14
968.1   4.35392343309e-14
968.4   4.09964470917e-14
968.7   3.84416655732e-14
968.9   3.59108726134e-14
969.2   3.3416062492e-14
969.5   3.09452409294e-14
969.6   2.97218244275e-14
969.7   2.85223964845e-14
969.9   2.73229685415e-14
970.0   2.61475291574e-14
970.1   2.49840840527e-14
970.3   2.38326332274e-14
970.4   2.2705170961e-14
970.5   2.1589702974e-14
970.7   2.04982235459e-14
970.8   1.94067441177e-14
970.9   1.83512475279e-14
971.1   1.73077452175e-14
971.2   1.62642429071e-14
971.4   1.52447291555e-14
971.5   1.42492039628e-14
971.6   1.32656730496e-14
971.8   1.22941364158e-14
971.9   1.13441894849e-14
972.0   1.04074362614e-14
972.1   9.94565650336e-15
972.2   9.4754807497e-15
972.3   8.76062169567e-15
972.4   7.97859467684e-15
972.5   6.85113241042e-15
972.6   6.28740127721e-15
972.7   7.6931308264e-15
972.8   8.50994125559e-15
972.9   9.24878886847e-15
973.0   1.02970888907e-14
973.2   1.1700419584e-14
973.4   1.31457302553e-14
973.6   1.46330209046e-14
973.8   1.61562943922e-14
974.0   1.77155507181e-14
974.1   1.85071731605e-14
974.2   1.93107898823e-14
974.3   2.01264008835e-14
974.4   2.09420118848e-14
974.5   2.17816114449e-14
974.7   2.34847991239e-14
974.9   2.52239696413e-14
975.1   2.70231115558e-14
975.3   2.88582363086e-14
975.5   3.07293438997e-14
975.7   3.26484286085e-14
975.9   3.46034961556e-14
976.1   3.65945465409e-14
976.3   3.86215797646e-14
976.5   4.06845958266e-14
976.7   4.27835947268e-14
976.9   4.48945879065e-14
977.1   4.70415639245e-14
977.3   4.92125285013e-14
977.5   5.1407481637e-14
977.9   5.58573593055e-14
978.3   6.03432198123e-14
978.7   6.48890517163e-14
979.1   6.94348836203e-14
979.9   7.85265474282e-14
980.7   8.74382970447e-14
981.5   9.60621839549e-14
982.3   1.04302253923e-13
982.7   1.08248371856e-13
983.1   1.12062552715e-13
983.5   1.15756790779e-13
983.9   1.19271114652e-13
984.3   1.22701478569e-13
984.7   1.25939934015e-13
985.1   1.29058446667e-13
985.5   1.32057016524e-13
985.9   1.34815700793e-13
986.3   1.37574385062e-13
987.1   1.42492039628e-13
987.9   1.46929923018e-13
988.7   1.50768092435e-13
989.5   1.5424643347e-13
990.3   1.57125060533e-13
991.1   1.59643859213e-13
991.9   1.61802829511e-13
992.7   1.63482028631e-13
993.5   1.64921342163e-13
994.3   1.66000827311e-13
995.1   1.66720484077e-13
995.9   1.67200255254e-13
996.7   1.67440140843e-13
997.5   1.67440140843e-13
998.3   1.6708031246e-13
999.1   1.66600541283e-13
999.9   1.65760941723e-13
1001.0   1.64801399368e-13
1002.0   1.63482028631e-13
1003.0   1.60243573185e-13
1004.0   1.58204545682e-13
1005.0   1.5592563259e-13
1006.0   1.5340683391e-13
1007.0   1.47409694195e-13
1008.0   1.4393135316e-13
1009.0   1.40093183742e-13
1010.0   1.36015128736e-13
1011.0   1.26659590781e-13
1012.0   1.21382107832e-13
1013.0   1.1573280222e-13
1014.0   1.09735662505e-13
1015.0   9.66978807647e-14
1016.0   8.97411986953e-14
1017.0   8.25206424784e-14
1018.0   7.51081777907e-14
1019.0   6.38095665676e-14
1020.0   5.62771590856e-14
1021.0   4.52184334511e-14
1022.0   3.81657971463e-14
1023.0   2.98297729424e-14
1024.0   2.21774226661e-14
1025.0   1.5172763479e-14
1026.0   8.39959388483e-15
1027.0   1.29658160638e-14
1028.0   1.99224981332e-14
1029.0   2.74908884536e-14
1030.0   3.5730958422e-14
1031.0   4.60220501729e-14
1032.0   5.51976739369e-14
1033.0   6.45052347745e-14
1034.0   7.06463058427e-14
1035.0   8.26405852727e-14
1036.0   8.83858451197e-14
1037.0   9.91806966067e-14
1038.0   1.04194305408e-13
1039.0   1.1342990057e-13
1040.0   1.17639892649e-13
1041.0   1.25220277249e-13
1042.0   1.2857867549e-13
1043.0   1.34575815205e-13
1044.0   1.37334499474e-13
1045.0   1.42012268451e-13
1046.0   1.44171238749e-13
1047.0   1.47769522578e-13
1048.0   1.50888035229e-13
1050.0   1.5340683391e-13
1051.0   1.55445861413e-13
1053.0   1.57245003327e-13
1054.0   1.58684316859e-13
1055.0   1.59763802008e-13
1057.0   1.60723344362e-13
1058.0   1.61443001128e-13
1061.0   1.62402543482e-13
1063.0   1.62882314659e-13
1066.0   1.62882314659e-13
1069.0   1.62762371865e-13
1072.0   1.62402543482e-13
1074.0   1.61802829511e-13
1077.0   1.61083172745e-13
1080.0   1.60363515979e-13
1082.0   1.59523916419e-13
1085.0   1.58564374065e-13
1088.0   1.5760483171e-13
1091.0   1.56645289356e-13
1093.0   1.55565804207e-13
1096.0   1.54606261853e-13
1099.0   1.53526776704e-13
1102.0   1.52447291555e-13
1104.0   1.51367806407e-13
1107.0   1.50288321258e-13
1110.0   1.49208836109e-13
1112.0   1.48009408166e-13
1115.0   1.46929923018e-13
1118.0   1.45850437869e-13
1121.0   1.4477095272e-13
1123.0   1.43691467571e-13
1126.0   1.42492039628e-13
1129.0   1.4141255448e-13
1131.0   1.40333069331e-13
1134.0   1.39253584182e-13
1137.0   1.38054156239e-13
1140.0   1.36974671091e-13
1142.0   1.35895185942e-13
1145.0   1.34695757999e-13
1148.0   1.3361627285e-13
1150.0   1.32416844907e-13
1153.0   1.31337359759e-13
1156.0   1.30137931816e-13
1159.0   1.28938503873e-13
1161.0   1.27619133135e-13
1164.0   1.26419705192e-13
1167.0   1.25100334455e-13
1169.0   1.23661020923e-13
1172.0   1.22221707392e-13
1175.0   1.20662451066e-13
1178.0   1.1888729771e-13
1180.0   1.16968213001e-13
1183.0   1.14833231263e-13
1186.0   1.12338421141e-13
1187.0   1.10923096169e-13
1189.0   1.09399822681e-13
1190.0   1.0773261784e-13
1191.0   1.05861510249e-13
1193.0   1.03786499908e-13
1194.0   1.01483598257e-13
1195.0   9.88808396209e-14
1197.0   9.59422411606e-14
1198.0   9.26198257585e-14
1199.0   9.08086895645e-14
1200.0   8.68145945143e-14
1201.0   8.46196413787e-14
1202.0   7.98099353272e-14
1203.0   7.71831881321e-14
1204.0   7.14619168439e-14
1205.0   6.8367392751e-14
1206.0   6.17345562262e-14
1207.0   5.82082380738e-14
1208.0   5.45499828476e-14
1209.0   4.69576039685e-14
1210.0   4.30354745948e-14
1211.0   3.71222948359e-14
1212.0   3.12331036357e-14
1213.0   2.5439866671e-14
1214.0   1.98145496184e-14
1215.0   1.41892325657e-14
1216.0   8.52793267473e-15
1217.0   1.50768092435e-14
1218.0   2.0390275031e-14
1219.0   2.57757064951e-14
1220.0   3.12450979152e-14
1221.0   3.8633574044e-14
1222.0   4.22918292702e-14
1223.0   4.94164312516e-14
1224.0   5.28228066097e-14
1225.0   5.92877232225e-14
1226.0   6.22982873594e-14
1227.0   6.78636330149e-14
1228.0   7.03944259747e-14
1229.0   7.49762407169e-14
1230.0   7.70392567789e-14
1231.0   8.07215005639e-14
1232.0   8.23527225664e-14
1233.0   8.52193553502e-14
1234.0   8.64907489697e-14
1235.0   8.87216849437e-14
1237.0   9.14203978155e-14
1238.0   9.28477170676e-14
1239.0   9.40231564518e-14
1241.0   9.5006687365e-14
1242.0   9.58103040868e-14
1243.0   9.64460008966e-14
1245.0   9.69497606327e-14
1246.0   9.73815546922e-14
1249.0   9.79572801048e-14
1251.0   9.82451428111e-14
1254.0   9.83291027671e-14
1256.0   9.826913137e-14
1259.0   9.80892171785e-14
1262.0   9.78373373105e-14
1264.0   9.75134917659e-14
1267.0   9.71296748241e-14
1269.0   9.67098750441e-14
1272.0   9.62540924258e-14
1275.0   9.57743212486e-14
1277.0   9.52825557919e-14
1280.0   9.47668017764e-14
1283.0   9.42510477609e-14
1285.0   9.37113051866e-14
1288.0   9.31715626122e-14
1290.0   9.26318200379e-14
1293.0   9.20800831841e-14
1296.0   9.15403406098e-14
1297.0   9.13484321389e-14
1298.0   9.0988603756e-14
1300.0   9.06287753731e-14
1305.0   8.95732787832e-14
1310.0   8.85297764728e-14
1315.0   8.74862741624e-14
1320.0   8.64547661314e-14
1330.0   8.44397271872e-14
1350.0   8.0529592093e-14
1370.0   7.68233597492e-14
1390.0   7.33210301556e-14
1410.0   7.00106090329e-14
1430.0   6.68801021017e-14
1450.0   6.39295093619e-14
1470.0   6.11348422547e-14
1490.0   5.85080950595e-14
1510.0   5.60132849381e-14
1530.0   5.36504118904e-14
1550.0   5.14194759164e-14
1570.0   4.93084827367e-14
1590.0   4.73054380719e-14
1610.0   4.53983476426e-14
1630.0   4.35992057281e-14
1650.0   4.18840237696e-14
1670.0   4.02528017671e-14
1690.0   3.87055397206e-14
1710.0   3.72422376302e-14
1730.0   3.58389069368e-14
1750.0   3.45075419201e-14
1770.0   3.32361483005e-14
1790.0   3.20247260781e-14
1810.0   3.08612809734e-14
1830.0   2.97578072658e-14
1850.0   2.8702310676e-14
1870.0   2.76947912039e-14
1890.0   2.67352488495e-14
1910.0   2.58236836128e-14
1930.0   2.4936106935e-14
1950.0   2.40965073749e-14
1970.0   2.32928906531e-14
1990.0   2.25252567695e-14
2010.0   2.17816114449e-14
2030.0   2.10739489585e-14
2050.0   2.04022693104e-14
2070.0   1.97545782212e-14
2090.0   1.91188814114e-14
2110.0   1.85191674399e-14
2130.0   1.79434420273e-14
2150.0   1.73917051735e-14
2170.0   1.68639568786e-14
2190.0   1.63482028631e-14
2210.0   1.58564374065e-14
2230.0   1.53886605087e-14
2250.0   1.49328778904e-14
2270.0   1.44890895514e-14
2290.0   1.40692897714e-14
2310.0   1.36614842708e-14
2330.0   1.3277667329e-14
2350.0   1.28938503873e-14
2370.0   1.25340220044e-14
2390.0   1.21861879009e-14
2410.0   1.18455503651e-14
2430.0   1.15193059646e-14
2450.0   1.12038564156e-14
2470.0   1.0899201718e-14
2490.0   1.0605341872e-14
2510.0   1.03222768775e-14
2530.0   1.00476078785e-14
2550.0   9.78253430311e-15
2570.0   9.52585672331e-15
2590.0   9.27877456705e-15
2610.0   9.03888897845e-15
2630.0   8.80739938545e-15
2650.0   8.58190693217e-15
2670.0   8.36481047448e-15
2690.0   8.15491058446e-15
2710.0   7.95100783415e-15
2730.0   7.7543016515e-15
2750.0   7.56359260856e-15
2770.0   7.37768127739e-15
2790.0   7.19896651389e-15
2810.0   7.02504946215e-15
2830.0   6.85593012219e-15
2850.0   6.69280792194e-15
2870.0   6.53448343346e-15
2890.0   6.37975722882e-15
2910.0   6.23102816389e-15
2930.0   6.08589738278e-15
2950.0   5.94556431345e-15
2970.0   5.80882952795e-15
2990.0   5.67569302628e-15
3010.0   5.54735423638e-15
3030.0   5.42141430236e-15
3050.0   5.30027208012e-15
3070.0   5.1827281417e-15
3090.0   5.06758305918e-15
3110.0   4.95603626048e-15
3130.0   4.84688831766e-15
3150.0   4.74133865868e-15
3170.0   4.63938728352e-15
3190.0   4.53863533631e-15
3210.0   4.44148167293e-15
3230.0   4.34672686543e-15
3250.0   4.25557034176e-15
3270.0   4.16561324604e-15
3290.0   4.0780550062e-15
3310.0   3.99289562225e-15
3330.0   3.91013509418e-15
3350.0   3.829773422e-15
3370.0   3.7518106057e-15
3390.0   3.67504721735e-15
3410.0   3.60068268489e-15
3430.0   3.52751758036e-15
3450.0   3.45675133173e-15
3470.0   3.38838393898e-15
3490.0   3.32121597417e-15
3510.0   3.2552474373e-15
3530.0   3.19167775632e-15
3550.0   3.12930750329e-15
3570.0   3.06813667819e-15
3590.0   3.00816528104e-15
3610.0   2.95059273978e-15
3613.0   2.94219674418e-15
3630.0   2.89421962646e-15
3644.0   2.8534390764e-15
3647.0   2.84624250874e-15
3650.0   2.83784651314e-15
3660.0   2.81025967045e-15
3670.0   2.78267282776e-15
3676.0   2.76588083656e-15
3680.0   2.75628541301e-15
3683.0   2.74788941741e-15
3684.0   2.74549056153e-15
3687.0   2.73709456593e-15
3688.0   2.73469571004e-15
3693.0   2.72150200267e-15
3698.0   2.70710886735e-15
3703.0   2.69511458792e-15
3704.0   2.69271573204e-15
3705.0   2.68911744821e-15
3707.0   2.68431973643e-15
3710.0   2.67592374083e-15
3712.0   2.672325457e-15
3713.0   2.66872717318e-15
3716.0   2.66033117757e-15
3721.0   2.6471374702e-15
3722.0   2.6471374702e-15
3723.0   2.64233975843e-15
3725.0   2.6387414746e-15
3728.0   2.62914605106e-15
3735.0   2.61115463191e-15
3742.0   2.59436264071e-15
3747.0   2.58116893334e-15
3749.0   2.57637122156e-15
3751.0   2.57037408185e-15
3755.0   2.56317751419e-15
3763.0   2.54518609505e-15
3769.0   2.5271946759e-15
3770.0   2.52359639207e-15
3772.0   2.5187986803e-15
3775.0   2.51520039647e-15
3778.0   2.51160211264e-15
3781.0   2.50680440087e-15
3784.0   2.50080726116e-15
3787.0   2.49121183761e-15
3790.0   2.48161641407e-15
3793.0   2.46842270669e-15
3794.0   2.46602385081e-15
3796.0   2.45402957138e-15
3798.0   2.44923185961e-15
3799.0   2.44443414783e-15
3800.0   2.44563357578e-15
3802.0   2.44683300372e-15
3803.0   2.44803243166e-15
3804.0   2.45043128755e-15
3807.0   2.45283014344e-15
3809.0   2.45283014344e-15
3812.0   2.45283014344e-15
3815.0   2.44923185961e-15
3817.0   2.44323471989e-15
3820.0   2.43363929635e-15
3822.0   2.42284444486e-15
3825.0   2.40845130954e-15
3828.0   2.3904598904e-15
3829.0   2.37966503891e-15
3830.0   2.37006961537e-15
3833.0   2.34847991239e-15
3835.0   2.33288734914e-15
3836.0   2.32689020942e-15
3837.0   2.32329192559e-15
3838.0   2.32689020942e-15
3839.0   2.33168792119e-15
3840.0   2.33768506091e-15
3841.0   2.34368220062e-15
3842.0   2.34967934034e-15
3844.0   2.36167361977e-15
3847.0   2.38086446686e-15
3851.0   2.39525760217e-15
3853.0   2.40005531394e-15
3855.0   2.40245416983e-15
3857.0   2.40365359777e-15
3859.0   2.40365359777e-15
3860.0   2.40125474189e-15
3862.0   2.39765645806e-15
3864.0   2.3904598904e-15
3866.0   2.38326332274e-15
3868.0   2.37246847125e-15
3870.0   2.36167361977e-15
3872.0   2.34728048445e-15
3874.0   2.33048849325e-15
3875.0   2.31009821822e-15
3877.0   2.28970794319e-15
3879.0   2.26451995638e-15
3881.0   2.23813254164e-15
3883.0   2.20934627101e-15
3885.0   2.17936057243e-15
3887.0   2.14817544591e-15
3888.0   2.13018402677e-15
3889.0   2.11818974734e-15
3890.0   2.10499603997e-15
3891.0   2.10379661202e-15
3892.0   2.11459146351e-15
3893.0   2.13018402677e-15
3895.0   2.15417258563e-15
3896.0   2.17696171655e-15
3898.0   2.19855141952e-15
3899.0   2.22014112249e-15
3901.0   2.24053139752e-15
3902.0   2.25852281667e-15
3904.0   2.27531480787e-15
3907.0   2.30530050645e-15
3909.0   2.31729478588e-15
3910.0   2.32808963736e-15
3912.0   2.33648563296e-15
3914.0   2.34368220062e-15
3917.0   2.356875908e-15
3920.0   2.36287304771e-15
3923.0   2.3652719036e-15
3926.0   2.36407247565e-15
3929.0   2.35927476388e-15
3933.0   2.35207819622e-15
3936.0   2.33888448885e-15
3939.0   2.31969364176e-15
3942.0   2.29810393879e-15
3944.0   2.28491023142e-15
3945.0   2.26931766816e-15
3947.0   2.25012682107e-15
3948.0   2.23093597398e-15
3950.0   2.21054569895e-15
3952.0   2.19015542392e-15
3953.0   2.167366293e-15
3955.0   2.13977945031e-15
3956.0   2.11099317968e-15
3958.0   2.08100748111e-15
3960.0   2.04982235459e-15
3961.0   2.01503894424e-15
3963.0   1.98025553389e-15
3964.0   1.94187383972e-15
3966.0   1.9022927176e-15
3967.0   1.86031273959e-15
3969.0   1.81713333365e-15
3970.0   1.78834706301e-15
3971.0   1.7739539277e-15
3972.0   1.76795678798e-15
3973.0   1.79314477479e-15
3974.0   1.8327258969e-15
3975.0   1.85911331165e-15
3976.0   1.8855007264e-15
3977.0   1.90948928526e-15
3979.0   1.93347784412e-15
3981.0   1.97665725006e-15
3982.0   1.99824695304e-15
3983.0   2.01863722807e-15
3984.0   2.0390275031e-15
3985.0   2.0558194943e-15
3986.0   2.0726114855e-15
3987.0   2.09060290465e-15
3989.0   2.12178803117e-15
3992.0   2.14817544591e-15
3994.0   2.17096457683e-15
3996.0   2.19375370775e-15
3998.0   2.21294455484e-15
4000.0   2.22973654604e-15
4003.0   2.24173082547e-15
4005.0   2.2537251049e-15
4009.0   2.26931766816e-15
4014.0   2.2789130917e-15
4018.0   2.28251137553e-15
4022.0   2.28251137553e-15
4027.0   2.28011251964e-15
4031.0   2.27651423581e-15
4040.0   2.26092167256e-15
4044.0   2.25012682107e-15
4048.0   2.23453425781e-15
4053.0   2.21654283866e-15
4057.0   2.19495313569e-15
4062.0   2.167366293e-15
4066.0   2.13138345471e-15
4070.0   2.08940347671e-15
4072.0   2.06661434579e-15
4075.0   2.04262578693e-15
4077.0   2.01623837218e-15
4079.0   1.98625267361e-15
4081.0   1.95386811915e-15
4083.0   1.9190847088e-15
4086.0   1.88070301462e-15
4088.0   1.83632418073e-15
4090.0   1.7907459189e-15
4092.0   1.74036994529e-15
4093.0   1.7127831026e-15
4094.0   1.68519625992e-15
4095.0   1.65521056134e-15
4096.0   1.62282600688e-15
4098.0   1.59044145242e-15
4099.0   1.55445861413e-15
4100.0   1.51847577584e-15
4101.0   1.48009408166e-15
4102.0   1.44651009926e-15
4103.0   1.43691467571e-15
4104.0   1.43811410366e-15
4105.0   1.48609122138e-15
4107.0   1.53646719498e-15
4108.0   1.56045575384e-15
4109.0   1.60603401568e-15
4110.0   1.62762371865e-15
4111.0   1.64801399368e-15
4112.0   1.68399683197e-15
4114.0   1.71997967026e-15
4116.0   1.75236422472e-15
4117.0   1.77995106741e-15
4119.0   1.80873733804e-15
4120.0   1.83392532485e-15
4122.0   1.85671445576e-15
4124.0   1.87830415874e-15
4125.0   1.89749500583e-15
4127.0   1.91548642497e-15
4130.0   1.94787097943e-15
4133.0   1.97305896624e-15
4136.0   1.99464866921e-15
4140.0   2.01623837218e-15
4143.0   2.03303036339e-15
4146.0   2.04502464282e-15
4149.0   2.05462006636e-15
4152.0   2.06181663402e-15
4156.0   2.06661434579e-15
4162.0   2.07141205756e-15
4168.0   2.07021262962e-15
4175.0   2.06661434579e-15
4181.0   2.06061720607e-15
4188.0   2.05342063842e-15
4194.0   2.04502464282e-15
4200.0   2.03662864721e-15
4207.0   2.02703322367e-15
4213.0   2.01623837218e-15
4220.0   2.00664294864e-15
4226.0   1.99584809715e-15
4232.0   1.98385381772e-15
4239.0   1.97185953829e-15
4245.0   1.95986525886e-15
4252.0   1.94667155149e-15
4258.0   1.93227841617e-15
4264.0   1.91668585291e-15
4271.0   1.89869443377e-15
4277.0   1.8771047308e-15
4284.0   1.85191674399e-15
4290.0   1.82193104542e-15
4296.0   1.78714763507e-15
4300.0   1.76795678798e-15
4303.0   1.74516765707e-15
4306.0   1.72117909821e-15
4309.0   1.69359225552e-15
4312.0   1.66360655694e-15
4316.0   1.63002257454e-15
4319.0   1.5928403083e-15
4322.0   1.54966090236e-15
4324.0   1.5256723435e-15
4325.0   1.50048435669e-15
4327.0   1.472897514e-15
4328.0   1.44411124337e-15
4330.0   1.41292611685e-15
4332.0   1.37934213445e-15
4333.0   1.34335929616e-15
4335.0   1.30497760198e-15
4336.0   1.28338789901e-15
4337.0   1.23780963718e-15
4338.0   1.21382107832e-15
4339.0   1.18731372078e-15
4340.0   1.15972687809e-15
4341.0   1.11618764376e-15
4342.0   1.07492732252e-15
4343.0   1.11234947434e-15
4344.0   1.1593670497e-15
4345.0   1.18767354916e-15
4346.0   1.21382107832e-15
4347.0   1.26299762398e-15
4348.0   1.28458732695e-15
4349.0   1.30497760198e-15
4350.0   1.32296902113e-15
4351.0   1.34096044027e-15
4353.0   1.37574385062e-15
4354.0   1.40692897714e-15
4356.0   1.43451581983e-15
4358.0   1.45970380663e-15
4360.0   1.48369236549e-15
4361.0   1.50408264052e-15
4363.0   1.52327348761e-15
4365.0   1.54126490676e-15
4367.0   1.55685747001e-15
4370.0   1.5844443127e-15
4374.0   1.60723344362e-15
4377.0   1.62642429071e-15
4381.0   1.64201685397e-15
4384.0   1.65521056134e-15
4388.0   1.66480598488e-15
4391.0   1.67320198049e-15
4395.0   1.6791991202e-15
4402.0   1.68879454374e-15
4409.0   1.69239282757e-15
4416.0   1.69239282757e-15
4423.0   1.68879454374e-15
4430.0   1.68399683197e-15
4437.0   1.67799969226e-15
4444.0   1.66960369666e-15
4451.0   1.662407129e-15
4458.0   1.6540111334e-15
4465.0   1.6456151378e-15
4472.0   1.6372191422e-15
4479.0   1.62762371865e-15
4486.0   1.61922772305e-15
4493.0   1.61083172745e-15
4500.0   1.60123630391e-15
4507.0   1.5928403083e-15
4514.0   1.5844443127e-15
4521.0   1.57484888916e-15
4528.0   1.56645289356e-15
4535.0   1.55805689796e-15
4542.0   1.54846147441e-15
4549.0   1.54006547881e-15
4556.0   1.53166948321e-15
4563.0   1.52327348761e-15
4570.0   1.51487749201e-15
4577.0   1.50528206847e-15
4584.0   1.49688607286e-15
4591.0   1.48849007726e-15
4598.0   1.48009408166e-15
4605.0   1.472897514e-15
4612.0   1.4645015184e-15
4619.0   1.4561055228e-15
4626.0   1.4477095272e-15
4633.0   1.4393135316e-15
4640.0   1.430917536e-15
4647.0   1.42372096834e-15
4654.0   1.41532497274e-15
4661.0   1.40692897714e-15
4668.0   1.39853298154e-15
4675.0   1.39133641388e-15
4682.0   1.38294041828e-15
4689.0   1.37454442268e-15
4696.0   1.36734785502e-15
4703.0   1.35895185942e-15
4710.0   1.35055586382e-15
4717.0   1.34215986822e-15
4724.0   1.33376387262e-15
4731.0   1.32536787702e-15
4738.0   1.31697188141e-15
4745.0   1.30857588581e-15
4752.0   1.29898046227e-15
4759.0   1.29058446667e-15
4767.0   1.27978961518e-15
4774.0   1.26899476369e-15
4781.0   1.25819991221e-15
4788.0   1.24500620483e-15
4795.0   1.23181249746e-15
4802.0   1.21502050626e-15
4809.0   1.19642937314e-15
4816.0   1.17435989899e-15
4819.0   1.16176590559e-15
4823.0   1.14773259866e-15
4826.0   1.1320200926e-15
4830.0   1.11426855905e-15
4833.0   1.09447799799e-15
4837.0   1.07192875266e-15
4840.0   1.04626099468e-15
4844.0   1.01711489566e-15
4845.0   1.00080267564e-15
4847.0   9.83291027671e-16
4849.0   9.64460008966e-16
4851.0   9.4418967673e-16
4852.0   9.21760374196e-16
4854.0   8.97771815336e-16
4855.0   8.84698050757e-16
4856.0   8.70904629412e-16
4857.0   8.55911780125e-16
4858.0   8.40199274072e-16
4859.0   8.22927511692e-16
4860.0   7.94621012238e-16
4861.0   7.73511080441e-16
4862.0   7.52880919821e-16
4863.0   7.22655335658e-16
4864.0   7.43405439071e-16
4865.0   7.75070336767e-16
4866.0   8.00977980335e-16
4867.0   8.23767111252e-16
4868.0   8.44277329078e-16
4869.0   8.62868462194e-16
4871.0   8.79540510602e-16
4872.0   8.94893188272e-16
4873.0   9.09286323588e-16
4874.0   9.22599973756e-16
4875.0   9.35074024363e-16
4878.0   9.57503326897e-16
4880.0   9.77293887956e-16
4882.0   9.9468559313e-16
4885.0   1.01027815639e-15
4887.0   1.02419152053e-15
4889.0   1.03630574275e-15
4892.0   1.04722053703e-15
4894.0   1.05669601778e-15
4896.0   1.06521195618e-15
4901.0   1.07900537752e-15
4906.0   1.08944040063e-15
4910.0   1.09735662505e-15
4915.0   1.10311387918e-15
4920.0   1.10755176257e-15
4924.0   1.11043038963e-15
4929.0   1.11234947434e-15
4938.0   1.1130691311e-15
4948.0   1.11126998919e-15
4957.0   1.10767170536e-15
4966.0   1.10311387918e-15
4976.0   1.09771645343e-15
4985.0   1.09171931372e-15
4989.0   1.08920051504e-15
4994.0   1.08548228842e-15
5000.0   1.0815241762e-15
5010.0   1.07444755134e-15
5020.0   1.06713104089e-15
5040.0   1.05225813439e-15
5060.0   1.0373852279e-15
5080.0   1.02239237861e-15
5100.0   1.00775935771e-15
5120.0   9.93246279598e-16
5140.0   9.78973087077e-16
5160.0   9.64819837349e-16
5180.0   9.51026416005e-16
5200.0   9.37472880249e-16
5220.0   9.24159230082e-16
5240.0   9.10965522709e-16
5260.0   8.98131643718e-16
5280.0   8.85417707523e-16
5300.0   8.72943656915e-16
5320.0   8.60709491897e-16
5340.0   8.48715212467e-16
5360.0   8.36960818625e-16
5380.0   8.25326367578e-16
5400.0   8.1393180212e-16
5420.0   8.0277712225e-16
5440.0   7.91742385174e-16
5460.0   7.80827590893e-16
5480.0   7.701526822e-16
5500.0   7.59717659096e-16
5520.0   7.49402578786e-16
5540.0   7.39327384065e-16
5560.0   7.29372132138e-16
5580.0   7.19536823006e-16
5600.0   7.09941399462e-16
5620.0   7.00465918712e-16
5640.0   6.91230323551e-16
5660.0   6.8199472839e-16
5680.0   6.72999018817e-16
5700.0   6.64243194833e-16
5720.0   6.5548737085e-16
5740.0   6.46971432454e-16
5760.0   6.38455494059e-16
5780.0   6.30179441252e-16
5800.0   6.2202333124e-16
5820.0   6.13987164022e-16
5840.0   6.06070939598e-16
5860.0   5.98274657968e-16
5880.0   5.90718261928e-16
5900.0   5.83161865887e-16
5920.0   5.7572541264e-16
5940.0   5.68408902188e-16
5960.0   5.61332277324e-16
5980.0   5.5425565246e-16
6000.0   5.47298970391e-16
6020.0   5.40462231116e-16
6040.0   5.33745434635e-16
6060.0   5.27028638154e-16
6080.0   5.20551727262e-16
6100.0   5.1407481637e-16
6120.0   5.07717848272e-16
6140.0   5.01480822968e-16
6160.0   4.95363740459e-16
6180.0   4.8924665795e-16
6200.0   4.83369461029e-16
6220.0   4.77372321314e-16
6240.0   4.71615067188e-16
6260.0   4.65857813061e-16
6280.0   4.60220501729e-16
6300.0   4.54583190397e-16
6320.0   4.49065821859e-16
6340.0   4.43548453321e-16
6360.0   4.38151027578e-16
6380.0   4.32753601834e-16
6400.0   4.27236233297e-16
6420.0   4.21718864759e-16
6440.0   4.15961610632e-16
6460.0   4.09724585329e-16
6480.0   4.02647960465e-16
6490.0   3.98449962665e-16
6500.0   3.93652250893e-16
6510.0   3.87655111178e-16
6515.0   3.84176770143e-16
6520.0   3.80098715137e-16
6525.0   3.75301003365e-16
6530.0   3.69783634827e-16
6535.0   3.63066838346e-16
6538.0   3.59228668929e-16
6540.0   3.55150613922e-16
6542.0   3.50472844945e-16
6545.0   3.4531530479e-16
6548.0   3.39558050663e-16
6550.0   3.33201082565e-16
6552.0   3.25884572113e-16
6554.0   3.21806517107e-16
6555.0   3.17608519306e-16
6556.0   3.12930750329e-16
6558.0   3.08013095762e-16
6559.0   3.02615670019e-16
6560.0   2.96618530304e-16
6561.0   2.93380074858e-16
6562.0   2.86423392788e-16
6563.0   2.80186367485e-16
6564.0   2.71310600707e-16
6565.0   2.54638552299e-16
6566.0   2.72749914238e-16
6567.0   2.81025967045e-16
6568.0   2.8702310676e-16
6569.0   2.92180646915e-16
6570.0   2.96978358687e-16
6571.0   3.01296299282e-16
6572.0   3.05254411494e-16
6573.0   3.08972638117e-16
6574.0   3.12331036357e-16
6576.0   3.18568061661e-16
6578.0   3.23965487404e-16
6580.0   3.28883141971e-16
6582.0   3.33201082565e-16
6584.0   3.37039251983e-16
6586.0   3.40397650223e-16
6590.0   3.4615490435e-16
6594.0   3.50832673328e-16
6598.0   3.54550899951e-16
6602.0   3.57549469808e-16
6606.0   3.59948325694e-16
6610.0   3.61747467609e-16
6614.0   3.6318678114e-16
6622.0   3.64985923055e-16
6630.0   3.65825522615e-16
6638.0   3.66065408204e-16
6646.0   3.65825522615e-16
6654.0   3.65225808644e-16
6670.0   3.63426666729e-16
6686.0   3.61027810843e-16
6702.0   3.58389069368e-16
6718.0   3.55510442305e-16
6734.0   3.52631815242e-16
6750.0   3.49633245385e-16
6766.0   3.46754618321e-16
6782.0   3.43756048464e-16
6798.0   3.40757478606e-16
6814.0   3.37758908749e-16
6830.0   3.34880281686e-16
6846.0   3.31881711828e-16
6862.0   3.29003084765e-16
6878.0   3.26124457702e-16
6894.0   3.23245830639e-16
6910.0   3.2048714637e-16
6926.0   3.17728462101e-16
6942.0   3.14969777832e-16
6958.0   3.12211093563e-16
6974.0   3.09452409294e-16
6990.0   3.06813667819e-16
7006.0   3.04174926345e-16
7022.0   3.0153618487e-16
7038.0   2.98897443396e-16
7054.0   2.96378644715e-16
7070.0   2.93859846035e-16
7086.0   2.91341047355e-16
7102.0   2.88822248674e-16
7118.0   2.86303449994e-16
7134.0   2.83904594108e-16
7150.0   2.81505738222e-16
7166.0   2.79106882336e-16
7182.0   2.7670802645e-16
7198.0   2.74429113358e-16
7214.0   2.72150200267e-16
7230.0   2.69871287175e-16
7246.0   2.67592374083e-16
7262.0   2.65313460992e-16
7278.0   2.63154490694e-16
7294.0   2.60875577603e-16
7310.0   2.58716607305e-16
7326.0   2.56557637008e-16
7342.0   2.54518609505e-16
7358.0   2.52359639207e-16
7374.0   2.50320611704e-16
7390.0   2.48281584201e-16
7406.0   2.46242556698e-16
7422.0   2.44203529195e-16
7438.0   2.42164501692e-16
7454.0   2.40245416983e-16
7470.0   2.3820638948e-16
7486.0   2.36287304771e-16
7502.0   2.34368220062e-16
7518.0   2.32449135353e-16
7534.0   2.30649993439e-16
7550.0   2.2873090873e-16
7566.0   2.26931766816e-16
7582.0   2.25132624901e-16
7598.0   2.23333482987e-16
7614.0   2.21534341072e-16
7630.0   2.19735199158e-16
7646.0   2.17936057243e-16
7662.0   2.16256858123e-16
7678.0   2.14577659003e-16
7694.0   2.12778517088e-16
7710.0   2.11099317968e-16
7726.0   2.09420118848e-16
7742.0   2.07860862522e-16
7758.0   2.06181663402e-16
7774.0   2.04622407076e-16
7790.0   2.02943207956e-16
7806.0   2.0138395163e-16
7822.0   1.99824695304e-16
7838.0   1.98265438978e-16
7854.0   1.96706182652e-16
7870.0   1.95146926326e-16
7886.0   1.93707612795e-16
7902.0   1.92148356469e-16
7918.0   1.90709042937e-16
7934.0   1.89269729405e-16
7950.0   1.87830415874e-16
7966.0   1.86391102342e-16
7982.0   1.84951788811e-16
7998.0   1.83512475279e-16
8014.0   1.82073161747e-16
8030.0   1.8075379101e-16
8046.0   1.79314477479e-16
8062.0   1.77995106741e-16
8078.0   1.76675736004e-16
8094.0   1.75356365267e-16
8110.0   1.74036994529e-16
8126.0   1.72717623792e-16
8142.0   1.71398253055e-16
8158.0   1.70078882317e-16
8174.0   1.68879454374e-16
8190.0   1.67560083637e-16
8205.0   1.66360655694e-16
8206.0   1.66360655694e-16
8207.0   1.662407129e-16
8209.0   1.66000827311e-16
8213.0   1.65760941723e-16
8222.0   1.65041284957e-16
8238.0   1.63841857014e-16
8255.0   1.62522486277e-16
8272.0   1.61203115539e-16
8288.0   1.60003687596e-16
8305.0   1.58804259653e-16
8322.0   1.5760483171e-16
8338.0   1.56285460973e-16
8355.0   1.5508603303e-16
8372.0   1.54006547881e-16
8382.0   1.53286891115e-16
8388.0   1.52807119938e-16
8395.0   1.52327348761e-16
8399.0   1.51967520378e-16
8407.0   1.51487749201e-16
8416.0   1.50888035229e-16
8424.0   1.50288321258e-16
8432.0   1.49808550081e-16
8440.0   1.49208836109e-16
8444.0   1.48849007726e-16
8457.0   1.48009408166e-16
8470.0   1.47169808606e-16
8482.0   1.46330209046e-16
8485.0   1.46210266252e-16
8495.0   1.45490609486e-16
8505.0   1.44890895514e-16
8515.0   1.44171238749e-16
8525.0   1.43571524777e-16
8535.0   1.42851868011e-16
8542.0   1.42372096834e-16
8545.0   1.4225215404e-16
8548.0   1.42012268451e-16
8553.0   1.41652440068e-16
8564.0   1.41052726097e-16
8575.0   1.40333069331e-16
8587.0   1.39613412565e-16
8595.0   1.39133641388e-16
8598.0   1.38893755799e-16
8601.0   1.38653870211e-16
8607.0   1.38294041828e-16
8619.0   1.37574385062e-16
8632.0   1.36734785502e-16
8644.0   1.36015128736e-16
8646.0   1.35895185942e-16
8657.0   1.3529547197e-16
8667.0   1.34575815205e-16
8678.0   1.33976101233e-16
8689.0   1.33376387262e-16
8699.0   1.3277667329e-16
8710.0   1.32176959319e-16
8720.0   1.31457302553e-16
8731.0   1.30857588581e-16
8741.0   1.3025787461e-16
8751.0   1.29778103433e-16
8752.0   1.29658160638e-16
8753.0   1.29658160638e-16
8755.0   1.29538217844e-16
8759.0   1.29298332255e-16
8768.0   1.28818561078e-16
8785.0   1.27859018724e-16
8802.0   1.26899476369e-16
8819.0   1.25939934015e-16
8836.0   1.24980391661e-16
8840.0   1.24740506072e-16
8853.0   1.24020849306e-16
8865.0   1.23421135335e-16
8878.0   1.22821421363e-16
8890.0   1.22221707392e-16
8902.0   1.2162199342e-16
8915.0   1.21022279449e-16
8927.0   1.20302622683e-16
8939.0   1.19642937314e-16
8952.0   1.18983251946e-16
8964.0   1.18335560856e-16
8977.0   1.17651886929e-16
8989.0   1.16968213001e-16
9001.0   1.16272544794e-16
9010.0   1.15780779338e-16
9014.0   1.15588870867e-16
9017.0   1.15396962396e-16
9025.0   1.1510909969e-16
9039.0   1.14545368557e-16
9054.0   1.13993631703e-16
9068.0   1.13405912011e-16
9083.0   1.1279420376e-16
9098.0   1.1215850695e-16
9112.0   1.11498821581e-16
9127.0   1.10815147654e-16
9141.0   1.10107485167e-16
9156.0   1.09351845563e-16
9170.0   1.085722174e-16
9185.0   1.07756606399e-16
9200.0   1.06869029721e-16
9214.0   1.05957464485e-16
9226.0   1.05249801998e-16
9229.0   1.05093876366e-16
9232.0   1.04949945013e-16
9237.0   1.04806013659e-16
9248.0   1.04542139512e-16
9259.0   1.04242282526e-16
9270.0   1.04014391217e-16
9282.0   1.0375051707e-16
9293.0   1.03450660084e-16
9304.0   1.03138808819e-16
9315.0   1.02802968995e-16
9326.0   1.02443140612e-16
9337.0   1.0205932367e-16
9348.0   1.01651518169e-16
9359.0   1.01231718389e-16
9370.0   1.0078793005e-16
9381.0   1.00344141711e-16
9393.0   9.98763648136e-17
9404.0   9.9384599357e-17
9415.0   9.88928339004e-17
9426.0   9.83770798849e-17
9437.0   9.78373373105e-17
9448.0   9.72616118979e-17
9459.0   9.66618979264e-17
9470.0   9.6038195396e-17
9481.0   9.53425271891e-17
9493.0   9.46228704233e-17
9504.0   9.38312479809e-17
9515.0   9.29796541414e-17
9526.0   9.20680889047e-17
9537.0   9.11205408297e-17
9548.0   9.0208975593e-17
9549.0   9.01370099165e-17
9550.0   9.01370099165e-17
9552.0   9.01490041959e-17
9556.0   9.01969813136e-17
9565.0   9.03529069462e-17
9582.0   9.05927925348e-17
9599.0   9.06527639319e-17
9616.0   9.05688039759e-17
9633.0   9.03649012256e-17
9650.0   9.00650442399e-17
9668.0   8.96932215775e-17
9685.0   8.92614275181e-17
9702.0   8.87936506203e-17
9719.0   8.83018851637e-17
9736.0   8.77741368687e-17
9753.0   8.72343942944e-17
9771.0   8.66826574406e-17
9788.0   8.61189263074e-17
9805.0   8.55432008948e-17
9822.0   8.49434869233e-17
9839.0   8.43437729518e-17
9856.0   8.3792036098e-17
9873.0   8.31563392882e-17
9891.0   8.24606710813e-17
9908.0   8.17170257566e-17
9925.0   8.09493918731e-17
9942.0   8.00858037541e-17
9959.0   7.91142671203e-17
9976.0   7.8046776251e-17
9987.0   7.72791423675e-17
9994.0   7.67753826314e-17
10000.0   7.62596286159e-17
10010.0   7.50362121141e-17
10030.0   7.36208871413e-17
10040.0   7.20616308154e-17
10050.0   7.13059912114e-17
10060.0   7.08861914313e-17
10070.0   7.18097509474e-17
10080.0   7.22775278452e-17
10090.0   7.27213161841e-17
10100.0   7.30451617287e-17
10110.0   7.35129386265e-17
10120.0   7.36688642591e-17
10140.0   7.38008013328e-17
10150.0   7.38008013328e-17
10170.0   7.36928528179e-17
10180.0   7.35129386265e-17
10200.0   7.3249064479e-17
10230.0   7.26613447869e-17
10260.0   7.196567658e-17
10300.0   7.12220312553e-17
10360.0   6.96747692089e-17
10420.0   6.80915243241e-17
10490.0   6.64603023216e-17
10550.0   6.49130402752e-17
10620.0   6.33657782287e-17
10680.0   6.17945276234e-17
10710.0   6.09789166221e-17
10740.0   6.01273227826e-17
10780.0   5.92037632665e-17
10810.0   5.81602609561e-17
10820.0   5.7572541264e-17
10840.0   5.69008616159e-17
10860.0   5.6121233453e-17
10870.0   5.52096682163e-17
10880.0   5.46699256419e-17
10890.0   5.41181887882e-17
10900.0   5.34704976989e-17
10910.0   5.19472242113e-17
10920.0   5.10596475335e-17
10930.0   5.00641223408e-17
10940.0   4.89126715155e-17
10950.0   4.86008202504e-17
10960.0   4.97042939579e-17
10970.0   5.071181343e-17
10980.0   5.12515560044e-17
10990.0   5.20551727262e-17
11000.0   5.23190468737e-17
11010.0   5.25589324623e-17
11020.0   5.2858789448e-17
11040.0   5.30027208012e-17
11060.0   5.30506979189e-17
11070.0   5.30027208012e-17
11090.0   5.28947722863e-17
11100.0   5.27508409331e-17
11140.0   5.23670239914e-17
11170.0   5.1911241373e-17
11200.0   5.14194759164e-17
11260.0   5.03879678854e-17
11330.0   4.93324712956e-17
11390.0   4.83009632646e-17
11460.0   4.72814495131e-17
11520.0   4.62859243204e-17
11580.0   4.53023934071e-17
11650.0   4.43308567733e-17
11710.0   4.33953029777e-17
11780.0   4.24837377411e-17
11840.0   4.15961610632e-17
11900.0   4.07325729443e-17
11970.0   3.98929733842e-17
12030.0   3.90533738241e-17
12100.0   3.82497571023e-17
12160.0   3.74581346599e-17
12220.0   3.66905007764e-17
12290.0   3.59468554517e-17
12350.0   3.52032101271e-17
12420.0   3.44835533613e-17
12480.0   3.37638965955e-17
12540.0   3.30322455502e-17
12610.0   3.22526173873e-17
12640.0   3.18328176072e-17
12670.0   3.13410521506e-17
12690.0   3.10771780031e-17
12700.0   3.0765326738e-17
12720.0   3.04054983551e-17
12740.0   2.99976928544e-17
12750.0   2.95059273978e-17
12760.0   2.92060704121e-17
12770.0   2.88942191469e-17
12780.0   2.8534390764e-17
12790.0   2.76588083656e-17
12800.0   2.73949342181e-17
12810.0   2.65073575403e-17
12820.0   2.57996950539e-17
12830.0   2.55957923036e-17
12840.0   2.62554776723e-17
12850.0   2.69511458792e-17
12860.0   2.74908884536e-17
12870.0   2.78747053953e-17
12880.0   2.80186367485e-17
12890.0   2.82705166165e-17
12900.0   2.84264422491e-17
12910.0   2.85463850434e-17
12920.0   2.861835072e-17
12940.0   2.86663278377e-17
12950.0   2.86783221171e-17
12970.0   2.86423392788e-17
13000.0   2.85463850434e-17
13020.0   2.84264422491e-17
13040.0   2.82825108959e-17
13090.0   2.79466710719e-17
13190.0   2.72390085855e-17
13280.0   2.65073575403e-17
13380.0   2.57877007745e-17
13480.0   2.50800382881e-17
13570.0   2.43963643606e-17
13670.0   2.3736678992e-17
13760.0   2.31129764616e-17
13860.0   2.25252567695e-17
13950.0   2.19495313569e-17
14050.0   2.13977945031e-17
14150.0   2.08580519288e-17
14240.0   2.03422979133e-17
14340.0   1.98265438978e-17
14430.0   1.93467727206e-17
14530.0   1.88670015434e-17
14620.0   1.84112189251e-17
14720.0   1.79434420273e-17
14820.0   1.74876594089e-17
14910.0   1.70558653495e-17
14930.0   1.69838996729e-17
15010.0   1.662407129e-17
15040.0   1.65041284957e-17
15090.0   1.62882314659e-17
15140.0   1.60723344362e-17
15180.0   1.58924202448e-17
15190.0   1.58684316859e-17
15200.0   1.58324488476e-17
15210.0   1.5760483171e-17
15230.0   1.57125060533e-17
15250.0   1.56285460973e-17
15260.0   1.55565804207e-17
15300.0   1.53886605087e-17
15350.0   1.52327348761e-17
15420.0   1.49568664492e-17
15430.0   1.49088893315e-17
15440.0   1.48609122138e-17
15470.0   1.47529636989e-17
15480.0   1.47049865812e-17
15520.0   1.4561055228e-17
15560.0   1.44171238749e-17
15570.0   1.43811410366e-17
15640.0   1.4141255448e-17
15710.0   1.39013698594e-17
15770.0   1.36734785502e-17
15800.0   1.35895185942e-17
15840.0   1.34335929616e-17
15890.0   1.32896616084e-17
15970.0   1.30017989021e-17
16010.0   1.28818561078e-17
16060.0   1.27259304752e-17
16110.0   1.25580105632e-17
16170.0   1.24020849306e-17
16220.0   1.2246159298e-17
16270.0   1.21022279449e-17
16320.0   1.19439034564e-17
16330.0   1.1909120046e-17
16370.0   1.17879778238e-17
16410.0   1.16620378898e-17
16450.0   1.15612859426e-17
16490.0   1.14581351395e-17
16570.0   1.12422381097e-17
16650.0   1.102634108e-17
16660.0   1.10191445123e-17
16690.0   1.09123954254e-17
16730.0   1.08044469105e-17
16770.0   1.06881024001e-17
16790.0   1.06245327191e-17
16800.0   1.05921481646e-17
16810.0   1.05609630381e-17
16820.0   1.0542971619e-17
16830.0   1.05273790557e-17
16840.0   1.05105870645e-17
16850.0   1.04925956454e-17
16860.0   1.04746042262e-17
16870.0   1.04554133791e-17
16880.0   1.04350231041e-17
16890.0   1.04146328291e-17
16900.0   1.03930431261e-17
16920.0   1.03486642922e-17
16960.0   1.02587071965e-17
17040.0   1.00763941491e-17
17110.0   9.89288167387e-18
17190.0   9.71056862653e-18
17270.0   9.52825557919e-18
17330.0   9.39272022163e-18
17350.0   9.34834138774e-18
17370.0   9.30516198179e-18
17410.0   9.22599973756e-18
17480.0   9.0736723888e-18
17560.0   8.92254446798e-18
17640.0   8.77141654716e-18
17720.0   8.62028862634e-18
17800.0   8.47036013347e-18
17870.0   8.31923221265e-18
17950.0   8.16810429183e-18
18030.0   8.00977980335e-18
18110.0   7.85145531488e-18
18140.0   7.77589135447e-18
18160.0   7.73870908824e-18
18180.0   7.70272624995e-18
18200.0   7.67753826314e-18
18220.0   7.65354970428e-18
18230.0   7.62956114542e-18
18250.0   7.60557258656e-18
18290.0   7.55519661296e-18
18360.0   7.44964695397e-18
18430.0   7.33570129939e-18
18510.0   7.21096079332e-18
18540.0   7.14139397262e-18
18580.0   7.06103230044e-18
18600.0   7.01545403861e-18
18620.0   6.965078065e-18
18630.0   6.90630609579e-18
18650.0   6.83553984716e-18
18670.0   6.75397874703e-18
18680.0   6.7084004852e-18
18690.0   6.65682508365e-18
18700.0   6.59445483061e-18
18710.0   6.52488800992e-18
18720.0   6.44692519363e-18
18730.0   6.31258926401e-18
18740.0   6.23102816389e-18
18750.0   6.08709681073e-18
18760.0   5.75245641463e-18
18770.0   6.04871511655e-18
18780.0   6.2034413212e-18
18790.0   6.2622132904e-18
18800.0   6.35816752584e-18
18810.0   6.43013320242e-18
18830.0   6.48170860397e-18
18840.0   6.51529258638e-18
18860.0   6.53928114524e-18
18870.0   6.55367428055e-18
18900.0   6.56686798793e-18
18920.0   6.55847199232e-18
18950.0   6.54168000112e-18
19010.0   6.48770574369e-18
19060.0   6.42293663477e-18
19120.0   6.35097095819e-18
19170.0   6.27420756983e-18
19230.0   6.19384589765e-18
19280.0   6.10748708576e-18
19340.0   6.01633056209e-18
19390.0   5.91917689871e-18
19450.0   5.83161865887e-18
19460.0   5.81722552355e-18
19470.0   5.80643067206e-18
19500.0   5.78963868086e-18
19550.0   5.75845355434e-18
19610.0   5.72127128811e-18
19660.0   5.67929131011e-18
19710.0   5.63131419239e-18
19770.0   5.58093821878e-18
19820.0   5.52816338929e-18
19870.0   5.4753885598e-18
19920.0   5.42141430236e-18
19980.0   5.36744004493e-18
20030.0   5.31346578749e-18
20080.0   5.25949153006e-18
20140.0   5.20671670056e-18
20190.0   5.15274244313e-18
20240.0   5.09996761364e-18
20290.0   5.04959164003e-18
20350.0   4.99921566642e-18
20400.0   4.94764026488e-18
20450.0   4.89726429127e-18
20510.0   4.84688831766e-18
20560.0   4.797711772e-18
20610.0   4.74853522634e-18
20670.0   4.70055810862e-18
20720.0   4.6525809909e-18
20770.0   4.60580330112e-18
20820.0   4.5578261834e-18
20880.0   4.51224792157e-18
20930.0   4.46666965973e-18
20980.0   4.4210913979e-18
21040.0   4.37551313606e-18
21090.0   4.32993487423e-18
21140.0   4.28555604034e-18
21190.0   4.23997777851e-18
21250.0   4.19439951667e-18
21300.0   4.14762182689e-18
21350.0   4.09964470917e-18
21410.0   4.04926873557e-18
21460.0   3.99409505019e-18
21510.0   3.9329242251e-18
21540.0   3.89934024269e-18
21570.0   3.86215797646e-18
21580.0   3.8465654132e-18
21590.0   3.8213774264e-18
21600.0   3.8129814308e-18
21620.0   3.77579916456e-18
21630.0   3.75540888953e-18
21640.0   3.73381918656e-18
21650.0   3.70743177181e-18
21660.0   3.6762466453e-18
21670.0   3.68944035267e-18
21680.0   3.70023520416e-18
21700.0   3.71702719536e-18
21720.0   3.72302433507e-18
21730.0   3.7266226189e-18
21760.0   3.73022090273e-18
21800.0   3.72902147479e-18
21830.0   3.72182490713e-18
21860.0   3.71342891153e-18
21920.0   3.68704149678e-18
21990.0   3.65585637026e-18
22050.0   3.62227238786e-18
22120.0   3.58628954957e-18
22180.0   3.54910728334e-18
22240.0   3.5119250171e-18
22310.0   3.47474275087e-18
22370.0   3.43756048464e-18
22440.0   3.40037821841e-18
22500.0   3.36439538012e-18
22560.0   3.32721311388e-18
22630.0   3.29123027559e-18
22690.0   3.25644686525e-18
22760.0   3.2216634549e-18
22820.0   3.18688004455e-18
22880.0   3.1520966342e-18
22950.0   3.11731322386e-18
23010.0   3.08372924145e-18
23080.0   3.05014525905e-18
23140.0   3.01656127665e-18
23200.0   2.98417672218e-18
23270.0   2.95179216772e-18
23330.0   2.91940761326e-18
23400.0   2.88822248674e-18
23460.0   2.85703736023e-18
23520.0   2.82585223371e-18
23590.0   2.79586653513e-18
23650.0   2.76588083656e-18
23720.0   2.73709456593e-18
23780.0   2.70710886735e-18
23840.0   2.67832259672e-18
23910.0   2.65073575403e-18
23970.0   2.6219494834e-18
24040.0   2.59436264071e-18
24100.0   2.56797522596e-18
24160.0   2.54038838327e-18
24230.0   2.51400096853e-18
24290.0   2.48761355378e-18
24360.0   2.46242556698e-18
24420.0   2.43603815223e-18
24480.0   2.41085016543e-18
24550.0   2.38686160657e-18
24610.0   2.36167361977e-18
24680.0   2.33768506091e-18
24740.0   2.31369650205e-18
24800.0   2.28970794319e-18
24870.0   2.26571938433e-18
24930.0   2.24293025341e-18
25000.0   2.22014112249e-18
25060.0   2.19735199158e-18
25120.0   2.17456286066e-18
25190.0   2.15297315769e-18
25250.0   2.13138345471e-18
25320.0   2.10979375174e-18
25380.0   2.08820404876e-18
25440.0   2.06661434579e-18
25510.0   2.04622407076e-18
25570.0   2.02463436778e-18
25640.0   2.00424409275e-18
25700.0   1.98265438978e-18
25760.0   1.96106468681e-18
25830.0   1.93947498383e-18
25890.0   1.91548642497e-18
25960.0   1.89149786611e-18
26020.0   1.86391102342e-18
26050.0   1.84711903222e-18
26080.0   1.82912761308e-18
26120.0   1.80993676599e-18
26150.0   1.78594820713e-18
26170.0   1.77155507181e-18
26180.0   1.75956079238e-18
26190.0   1.75116479678e-18
26200.0   1.74036994529e-18
26210.0   1.72837566586e-18
26220.0   1.71638138643e-18
26230.0   1.71038424672e-18
26240.0   1.70558653495e-18
26250.0   1.69719053935e-18
26260.0   1.70678596289e-18
26270.0   1.69479168346e-18
26280.0   1.68999397169e-18
26300.0   1.70198825112e-18
26320.0   1.71038424672e-18
26330.0   1.71638138643e-18
26350.0   1.72237852615e-18
26360.0   1.72717623792e-18
26380.0   1.73077452175e-18
26400.0   1.73437280558e-18
26430.0   1.73677166146e-18
26460.0   1.73797108941e-18
26490.0   1.73557223352e-18
26520.0   1.73197394969e-18
26590.0   1.72237852615e-18
26650.0   1.71158367466e-18
26720.0   1.69838996729e-18
26780.0   1.68399683197e-18
26840.0   1.66960369666e-18
26910.0   1.6540111334e-18
26970.0   1.63961799808e-18
27040.0   1.62402543482e-18
27100.0   1.60963229951e-18
27160.0   1.59523916419e-18
27230.0   1.58084602887e-18
27290.0   1.56645289356e-18
27360.0   1.55205975824e-18
27420.0   1.53766662293e-18
27480.0   1.52327348761e-18
27550.0   1.50888035229e-18
27610.0   1.49568664492e-18
27680.0   1.48129350961e-18
27740.0   1.46809980223e-18
27800.0   1.45490609486e-18
27870.0   1.44171238749e-18
27930.0   1.42851868011e-18
28000.0   1.41652440068e-18
28060.0   1.40333069331e-18
28120.0   1.39013698594e-18
28190.0   1.37814270651e-18
28250.0   1.36614842708e-18
28320.0   1.3529547197e-18
28380.0   1.34096044027e-18
28440.0   1.32896616084e-18
28510.0   1.31697188141e-18
28570.0   1.30617702993e-18
28640.0   1.2941827505e-18
28700.0   1.28338789901e-18
28760.0   1.27139361958e-18
28830.0   1.26059876809e-18
28890.0   1.24980391661e-18
28960.0   1.23780963718e-18
29020.0   1.22701478569e-18
29080.0   1.2162199342e-18
29150.0   1.20662451066e-18
29210.0   1.19570971638e-18
29280.0   1.18527469327e-18
29340.0   1.17507955576e-18
29400.0   1.16488441824e-18
29470.0   1.15492916631e-18
29530.0   1.14497391439e-18
29600.0   1.13513860526e-18
29660.0   1.12542323892e-18
29720.0   1.11582781537e-18
29790.0   1.10635233462e-18
29850.0   1.09687685387e-18
29920.0   1.08764125871e-18
29980.0   1.07828572076e-18
