900.0   3.88912848509e-14
900.1   3.88864828648e-14
900.2   3.88816808788e-14
900.3   3.88768788928e-14
900.4   3.88768788928e-14
900.5   3.88672749207e-14
900.6   3.88624729347e-14
900.7   3.88576709486e-14
900.8   3.88528689626e-14
900.9   3.88480669766e-14
901.0   3.88432649906e-14
901.1   3.88384630045e-14
901.2   3.88336610185e-14
901.3   3.88288590325e-14
901.4   3.88240570464e-14
901.5   3.88192550604e-14
901.6   3.88144530744e-14
901.7   3.88096510884e-14
901.8   3.88048491023e-14
901.9   3.88000471163e-14
902.0   3.87952451303e-14
902.1   3.87904431442e-14
902.2   3.87856411582e-14
902.3   3.87808391722e-14
902.4   3.87760371862e-14
902.5   3.87712352001e-14
902.6   3.87664332141e-14
902.7   3.87616312281e-14
902.8   3.8756829242e-14
902.9   3.8752027256e-14
903.0   3.874722527e-14
903.1   3.87424232839e-14
903.2   3.87376212979e-14
903.3   3.87328193119e-14
903.4   3.87280173259e-14
903.5   3.87232153398e-14
903.6   3.87184133538e-14
903.7   3.87136113678e-14
903.8   3.87088093817e-14
903.9   3.87040073957e-14
904.0   3.86992054097e-14
904.1   3.86944034237e-14
904.2   3.86896014376e-14
904.3   3.86847994516e-14
904.4   3.86799974656e-14
904.5   3.86751954795e-14
904.6   3.86703934935e-14
904.7   3.86655915075e-14
904.8   3.86607895214e-14
904.9   3.86559875354e-14
905.0   3.86511855494e-14
905.1   3.86463835634e-14
905.2   3.86367795913e-14
905.5   3.86223736332e-14
906.2   3.8588759731e-14
907.4   3.85311358987e-14
908.0   3.85023239825e-14
909.9   3.84062842619e-14
911.8   3.8425492206e-14
913.7   3.83198485134e-14
915.6   3.82190068068e-14
916.5   3.82046008487e-14
917.5   3.81949968766e-14
917.9   3.81565809884e-14
918.4   3.80701452399e-14
918.6   3.80221253796e-14
918.9   3.79645015472e-14
919.1   3.79020757288e-14
919.2   3.78684618266e-14
919.4   3.78348479244e-14
919.5   3.78780657987e-14
919.6   3.7930887645e-14
919.7   3.79789075053e-14
919.8   3.80173233935e-14
919.9   3.80557392818e-14
920.1   3.8089353184e-14
920.2   3.81085611281e-14
920.3   3.80221253796e-14
920.4   3.7935689631e-14
920.6   3.77147982737e-14
920.8   3.75275208185e-14
920.9   3.74170751399e-14
921.0   3.73642532936e-14
921.1   3.76571744413e-14
921.3   3.80173233935e-14
921.5   3.83198485134e-14
921.7   3.85215319266e-14
921.8   3.86655915075e-14
921.9   3.86896014376e-14
922.0   3.86751954795e-14
922.1   3.86175716472e-14
922.2   3.85359378847e-14
922.3   3.84110862479e-14
922.4   3.82718286531e-14
922.5   3.78396499104e-14
922.7   3.73162334333e-14
922.9   3.67351931237e-14
923.0   3.63126183531e-14
923.1   3.59812813171e-14
923.2   3.59764793311e-14
923.3   3.62645984929e-14
923.4   3.70521242017e-14
923.6   3.81181651001e-14
923.7   3.86223736332e-14
923.8   3.9083364292e-14
924.0   3.95491569369e-14
924.1   3.98900979449e-14
924.2   4.02070290229e-14
924.3   4.04663362684e-14
924.4   4.06440097515e-14
924.5   4.07352474861e-14
924.6   4.07400494721e-14
924.7   4.06632176956e-14
924.8   4.05095541427e-14
924.9   4.03126727155e-14
925.0   4.00053456096e-14
925.1   3.9568364881e-14
925.2   3.90065325156e-14
925.3   3.84062842619e-14
925.4   3.81181651001e-14
925.5   3.74026691818e-14
925.6   3.70185102994e-14
925.7   3.62165786326e-14
925.8   3.54194489517e-14
925.9   3.45598934525e-14
926.0   3.39356352687e-14
926.1   3.28984062864e-14
926.2   3.24278116555e-14
926.3   3.23605838511e-14
926.4   3.31289016158e-14
926.5   3.39980610871e-14
926.6   3.49152404186e-14
926.7   3.58612316664e-14
926.8   3.68216288722e-14
926.9   3.7772422106e-14
927.0   3.87712352001e-14
927.1   3.96499986435e-14
927.2   4.04999501707e-14
927.3   4.14219314883e-14
927.4   4.22574770574e-14
927.5   4.29537650316e-14
927.6   4.35924291735e-14
927.7   4.41350535948e-14
927.8   4.47256978764e-14
927.9   4.52155004514e-14
928.0   4.55996593337e-14
928.1   4.58973824675e-14
928.2   4.61038678668e-14
928.3   4.62623334057e-14
928.4   4.63391651822e-14
928.5   4.63247592241e-14
928.6   4.62095115594e-14
928.7   4.59934221881e-14
928.8   4.56716891241e-14
928.9   4.53307481161e-14
929.0   4.48793614293e-14
929.1   4.43079250918e-14
929.2   4.35876271875e-14
929.3   4.27088637441e-14
929.4   4.19165360493e-14
929.5   4.1042574592e-14
929.6   4.01301972464e-14
929.7   3.90881662781e-14
929.8   3.79212836729e-14
929.9   3.67928169561e-14
930.1   3.45983093407e-14
930.2   3.31481095599e-14
930.3   3.15538501982e-14
930.5   2.99980067247e-14
930.6   2.85430049578e-14
930.7   2.78947368439e-14
930.8   2.76930534307e-14
930.9   2.82068659358e-14
931.0   2.92825108063e-14
931.1   3.08479582519e-14
931.2   3.24422176136e-14
931.4   3.40748928635e-14
931.5   3.57843998899e-14
931.6   3.66343514171e-14
931.7   3.83582644016e-14
931.8   3.9246631817e-14
931.9   4.10377726059e-14
932.0   4.19021300912e-14
932.1   4.35780232154e-14
932.2   4.52827282558e-14
932.3   4.61951056013e-14
932.4   4.70594630866e-14
932.5   4.78806026976e-14
932.6   4.93163965203e-14
932.7   4.99886745644e-14
932.9   5.20055086967e-14
933.0   5.3206005204e-14
933.1   5.42624421305e-14
933.3   5.5174819476e-14
933.4   5.59431372407e-14
933.5   5.66154152848e-14
933.7   5.7143633748e-14
933.8   5.75758124906e-14
934.0   5.79119515127e-14
934.1   5.81520508142e-14
934.2   5.8296110395e-14
934.4   5.82480905347e-14
934.5   5.81040309539e-14
934.6   5.77678919318e-14
934.8   5.73357131892e-14
934.9   5.67594748657e-14
935.0   5.5991157101e-14
935.2   5.50787797554e-14
935.3   5.39743229687e-14
935.5   5.26777867408e-14
935.6   5.12852107923e-14
935.7   4.97965951233e-14
935.9   4.82119397336e-14
936.0   4.6804957827e-14
936.1   4.52443123675e-14
936.3   4.3520399383e-14
936.4   4.17292585941e-14
936.7   3.81949968766e-14
937.0   3.45742994106e-14
937.1   3.28840003283e-14
937.2   3.11504833717e-14
937.4   2.95130061357e-14
937.5   2.78803308858e-14
937.6   2.70495873027e-14
937.7   2.57674570329e-14
937.8   2.45765644977e-14
937.9   2.45765644977e-14
938.0   2.59739424322e-14
938.1   2.71888448976e-14
938.2   2.8413351335e-14
938.4   3.08239483217e-14
938.6   3.33497929731e-14
938.7   3.45935073547e-14
938.8   3.58660336524e-14
938.9   3.73162334333e-14
939.0   3.86944034237e-14
939.1   4.00005436236e-14
939.2   4.13883175861e-14
939.3   4.3505993425e-14
939.5   4.62527294337e-14
939.7   4.8932237638e-14
939.9   5.17654093953e-14
940.1   5.46946208731e-14
940.3   5.76718522112e-14
940.5   6.03609643876e-14
940.7   6.29540368434e-14
940.9   6.53070099977e-14
941.1   6.74679037109e-14
941.3   6.94847378432e-14
941.5   7.1261472674e-14
941.7   7.27981082034e-14
941.9   7.41426642915e-14
942.1   7.53911806591e-14
942.3   7.65436573062e-14
942.5   7.75520743723e-14
942.7   7.84644517179e-14
942.9   7.91847496222e-14
943.1   7.9809007806e-14
943.3   8.0289206409e-14
943.5   8.06733652913e-14
943.7   8.09614844531e-14
943.9   8.10575241737e-14
944.1   8.10575241737e-14
944.3   8.09134645928e-14
944.5   8.0625345431e-14
944.7   8.01931666884e-14
944.9   7.94248489237e-14
945.1   7.83684119973e-14
945.3   7.70718757694e-14
945.5   7.553524024e-14
945.7   7.38545451298e-14
945.9   7.18857308578e-14
946.1   6.9628797424e-14
946.3   6.71797845491e-14
946.5   6.44906723728e-14
946.7   6.20416594978e-14
946.9   5.95926466229e-14
947.1   5.70956138877e-14
947.3   5.45505612922e-14
947.5   5.19094689761e-14
947.9   4.65840664697e-14
948.3   4.13066838236e-14
948.5   3.91890079847e-14
949.1   3.08815721541e-14
949.4   2.67854780711e-14
949.6   2.46437923021e-14
949.7   2.33616620323e-14
949.8   2.26461661139e-14
949.9   2.40819599367e-14
950.0   2.57530510748e-14
950.1   2.6771072113e-14
950.2   2.82740937402e-14
950.3   2.92440949181e-14
950.4   3.0703898671e-14
950.5   3.17363256673e-14
950.6   3.32729611966e-14
950.7   3.4314992165e-14
950.8   3.59188554988e-14
950.9   3.69752924252e-14
951.0   3.85647498009e-14
951.1   4.01878210787e-14
951.3   4.2367922736e-14
951.6   4.66560962601e-14
951.9   5.09490717703e-14
952.2   5.53188790569e-14
952.5   5.96406664832e-14
952.7   6.18015601964e-14
952.8   6.28099772625e-14
952.9   6.39144340492e-14
953.0   6.64114667845e-14
953.1   6.77080030124e-14
953.2   6.895651938e-14
953.3   7.02050357476e-14
953.4   7.26540486225e-14
953.5   7.38545451298e-14
953.7   7.61594984238e-14
953.8   7.83684119973e-14
954.0   8.04812858501e-14
954.3   8.46109938353e-14
954.5   8.65798081073e-14
954.6   8.84045627984e-14
954.8   9.00372380483e-14
954.9   9.14778338571e-14
955.1   9.28223899453e-14
955.3   9.41669460335e-14
955.6   9.65199191878e-14
955.9   9.87288327613e-14
956.2   1.00649627173e-13
956.5   1.02330322283e-13
956.9   1.03818937952e-13
957.2   1.0516349404e-13
957.5   1.06315970687e-13
957.8   1.07324387754e-13
958.1   1.08236765099e-13
958.5   1.09053102724e-13
959.1   1.10253599231e-13
959.7   1.11021916996e-13
960.4   1.11358056018e-13
961.0   1.11310036158e-13
961.7   1.10781817695e-13
962.3   1.09869440349e-13
962.6   1.09245182165e-13
962.9   1.0842884454e-13
963.3   1.07564487055e-13
963.6   1.06556069989e-13
963.9   1.05355573482e-13
964.2   1.04059037254e-13
964.5   1.02570421585e-13
964.9   1.00985766195e-13
965.2   9.92090313642e-14
965.5   9.72882369525e-14
965.8   9.51753630996e-14
966.1   9.29184296659e-14
966.5   9.05174366513e-14
966.8   8.79243641955e-14
967.1   8.51872321588e-14
967.4   8.2258020681e-14
967.7   7.91847496222e-14
968.1   7.59674189827e-14
968.4   7.26540486225e-14
968.7   6.91966186814e-14
969.0   6.55951291595e-14
969.3   6.18495800567e-14
970.0   5.41664024099e-14
970.6   4.61758976572e-14
970.9   4.21614373368e-14
971.3   3.81181651001e-14
971.6   3.41229127238e-14
971.7   3.21396924937e-14
971.9   3.01660762357e-14
972.1   2.8245281824e-14
972.2   2.62476556359e-14
972.3   2.51960206954e-14
972.4   2.40339400764e-14
972.5   2.2334037022e-14
972.6   2.12583921515e-14
972.7   2.37794348168e-14
972.8   2.52440405557e-14
972.9   2.71840429116e-14
973.0   2.8398945377e-14
973.1   2.96042438703e-14
973.3   3.20484547592e-14
973.5   3.45214775642e-14
973.9   3.95107410486e-14
974.3   4.45288164492e-14
974.7   4.95564958218e-14
975.5   5.94005671818e-14
976.3   6.89084995197e-14
976.7   7.34703862474e-14
977.1   7.79362332546e-14
977.5   8.22100008207e-14
977.9   8.63877286661e-14
978.3   9.03733770704e-14
978.7   9.42149658938e-14
979.1   9.7864475276e-14
979.5   1.01369925077e-13
979.9   1.04683295438e-13
980.3   1.07852606217e-13
980.7   1.10829837555e-13
981.1   1.13663009312e-13
981.5   1.16304101628e-13
981.9   1.18849154224e-13
982.3   1.21202127378e-13
982.7   1.23411040952e-13
983.5   1.27396689356e-13
984.3   1.30902139157e-13
985.1   1.33879370495e-13
985.9   1.36520462811e-13
986.7   1.38729376385e-13
987.5   1.40602150936e-13
988.3   1.42186806326e-13
989.1   1.43531362414e-13
989.9   1.44635819201e-13
990.7   1.45548196546e-13
991.5   1.46220474591e-13
992.3   1.46748693054e-13
993.1   1.47180871796e-13
994.7   1.47565030679e-13
996.3   1.47517010818e-13
997.9   1.47084832076e-13
999.5   1.46268494451e-13
1001.0   1.45116017804e-13
1003.0   1.43579382274e-13
1004.0   1.41658587863e-13
1006.0   1.39305614708e-13
1007.0   1.378650189e-13
1008.0   1.36424423091e-13
1009.0   1.32918973289e-13
1010.0   1.30854119297e-13
1011.0   1.28597185863e-13
1012.0   1.26148172988e-13
1013.0   1.20385789753e-13
1014.0   1.17024399533e-13
1015.0   1.1332687029e-13
1016.0   1.09293202026e-13
1017.0   9.99293292686e-14
1018.0   9.45991247761e-14
1019.0   8.8836741541e-14
1020.0   8.2594159703e-14
1021.0   6.87164200785e-14
1022.0   6.11773020126e-14
1023.0   5.32540250643e-14
1024.0   4.50378269683e-14
1025.0   3.43630120253e-14
1026.0   2.39379003558e-14
1027.0   3.2667910957e-14
1028.0   4.47304998624e-14
1029.0   5.62792762627e-14
1030.0   6.17535403361e-14
1031.0   7.19817705784e-14
1032.0   8.12015837545e-14
1033.0   8.54273314603e-14
1034.0   9.30624892468e-14
1035.0   9.96412101068e-14
1036.0   1.05211513901e-13
1037.0   1.07756566496e-13
1038.0   1.12030334062e-13
1039.0   1.15727863305e-13
1040.0   1.18657074783e-13
1041.0   1.19953611011e-13
1042.0   1.2317094165e-13
1044.0   1.248036169e-13
1045.0   1.26148172988e-13
1046.0   1.27204609915e-13
1047.0   1.2802094754e-13
1048.0   1.28693225584e-13
1049.0   1.29221444047e-13
1051.0   1.29605602929e-13
1053.0   1.30037781672e-13
1055.0   1.30133821393e-13
1057.0   1.30085801532e-13
1060.0   1.2979768237e-13
1064.0   1.28933324885e-13
1069.0   1.27780848238e-13
1074.0   1.2643629215e-13
1078.0   1.25043716202e-13
1083.0   1.23555100532e-13
1088.0   1.22018465003e-13
1092.0   1.20529849334e-13
1097.0   1.18993213805e-13
1102.0   1.17456578275e-13
1106.0   1.15967962606e-13
1111.0   1.14479346937e-13
1115.0   1.12990731268e-13
1120.0   1.11502115599e-13
1125.0   1.1006151979e-13
1129.0   1.08620923982e-13
1134.0   1.07180328173e-13
1139.0   1.05739732364e-13
1143.0   1.04347156415e-13
1148.0   1.02954580467e-13
1153.0   1.01562004519e-13
1157.0   1.0016942857e-13
1162.0   9.87768526216e-14
1167.0   9.73842766731e-14
1171.0   9.5895661004e-14
1176.0   9.4407045335e-14
1180.0   9.27263502247e-14
1183.0   9.18619927395e-14
1185.0   9.09015955336e-14
1187.0   8.98451586072e-14
1190.0   8.86926819602e-14
1192.0   8.7348125872e-14
1194.0   8.57634704823e-14
1196.0   8.4899112997e-14
1197.0   8.38906959309e-14
1198.0   8.27382192839e-14
1199.0   8.14897029163e-14
1200.0   8.00491071075e-14
1201.0   7.84164318576e-14
1203.0   7.64956374459e-14
1204.0   7.42867238724e-14
1205.0   7.17416712769e-14
1206.0   6.87644399388e-14
1207.0   6.70357249683e-14
1208.0   6.32901758654e-14
1209.0   5.89203685788e-14
1210.0   5.38782832481e-14
1211.0   5.10931313512e-14
1212.0   4.50090150521e-14
1213.0   3.81661849604e-14
1214.0   3.44638537319e-14
1215.0   2.6607804588e-14
1216.0   1.83147747155e-14
1217.0   2.66222105461e-14
1218.0   3.45983093407e-14
1219.0   3.94867311185e-14
1220.0   4.60990658807e-14
1221.0   5.00366944247e-14
1222.0   5.52228393363e-14
1223.0   5.82480905347e-14
1224.0   6.20896793581e-14
1225.0   6.5355029858e-14
1226.0   6.71797845491e-14
1227.0   6.87644399388e-14
1228.0   7.13094925343e-14
1229.0   7.23659294607e-14
1230.0   7.3230286946e-14
1231.0   7.39986047107e-14
1232.0   7.5199101218e-14
1233.0   7.57273196812e-14
1234.0   7.61114785635e-14
1235.0   7.67357367473e-14
1237.0   7.72159353503e-14
1239.0   7.7504054512e-14
1240.0   7.76961339532e-14
1242.0   7.77441538135e-14
1243.0   7.77921736738e-14
1247.0   7.76481140929e-14
1250.0   7.73599949311e-14
1253.0   7.69758360488e-14
1256.0   7.65436573062e-14
1259.0   7.60634587032e-14
1263.0   7.55832601003e-14
1266.0   7.50550416371e-14
1269.0   7.45268231739e-14
1272.0   7.39505848504e-14
1275.0   7.34223663872e-14
1279.0   7.28461280636e-14
1282.0   7.22698897401e-14
1285.0   7.17416712769e-14
1288.0   7.11654329534e-14
1291.0   7.06372144902e-14
1295.0   7.00609761667e-14
1296.0   6.98688967255e-14
1298.0   6.95327577035e-14
1300.0   6.91485988211e-14
1305.0   6.83322611962e-14
1310.0   6.74679037109e-14
1315.0   6.66515660859e-14
1320.0   6.58352284609e-14
1330.0   6.42505730713e-14
1350.0   6.11773020126e-14
1370.0   5.8296110395e-14
1390.0   5.56069982187e-14
1410.0   5.30139257629e-14
1430.0   5.06129327482e-14
1450.0   4.83559993145e-14
1470.0   4.61951056013e-14
1490.0   4.4163865511e-14
1510.0   4.22478730853e-14
1530.0   4.04327223662e-14
1550.0   3.87136113678e-14
1570.0   3.70857381039e-14
1590.0   3.55443005885e-14
1610.0   3.40796948495e-14
1630.0   3.26919208871e-14
1650.0   3.13761767151e-14
1670.0   3.01276603475e-14
1690.0   2.89367678122e-14
1710.0   2.78083010954e-14
1730.0   2.67326562248e-14
1750.0   2.57098332006e-14
1770.0   2.47350300366e-14
1790.0   2.3808246733e-14
1810.0   2.29198793176e-14
1830.0   2.20795317625e-14
1850.0   2.12727981096e-14
1870.0   2.05044803449e-14
1890.0   1.97697764824e-14
1910.0   1.90686865221e-14
1930.0   1.84012104641e-14
1950.0   1.77577443361e-14
1970.0   1.71478921104e-14
1990.0   1.65620498149e-14
2010.0   1.60002174494e-14
2030.0   1.54623950142e-14
2050.0   1.4948582509e-14
2070.0   1.4453977948e-14
2090.0   1.39785813311e-14
2110.0   1.35271946444e-14
2130.0   1.30902139157e-14
2150.0   1.26724411312e-14
2170.0   1.22690743047e-14
2190.0   1.18849154224e-14
2210.0   1.15151624981e-14
2230.0   1.1159815532e-14
2250.0   1.08188745239e-14
2270.0   1.04875374879e-14
2290.0   1.01706064099e-14
2310.0   9.8680812901e-15
2330.0   9.57516014231e-15
2350.0   9.29184296659e-15
2370.0   9.01812976292e-15
2390.0   8.75882251734e-15
2410.0   8.50431725779e-15
2430.0   8.2594159703e-15
2450.0   8.0289206409e-15
2470.0   7.79842531149e-15
2490.0   7.58233594018e-15
2510.0   7.37104855489e-15
2530.0   7.16936514166e-15
2550.0   6.97248371446e-15
2570.0   6.78040427329e-15
2590.0   6.59792880418e-15
2610.0   6.4202553211e-15
2630.0   6.24738382405e-15
2650.0   6.08411629905e-15
2670.0   5.92565076009e-15
2690.0   5.76718522112e-15
2710.0   5.61832365422e-15
2730.0   5.47426407334e-15
2750.0   5.33500647849e-15
2770.0   5.20055086967e-15
2790.0   5.06609526085e-15
2810.0   4.94124362409e-15
2830.0   4.81639198733e-15
2850.0   4.6968225352e-15
2870.0   4.5810946719e-15
2890.0   4.46872819882e-15
2910.0   4.35972311595e-15
2930.0   4.25455962191e-15
2950.0   4.15227731949e-15
2970.0   4.05287620868e-15
2990.0   3.95635628949e-15
3010.0   3.86319776053e-15
3030.0   3.77244022457e-15
3050.0   3.68456388024e-15
3070.0   3.59908852892e-15
3090.0   3.51601417061e-15
3110.0   3.43534080532e-15
3130.0   3.35706843305e-15
3150.0   3.28119705378e-15
3170.0   3.20724646893e-15
3190.0   3.1356968771e-15
3210.0   3.06558788107e-15
3230.0   2.99787987806e-15
3250.0   2.93161247085e-15
3270.0   2.86774605666e-15
3290.0   2.80532023828e-15
3310.0   2.74433501571e-15
3330.0   2.68527058755e-15
3350.0   2.6276467552e-15
3370.0   2.57194371726e-15
3390.0   2.51720107653e-15
3410.0   2.46437923021e-15
3430.0   2.41251778109e-15
3450.0   2.36209692779e-15
3470.0   2.31311667029e-15
3490.0   2.2655770086e-15
3510.0   2.21899774411e-15
3530.0   2.17385907544e-15
3550.0   2.12968080397e-15
3570.0   2.08646292971e-15
3590.0   2.04468565125e-15
3610.0   2.0033885714e-15
3613.0   1.99810638677e-15
3630.0   1.96353208736e-15
3644.0   1.93568056839e-15
3647.0   1.93039838376e-15
3650.0   1.92463600052e-15
3660.0   1.9054280564e-15
3670.0   1.88622011229e-15
3676.0   1.87469534582e-15
3680.0   1.86749236677e-15
3683.0   1.86124978494e-15
3684.0   1.86028938773e-15
3687.0   1.85404680589e-15
3688.0   1.85260621008e-15
3693.0   1.84396263523e-15
3698.0   1.83339826597e-15
3703.0   1.82523488972e-15
3704.0   1.8233140953e-15
3705.0   1.82139330089e-15
3707.0   1.81707151347e-15
3710.0   1.81178932883e-15
3712.0   1.80938833582e-15
3713.0   1.8065071442e-15
3716.0   1.80122495957e-15
3721.0   1.79210118611e-15
3722.0   1.79114078891e-15
3723.0   1.78873979589e-15
3725.0   1.78537840567e-15
3728.0   1.77865562523e-15
3735.0   1.76665066016e-15
3742.0   1.75464569509e-15
3747.0   1.74552192163e-15
3749.0   1.74216053141e-15
3751.0   1.73879914119e-15
3755.0   1.73255655935e-15
3763.0   1.72007139568e-15
3769.0   1.70950702641e-15
3770.0   1.70662583479e-15
3772.0   1.70374464318e-15
3775.0   1.69942285575e-15
3781.0   1.68981888369e-15
3787.0   1.67973471303e-15
3788.0   1.67877431582e-15
3793.0   1.66820994656e-15
3799.0   1.6576455773e-15
3805.0   1.65188319406e-15
3810.0   1.64564061222e-15
3816.0   1.63747723597e-15
3822.0   1.62643266811e-15
3827.0   1.61394750443e-15
3830.0   1.60818512119e-15
3833.0   1.59906134774e-15
3835.0   1.59521975892e-15
3836.0   1.59185836869e-15
3838.0   1.59137817009e-15
3840.0   1.59137817009e-15
3842.0   1.59137817009e-15
3843.0   1.59185836869e-15
3845.0   1.59185836869e-15
3848.0   1.59185836869e-15
3855.0   1.58801677987e-15
3859.0   1.58465538965e-15
3862.0   1.57985340362e-15
3865.0   1.57313062318e-15
3869.0   1.56496724693e-15
3872.0   1.55536327487e-15
3876.0   1.5433583098e-15
3883.0   1.51502659223e-15
3889.0   1.48861566907e-15
3890.0   1.48477408024e-15
3892.0   1.48525427885e-15
3893.0   1.48861566907e-15
3895.0   1.49245725789e-15
3898.0   1.50014043554e-15
3904.0   1.51358599642e-15
3907.0   1.51838798245e-15
3910.0   1.52270976987e-15
3913.0   1.52415036568e-15
3916.0   1.52559096149e-15
3923.0   1.52318996848e-15
3929.0   1.51694738664e-15
3935.0   1.50590281877e-15
3938.0   1.49773944252e-15
3941.0   1.48909586767e-15
3944.0   1.47901169701e-15
3947.0   1.46556613613e-15
3950.0   1.45067997943e-15
3953.0   1.43435322694e-15
3957.0   1.41514528282e-15
3960.0   1.39353634569e-15
3963.0   1.37096701135e-15
3966.0   1.3469570812e-15
3968.0   1.32534814407e-15
3970.0   1.31478377481e-15
3971.0   1.30902139157e-15
3972.0   1.30566000135e-15
3973.0   1.31190258319e-15
3974.0   1.31766496642e-15
3975.0   1.32390754826e-15
3976.0   1.3296699315e-15
3977.0   1.33543231473e-15
3978.0   1.34119469797e-15
3979.0   1.34887787561e-15
3982.0   1.3632838337e-15
3984.0   1.37672939458e-15
3987.0   1.38969475686e-15
3990.0   1.40025912613e-15
3993.0   1.40890270098e-15
3995.0   1.41658587863e-15
3998.0   1.42330865907e-15
4001.0   1.42763044649e-15
4003.0   1.43099183671e-15
4009.0   1.43483342554e-15
4014.0   1.43483342554e-15
4020.0   1.43243243252e-15
4025.0   1.4290710423e-15
4030.0   1.42378885767e-15
4036.0   1.41754627583e-15
4041.0   1.41034329679e-15
4047.0   1.40169972194e-15
4052.0   1.39113535267e-15
4057.0   1.37816999039e-15
4063.0   1.3623234365e-15
4068.0   1.34167489657e-15
4074.0   1.31862536363e-15
4076.0   1.30566000135e-15
4079.0   1.29029364606e-15
4082.0   1.27348669496e-15
4085.0   1.25571934665e-15
4087.0   1.23459060812e-15
4090.0   1.21154107518e-15
4093.0   1.18657074783e-15
4095.0   1.15919942746e-15
4098.0   1.12990731268e-15
4099.0   1.12270433364e-15
4100.0   1.11165976577e-15
4101.0   1.1006151979e-15
4102.0   1.09293202026e-15
4103.0   1.09293202026e-15
4104.0   1.09101122584e-15
4105.0   1.09677360908e-15
4106.0   1.10589738254e-15
4108.0   1.12462512805e-15
4112.0   1.16015982467e-15
4114.0   1.17600637856e-15
4116.0   1.18993213805e-15
4118.0   1.20289750033e-15
4121.0   1.2149024654e-15
4123.0   1.22450643746e-15
4125.0   1.23315001231e-15
4129.0   1.248036169e-15
4133.0   1.25860053827e-15
4137.0   1.26724411312e-15
4141.0   1.27444709216e-15
4146.0   1.27876887959e-15
4150.0   1.2811698726e-15
4154.0   1.28165007121e-15
4162.0   1.27972927679e-15
4170.0   1.27540748937e-15
4179.0   1.26868470893e-15
4187.0   1.26148172988e-15
4195.0   1.25331835363e-15
4204.0   1.24515497738e-15
4212.0   1.23699160113e-15
4220.0   1.22786782768e-15
4229.0   1.21922425283e-15
4237.0   1.21010047937e-15
4245.0   1.20049650731e-15
4254.0   1.19041233665e-15
4262.0   1.17984796739e-15
4270.0   1.16784300231e-15
4279.0   1.15439744143e-15
4287.0   1.13855088753e-15
4295.0   1.11934294342e-15
4299.0   1.10829837555e-15
4304.0   1.09581321187e-15
4308.0   1.08092705518e-15
4312.0   1.06460030268e-15
4316.0   1.04587255717e-15
4320.0   1.02330322283e-15
4322.0   1.01129825776e-15
4324.0   9.9833289548e-16
4326.0   9.83446738789e-16
4329.0   9.6711998629e-16
4331.0   9.49832836585e-16
4333.0   9.30624892468e-16
4335.0   9.10936749748e-16
4337.0   8.90288209822e-16
4339.0   8.67718875485e-16
4340.0   8.50911924382e-16
4341.0   8.40827753721e-16
4342.0   8.30263384456e-16
4343.0   8.4562973975e-16
4344.0   8.59075300632e-16
4345.0   8.70600067102e-16
4348.0   8.92689202837e-16
4350.0   9.13817941365e-16
4353.0   9.32545686879e-16
4355.0   9.48872439379e-16
4358.0   9.63278397466e-16
4360.0   9.75763561143e-16
4362.0   9.86327930407e-16
4365.0   9.95931902465e-16
4367.0   1.00409527872e-15
4370.0   1.01033786055e-15
4375.0   1.02138242842e-15
4380.0   1.02858540746e-15
4385.0   1.0338675921e-15
4390.0   1.03674878371e-15
4395.0   1.03866957813e-15
4405.0   1.03866957813e-15
4415.0   1.03530818791e-15
4425.0   1.02954580467e-15
4435.0   1.02282302423e-15
4444.0   1.01562004519e-15
4454.0   1.00793686754e-15
4464.0   1.00025368989e-15
4474.0   9.92090313642e-16
4484.0   9.84407135995e-16
4494.0   9.76243759745e-16
4504.0   9.68560582099e-16
4514.0   9.60397205849e-16
4524.0   9.52714028202e-16
4534.0   9.45030850555e-16
4544.0   9.37347672909e-16
4554.0   9.29664495262e-16
4564.0   9.21981317615e-16
4574.0   9.14778338571e-16
4584.0   9.07095160924e-16
4594.0   8.9989218188e-16
4603.0   8.92689202837e-16
4613.0   8.85486223793e-16
4623.0   8.78283244749e-16
4633.0   8.71080265705e-16
4643.0   8.63877286661e-16
4653.0   8.5715450622e-16
4663.0   8.49951527176e-16
4673.0   8.43228746735e-16
4683.0   8.36505966294e-16
4693.0   8.29302987251e-16
4703.0   8.2258020681e-16
4713.0   8.15857426369e-16
4723.0   8.09134645928e-16
4733.0   8.01931666884e-16
4743.0   7.95208886443e-16
4753.0   7.88005907399e-16
4762.0   7.80802928355e-16
4772.0   7.73119750708e-16
4782.0   7.64956374459e-16
4792.0   7.55832601003e-16
4802.0   7.45268231739e-16
4812.0   7.32783068063e-16
4817.0   7.25099890416e-16
4822.0   7.16456315563e-16
4827.0   7.06852343505e-16
4832.0   6.95327577035e-16
4837.0   6.8140181755e-16
4839.0   6.73718639903e-16
4842.0   6.6507506505e-16
4844.0   6.55471092992e-16
4847.0   6.44906723728e-16
4849.0   6.33381957257e-16
4852.0   6.20416594978e-16
4854.0   6.06490835494e-16
4857.0   5.911244802e-16
4858.0   5.8296110395e-16
4859.0   5.74317529098e-16
4861.0   5.64713557039e-16
4862.0   5.52228393363e-16
4863.0   5.43584818511e-16
4864.0   5.5174819476e-16
4865.0   5.64713557039e-16
4866.0   5.70475940274e-16
4867.0   5.80560110936e-16
4869.0   5.89683884391e-16
4871.0   5.98327459244e-16
4872.0   6.06490835494e-16
4874.0   6.13693814537e-16
4877.0   6.27139375419e-16
4881.0   6.38183943287e-16
4884.0   6.46827518139e-16
4887.0   6.54510695786e-16
4891.0   6.60753277624e-16
4894.0   6.65555263653e-16
4897.0   6.69396852477e-16
4901.0   6.72278044094e-16
4904.0   6.74679037109e-16
4911.0   6.78040427329e-16
4917.0   6.79000824535e-16
4924.0   6.79481023138e-16
4931.0   6.78520625932e-16
4937.0   6.77080030124e-16
4944.0   6.75639434315e-16
4951.0   6.732384413e-16
4957.0   6.70837448285e-16
4964.0   6.67956256668e-16
4971.0   6.6507506505e-16
4977.0   6.62193873433e-16
4984.0   6.59312681815e-16
4991.0   6.56431490198e-16
4995.0   6.54510695786e-16
4997.0   6.5355029858e-16
5000.0   6.52109702771e-16
5010.0   6.47307716742e-16
5020.0   6.42985929316e-16
5040.0   6.33381957257e-16
5060.0   6.24258183802e-16
5080.0   6.15134410346e-16
5100.0   6.06010636891e-16
5120.0   5.96886863435e-16
5140.0   5.88243288582e-16
5160.0   5.7959971373e-16
5180.0   5.7143633748e-16
5200.0   5.6327296123e-16
5220.0   5.55109584981e-16
5240.0   5.46946208731e-16
5260.0   5.39263031084e-16
5280.0   5.31099654834e-16
5300.0   5.23896675791e-16
5320.0   5.16213498144e-16
5340.0   5.090105191e-16
5360.0   5.01807540056e-16
5380.0   4.94604561012e-16
5400.0   4.87881780571e-16
5420.0   4.8115900013e-16
5440.0   4.74244140248e-16
5460.0   4.67665419388e-16
5480.0   4.61182738249e-16
5500.0   4.5484411669e-16
5520.0   4.48601534852e-16
5540.0   4.42454992735e-16
5560.0   4.36404490338e-16
5580.0   4.30450027661e-16
5600.0   4.24639624566e-16
5620.0   4.18877241331e-16
5640.0   4.13258917677e-16
5660.0   4.07688613883e-16
5680.0   4.0226236967e-16
5700.0   3.96884145317e-16
5720.0   3.91601960685e-16
5740.0   3.86415815773e-16
5760.0   3.81325710582e-16
5780.0   3.76283625252e-16
5800.0   3.71385599502e-16
5820.0   3.66487573752e-16
5840.0   3.61733607583e-16
5860.0   3.57027661274e-16
5880.0   3.52417754686e-16
5900.0   3.47855867958e-16
5920.0   3.43390020951e-16
5940.0   3.38972193804e-16
5960.0   3.34650406378e-16
5980.0   3.30376638812e-16
6000.0   3.26198910967e-16
6020.0   3.22069202981e-16
6040.0   3.17987514857e-16
6060.0   3.14001866452e-16
6080.0   3.10064237908e-16
6100.0   3.06174629225e-16
6120.0   3.02381060262e-16
6140.0   2.98587491298e-16
6160.0   2.94889962056e-16
6180.0   2.91240452674e-16
6200.0   2.87638963152e-16
6220.0   2.8413351335e-16
6240.0   2.80628063549e-16
6260.0   2.77170633608e-16
6280.0   2.73809243388e-16
6300.0   2.70447853167e-16
6320.0   2.67134482807e-16
6340.0   2.63869132307e-16
6360.0   2.60651801667e-16
6380.0   2.57434471028e-16
6400.0   2.54265160249e-16
6420.0   2.51095849469e-16
6440.0   2.4787851883e-16
6460.0   2.44517128609e-16
6480.0   2.40867619227e-16
6490.0   2.38850785095e-16
6500.0   2.36593851661e-16
6510.0   2.33904739485e-16
6515.0   2.32272064235e-16
6520.0   2.30639388985e-16
6525.0   2.28622554852e-16
6530.0   2.26269581698e-16
6535.0   2.23436409941e-16
6540.0   2.2007501972e-16
6545.0   2.15993331595e-16
6548.0   2.13592338581e-16
6550.0   2.10999266125e-16
6552.0   2.08070054647e-16
6555.0   2.04900743868e-16
6558.0   2.01443313927e-16
6559.0   1.99378459934e-16
6560.0   1.97601725103e-16
6561.0   1.95632910831e-16
6562.0   1.94576473905e-16
6563.0   1.91935381589e-16
6564.0   1.8713339556e-16
6565.0   1.74456152442e-16
6566.0   1.89294289273e-16
6567.0   1.92895778795e-16
6568.0   1.94864593067e-16
6569.0   1.96593308037e-16
6572.0   1.99570539375e-16
6574.0   2.02259651552e-16
6576.0   2.04708664427e-16
6578.0   2.0682153828e-16
6581.0   2.08694312831e-16
6583.0   2.10471047662e-16
6585.0   2.11911643471e-16
6590.0   2.14360656345e-16
6595.0   2.16137391176e-16
6599.0   2.17481947264e-16
6604.0   2.1839432461e-16
6608.0   2.18970562934e-16
6618.0   2.19594821117e-16
6627.0   2.19594821117e-16
6636.0   2.19210662235e-16
6645.0   2.18586404051e-16
6654.0   2.17866106147e-16
6673.0   2.16089371316e-16
6691.0   2.14120557044e-16
6710.0   2.12055703051e-16
6728.0   2.09942829199e-16
6746.0   2.07829955346e-16
6765.0   2.05717081493e-16
6783.0   2.0360420764e-16
6802.0   2.01539353647e-16
6820.0   1.99474499655e-16
6838.0   1.97409645662e-16
6857.0   1.9539281153e-16
6875.0   1.93423997258e-16
6894.0   1.91455182986e-16
6912.0   1.89486368714e-16
6930.0   1.87565574302e-16
6949.0   1.85692799751e-16
6967.0   1.83772005339e-16
6986.0   1.81947250648e-16
7004.0   1.80122495957e-16
7022.0   1.78297741266e-16
7041.0   1.76521006435e-16
7059.0   1.74744271604e-16
7078.0   1.73015556634e-16
7096.0   1.71286841663e-16
7114.0   1.69606146553e-16
7133.0   1.67925451443e-16
7151.0   1.66244756332e-16
7170.0   1.64612081083e-16
7188.0   1.62979405833e-16
7207.0   1.61394750443e-16
7225.0   1.59810095053e-16
7243.0   1.58273459524e-16
7262.0   1.56736823995e-16
7280.0   1.55200188465e-16
7299.0   1.53711572796e-16
7317.0   1.52222957127e-16
7335.0   1.50734341458e-16
7354.0   1.49293745649e-16
7372.0   1.4785314984e-16
7391.0   1.46460573892e-16
7409.0   1.45019978083e-16
7427.0   1.43675421995e-16
7446.0   1.42282846047e-16
7464.0   1.40938289958e-16
7483.0   1.3959373387e-16
7501.0   1.38297197642e-16
7519.0   1.37000661414e-16
7538.0   1.35704125186e-16
7556.0   1.34455608819e-16
7575.0   1.33159072591e-16
7593.0   1.31958576084e-16
7611.0   1.30710059716e-16
7630.0   1.29509563209e-16
7648.0   1.28309066701e-16
7667.0   1.27108570194e-16
7685.0   1.25956093547e-16
7703.0   1.248036169e-16
7722.0   1.23651140253e-16
7740.0   1.22498663606e-16
7759.0   1.21394206819e-16
7777.0   1.20289750033e-16
7796.0   1.19185293246e-16
7814.0   1.18128856319e-16
7832.0   1.17024399533e-16
7851.0   1.15967962606e-16
7869.0   1.1495954554e-16
7888.0   1.13903108614e-16
7906.0   1.12894691548e-16
7924.0   1.11886274481e-16
7943.0   1.10877857415e-16
7961.0   1.09869440349e-16
7980.0   1.08909043143e-16
7998.0   1.07948645937e-16
8016.0   1.06988248732e-16
8035.0   1.06027851526e-16
8053.0   1.0511547418e-16
8072.0   1.04203096835e-16
8090.0   1.03290719489e-16
8108.0   1.02378342143e-16
8127.0   1.01465964798e-16
8145.0   1.00601607313e-16
8164.0   9.97372498274e-17
8182.0   9.88248724819e-17
8195.0   9.82486341583e-17
8200.0   9.80085348569e-17
8206.0   9.77204156951e-17
8217.0   9.71921972319e-17
8229.0   9.6711998629e-17
8240.0   9.61837801658e-17
8251.0   9.56555617026e-17
8263.0   9.51753630996e-17
8274.0   9.46471446364e-17
8285.0   9.41669460335e-17
8297.0   9.36387275703e-17
8308.0   9.31585289673e-17
8319.0   9.26783303644e-17
8331.0   9.21981317615e-17
8342.0   9.16699132983e-17
8353.0   9.11897146954e-17
8365.0   9.07095160924e-17
8376.0   9.02293174895e-17
8380.0   9.00852579086e-17
8387.0   8.97971387469e-17
8395.0   8.94609997248e-17
8403.0   8.91248607028e-17
8409.0   8.88847614013e-17
8416.0   8.85966422396e-17
8428.0   8.81164436366e-17
8440.0   8.76362450337e-17
8452.0   8.71080265705e-17
8459.0   8.6867927269e-17
8464.0   8.66758478279e-17
8470.0   8.64357485264e-17
8480.0   8.60035697838e-17
8491.0   8.55713910411e-17
8500.0   8.52832718794e-17
8502.0   8.51392122985e-17
8505.0   8.50431725779e-17
8510.0   8.48510931368e-17
8521.0   8.44189143941e-17
8531.0   8.40347555118e-17
8536.0   8.38426760706e-17
8542.0   8.36025767692e-17
8548.0   8.3410497328e-17
8559.0   8.29783185853e-17
8570.0   8.25461398427e-17
8582.0   8.21139611001e-17
8585.0   8.19699015192e-17
8593.0   8.16817823575e-17
8601.0   8.1441683056e-17
8616.0   8.08654447325e-17
8631.0   8.0289206409e-17
8647.0   7.97609879458e-17
8657.0   7.93768290634e-17
8662.0   7.91847496222e-17
8667.0   7.89926701811e-17
8678.0   7.8656531159e-17
8689.0   7.82723722767e-17
8700.0   7.78882133943e-17
8711.0   7.7504054512e-17
8722.0   7.71198956297e-17
8732.0   7.67357367473e-17
8734.0   7.6687716887e-17
8743.0   7.63995977253e-17
8753.0   7.60634587032e-17
8772.0   7.53911806591e-17
8791.0   7.47669224753e-17
8811.0   7.41426642915e-17
8830.0   7.35184061077e-17
8833.0   7.34223663872e-17
8849.0   7.28941479239e-17
8865.0   7.23659294607e-17
8881.0   7.18857308578e-17
8897.0   7.14055322549e-17
8913.0   7.09253336519e-17
8929.0   7.0445135049e-17
8945.0   6.99169165858e-17
8961.0   6.94367179829e-17
8977.0   6.895651938e-17
8993.0   6.8476320777e-17
9000.0   6.82362214756e-17
9009.0   6.79961221741e-17
9017.0   6.77080030124e-17
9035.0   6.72278044094e-17
9052.0   6.67956256668e-17
9069.0   6.63154270639e-17
9087.0   6.58352284609e-17
9104.0   6.5355029858e-17
9121.0   6.48748312551e-17
9138.0   6.43946326522e-17
9156.0   6.39144340492e-17
9173.0   6.34342354463e-17
9190.0   6.29540368434e-17
9208.0   6.24738382405e-17
9218.0   6.21376992184e-17
9225.0   6.19456197773e-17
9232.0   6.17535403361e-17
9245.0   6.14654211743e-17
9258.0   6.11292821523e-17
9272.0   6.08411629905e-17
9285.0   6.05530438288e-17
9299.0   6.0264924667e-17
9312.0   5.9928785645e-17
9326.0   5.96406664832e-17
9339.0   5.93045274612e-17
9353.0   5.90164082994e-17
9366.0   5.86802692774e-17
9380.0   5.83441302553e-17
9393.0   5.80079912333e-17
9407.0   5.77198720715e-17
9420.0   5.73837330495e-17
9434.0   5.70475940274e-17
9447.0   5.66634351451e-17
9461.0   5.6327296123e-17
9474.0   5.59431372407e-17
9488.0   5.56069982187e-17
9501.0   5.52228393363e-17
9515.0   5.47906605937e-17
9528.0   5.44065017113e-17
9534.0   5.42144222702e-17
9541.0   5.39743229687e-17
9549.0   5.37822435275e-17
9556.0   5.3686203807e-17
9563.0   5.35901640864e-17
9577.0   5.33980846452e-17
9591.0   5.3206005204e-17
9606.0   5.30139257629e-17
9620.0   5.28218463217e-17
9634.0   5.25817470202e-17
9648.0   5.23416477188e-17
9663.0   5.21015484173e-17
9677.0   5.18134292556e-17
9691.0   5.15733299541e-17
9705.0   5.12852107923e-17
9720.0   5.10451114909e-17
9734.0   5.07569923291e-17
9748.0   5.04688731674e-17
9762.0   5.01807540056e-17
9777.0   4.99406547041e-17
9791.0   4.96525355424e-17
9805.0   4.93644163806e-17
9819.0   4.90762972189e-17
9834.0   4.87881780571e-17
9848.0   4.85480787557e-17
9862.0   4.82599595939e-17
9876.0   4.79574344741e-17
9891.0   4.76549093542e-17
9905.0   4.73427802623e-17
9919.0   4.70306511704e-17
9933.0   4.67089181065e-17
9948.0   4.63631751124e-17
9962.0   4.59982241741e-17
9976.0   4.56284712499e-17
9981.0   4.54988176271e-17
9990.0   4.52203024374e-17
10000.0   4.49321832756e-17
10010.0   4.4500004533e-17
10030.0   4.40438158602e-17
10040.0   4.35780232154e-17
10050.0   4.32803000816e-17
10060.0   4.3189062347e-17
10070.0   4.31554484448e-17
10080.0   4.3179458375e-17
10090.0   4.3189062347e-17
10110.0   4.31554484448e-17
10120.0   4.30834186544e-17
10140.0   4.29585670176e-17
10160.0   4.28097054507e-17
10190.0   4.24495564985e-17
10220.0   4.2031783714e-17
10280.0   4.11194063684e-17
10350.0   4.01830190927e-17
10410.0   3.92562357891e-17
10480.0   3.83246504994e-17
10540.0   3.74218771259e-17
10600.0   3.65383116965e-17
10670.0   3.56547462671e-17
10730.0   3.47663788517e-17
10760.0   3.43053881929e-17
10800.0   3.38155856179e-17
10830.0   3.32777631827e-17
10840.0   3.29704360768e-17
10860.0   3.26342970547e-17
10880.0   3.22501381724e-17
10890.0   3.18371673739e-17
10910.0   3.14001866452e-17
10920.0   3.07999383916e-17
10930.0   3.06318688806e-17
10940.0   3.0218898082e-17
10950.0   3.02381060262e-17
10960.0   3.04637993695e-17
10970.0   3.05646410761e-17
10980.0   3.06558788107e-17
10990.0   3.07711264754e-17
11010.0   3.08191463357e-17
11020.0   3.08191463357e-17
11040.0   3.07663244894e-17
11070.0   3.06030569644e-17
11100.0   3.03629576629e-17
11140.0   3.00796404872e-17
11200.0   2.94793922335e-17
11260.0   2.88599360358e-17
11330.0   2.8240479838e-17
11390.0   2.76354295983e-17
11460.0   2.70495873027e-17
11520.0   2.64685469932e-17
11580.0   2.58971106557e-17
11650.0   2.53448822624e-17
11710.0   2.48070598271e-17
11780.0   2.42836433499e-17
11840.0   2.37746328308e-17
11900.0   2.32800282698e-17
11970.0   2.27950276808e-17
12030.0   2.23196310639e-17
12100.0   2.18586404051e-17
12160.0   2.14072537184e-17
12220.0   2.09702729897e-17
12290.0   2.05428962331e-17
12350.0   2.01251234486e-17
12420.0   1.971215265e-17
12480.0   1.93087858236e-17
12540.0   1.89054189971e-17
12610.0   1.84972501847e-17
12640.0   1.82811608133e-17
12670.0   1.80458634979e-17
12700.0   1.77769522803e-17
12720.0   1.76232887273e-17
12740.0   1.74504172303e-17
12750.0   1.72535358031e-17
12770.0   1.70230404737e-17
12780.0   1.68405650046e-17
12800.0   1.6427594206e-17
12810.0   1.61778909325e-17
12820.0   1.60386333377e-17
12830.0   1.59618015612e-17
12840.0   1.61202671002e-17
12850.0   1.62739306531e-17
12860.0   1.642279222e-17
12870.0   1.64852180384e-17
12880.0   1.65332378987e-17
12890.0   1.65668518009e-17
12920.0   1.6586059745e-17
12940.0   1.65620498149e-17
12960.0   1.65188319406e-17
12980.0   1.64564061222e-17
13020.0   1.62979405833e-17
13060.0   1.61250690862e-17
13150.0   1.57505141759e-17
13230.0   1.53759592656e-17
13310.0   1.50014043554e-17
13400.0   1.46364534171e-17
13480.0   1.4285908437e-17
13570.0   1.39401654429e-17
13650.0   1.36088284069e-17
13730.0   1.32870953429e-17
13820.0   1.2979768237e-17
13900.0   1.26772431172e-17
13990.0   1.23891239555e-17
14070.0   1.21058067797e-17
14150.0   1.18320935761e-17
14240.0   1.15631823584e-17
14320.0   1.13038751128e-17
14410.0   1.10493698533e-17
14490.0   1.08044685658e-17
14570.0   1.05691712504e-17
14660.0   1.03338739349e-17
14740.0   1.01033786055e-17
14830.0   9.88248724819e-18
14910.0   9.66159589084e-18
14990.0   9.45030850555e-18
15070.0   9.26783303644e-18
15080.0   9.2438231063e-18
15090.0   9.22461516218e-18
15110.0   9.17659530189e-18
15140.0   9.10456551145e-18
15200.0   8.9653079166e-18
15240.0   8.85486223793e-18
15250.0   8.83085230778e-18
15260.0   8.80684237763e-18
15290.0   8.76362450337e-18
15300.0   8.71560464308e-18
15330.0   8.67238676882e-18
15350.0   8.62436690852e-18
15390.0   8.53312917397e-18
15440.0   8.41307952324e-18
15500.0   8.29302987251e-18
15550.0   8.19218816589e-18
15560.0   8.16337624972e-18
15570.0   8.13936631957e-18
15600.0   8.08654447325e-18
15650.0   7.9809007806e-18
15700.0   7.87525708796e-18
15710.0   7.87525708796e-18
15720.0   7.84644517179e-18
15730.0   7.82243524164e-18
15760.0   7.76961339532e-18
15810.0   7.6687716887e-18
15840.0   7.60154388429e-18
15860.0   7.56312799606e-18
15890.0   7.52951409386e-18
15930.0   7.45268231739e-18
16010.0   7.30382075048e-18
16060.0   7.2077810299e-18
16090.0   7.1597611696e-18
16110.0   7.11654329534e-18
16170.0   7.02530556079e-18
16220.0   6.93406782623e-18
16270.0   6.8476320777e-18
16320.0   6.76119632918e-18
16340.0   6.732384413e-18
16380.0   6.67476058065e-18
16410.0   6.6171367483e-18
16480.0   6.5018890836e-18
16560.0   6.39144340492e-18
16630.0   6.28099772625e-18
16700.0   6.17535403361e-18
16740.0   6.12253218729e-18
16770.0   6.06490835494e-18
16810.0   6.00728452259e-18
16890.0   5.911244802e-18
16960.0   5.80560110936e-18
17040.0   5.70475940274e-18
17120.0   5.60391769613e-18
17190.0   5.50787797554e-18
17270.0   5.41183825496e-18
17320.0   5.34941243658e-18
17340.0   5.31579853437e-18
17370.0   5.2869866182e-18
17420.0   5.22936278585e-18
17510.0   5.11891710717e-18
17610.0   5.0084714285e-18
17700.0   4.90282773586e-18
17800.0   4.80006523483e-18
17900.0   4.69730273381e-18
17990.0   4.59550062999e-18
18000.0   4.58973824675e-18
18090.0   4.49561932058e-18
18180.0   4.40294099021e-18
18270.0   4.32082702911e-18
18360.0   4.23871306801e-18
18450.0   4.15563870971e-18
18500.0   4.11338123265e-18
18540.0   4.06872276258e-18
18590.0   4.02118310089e-18
18610.0   3.99381178052e-18
18630.0   3.96403946714e-18
18660.0   3.92898496913e-18
18680.0   3.88912848509e-18
18700.0   3.83822743318e-18
18710.0   3.80797492119e-18
18720.0   3.77436101899e-18
18740.0   3.73498473355e-18
18750.0   3.6778410998e-18
18760.0   3.45887053686e-18
18770.0   3.6624747445e-18
18780.0   3.71241539921e-18
18790.0   3.7268213573e-18
18800.0   3.73738572656e-18
18810.0   3.75467287627e-18
18830.0   3.76475704693e-18
18850.0   3.76811843715e-18
18860.0   3.76763823855e-18
18880.0   3.76571744413e-18
18910.0   3.75419267766e-18
18940.0   3.73690552796e-18
19010.0   3.6951282495e-18
19070.0   3.64902918362e-18
19130.0   3.60100932333e-18
19200.0   3.55250926444e-18
19260.0   3.50400920554e-18
19330.0   3.45406855084e-18
19390.0   3.40412789613e-18
19450.0   3.35754863165e-18
19510.0   3.32009314062e-18
19570.0   3.284558444e-18
19640.0   3.24806335018e-18
19700.0   3.21108805776e-18
19760.0   3.17363256673e-18
19820.0   3.1361770757e-18
19880.0   3.09872158467e-18
19950.0   3.06174629225e-18
20010.0   3.02525119842e-18
20070.0   2.9887561046e-18
20130.0   2.95274120938e-18
20190.0   2.91720651277e-18
20260.0   2.88263221336e-18
20320.0   2.84853811255e-18
20380.0   2.81444401174e-18
20440.0   2.78083010954e-18
20500.0   2.74769640593e-18
20560.0   2.71504290093e-18
20630.0   2.68334979314e-18
20690.0   2.65165668535e-18
20750.0   2.61996357756e-18
20810.0   2.58923086697e-18
20870.0   2.55897835498e-18
20940.0   2.528725843e-18
21000.0   2.49943372822e-18
21060.0   2.47014161344e-18
21120.0   2.44084949867e-18
21180.0   2.41203758249e-18
21250.0   2.38322566631e-18
21310.0   2.35441375014e-18
21370.0   2.32560183396e-18
21430.0   2.29630971918e-18
21490.0   2.2655770086e-18
21550.0   2.2329235036e-18
21570.0   2.22379973014e-18
21620.0   2.19786900559e-18
21640.0   2.18298284889e-18
21650.0   2.17433927404e-18
21660.0   2.16905708941e-18
21670.0   2.16473530198e-18
21680.0   2.16569569919e-18
21690.0   2.16521550059e-18
21700.0   2.16425510338e-18
21710.0   2.16233430897e-18
21720.0   2.16041351456e-18
21740.0   2.15513132993e-18
21790.0   2.14360656345e-18
21870.0   2.11671544169e-18
21960.0   2.08694312831e-18
22050.0   2.05621041772e-18
22140.0   2.02499750853e-18
22230.0   1.99378459934e-18
22320.0   1.96305188876e-18
22410.0   1.93279937677e-18
22500.0   1.90302706339e-18
22590.0   1.87325475001e-18
22680.0   1.84444283383e-18
22770.0   1.81611111626e-18
22860.0   1.78825959729e-18
22950.0   1.76088827692e-18
23040.0   1.73399715516e-18
23130.0   1.707586232e-18
23220.0   1.68165550744e-18
23310.0   1.65620498149e-18
23400.0   1.63123465413e-18
23490.0   1.60626432678e-18
23580.0   1.58225439664e-18
23670.0   1.55872466509e-18
23760.0   1.53567513215e-18
23850.0   1.51262559921e-18
23940.0   1.49053646348e-18
24030.0   1.46844732774e-18
24120.0   1.44683839061e-18
24210.0   1.42570965208e-18
24300.0   1.40506111216e-18
24390.0   1.38441257223e-18
24480.0   1.36424423091e-18
24570.0   1.34503628679e-18
24660.0   1.32534814407e-18
24750.0   1.30662039856e-18
24840.0   1.28789265304e-18
24930.0   1.26916490753e-18
25020.0   1.25139755922e-18
25110.0   1.23363021091e-18
25200.0   1.21634306121e-18
25290.0   1.1990559115e-18
25380.0   1.1822489604e-18
25470.0   1.1654420093e-18
25560.0   1.1491152568e-18
25650.0   1.1332687029e-18
25740.0   1.1169419504e-18
25830.0   1.1006151979e-18
25920.0   1.0842884454e-18
26010.0   1.0670012957e-18
26050.0   1.05739732364e-18
26100.0   1.04779335158e-18
26120.0   1.04299136555e-18
26140.0   1.03626858511e-18
26150.0   1.03338739349e-18
26190.0   1.02330322283e-18
26210.0   1.0180210382e-18
26220.0   1.01225865496e-18
26230.0   1.00937746335e-18
26240.0   1.00649627173e-18
26250.0   1.00553587452e-18
26260.0   1.00889726474e-18
26270.0   1.0021744843e-18
26280.0   1.0012140871e-18
26290.0   1.0016942857e-18
26330.0   1.0021744843e-18
26390.0   1.00025368989e-18
26450.0   9.95451703862e-19
26520.0   9.88728923421e-19
26580.0   9.81045745775e-19
26650.0   9.72882369525e-19
26710.0   9.64238794672e-19
26770.0   9.5559521982e-19
26840.0   9.46951644967e-19
26900.0   9.38308070114e-19
26970.0   9.29664495262e-19
27030.0   9.21020920409e-19
27090.0   9.12377345557e-19
27160.0   9.04213969307e-19
27220.0   8.95570394454e-19
27290.0   8.87407018204e-19
27350.0   8.79243641955e-19
27410.0   8.71080265705e-19
27480.0   8.62916889455e-19
27540.0   8.55233711808e-19
27610.0   8.47550534162e-19
27670.0   8.39867356515e-19
27730.0   8.32184178868e-19
27800.0   8.24501001221e-19
27860.0   8.16817823575e-19
27930.0   8.09614844531e-19
27990.0   8.02411865487e-19
28050.0   7.95208886443e-19
28120.0   7.88005907399e-19
28180.0   7.80802928355e-19
28250.0   7.74080147914e-19
28310.0   7.6687716887e-19
28370.0   7.60154388429e-19
28440.0   7.53431607989e-19
28500.0   7.46708827548e-19
28570.0   7.39986047107e-19
28630.0   7.33743465269e-19
28690.0   7.27020684828e-19
28760.0   7.2077810299e-19
28820.0   7.14535521152e-19
28890.0   7.08292939314e-19
28950.0   7.02050357476e-19
29010.0   6.95807775638e-19
29080.0   6.895651938e-19
29140.0   6.83802810564e-19
29210.0   6.77560228726e-19
29270.0   6.71797845491e-19
29330.0   6.66035462256e-19
29400.0   6.60273079021e-19
29460.0   6.54510695786e-19
29530.0   6.49228511154e-19
29590.0   6.43466127919e-19
29650.0   6.38183943287e-19
29720.0   6.32421560052e-19
29780.0   6.27139375419e-19
29850.0   6.21857190787e-19
29910.0   6.16575006155e-19
29970.0   6.11292821523e-19
